         1         0         0         0        12         0         2
         2         1         0         0        12         0         0
         3         5         0         0        12         0         0
         4         1         0         0        12         0         0
         5         5         0         0        12         2         0
         6         4         1         0        12         0         1
         7         5         5         0        13         0         0
         8         6         1         0        18         0         0
         9         9         5         0        19         0         1
        10         8         4         0        24         1         0
        11        10         5         0        28         0         0
        12        10         6         0        33         0         1
        13         6         9         0        39         1         0
        14         9         8         0        48         0         0
        15        14        10         0        56         0         1
        16        10        10         0        66         1         1
        17         9         6         0        76         0         0
        18        10         9        12        82         0         1
        19        12        14         0        79         1         2
        20        16        10         1        93         1         1
        21        17         9         5       102         0         1
        22        12        10         1       106         1         0
        23        23        12         5       115         2         0
        24        12        16         4       122         1         1
        25        17        17         5       134         1         2
        26        19        12         6       146         0         0
        27        26        23         9       152         0         1
        28        25        12         8       166         1         1
        29        21        17        10       170         2         1
        30        21        19        10       177         0         3
        31        21        26         6       186         1         4
        32        50        25         9       206         1         3
        33        38        21        14       222         1         3
        34        41        21        10       229         3         4
        35        43        21         9       240         4         3
        36        42        50        10       252         3         2
        37        46        38        12       292         3         3
        38        48        41        16       318         4         5
        39        47        43        17       343         3         3
        40        40        42        12       369         2         4
        41        67        46        23       399         3         5
        42        59        48        12       422         5         4
        43        80        47        17       458         3         5
        44        67        40        19       488         4         1
        45        69        67        26       509         5         6
        46        68        59        25       550         4         4
        47        74        80        21       584         5         8
        48        94        67        21       643         1         7
        49       111        69        21       689         6        11
        50       115        68        50       737         4         9
        51        94        74        38       755         8         6
        52       115        94        41       791         7         8
        53       128       111        43       844        11         8
        54       127       115        42       912         9         4
        55       137        94        46       985         6         9
        56       127       115        48      1033         8        19
        57       143       128        47      1100         8        13
        58       161       127        40      1181         4        17
        59       156       137        67      1268         9        10
        60       166       127        59      1338        19         7
        61       154       143        80      1406        13        19
        62       168       161        67      1469        17        24
        63       173       156        69      1563        10        14
        64       167       166        68      1650         7        17
        65       150       154        74      1748        19        15
        66       183       168        94      1828        24        22
        67       195       173       111      1902        14        15
        68       183       167       115      1964        17        20
        69       191       150        94      2016        15         9
        70       178       183       115      2072        22        23
        71       197       195       128      2140        15        26
        72       117       183       127      2207        20        19
        73       117       191       137      2263         9        14
        74       223       178       127      2317        23        18
        75       190       197       143      2368        26        20
        76       157       117       161      2422        19         8
        77       161       117       156      2378        14         9
        78       165       223       166      2339        18        20
        79       124       190       154      2396        20        21
        80        89       157       168      2432         8        23
        81       133       161       173      2421         9        16
        82       144       165       167      2409        20        16
        83       173       124       150      2407        21         7
        84       148        89       183      2381        23         8
        85       151       133       195      2287        16        12
        86        77       144       183      2225        16        12
        87        67       173       191      2186         7        24
        88       148       148       178      2168         8        14
        89       139       151       197      2138        12        16
        90       158        77       117      2092        12         8
        91       146        67       117      2052        24         3
        92       136       148       223      2002        14        10
        93        68       139       190      1927        16        13
        94        64       158       157      1876         8        19
        95       121       146       161      1877         3        16
        96        91       136       165      1862        10        15
        97       129        68       124      1833        13         8
        98        74        64        89      1777        19         5
        99       101       121       133      1752        16        15
       100        74        91       144      1740        15        10
       101        35       129       173      1687         8        12
       102        69        74       148      1643         5         6
       103        85       101       151      1569        15         9
       104        52        74        77      1519        10        10
       105        61        35        67      1516        12         6
       106        59        69       148      1484         6         5
       107        29        85       139      1405         9         9
       108        41        52       158      1351        10         5
       109       145        61       146      1245         6         3
       110       164        59       136      1160         5         6
       111        65        29        68      1083         9         3
       112       103        41        64      1044         5         1
       113         0       145       121      1021         3        13
       114         0       164        91      1045         6        14
       115         0        65       129      1118         3         7
       116         0       103        74      1054         1         6
       117         0         0       101      1083        13         0
       118         0         0        74       982        14         0
       119         0         0        35       908         7         0
       120         0         0        69       873         6         0
       121         0         0        85       804         0         0
       122         0         0        52       719         0         0
       123         0         0        61       667         0         0
       124         0         0        59       606         0         0
       125         0         0        29       547         0         0
       126         0         0        41       518         0         0
       127         0         0       145       477         0         0
       128         0         0       164       332         0         0
       129         0         0        65       168         0         0
       130         0         0       103       103         0         0
       131         0         0         0         0         0         0
       132         0         0         0         0         0         0
       133         0         0         0         0         0         0
       134         0         0         0         0         0         0
       135         0         0         0         0         0         0
       136         0         0         0         0         0         0
       137         0         0         0         0         0         0
       138         0         0         0         0         0         0
       139         0         0         0         0         0         0
       140         0         0         0         0         0         0
       141         0         0         0         0         0         0
       142         0         0         0         0         0         0
       143         0         0         0         0         0         0
       144         0         0         0         0         0         0
       145         0         0         0         0         0         0
       146         0         0         0         0         0         0
       147         0         0         0         0         0         0
       148         0         0         0         0         0         0
       149         0         0         0         0         0         0
       150         0         0         0         0         0         0
