         1         0         0         0        13         0         0
         2         3         0         0        13         0         0
         3         2         0         0        13         0         0
         4         1         0         0        13         0         0
         5         5         0         0        13         0         0
         6         2         3         0        13         0         0
         7         5         2         0        16         0         0
         8         4         1         0        18         0         0
         9         1         5         0        19         0         0
        10         6         2         0        24         0         0
        11         6         5         0        26         0         0
        12         3         4         0        31         0         1
        13         4         1         0        35         0         0
        14         5         6         0        36         0         1
        15         4         6         0        42         0         0
        16         5         3         0        48         1         0
        17         5         4         0        51         0         1
        18         8         5        13        55         1         0
        19         3         4         0        47         0         1
        20         9         5         3        51         0         0
        21         3         5         2        53         1         0
        22         3         8         1        56         0         0
        23         7         3         5        63         1         0
        24         4         9         2        61         0         1
        25        11         3         5        68         0         0
        26        11         3         4        66         0         0
        27         9         7         1        65         0         1
        28         9         4         6        71         1         0
        29         7        11         6        69         0         0
        30         8        11         3        74         0         1
        31        10         9         4        82         1         0
        32        13         9         5        87         0         3
        33        12         7         4        91         0         0
        34         8         8         5        94         1         0
        35        14        10         5        97         0         1
        36        11        13         8       102         3         1
        37        16        12         3       107         0         3
        38        11         8         9       116         0         1
        39         8        14         3       115         1         2
        40         8        11         3       126         1         2
        41        15        16         7       134         3         2
        42         9        11         4       143         1         0
        43        15         8        11       150         2         2
        44        18         8        11       147         2         1
        45         9        15         9       144         2         3
        46        20         9         9       150         0         0
        47        17        15         7       150         2         3
        48        16        18         8       158         1         2
        49        15         9        10       168         3         1
        50        21        20        13       167         0         1
        51        19        17        12       174         3         1
        52        24        16         8       179         2         1
        53        22        15        14       187         1         3
        54        19        21        11       188         1         2
        55        20        19        16       198         1         3
        56        18        24        11       201         1         2
        57        26        22         8       214         3         2
        58        24        19         8       228         2         1
        59        19        20        15       239         3         1
        60        20        18         9       244         2         0
        61        26        26        15       253         2         3
        62        33        24        18       264         1         3
        63        30        19         9       270         1         2
        64        16        20        20       280         0         4
        65        31        26        17       280         3         4
        66        31        33        16       289         3         6
        67        23        30        15       306         2         3
        68        28        16        21       321         4         5
        69        20        31        19       316         4         2
        70        34        31        24       328         6         4
        71        31        23        22       335         3         3
        72        30        28        19       336         5         2
        73        33        20        20       345         2         1
        74        29        34        18       345         4         4
        75        31        31        26       361         3         0
        76        32        30        24       366         2         5
        77        30        33        19       372         1         3
        78        53        29        20       386         4         3
        79        34        31        26       395         0         4
        80        28        32        33       400         5         2
        81        26        30        30       399         3         4
        82        31        53        16       399         3         7
        83        38        34        31       436         4         5
        84        35        28        31       439         2         3
        85        19        26        23       436         4         0
        86        24        31        28       439         7         3
        87        27        38        20       442         5         4
        88        40        35        34       460         3         1
        89        36        19        31       461         0         4
        90        39        24        30       449         3         1
        91        27        27        33       443         4         2
        92        33        40        29       437         1         5
        93        41        36        31       448         4         5
        94        34        39        32       453         1         7
        95        35        27        30       460         2         2
        96        40        33        53       457         5         1
        97        35        41        34       437         5         6
        98        49        34        28       444         7         1
        99        29        35        26       450         2         3
       100        31        40        31       459         1         3
       101        34        35        38       468         6         4
       102        32        49        35       465         1         6
       103        31        29        19       479         3         2
       104        28        31        24       489         3         3
       105        43        34        27       496         4         2
       106        41        32        40       503         6         4
       107        35        31        36       495         2         4
       108        26        28        39       490         3         2
       109        61        43        27       479         2         7
       110        41        41        33       495         4         1
       111        51        35        41       503         4         7
       112        46        26        34       497         2         3
       113        50        61        35       489         7         4
       114        25        41        40       515         1         1
       115        17        51        35       516         7         6
       116        42        46        49       532         3         2
       117        40        50        29       529         4         2
       118        39        25        31       550         1         3
       119        42        17        34       544         6         2
       120        53        42        32       527         2         3
       121        28        40        31       537         2         7
       122        17        39        28       546         3         4
       123        38        42        43       557         2         1
       124        52        53        41       556         3         3
       125        40        28        35       568         7         3
       126        36        17        26       561         4         2
       127        33        38        61       552         1         3
       128        30        52        41       529         3         4
       129        31        40        51       540         3         3
       130        39        36        46       529         2         1
       131        37        33        50       519         3         3
       132        51        30        25       502         4         3
       133        46        31        17       507         3         4
       134        40        39        42       521         1         4
       135        28        37        40       518         3         4
       136        12        51        39       515         3         5
       137        43        46        42       527         4         4
       138        39        40        53       531         4         4
       139        43        28        28       518         4         4
       140        26        12        17       518         5         0
       141        30        43        38       513         4         0
       142        31        39        52       518         4         5
       143        14        43        40       505         4         1
       144        64        26        36       508         0         3
       145        29        30        33       498         0         3
       146        44        31        30       495         5         6
       147        22        14        31       496         1         2
       148        18        64        39       479         3         4
       149        18        29        37       504         3         4
       150        13        44        51       496         6         6
       151        36        22        46       489         2         2
       152        40        18        40       465         4         3
       153        29        18        28       443         4         2
       154        41        13        12       433         6         1
       155        16        36        43       434         2         2
       156        16        40        39       427         3         9
       157        23        29        43       428         2         2
       158        44        41        26       414         1         4
       159        31        16        30       429         2         0
       160        29        16        31       415         9         2
       161        27        23        14       400         2         0
       162        24        44        64       409         4         6
       163         7        31        29       389         0         1
       164        22        29        44       391         2         3
       165        33        27        22       376         0         2
       166        16        24        18       381         6         0
       167        12         7        18       387         1         0
       168        37        22        13       376         3         1
       169        31        33        36       385         2         3
       170        24        16        40       382         0         1
       171        18        12        29       358         0         1
       172        35        37        41       341         1         8
       173        37        31        16       337         3         2
       174        25        24        16       352         1         2
       175        27        18        23       360         1         0
       176        12        35        44       355         8         3
       177        12        37        31       346         2         5
       178        12        25        29       352         2         0
       179        26        27        27       348         0         2
       180        33        12        24       348         3         1
       181        17        12         7       336         5         1
       182        27        12        22       341         0         2
       183        17        26        33       331         2         5
       184        10        33        16       324         1         3
       185        13        17        12       341         1         1
       186        32        27        37       346         2         1
       187        20        17        31       336         5         1
       188        24        10        24       322         3         1
       189        19        13        18       308         1         1
       190        22        32        35       303         1         5
       191         9        20        37       300         1         1
       192        20        24        25       283         1         5
       193        17        19        27       282         1         2
       194        23        22        12       274         5         3
       195        15         9        12       284         1         1
       196        23        20        12       281         5         0
       197        22        17        26       289         2         1
       198        14        23        33       280         3         3
       199        12        15        17       270         1         0
       200        21        23        27       268         0         4
       201        26        22        17       264         1         3
       202        19        14        10       269         3         2
       203        11        12        13       273         0         2
       204         9        21        32       272         4         2
       205         7        26        20       261         3         4
       206         8        19        24       267         2         3
       207        15        11        19       262         2         2
       208        16         9        22       254         2         0
       209        23         7         9       241         4         0
       210         7         8        20       239         3         0
       211        11        15        17       227         2         0
       212         4        16        23       225         0         4
       213         5        23        15       218         0         1
       214        11         7        23       226         0         1
       215        18        11        22       210         0         0
       216        22         4        14       199         4         0
       217        18         5        12       189         1         1
       218        13        11        21       182         1         0
       219        11        18        26       172         0         1
       220         6        22        19       164         0         2
       221        10        18        11       167         1         5
       222        13        13         9       174         0         3
       223        17        11         7       178         1         2
       224        12         6         8       182         2         0
       225        13        10        15       180         5         2
       226         9        13        16       175         3         0
       227         4        17        23       172         2         1
       228         6        12         7       166         0         1
       229        11        13        11       171         2         1
       230        16         9         4       173         0         1
       231        20         4         5       178         1         1
       232         8         6        11       177         1         0
       233         3        11        18       172         1         4
       234        14        16        22       165         1         1
       235        22        20        18       159         1         1
       236        27         8        13       161         0         1
       237        13         3        11       156         4         1
       238        19        14         6       148         1         0
       239        14        22        10       156         1         5
       240        12        27        13       168         1         1
       241         5        13        17       182         1         0
       242        27        19        12       178         0         4
       243        16        14        13       185         5         1
       244        26        12         9       186         1         2
       245        27         5         4       189         0         0
       246        17        27         6       190         4         4
       247         3        16        11       211         1         3
       248         8        26        16       216         2         3
       249        25        27        20       226         0         2
       250        14        17         8       233         4         1
       251        22         3         3       242         3         1
       252        14         8        14       242         3         0
       253        15        25        22       236         2         2
       254        11        14        27       239         1         0
       255         5        22        13       226         1         1
       256        25        14        19       235         0         3
       257        28        15        14       230         2         1
       258        11        11        12       231         0         1
       259        13         5         5       230         1         0
       260        24        25        27       230         3         3
       261         8        28        16       228         1         2
       262        12        11        26       240         1         1
       263        18        13        27       225         0         1
       264        18        24        17       211         3         1
       265        14         8         3       218         2         3
       266        24        12         8       223         1         1
       267        11        18        25       227         1         2
       268        11        18        14       220         1         1
       269        15        14        22       224         3         2
       270        29        24        14       216         1         2
       271        31        11        15       226         2         3
       272        35        11        11       222         1         0
       273        28        15         5       222         2         2
       274        16        29        25       232         2         4
       275        18        31        28       236         3         3
       276        17        35        11       239         0         2
       277        50        28        13       263         2         2
       278        47        16        24       278         4         1
       279        56        18         8       270         3         2
       280        35        17        12       280         2         2
       281        48        50        18       285         2         5
       282        48        47        18       317         1         4
       283        30        56        14       346         2         4
       284        72        35        24       388         2         5
       285        76        48        11       399         5         1
       286        69        48        11       436         4         7
       287        67        30        15       473         4         2
       288        43        72        29       488         5        11
       289        53        76        31       531         1        10
       290        33        69        35       576         7        11
       291        84        67        28       610         2         9
       292        75        43        16       649        11         6
       293        74        53        18       676        10         7
       294        91        33        17       711        11         6
       295        76        84        50       727         9        12
       296        41        75        47       761         6        10
       297        22        74        56       789         7         8
       298        89        91        35       807         6        10
       299        62        76        48       863        12         6
       300        76        41        48       891        10         5
       301        56        22        30       884         8         2
       302        32        89        72       876        10         6
       303        30        62        76       893         6        12
       304        18        76        69       879         5        11
       305        11        56        67       886         2        10
       306        30        32        43       875         6         3
       307        44        30        53       864        12         4
       308        25        18        33       841        11         2
       309        26        11        84       826        10         1
       310        23        30        75       753         3         5
       311        12        44        74       708         4         8
       312        30        25        91       678         2         2
       313        32        26        76       612         1         5
       314        24        23        41       562         5         1
       315        25        12        22       544         8         1
       316        22        30        89       534         2         3
       317        11        32        62       475         5         2
       318        10        24        76       445         1         2
       319        18        25        56       393         1         3
       320        12        22        32       362         3         1
       321        21        11        30       352         2         2
       322        18        10        18       333         2         1
       323        15        18        11       325         3         3
       324         3        12        30       332         1         0
       325         2        21        44       314         2         3
       326        13        18        25       291         1         1
       327        21        15        26       284         3         0
       328        20         3        23       273         0         0
       329        23         2        12       253         3         0
       330        10        13        30       243         1         0
       331         5        21        32       226         0         1
       332         5        20        24       215         0         1
       333        16        23        25       211         0         1
       334        13        10        22       209         0         0
       335         6         5        11       197         1         0
       336        11         5        10       191         1         0
       337        13        16        18       186         1         0
       338         3        13        12       184         0         1
       339         4         6        21       185         0         1
       340        13        11        18       170         0         0
       341         7        13        15       163         0         0
       342        13         3         3       161         1         0
       343        14         4         2       161         1         0
       344        12        13        13       163         0         0
       345         7         7        21       163         0         1
       346        11        13        20       149         0         1
       347         5        14        23       142         0         0
       348        15        12        10       133         0         0
       349         5         7         5       135         1         0
       350         5        11         5       137         1         1
       351        10         5        16       143         0         1
       352         8        15        13       132         0         1
       353         3         5         6       134         0         0
       354        18         5        11       133         1         3
       355         4        10        13       127         1         0
       356        14         8         3       124         1         0
       357         2         3         4       129         0         0
       358         3        18        13       128         3         1
       359         3         4         7       133         0         1
       360         3        14        13       130         0         1
       361         7         2        14       131         0         0
       362         7         3        12       119         1         1
       363         2         3         7       110         1         0
       364        10         3        11       106         1         0
       365         4         7         5        98         0         1
       366         2         7        15       100         1         0
       367         5         2         5        92         0         1
       368        15        10         5        89         0         0
       369        19         4        10        94         1         1
       370         9         2         8        88         0         0
       371        14         5         3        82         1         1
       372         7        15        18        84         0         2
       373        12        19         4        81         1         2
       374         9         9        14        96         0         1
       375        11        14         2        91         1         0
       376        10         7         3       103         2         1
       377        12        12         3       107         2         1
       378         4         9         3       116         1         0
       379        11        11         7       122         0         1
       380         8        10         7       126         1         2
       381         1        12         2       129         1         1
       382         9         4        10       139         0         0
       383         7        11         4       133         1         1
       384        11         8         2       140         2         2
       385        19         1         5       146         1         0
       386         6         9        15       142         0         0
       387         2         7        19       136         1         0
       388         1        11         9       124         2         0
       389         6        19        14       126         0         1
       390         4         6         7       131         0         0
       391        13         2        12       130         0         1
       392         7         1         9       120         0         0
       393        14         6        11       112         1         1
       394         8         4        10       107         0         0
       395         8        13        12       101         1         1
       396        12         7         4       102         0         1
       397        10        14        11       105         1         6
       398        14         8         8       108         0         1
       399         9         8         1       108         1         1
       400         6        12         9       115         1         1
       401         1        10         7       118         6         0
       402         2        14        11       121         1         1
       403         7         9        19       124         1         1
       404         9         6         6       114         1         1
       405         3         1         2       114         0         0
       406         2         2         1       113         1         0
       407        12         7         6       114         1         1
       408         4         9         4       115         1         0
       409         1         3        13       120         0         0
       410         7         2         7       110         0         0
       411        15        12        14       105         1         1
       412         9         4         8       103         0         0
       413        11         1         8        99         0         0
       414         8         7        12        92         0         1
       415         2        15        10        87         1         2
       416         4         9        14        92         0         0
       417         3        11         9        87         0         3
       418         5         8         6        89         1         0
       419         7         2         1        91         2         1
       420         1         4         2        92         0         0
       421         3         3         7        94         3         1
       422         1         5         9        90         0         0
       423         1         7         3        86         1         0
       424        11         1         2        90         0         0
       425         5         3        12        89         1         0
       426         7         1         4        80         0         0
       427         4         1         1        77         0         0
       428         8        11         7        77         0         1
       429         3         5        15        81         0         2
       430         0         7         9        71         0         0
       431        13         4        11        69         0         0
       432         4         8         8        62         1         1
       433         7         3         2        62         2         0
       434         4         0         4        63         0         0
       435        14        13         3        59         0         0
       436         2         4         5        69         1         0
       437         1         7         7        68         0         1
       438        10         4         1        68         0         0
       439        13        14         3        71         0         3
       440         6         2         1        82         0         0
       441        10         1         1        83         1         0
       442        18        10        11        83         0         0
       443         6        13         5        82         3         2
       444         1         6         7        90         0         0
       445        12        10         4        89         0         2
       446        10        18         8        95         0         1
       447        12         6         3       105         2         1
       448         8         1         0       108         0         1
       449        13        12        13       109         2         2
       450         4        10         4       108         1         1
       451         4        12         7       114         1         2
       452        19         8         4       119         1         0
       453        32        13        14       123         2         0
       454        19         4         2       122         1         1
       455        29         4         1       124         2         0
       456        29        19        10       127         0         4
       457        19        32        13       136         0         0
       458         9        19         6       155         1         2
       459        48        29        10       168         0         2
       460        63        29        18       187         4         2
       461        46        19         6       198         0         2
       462        68         9         1       211         2         0
       463        70        48        12       219         2         6
       464        33        63        10       255         2         4
       465        32        46        12       308         2         3
       466        89        68         8       342         0         9
       467        70        70        13       402         6         5
       468        35        33         4       459         4         3
       469       137        32         4       488         3         2
       470       115        89        19       516         9        11
       471        61        70        32       586         5         7
       472        58        35        19       624         3         5
       473        74       137        29       640         2         8
       474       214       115        29       748        11         5
       475       208        61        19       834         7         4
       476       207        58         9       876         5         3
       477       256        74        48       925         8         6
       478        89       214        63       951         5        19
       479        98       208        46      1102         4        25
       480       245       207        68      1264         3        20
       481       253       256        70      1403         6        28
       482       215        89        33      1589        19        13
       483       183        98        32      1645        25        15
       484       146       245        89      1711        20        21
       485        85       253        70      1867        28        33
       486        74       215        35      2050        13        30
       487       244       183       137      2230        15        17
       488       269       146       115      2276        21        10
       489       244        85        61      2307        33        10
       490       236        74        58      2331        30         8
       491       181       244        74      2347        17        23
       492        83       269       214      2517        10        23
       493        81       244       208      2572        10        33
       494       253       236       207      2608         8        20
       495       230       181       256      2637        23        24
       496         0        83        89      2562        23        14
       497         0        81        98      2556        33        10
       498         0       253       245      2539        20        17
       499         0       230       253      2547        24        26
       500         0         0       215      2524        14         0
       501         0         0       183      2309        10         0
       502         0         0       146      2126        17         0
       503         0         0        85      1980        26         0
       504         0         0        74      1895         0         0
       505         0         0       244      1821         0         0
       506         0         0       269      1577         0         0
       507         0         0       244      1308         0         0
       508         0         0       236      1064         0         0
       509         0         0       181       828         0         0
       510         0         0        83       647         0         0
       511         0         0        81       564         0         0
       512         0         0       253       483         0         0
       513         0         0       230       230         0         0
       514         0         0         0         0         0         0
       515         0         0         0         0         0         0
       516         0         0         0         0         0         0
       517         0         0         0         0         0         0
       518         0         0         0         0         0         0
       519         0         0         0         0         0         0
       520         0         0         0         0         0         0
       521         0         0         0         0         0         0
       522         0         0         0         0         0         0
       523         0         0         0         0         0         0
       524         0         0         0         0         0         0
       525         0         0         0         0         0         0
       526         0         0         0         0         0         0
       527         0         0         0         0         0         0
       528         0         0         0         0         0         0
       529         0         0         0         0         0         0
       530         0         0         0         0         0         0
       531         0         0         0         0         0         0
       532         0         0         0         0         0         0
       533         0         0         0         0         0         0
       534         0         0         0         0         0         0
       535         0         0         0         0         0         0
       536         0         0         0         0         0         0
       537         0         0         0         0         0         0
       538         0         0         0         0         0         0
       539         0         0         0         0         0         0
       540         0         0         0         0         0         0
