       2    1.0000000000000E+000    1.0000000000000E+000    1.0000000000000E+000
       3    1.0000000000000E+000    1.0000000000000E+000    1.0000000000000E+000
       4    1.0000000000000E+000    1.0000000000000E+000    1.0000000000000E+000
       5    1.0000000000000E+000    1.0000000000000E+000    1.0000000000000E+000
       6    1.0000000000000E+000    1.0000000000000E+000    1.0000000000000E+000
       7    1.0000000000000E+000    1.0000000000000E+000    1.0000000000000E+000
       8    9.9999549979546E-001    1.0000000000000E+000    9.9999549979546E-001
       9    9.9999099959091E-001    1.0000000000000E+000    9.9999099959091E-001
      10    9.9997299877277E-001    1.0000000000000E+000    9.9997299877277E-001
      11    9.9995949815919E-001    1.0000000000000E+000    9.9995949815919E-001
      12    9.9995049775015E-001    1.0000000000000E+000    9.9995049775015E-001
      13    9.9995049775015E-001    1.0000000000000E+000    9.9995049775015E-001
      14    9.9992349652315E-001    1.0000000000000E+000    9.9992349652315E-001
      15    9.9989199509187E-001    1.0000000000000E+000    9.9989199509187E-001
      16    9.9986949406972E-001    1.0000000000000E+000    9.9986949406972E-001
      17    9.9982899223032E-001    1.0000000000000E+000    9.9982899223032E-001
      18    9.9980649120873E-001    1.0000000000000E+000    9.9980649120873E-001
      19    9.9978399018739E-001    1.0000000000000E+000    9.9978399018739E-001
      20    9.9976148916632E-001    1.0000000000000E+000    9.9976148916632E-001
      21    9.9975248875797E-001    1.0000000000000E+000    9.9975248875797E-001
      22    9.9970748671699E-001    1.0000000000000E+000    9.9970748671699E-001
      23    9.9965798447352E-001    1.0000000000000E+000    9.9965798447352E-001
      24    9.9962198284311E-001    1.0000000000000E+000    9.9962198284311E-001
      25    9.9952747856886E-001    1.0000000000000E+000    9.9952747856886E-001
      26    9.9944197470975E-001    1.0000000000000E+000    9.9944197470975E-001
      27    9.9934297025264E-001    1.0000000000000E+000    9.9934297025264E-001
      28    9.9924846601119E-001    1.0000000000000E+000    9.9924846601119E-001
      29    9.9916296218615E-001    1.0000000000000E+000    9.9916296218615E-001
      30    9.9902345597412E-001    1.0000000000000E+000    9.9902345597412E-001
      31    9.9887044920777E-001    1.0000000000000E+000    9.9887044920777E-001
      32    9.9866794033980E-001    1.0000000000000E+000    9.9866794033980E-001
      33    9.9843843042963E-001    1.0000000000000E+000    9.9843843042963E-001
      34    9.9823142163848E-001    1.0000000000000E+000    9.9823142163848E-001
      35    9.9797941115200E-001    1.0000000000000E+000    9.9797941115200E-001
      36    9.9766889860272E-001    1.0000000000000E+000    9.9766889860272E-001
      37    9.9723238176546E-001    1.0000000000000E+000    9.9723238176546E-001
      38    9.9675086446761E-001    1.0000000000000E+000    9.9675086446761E-001
      39    9.9637285196851E-001    1.0000000000000E+000    9.9637285196851E-001
      40    9.9595883951152E-001    1.0000000000000E+000    9.9595883951152E-001
      41    9.9549082715818E-001    1.0000000000000E+000    9.9549082715818E-001
      42    9.9483831337784E-001    1.0000000000000E+000    9.9483831337784E-001
      43    9.9393830191064E-001    1.0000000000000E+000    9.9393830191064E-001
      44    9.9292580114881E-001    1.0000000000000E+000    9.9292580114881E-001
      45    9.9194031469099E-001    1.0000000000000E+000    9.9194031469099E-001
      46    9.9080635026904E-001    1.0000000000000E+000    9.9080635026904E-001
      47    9.8941592728678E-001    1.0000000000000E+000    9.8941592728678E-001
      48    9.8777807222234E-001    1.0000000000000E+000    9.8777807222234E-001
      49    9.8630675942616E-001    1.0000000000000E+000    9.8630675942616E-001
      50    9.8425512323506E-001    1.0000000000000E+000    9.8425512323506E-001
      51    9.8192470203239E-001    1.0000000000000E+000    9.8192470203239E-001
      52    9.7942354747889E-001    1.0000000000000E+000    9.7942354747889E-001
      53    9.7629747830175E-001    1.0000000000000E+000    9.7629747830175E-001
      54    9.7289307786566E-001    1.0000000000000E+000    9.7289307786566E-001
      55    9.6910717143482E-001    1.0000000000000E+000    9.6910717143482E-001
      56    9.6498507432617E-001    1.0000000000000E+000    9.6498507432617E-001
      57    9.6050474658829E-001    1.0000000000000E+000    9.6050474658829E-001
      58    9.5457544346228E-001    1.0000000000000E+000    9.5457544346228E-001
      59    9.4822304943250E-001    1.0000000000000E+000    9.4822304943250E-001
      60    9.4104979271879E-001    1.0000000000000E+000    9.4104979271879E-001
      61    9.3291958687443E-001    1.0000000000000E+000    9.3291958687443E-001
      62    9.2351002271889E-001    1.0000000000000E+000    9.2351002271889E-001
      63    9.1339085314698E-001    1.0000000000000E+000    9.1339085314698E-001
      64    9.0170337600707E-001    1.0000000000000E+000    9.0170337600707E-001
      65    8.8875920028941E-001    1.0000000000000E+000    8.8875920028941E-001
      66    8.7407766458521E-001    1.0000000000000E+000    8.7407766458521E-001
      67    8.5679436706246E-001    1.0000000000000E+000    8.5679436706246E-001
      68    8.3829423659653E-001    1.0000000000000E+000    8.3829423659653E-001
      69    8.1773907536036E-001    1.0000000000000E+000    8.1773907536036E-001
      70    7.9450574770303E-001    1.0000000000000E+000    7.9450574770303E-001
      71    7.6953074669553E-001    1.0000000000000E+000    7.6953074669553E-001
      72    7.4186497024852E-001    1.0000000000000E+000    7.4186497024852E-001
      73    7.1157475087456E-001    1.0000000000000E+000    7.1157475087456E-001
      74    6.7962153938035E-001    1.0000000000000E+000    6.7962153938035E-001
      75    6.4485504395740E-001    1.0000000000000E+000    6.4485504395740E-001
      76    6.0844311081481E-001    1.0000000000000E+000    6.0844311081481E-001
      77    5.6968701417686E-001    1.0000000000000E+000    5.6968701417686E-001
      78    5.3005473020245E-001    1.0000000000000E+000    5.3005473020245E-001
      79    4.8961785415533E-001    1.0000000000000E+000    4.8961785415533E-001
      80    4.4955326141386E-001    1.0000000000000E+000    4.4955326141386E-001
      81    4.1087990123868E-001    1.0000000000000E+000    4.1087990123868E-001
      82    3.7291612570471E-001    1.0000000000000E+000    3.7291612570471E-001
      83    3.3681527485553E-001    1.0000000000000E+000    3.3681527485553E-001
      84    3.0277235386830E-001    1.0000000000000E+000    3.0277235386830E-001
      85    2.7211914226796E-001    1.0000000000000E+000    2.7211914226796E-001
      86    2.4426734838737E-001    1.0000000000000E+000    2.4426734838737E-001
      87    2.1984576420101E-001    1.0000000000000E+000    2.1984576420101E-001
      88    1.9865151447020E-001    1.0000000000000E+000    1.9865151447020E-001
      89    1.8001366949862E-001    1.0000000000000E+000    1.8001366949862E-001
      90    1.6355228577693E-001    1.0000000000000E+000    1.6355228577693E-001
      91    1.4947931726239E-001    1.0000000000000E+000    1.4947931726239E-001
      92    1.3753968970640E-001    1.0000000000000E+000    1.3753968970640E-001
      93    1.2733867686953E-001    1.0000000000000E+000    1.2733867686953E-001
      94    1.1850958363817E-001    1.0000000000000E+000    1.1850958363817E-001
      95    1.1085498611183E-001    1.0000000000000E+000    1.1085498611183E-001
      96    1.0431004401998E-001    1.0000000000000E+000    1.0431004401998E-001
      97    9.8673672265650E-002    1.0000000000000E+000    9.8673672265650E-002
      98    9.3799546299981E-002    1.0000000000000E+000    9.3799546299981E-002
      99    8.9510329022907E-002    1.0000000000000E+000    8.9510329022907E-002
     100    8.5916912400583E-002    1.0000000000000E+000    8.5916912400583E-002
     101    8.2732774074029E-002    1.0000000000000E+000    8.2732774074029E-002
     102    8.0004385627703E-002    1.0000000000000E+000    8.0004385627703E-002
     103    7.7602890223591E-002    1.0000000000000E+000    7.7602890223591E-002
     104    7.5452775726184E-002    1.0000000000000E+000    7.5452775726184E-002
     105    7.3636996116732E-002    1.0000000000000E+000    7.3636996116732E-002
     106    7.2013425876381E-002    1.0000000000000E+000    7.2013425876381E-002
     107    7.0572871144227E-002    1.0000000000000E+000    7.0572871144227E-002
     108    6.9289583189927E-002    1.0000000000000E+000    6.9289583189927E-002
     109    6.8191111471321E-002    1.0000000000000E+000    6.8191111471321E-002
     110    6.7210792879828E-002    1.0000000000000E+000    6.7210792879828E-002
     111    6.6383787020854E-002    1.0000000000000E+000    6.6383787020854E-002
     112    6.5665689127758E-002    1.0000000000000E+000    6.5665689127758E-002
     113    6.4996320124650E-002    1.0000000000000E+000    6.4996320124650E-002
     114    6.4386679973055E-002    1.0000000000000E+000    6.4386679973055E-002
     115    6.3882158464098E-002    1.0000000000000E+000    6.3882158464098E-002
     116    6.3410999770652E-002    1.0000000000000E+000    6.3410999770652E-002
     117    6.2999620487986E-002    1.0000000000000E+000    6.2999620487986E-002
     118    6.2644871235602E-002    1.0000000000000E+000    6.2644871235602E-002
     119    6.2308633573920E-002    1.0000000000000E+000    6.2308633573920E-002
     120    6.2001637906858E-002    1.0000000000000E+000    6.2001637906858E-002
     121    6.1760511940650E-002    1.0000000000000E+000    6.1760511940650E-002
     122    6.1550590707017E-002    1.0000000000000E+000    6.1550590707017E-002
     123    6.1341043530961E-002    1.0000000000000E+000    6.1341043530961E-002
     124    6.1170377529008E-002    1.0000000000000E+000    6.1170377529008E-002
     125    6.1015171970471E-002    1.0000000000000E+000    6.1015171970471E-002
     126    6.0875293079442E-002    1.0000000000000E+000    6.0875293079442E-002
     127    6.0750620482836E-002    1.0000000000000E+000    6.0750620482836E-002
     128    6.0626693858992E-002    1.0000000000000E+000    6.0626693858992E-002
     129    6.0516933452204E-002    1.0000000000000E+000    6.0516933452204E-002
     130    6.0426164695718E-002    1.0000000000000E+000    6.0426164695718E-002
     131    6.0347151129081E-002    1.0000000000000E+000    6.0347151129081E-002
     132    6.0282512361588E-002    1.0000000000000E+000    6.0282512361588E-002
     133    6.0219289285036E-002    1.0000000000000E+000    6.0219289285036E-002
     134    6.0162365825701E-002    1.0000000000000E+000    6.0162365825701E-002
     135    6.0115273661636E-002    1.0000000000000E+000    6.0115273661636E-002
     136    6.0070886568043E-002    1.0000000000000E+000    6.0070886568043E-002
     137    6.0021218485087E-002    1.0000000000000E+000    6.0021218485087E-002
     138    5.9987099520320E-002    1.0000000000000E+000    5.9987099520320E-002
     139    5.9953003225433E-002    1.0000000000000E+000    5.9953003225433E-002
     140    5.9927335262614E-002    1.0000000000000E+000    5.9927335262614E-002
     141    5.9900353508758E-002    1.0000000000000E+000    5.9900353508758E-002
     142    5.9879573977625E-002    1.0000000000000E+000    5.9879573977625E-002
     143    5.9858361029225E-002    1.0000000000000E+000    5.9858361029225E-002
     144    5.9842898795090E-002    1.0000000000000E+000    5.9842898795090E-002
     145    5.9828324395848E-002    1.0000000000000E+000    5.9828324395848E-002
     146    5.9814195609945E-002    1.0000000000000E+000    5.9814195609945E-002
     147    5.9798305390876E-002    1.0000000000000E+000    5.9798305390876E-002
     148    5.9782861301037E-002    1.0000000000000E+000    5.9782861301037E-002
     149    5.9770950477218E-002    1.0000000000000E+000    5.9770950477218E-002
     150    5.9765657668927E-002    1.0000000000000E+000    5.9765657668927E-002
     151    5.9757278510555E-002    1.0000000000000E+000    5.9757278510555E-002
     152    5.9754191798689E-002    1.0000000000000E+000    5.9754191798689E-002
     153    5.9748459828715E-002    1.0000000000000E+000    5.9748459828715E-002
     154    5.9741846816618E-002    1.0000000000000E+000    5.9741846816618E-002
     155    5.9736557023563E-002    1.0000000000000E+000    5.9736557023563E-002
     156    5.9732590038432E-002    1.0000000000000E+000    5.9732590038432E-002
     157    5.9728623361556E-002    1.0000000000000E+000    5.9728623361556E-002
     158    5.9724656992913E-002    1.0000000000000E+000    5.9724656992913E-002
     159    5.9721572252609E-002    1.0000000000000E+000    5.9721572252609E-002
     160    5.9719368980824E-002    1.0000000000000E+000    5.9719368980824E-002
     161    5.9716725180236E-002    1.0000000000000E+000    5.9716725180236E-002
     162    5.9713640919321E-002    1.0000000000000E+000    5.9713640919321E-002
     163    5.9711878568207E-002    1.0000000000000E+000    5.9711878568207E-002
     164    5.9709675714908E-002    1.0000000000000E+000    5.9709675714908E-002
     165    5.9709235155661E-002    1.0000000000000E+000    5.9709235155661E-002
     166    5.9708354048578E-002    1.0000000000000E+000    5.9708354048578E-002
     167    5.9707032416482E-002    1.0000000000000E+000    5.9707032416482E-002
     168    5.9704829772399E-002    1.0000000000000E+000    5.9704829772399E-002
     169    5.9702186725019E-002    1.0000000000000E+000    5.9702186725019E-002
     170    5.9702186725019E-002    1.0000000000000E+000    5.9702186725019E-002
     171    5.9701746230435E-002    1.0000000000000E+000    5.9701746230435E-002
     172    5.9700424769503E-002    1.0000000000000E+000    5.9700424769503E-002
     173    5.9699984290133E-002    1.0000000000000E+000    5.9699984290133E-002
     174    5.9699103342801E-002    1.0000000000000E+000    5.9699103342801E-002
     175    5.9699103342801E-002    1.0000000000000E+000    5.9699103342801E-002
     176    5.9697341493778E-002    1.0000000000000E+000    5.9697341493778E-002
     177    5.9696901041030E-002    1.0000000000000E+000    5.9696901041030E-002
     178    5.9696020146943E-002    1.0000000000000E+000    5.9696020146943E-002
     179    5.9695579705604E-002    1.0000000000000E+000    5.9695579705604E-002
     180    5.9695579705604E-002    1.0000000000000E+000    5.9695579705604E-002
     181    5.9695579705604E-002    1.0000000000000E+000    5.9695579705604E-002
     182    5.9695579705604E-002    1.0000000000000E+000    5.9695579705604E-002
     183    5.9695579705604E-002    1.0000000000000E+000    5.9695579705604E-002
     184    5.9695579705604E-002    1.0000000000000E+000    5.9695579705604E-002
     185    5.9694698834336E-002    1.0000000000000E+000    5.9694698834336E-002
     186    5.9694698834336E-002    1.0000000000000E+000    5.9694698834336E-002
     187    5.9693817978279E-002    1.0000000000000E+000    5.9693817978279E-002
     188    5.9693377555955E-002    1.0000000000000E+000    5.9693377555955E-002
     189    5.9693377555955E-002    1.0000000000000E+000    5.9693377555955E-002
     190    5.9693377555955E-002    1.0000000000000E+000    5.9693377555955E-002
     191    5.9693377555955E-002    1.0000000000000E+000    5.9693377555955E-002
     192    5.9693377555955E-002    1.0000000000000E+000    5.9693377555955E-002
     193    5.9693377555955E-002    1.0000000000000E+000    5.9693377555955E-002
     194    5.9692937137434E-002    1.0000000000000E+000    5.9692937137434E-002
     195    5.9692937137434E-002    1.0000000000000E+000    5.9692937137434E-002
     196    5.9692937137434E-002    1.0000000000000E+000    5.9692937137434E-002
     197    5.9692937137434E-002    1.0000000000000E+000    5.9692937137434E-002
     198    5.9692937137434E-002    1.0000000000000E+000    5.9692937137434E-002
     199    5.9692937137434E-002    1.0000000000000E+000    5.9692937137434E-002
     200    5.9692937137434E-002    1.0000000000000E+000    5.9692937137434E-002
     201    5.9692937137434E-002    1.0000000000000E+000    5.9692937137434E-002
     202    5.9692937137434E-002    1.0000000000000E+000    5.9692937137434E-002
     203    5.9692937137434E-002    1.0000000000000E+000    5.9692937137434E-002
     204    5.9692937137434E-002    1.0000000000000E+000    5.9692937137434E-002
     205    5.9692937137434E-002    1.0000000000000E+000    5.9692937137434E-002
     206    5.9692937137434E-002    1.0000000000000E+000    5.9692937137434E-002
     207    5.9692937137434E-002    1.0000000000000E+000    5.9692937137434E-002
     208    5.9692937137434E-002    1.0000000000000E+000    5.9692937137434E-002
     209    5.9692937137434E-002    1.0000000000000E+000    5.9692937137434E-002
     210    5.9692937137434E-002    1.0000000000000E+000    5.9692937137434E-002
     211    5.9692937137434E-002    1.0000000000000E+000    5.9692937137434E-002
     212    5.9692937137434E-002    1.0000000000000E+000    5.9692937137434E-002
     213    5.9692937137434E-002    1.0000000000000E+000    5.9692937137434E-002
     214    5.9692937137434E-002    1.0000000000000E+000    5.9692937137434E-002
     215    5.9692937137434E-002    1.0000000000000E+000    5.9692937137434E-002
     216    5.9692937137434E-002    1.0000000000000E+000    5.9692937137434E-002
     217    5.9692937137434E-002    1.0000000000000E+000    5.9692937137434E-002
     218    5.9692937137434E-002    1.0000000000000E+000    5.9692937137434E-002
     219    5.9692937137434E-002    1.0000000000000E+000    5.9692937137434E-002
     220    5.9692937137434E-002    1.0000000000000E+000    5.9692937137434E-002
     221    5.9692937137434E-002    1.0000000000000E+000    5.9692937137434E-002
     222    5.9692937137434E-002    1.0000000000000E+000    5.9692937137434E-002
     223    5.9692937137434E-002    1.0000000000000E+000    5.9692937137434E-002
     224    5.9692937137434E-002    1.0000000000000E+000    5.9692937137434E-002
     225    5.9692937137434E-002    1.0000000000000E+000    5.9692937137434E-002
     226    5.9692937137434E-002    1.0000000000000E+000    5.9692937137434E-002
     227    5.9692937137434E-002    1.0000000000000E+000    5.9692937137434E-002
     228    5.9692937137434E-002    1.0000000000000E+000    5.9692937137434E-002
     229    5.9692937137434E-002    1.0000000000000E+000    5.9692937137434E-002
     230    5.9692937137434E-002    1.0000000000000E+000    5.9692937137434E-002
     231    5.9692937137434E-002    1.0000000000000E+000    5.9692937137434E-002
     232    5.9692937137434E-002    1.0000000000000E+000    5.9692937137434E-002
     233    5.9692937137434E-002    1.0000000000000E+000    5.9692937137434E-002
     234    5.9692937137434E-002    1.0000000000000E+000    5.9692937137434E-002
     235    5.9692937137434E-002    1.0000000000000E+000    5.9692937137434E-002
     236    5.9692937137434E-002    1.0000000000000E+000    5.9692937137434E-002
     237    5.9692937137434E-002    1.0000000000000E+000    5.9692937137434E-002
     238    5.9692937137434E-002    1.0000000000000E+000    5.9692937137434E-002
     239    5.9692937137434E-002    1.0000000000000E+000    5.9692937137434E-002
     240    5.9692937137434E-002    1.0000000000000E+000    5.9692937137434E-002
     241    5.9692937137434E-002    1.0000000000000E+000    5.9692937137434E-002
     242    5.9692937137434E-002    1.0000000000000E+000    5.9692937137434E-002
     243    5.9692937137434E-002    1.0000000000000E+000    5.9692937137434E-002
     244    5.9692937137434E-002    1.0000000000000E+000    5.9692937137434E-002
     245    5.9692937137434E-002    1.0000000000000E+000    5.9692937137434E-002
     246    5.9692937137434E-002    1.0000000000000E+000    5.9692937137434E-002
     247    5.9692937137434E-002    1.0000000000000E+000    5.9692937137434E-002
     248    5.9692937137434E-002    1.0000000000000E+000    5.9692937137434E-002
     249    5.9692937137434E-002    1.0000000000000E+000    5.9692937137434E-002
     250    5.9692937137434E-002    1.0000000000000E+000    5.9692937137434E-002
     251    5.9692937137434E-002    1.0000000000000E+000    5.9692937137434E-002
     252    5.9692937137434E-002    1.0000000000000E+000    5.9692937137434E-002
     253    5.9692937137434E-002    1.0000000000000E+000    5.9692937137434E-002
     254    5.9692937137434E-002    1.0000000000000E+000    5.9692937137434E-002
     255    5.9692937137434E-002    1.0000000000000E+000    5.9692937137434E-002
     256    5.9692937137434E-002    1.0000000000000E+000    5.9692937137434E-002
     257    5.9692937137434E-002    1.0000000000000E+000    5.9692937137434E-002
     258    5.9692937137434E-002    1.0000000000000E+000    5.9692937137434E-002
     259    5.9692937137434E-002    1.0000000000000E+000    5.9692937137434E-002
     260    5.9692937137434E-002    1.0000000000000E+000    5.9692937137434E-002
     261    5.9692937137434E-002    1.0000000000000E+000    5.9692937137434E-002
     262    5.9692937137434E-002    1.0000000000000E+000    5.9692937137434E-002
     263    5.9692937137434E-002    1.0000000000000E+000    5.9692937137434E-002
     264    5.9692937137434E-002    1.0000000000000E+000    5.9692937137434E-002
     265    5.9692937137434E-002    1.0000000000000E+000    5.9692937137434E-002
     266    5.9692937137434E-002    1.0000000000000E+000    5.9692937137434E-002
     267    5.9692937137434E-002    1.0000000000000E+000    5.9692937137434E-002
     268    5.9692937137434E-002    1.0000000000000E+000    5.9692937137434E-002
     269    5.9692937137434E-002    1.0000000000000E+000    5.9692937137434E-002
     270    5.9692937137434E-002    1.0000000000000E+000    5.9692937137434E-002
     271    5.9692937137434E-002    1.0000000000000E+000    5.9692937137434E-002
     272    5.9692937137434E-002    1.0000000000000E+000    5.9692937137434E-002
     273    5.9692937137434E-002    1.0000000000000E+000    5.9692937137434E-002
     274    5.9692937137434E-002    1.0000000000000E+000    5.9692937137434E-002
     275    5.9692937137434E-002    1.0000000000000E+000    5.9692937137434E-002
     276    5.9692937137434E-002    1.0000000000000E+000    5.9692937137434E-002
     277    5.9692937137434E-002    1.0000000000000E+000    5.9692937137434E-002
     278    5.9692937137434E-002    1.0000000000000E+000    5.9692937137434E-002
     279    5.9692937137434E-002    1.0000000000000E+000    5.9692937137434E-002
     280    5.9692937137434E-002    1.0000000000000E+000    5.9692937137434E-002
     281    5.9692937137434E-002    1.0000000000000E+000    5.9692937137434E-002
     282    5.9692937137434E-002    1.0000000000000E+000    5.9692937137434E-002
     283    5.9692937137434E-002    1.0000000000000E+000    5.9692937137434E-002
     284    5.9692937137434E-002    1.0000000000000E+000    5.9692937137434E-002
     285    5.9692937137434E-002    1.0000000000000E+000    5.9692937137434E-002
     286    5.9692937137434E-002    1.0000000000000E+000    5.9692937137434E-002
     287    5.9692937137434E-002    1.0000000000000E+000    5.9692937137434E-002
     288    5.9692937137434E-002    1.0000000000000E+000    5.9692937137434E-002
     289    5.9692937137434E-002    1.0000000000000E+000    5.9692937137434E-002
     290    5.9692937137434E-002    1.0000000000000E+000    5.9692937137434E-002
     291    5.9692937137434E-002    1.0000000000000E+000    5.9692937137434E-002
     292    5.9692937137434E-002    1.0000000000000E+000    5.9692937137434E-002
     293    5.9692937137434E-002    1.0000000000000E+000    5.9692937137434E-002
     294    5.9692937137434E-002    1.0000000000000E+000    5.9692937137434E-002
     295    5.9692937137434E-002    1.0000000000000E+000    5.9692937137434E-002
     296    5.9692937137434E-002    1.0000000000000E+000    5.9692937137434E-002
     297    5.9692937137434E-002    1.0000000000000E+000    5.9692937137434E-002
     298    5.9692937137434E-002    1.0000000000000E+000    5.9692937137434E-002
     299    5.9692937137434E-002    1.0000000000000E+000    5.9692937137434E-002
     300    5.9692937137434E-002    1.0000000000000E+000    5.9692937137434E-002
     301    5.9692937137434E-002    1.0000000000000E+000    5.9692937137434E-002
     302    5.9692937137434E-002    1.0000000000000E+000    5.9692937137434E-002
     303    5.9692937137434E-002    1.0000000000000E+000    5.9692937137434E-002
     304    5.9692937137434E-002    1.0000000000000E+000    5.9692937137434E-002
     305    5.9692937137434E-002    1.0000000000000E+000    5.9692937137434E-002
     306    5.9692937137434E-002    1.0000000000000E+000    5.9692937137434E-002
     307    5.9692937137434E-002    1.0000000000000E+000    5.9692937137434E-002
     308    5.9692937137434E-002    1.0000000000000E+000    5.9692937137434E-002
     309    5.9692937137434E-002    1.0000000000000E+000    5.9692937137434E-002
     310    5.9692937137434E-002    1.0000000000000E+000    5.9692937137434E-002
     311    5.9692937137434E-002    1.0000000000000E+000    5.9692937137434E-002
     312    5.9692937137434E-002    1.0000000000000E+000    5.9692937137434E-002
     313    5.9692937137434E-002    1.0000000000000E+000    5.9692937137434E-002
     314    5.9692937137434E-002    1.0000000000000E+000    5.9692937137434E-002
     315    5.9692937137434E-002    1.0000000000000E+000    5.9692937137434E-002
     316    5.9692937137434E-002    1.0000000000000E+000    5.9692937137434E-002
     317    5.9692937137434E-002    1.0000000000000E+000    5.9692937137434E-002
     318    5.9692937137434E-002    1.0000000000000E+000    5.9692937137434E-002
     319    5.9692937137434E-002    1.0000000000000E+000    5.9692937137434E-002
     320    5.9692937137434E-002    1.0000000000000E+000    5.9692937137434E-002
     321    5.9692937137434E-002    1.0000000000000E+000    5.9692937137434E-002
     322    5.9692937137434E-002    1.0000000000000E+000    5.9692937137434E-002
     323    5.9692937137434E-002    1.0000000000000E+000    5.9692937137434E-002
     324    5.9692937137434E-002    1.0000000000000E+000    5.9692937137434E-002
     325    5.9692937137434E-002    1.0000000000000E+000    5.9692937137434E-002
     326    5.9692937137434E-002    1.0000000000000E+000    5.9692937137434E-002
     327    5.9692937137434E-002    1.0000000000000E+000    5.9692937137434E-002
     328    5.9692937137434E-002    1.0000000000000E+000    5.9692937137434E-002
     329    5.9692937137434E-002    1.0000000000000E+000    5.9692937137434E-002
     330    5.9692937137434E-002    1.0000000000000E+000    5.9692937137434E-002
     331    5.9692937137434E-002    1.0000000000000E+000    5.9692937137434E-002
     332    5.9692937137434E-002    1.0000000000000E+000    5.9692937137434E-002
     333    5.9692937137434E-002    1.0000000000000E+000    5.9692937137434E-002
     334    5.9692937137434E-002    1.0000000000000E+000    5.9692937137434E-002
     335    5.9692937137434E-002    1.0000000000000E+000    5.9692937137434E-002
     336    5.9692937137434E-002    1.0000000000000E+000    5.9692937137434E-002
     337    5.9692937137434E-002    1.0000000000000E+000    5.9692937137434E-002
     338    5.9692937137434E-002    1.0000000000000E+000    5.9692937137434E-002
     339    5.9692937137434E-002    1.0000000000000E+000    5.9692937137434E-002
     340    5.9692937137434E-002    1.0000000000000E+000    5.9692937137434E-002
     341    5.9692937137434E-002    1.0000000000000E+000    5.9692937137434E-002
     342    5.9692937137434E-002    1.0000000000000E+000    5.9692937137434E-002
     343    5.9692937137434E-002    1.0000000000000E+000    5.9692937137434E-002
     344    5.9692937137434E-002    1.0000000000000E+000    5.9692937137434E-002
     345    5.9692937137434E-002    1.0000000000000E+000    5.9692937137434E-002
     346    5.9692937137434E-002    1.0000000000000E+000    5.9692937137434E-002
     347    5.9692937137434E-002    1.0000000000000E+000    5.9692937137434E-002
     348    5.9692937137434E-002    1.0000000000000E+000    5.9692937137434E-002
     349    5.9692937137434E-002    1.0000000000000E+000    5.9692937137434E-002
     350    5.9692937137434E-002    1.0000000000000E+000    5.9692937137434E-002
     351    5.9692937137434E-002    1.0000000000000E+000    5.9692937137434E-002
     352    5.9692937137434E-002    1.0000000000000E+000    5.9692937137434E-002
     353    5.9692937137434E-002    1.0000000000000E+000    5.9692937137434E-002
     354    5.9692937137434E-002    1.0000000000000E+000    5.9692937137434E-002
     355    5.9692937137434E-002    1.0000000000000E+000    5.9692937137434E-002
     356    5.9692937137434E-002    1.0000000000000E+000    5.9692937137434E-002
     357    5.9692937137434E-002    1.0000000000000E+000    5.9692937137434E-002
     358    5.9692937137434E-002    1.0000000000000E+000    5.9692937137434E-002
     359    5.9692937137434E-002    1.0000000000000E+000    5.9692937137434E-002
     360    5.9692937137434E-002    1.0000000000000E+000    5.9692937137434E-002
     361    5.9692937137434E-002    1.0000000000000E+000    5.9692937137434E-002
     362    5.9692937137434E-002    1.0000000000000E+000    5.9692937137434E-002
     363    5.9692937137434E-002    1.0000000000000E+000    5.9692937137434E-002
     364    5.9692937137434E-002    1.0000000000000E+000    5.9692937137434E-002
     365    5.9692937137434E-002    1.0000000000000E+000    5.9692937137434E-002
     366    5.9692937137434E-002    1.0000000000000E+000    5.9692937137434E-002
     367    5.9692937137434E-002    1.0000000000000E+000    5.9692937137434E-002
     368    5.9692937137434E-002    1.0000000000000E+000    5.9692937137434E-002
     369    5.9692937137434E-002    1.0000000000000E+000    5.9692937137434E-002
     370    5.9692937137434E-002    1.0000000000000E+000    5.9692937137434E-002
     371    5.9692937137434E-002    1.0000000000000E+000    5.9692937137434E-002
     372    5.9692937137434E-002    1.0000000000000E+000    5.9692937137434E-002
     373    5.9692937137434E-002    1.0000000000000E+000    5.9692937137434E-002
     374    5.9692937137434E-002    1.0000000000000E+000    5.9692937137434E-002
     375    5.9692937137434E-002    1.0000000000000E+000    5.9692937137434E-002
     376    5.9692937137434E-002    1.0000000000000E+000    5.9692937137434E-002
     377    5.9692937137434E-002    1.0000000000000E+000    5.9692937137434E-002
     378    5.9692937137434E-002    1.0000000000000E+000    5.9692937137434E-002
     379    5.9692937137434E-002    1.0000000000000E+000    5.9692937137434E-002
     380    5.9692937137434E-002    1.0000000000000E+000    5.9692937137434E-002
     381    5.9692937137434E-002    1.0000000000000E+000    5.9692937137434E-002
     382    5.9692937137434E-002    1.0000000000000E+000    5.9692937137434E-002
     383    5.9692937137434E-002    1.0000000000000E+000    5.9692937137434E-002
     384    5.9692937137434E-002    1.0000000000000E+000    5.9692937137434E-002
     385    5.9692937137434E-002    1.0000000000000E+000    5.9692937137434E-002
     386    5.9692937137434E-002    1.0000000000000E+000    5.9692937137434E-002
     387    5.9692937137434E-002    1.0000000000000E+000    5.9692937137434E-002
     388    5.9692937137434E-002    1.0000000000000E+000    5.9692937137434E-002
     389    5.9692937137434E-002    1.0000000000000E+000    5.9692937137434E-002
     390    5.9692937137434E-002    1.0000000000000E+000    5.9692937137434E-002
     391    5.9692937137434E-002    1.0000000000000E+000    5.9692937137434E-002
     392    5.9692937137434E-002    1.0000000000000E+000    5.9692937137434E-002
     393    5.9692937137434E-002    1.0000000000000E+000    5.9692937137434E-002
     394    5.9692937137434E-002    1.0000000000000E+000    5.9692937137434E-002
     395    5.9692937137434E-002    1.0000000000000E+000    5.9692937137434E-002
     396    5.9692937137434E-002    1.0000000000000E+000    5.9692937137434E-002
     397    5.9692937137434E-002    1.0000000000000E+000    5.9692937137434E-002
     398    5.9692937137434E-002    1.0000000000000E+000    5.9692937137434E-002
     399    5.9692937137434E-002    1.0000000000000E+000    5.9692937137434E-002
     400    5.9692937137434E-002    1.0000000000000E+000    5.9692937137434E-002
     401    5.9692937137434E-002    1.0000000000000E+000    5.9692937137434E-002
     402    5.9692937137434E-002    1.0000000000000E+000    5.9692937137434E-002
     403    5.9692937137434E-002    1.0000000000000E+000    5.9692937137434E-002
     404    5.9692937137434E-002    1.0000000000000E+000    5.9692937137434E-002
     405    5.9692937137434E-002    1.0000000000000E+000    5.9692937137434E-002
     406    5.9692937137434E-002    1.0000000000000E+000    5.9692937137434E-002
     407    5.9692937137434E-002    1.0000000000000E+000    5.9692937137434E-002
     408    5.9692937137434E-002    1.0000000000000E+000    5.9692937137434E-002
     409    5.9692937137434E-002    1.0000000000000E+000    5.9692937137434E-002
     410    5.9692937137434E-002    1.0000000000000E+000    5.9692937137434E-002
     411    5.9692937137434E-002    1.0000000000000E+000    5.9692937137434E-002
     412    5.9692937137434E-002    1.0000000000000E+000    5.9692937137434E-002
     413    5.9692937137434E-002    1.0000000000000E+000    5.9692937137434E-002
     414    5.9692937137434E-002    1.0000000000000E+000    5.9692937137434E-002
     415    5.9692937137434E-002    1.0000000000000E+000    5.9692937137434E-002
     416    5.9692937137434E-002    1.0000000000000E+000    5.9692937137434E-002
     417    5.9692937137434E-002    1.0000000000000E+000    5.9692937137434E-002
     418    5.9692937137434E-002    1.0000000000000E+000    5.9692937137434E-002
     419    5.9692937137434E-002    1.0000000000000E+000    5.9692937137434E-002
     420    5.9692937137434E-002    1.0000000000000E+000    5.9692937137434E-002
     421    5.9692937137434E-002    1.0000000000000E+000    5.9692937137434E-002
     422    5.9692937137434E-002    1.0000000000000E+000    5.9692937137434E-002
     423    5.9692937137434E-002    1.0000000000000E+000    5.9692937137434E-002
     424    5.9692937137434E-002    1.0000000000000E+000    5.9692937137434E-002
     425    5.9692937137434E-002    1.0000000000000E+000    5.9692937137434E-002
     426    5.9692937137434E-002    1.0000000000000E+000    5.9692937137434E-002
     427    5.9692937137434E-002    1.0000000000000E+000    5.9692937137434E-002
     428    5.9692937137434E-002    1.0000000000000E+000    5.9692937137434E-002
     429    5.9692937137434E-002    1.0000000000000E+000    5.9692937137434E-002
     430    5.9692937137434E-002    1.0000000000000E+000    5.9692937137434E-002
     431    5.9692937137434E-002    1.0000000000000E+000    5.9692937137434E-002
     432    5.9692937137434E-002    1.0000000000000E+000    5.9692937137434E-002
     433    5.9692937137434E-002    1.0000000000000E+000    5.9692937137434E-002
     434    5.9692937137434E-002    1.0000000000000E+000    5.9692937137434E-002
     435    5.9692937137434E-002    1.0000000000000E+000    5.9692937137434E-002
     436    5.9692937137434E-002    1.0000000000000E+000    5.9692937137434E-002
     437    5.9692937137434E-002    1.0000000000000E+000    5.9692937137434E-002
     438    5.9692937137434E-002    1.0000000000000E+000    5.9692937137434E-002
     439    5.9692937137434E-002    1.0000000000000E+000    5.9692937137434E-002
     440    5.9692937137434E-002    1.0000000000000E+000    5.9692937137434E-002
     441    5.9692937137434E-002    1.0000000000000E+000    5.9692937137434E-002
     442    5.9692937137434E-002    1.0000000000000E+000    5.9692937137434E-002
     443    5.9692937137434E-002    1.0000000000000E+000    5.9692937137434E-002
     444    5.9692937137434E-002    1.0000000000000E+000    5.9692937137434E-002
     445    5.9692937137434E-002    1.0000000000000E+000    5.9692937137434E-002
     446    5.9692937137434E-002    1.0000000000000E+000    5.9692937137434E-002
     447    5.9692937137434E-002    1.0000000000000E+000    5.9692937137434E-002
     448    5.9692937137434E-002    1.0000000000000E+000    5.9692937137434E-002
     449    5.9692937137434E-002    1.0000000000000E+000    5.9692937137434E-002
     450    5.9692937137434E-002    1.0000000000000E+000    5.9692937137434E-002
     451    5.9692937137434E-002    1.0000000000000E+000    5.9692937137434E-002
     452    5.9692937137434E-002    1.0000000000000E+000    5.9692937137434E-002
     453    5.9692937137434E-002    1.0000000000000E+000    5.9692937137434E-002
     454    5.9692937137434E-002    1.0000000000000E+000    5.9692937137434E-002
     455    5.9692937137434E-002    1.0000000000000E+000    5.9692937137434E-002
     456    5.9692937137434E-002    1.0000000000000E+000    5.9692937137434E-002
     457    5.9692937137434E-002    1.0000000000000E+000    5.9692937137434E-002
     458    5.9692937137434E-002    1.0000000000000E+000    5.9692937137434E-002
     459    5.9692937137434E-002    1.0000000000000E+000    5.9692937137434E-002
     460    5.9692937137434E-002    1.0000000000000E+000    5.9692937137434E-002
     461    5.9692937137434E-002    1.0000000000000E+000    5.9692937137434E-002
     462    5.9692937137434E-002    1.0000000000000E+000    5.9692937137434E-002
     463    5.9692937137434E-002    1.0000000000000E+000    5.9692937137434E-002
     464    5.9692937137434E-002    1.0000000000000E+000    5.9692937137434E-002
     465    5.9692937137434E-002    1.0000000000000E+000    5.9692937137434E-002
     466    5.9692937137434E-002    1.0000000000000E+000    5.9692937137434E-002
     467    5.9692937137434E-002    1.0000000000000E+000    5.9692937137434E-002
     468    5.9692937137434E-002    1.0000000000000E+000    5.9692937137434E-002
     469    5.9692937137434E-002    1.0000000000000E+000    5.9692937137434E-002
     470    5.9692937137434E-002    1.0000000000000E+000    5.9692937137434E-002
     471    5.9692937137434E-002    1.0000000000000E+000    5.9692937137434E-002
     472    5.9692937137434E-002    1.0000000000000E+000    5.9692937137434E-002
     473    5.9692937137434E-002    1.0000000000000E+000    5.9692937137434E-002
     474    5.9692937137434E-002    1.0000000000000E+000    5.9692937137434E-002
     475    5.9692937137434E-002    1.0000000000000E+000    5.9692937137434E-002
     476    5.9692937137434E-002    1.0000000000000E+000    5.9692937137434E-002
     477    5.9692937137434E-002    1.0000000000000E+000    5.9692937137434E-002
     478    5.9692937137434E-002    1.0000000000000E+000    5.9692937137434E-002
     479    5.9692937137434E-002    1.0000000000000E+000    5.9692937137434E-002
     480    5.9692937137434E-002    1.0000000000000E+000    5.9692937137434E-002
     481    5.9692937137434E-002    1.0000000000000E+000    5.9692937137434E-002
     482    5.9692937137434E-002    1.0000000000000E+000    5.9692937137434E-002
     483    5.9692937137434E-002    1.0000000000000E+000    5.9692937137434E-002
     484    5.9692937137434E-002    1.0000000000000E+000    5.9692937137434E-002
     485    5.9692937137434E-002    1.0000000000000E+000    5.9692937137434E-002
     486    5.9692937137434E-002    1.0000000000000E+000    5.9692937137434E-002
     487    5.9692937137434E-002    1.0000000000000E+000    5.9692937137434E-002
     488    5.9692937137434E-002    1.0000000000000E+000    5.9692937137434E-002
     489    5.9692937137434E-002    1.0000000000000E+000    5.9692937137434E-002
     490    5.9692937137434E-002    1.0000000000000E+000    5.9692937137434E-002
     491    5.9692937137434E-002    1.0000000000000E+000    5.9692937137434E-002
     492    5.9692937137434E-002    1.0000000000000E+000    5.9692937137434E-002
     493    5.9692937137434E-002    1.0000000000000E+000    5.9692937137434E-002
     494    5.9692937137434E-002    1.0000000000000E+000    5.9692937137434E-002
     495    5.9692937137434E-002    1.0000000000000E+000    5.9692937137434E-002
     496    5.9692937137434E-002    1.0000000000000E+000    5.9692937137434E-002
     497    5.9692937137434E-002    1.0000000000000E+000    5.9692937137434E-002
     498    5.9692937137434E-002    1.0000000000000E+000    5.9692937137434E-002
     499    5.9692937137434E-002    1.0000000000000E+000    5.9692937137434E-002
     500    5.9692937137434E-002    1.0000000000000E+000    5.9692937137434E-002
     501    5.9692937137434E-002    1.0000000000000E+000    5.9692937137434E-002
     502    5.9692937137434E-002    1.0000000000000E+000    5.9692937137434E-002
     503    5.9692937137434E-002    1.0000000000000E+000    5.9692937137434E-002
     504    5.9692937137434E-002    1.0000000000000E+000    5.9692937137434E-002
     505    5.9692937137434E-002    1.0000000000000E+000    5.9692937137434E-002
     506    5.9692937137434E-002    1.0000000000000E+000    5.9692937137434E-002
     507    5.9692937137434E-002    1.0000000000000E+000    5.9692937137434E-002
     508    5.9692937137434E-002    1.0000000000000E+000    5.9692937137434E-002
     509    5.9692937137434E-002    1.0000000000000E+000    5.9692937137434E-002
     510    5.9692937137434E-002    1.0000000000000E+000    5.9692937137434E-002
     511    5.9692937137434E-002    1.0000000000000E+000    5.9692937137434E-002
     512    5.9692937137434E-002    1.0000000000000E+000    5.9692937137434E-002
     513    5.9692937137434E-002    1.0000000000000E+000    5.9692937137434E-002
     514    5.9692937137434E-002    1.0000000000000E+000    5.9692937137434E-002
     515    5.9692937137434E-002    1.0000000000000E+000    5.9692937137434E-002
     516    5.9692937137434E-002    1.0000000000000E+000    5.9692937137434E-002
     517    5.9692937137434E-002    1.0000000000000E+000    5.9692937137434E-002
     518    5.9692937137434E-002    1.0000000000000E+000    5.9692937137434E-002
     519    5.9692937137434E-002    1.0000000000000E+000    5.9692937137434E-002
     520    5.9692937137434E-002    1.0000000000000E+000    5.9692937137434E-002
     521    5.9692937137434E-002    1.0000000000000E+000    5.9692937137434E-002
     522    5.9692937137434E-002    1.0000000000000E+000    5.9692937137434E-002
     523    5.9692937137434E-002    1.0000000000000E+000    5.9692937137434E-002
     524    5.9692937137434E-002    1.0000000000000E+000    5.9692937137434E-002
     525    5.9692937137434E-002    1.0000000000000E+000    5.9692937137434E-002
     526    5.9692937137434E-002    1.0000000000000E+000    5.9692937137434E-002
     527    5.9692937137434E-002    1.0000000000000E+000    5.9692937137434E-002
     528    5.9692937137434E-002    1.0000000000000E+000    5.9692937137434E-002
     529    5.9692937137434E-002    1.0000000000000E+000    5.9692937137434E-002
     530    5.9692937137434E-002    1.0000000000000E+000    5.9692937137434E-002
     531    5.9692937137434E-002    1.0000000000000E+000    5.9692937137434E-002
     532    5.9692937137434E-002    1.0000000000000E+000    5.9692937137434E-002
     533    5.9692937137434E-002    1.0000000000000E+000    5.9692937137434E-002
     534    5.9692937137434E-002    1.0000000000000E+000    5.9692937137434E-002
     535    5.9692937137434E-002    1.0000000000000E+000    5.9692937137434E-002
     536    5.9692937137434E-002    1.0000000000000E+000    5.9692937137434E-002
     537    5.9692937137434E-002    1.0000000000000E+000    5.9692937137434E-002
     538    5.9692937137434E-002    1.0000000000000E+000    5.9692937137434E-002
     539    5.9692937137434E-002    1.0000000000000E+000    5.9692937137434E-002
     540    5.9692937137434E-002    1.0000000000000E+000    5.9692937137434E-002
