       0    0.0000000000000E+000    9.9999910000000E+006    9.0000000000000E+000    0.0000000000000E+000    0.0000000000000E+000    9.0000000000000E+000
       1    0.0000000000000E+000    9.9999910000000E+006    9.0000000000000E+000    0.0000000000000E+000    0.0000000000000E+000    9.0000000000000E+000
       2    1.0000000000000E+000    9.9999900000000E+006    9.0000000000000E+000    0.0000000000000E+000    0.0000000000000E+000    9.0000000000000E+000
       3    6.0000000000000E+000    9.9999850000000E+006    9.0000000000000E+000    0.0000000000000E+000    0.0000000000000E+000    9.0000000000000E+000
       4    6.0000000000000E+000    9.9999850000000E+006    9.0000000000000E+000    0.0000000000000E+000    0.0000000000000E+000    9.0000000000000E+000
       5    8.0000000000000E+000    9.9999830000000E+006    9.0000000000000E+000    0.0000000000000E+000    0.0000000000000E+000    9.0000000000000E+000
       6    1.0000000000000E+001    9.9999800000000E+006    1.0000000000000E+001    0.0000000000000E+000    0.0000000000000E+000    1.0000000000000E+001
       7    8.0000000000000E+000    9.9999770000000E+006    1.5000000000000E+001    0.0000000000000E+000    0.0000000000000E+000    1.5000000000000E+001
       8    1.1000000000000E+001    9.9999740000000E+006    1.5000000000000E+001    0.0000000000000E+000    0.0000000000000E+000    1.5000000000000E+001
       9    1.5000000000000E+001    9.9999680000000E+006    1.7000000000000E+001    0.0000000000000E+000    0.0000000000000E+000    1.7000000000000E+001
      10    1.7000000000000E+001    9.9999630000000E+006    2.0000000000000E+001    0.0000000000000E+000    0.0000000000000E+000    2.0000000000000E+001
      11    2.0000000000000E+001    9.9999570000000E+006    2.3000000000000E+001    0.0000000000000E+000    0.0000000000000E+000    2.3000000000000E+001
      12    2.0000000000000E+001    9.9999540000000E+006    2.6000000000000E+001    0.0000000000000E+000    0.0000000000000E+000    2.6000000000000E+001
      13    2.0000000000000E+001    9.9999480000000E+006    3.2000000000000E+001    0.0000000000000E+000    0.0000000000000E+000    3.2000000000000E+001
      14    1.8000000000000E+001    9.9999450000000E+006    3.7000000000000E+001   -2.0000000000000E+000    2.0000000000000E+000    3.7000000000000E+001
      15    2.2000000000000E+001    9.9999350000000E+006    4.3000000000000E+001   -3.0000000000000E+000    3.0000000000000E+000    4.3000000000000E+001
      16    2.7000000000000E+001    9.9999270000000E+006    4.6000000000000E+001   -3.0000000000000E+000    3.0000000000000E+000    4.6000000000000E+001
      17    3.2000000000000E+001    9.9999160000000E+006    5.2000000000000E+001   -4.0000000000000E+000    4.0000000000000E+000    5.2000000000000E+001
      18    3.7000000000000E+001    9.9999080000000E+006    4.6000000000000E+001    4.0000000000000E+000    5.0000000000000E+000    5.5000000000000E+001
      19    3.4000000000000E+001    9.9999010000000E+006    5.6000000000000E+001    4.0000000000000E+000    5.0000000000000E+000    6.5000000000000E+001
      20    3.9000000000000E+001    9.9998880000000E+006    6.3000000000000E+001    5.0000000000000E+000    5.0000000000000E+000    7.3000000000000E+001
      21    3.6000000000000E+001    9.9998800000000E+006    6.9000000000000E+001    1.0000000000000E+001    5.0000000000000E+000    8.4000000000000E+001
      22    3.1000000000000E+001    9.9998770000000E+006    7.7000000000000E+001    9.0000000000000E+000    6.0000000000000E+000    9.2000000000000E+001
      23    3.2000000000000E+001    9.9998690000000E+006    8.2000000000000E+001    9.0000000000000E+000    8.0000000000000E+000    9.9000000000000E+001
      24    2.8000000000000E+001    9.9998600000000E+006    9.2000000000000E+001    1.1000000000000E+001    9.0000000000000E+000    1.1200000000000E+002
      25    3.6000000000000E+001    9.9998440000000E+006    9.7000000000000E+001    1.4000000000000E+001    9.0000000000000E+000    1.2000000000000E+002
      26    5.0000000000000E+001    9.9998270000000E+006    9.7000000000000E+001    1.6000000000000E+001    1.0000000000000E+001    1.2300000000000E+002
      27    6.3000000000000E+001    9.9998060000000E+006    9.9000000000000E+001    2.0000000000000E+001    1.2000000000000E+001    1.3100000000000E+002
      28    6.7000000000000E+001    9.9997930000000E+006    1.0300000000000E+002    2.3000000000000E+001    1.4000000000000E+001    1.4000000000000E+002
      29    6.2000000000000E+001    9.9997820000000E+006    1.1300000000000E+002    2.9000000000000E+001    1.4000000000000E+001    1.5600000000000E+002
      30    6.1000000000000E+001    9.9997660000000E+006    1.2700000000000E+002    3.2000000000000E+001    1.4000000000000E+001    1.7300000000000E+002
      31    4.8000000000000E+001    9.9997580000000E+006    1.4200000000000E+002    3.8000000000000E+001    1.4000000000000E+001    1.9400000000000E+002
      32    5.6000000000000E+001    9.9997370000000E+006    1.5200000000000E+002    4.1000000000000E+001    1.4000000000000E+001    2.0700000000000E+002
      33    5.8000000000000E+001    9.9997240000000E+006    1.5300000000000E+002    5.0000000000000E+001    1.5000000000000E+001    2.1800000000000E+002
      34    6.7000000000000E+001    9.9996990000000E+006    1.6100000000000E+002    5.6000000000000E+001    1.7000000000000E+001    2.3400000000000E+002
      35    8.5000000000000E+001    9.9996730000000E+006    1.5800000000000E+002    6.5000000000000E+001    1.9000000000000E+001    2.4200000000000E+002
      36    8.1000000000000E+001    9.9996560000000E+006    1.7100000000000E+002    7.3000000000000E+001    1.9000000000000E+001    2.6300000000000E+002
      37    9.8000000000000E+001    9.9996260000000E+006    1.7700000000000E+002    7.9000000000000E+001    2.0000000000000E+001    2.7600000000000E+002
      38    9.4000000000000E+001    9.9996050000000E+006    1.8900000000000E+002    9.2000000000000E+001    2.0000000000000E+001    3.0100000000000E+002
      39    9.7000000000000E+001    9.9995760000000E+006    2.0700000000000E+002    9.9000000000000E+001    2.1000000000000E+001    3.2700000000000E+002
      40    1.0700000000000E+002    9.9995490000000E+006    2.2100000000000E+002    1.0000000000000E+002    2.3000000000000E+001    3.4400000000000E+002
      41    1.1500000000000E+002    9.9995110000000E+006    2.4300000000000E+002    1.0800000000000E+002    2.3000000000000E+001    3.7400000000000E+002
      42    1.3200000000000E+002    9.9994730000000E+006    2.5500000000000E+002    1.1300000000000E+002    2.7000000000000E+001    3.9500000000000E+002
      43    1.4800000000000E+002    9.9994280000000E+006    2.6800000000000E+002    1.2500000000000E+002    3.1000000000000E+001    4.2400000000000E+002
      44    1.6300000000000E+002    9.9993860000000E+006    2.7800000000000E+002    1.4000000000000E+002    3.3000000000000E+001    4.5100000000000E+002
      45    1.6100000000000E+002    9.9993500000000E+006    2.9500000000000E+002    1.6000000000000E+002    3.4000000000000E+001    4.8900000000000E+002
      46    1.6400000000000E+002    9.9993090000000E+006    3.2000000000000E+002    1.6900000000000E+002    3.8000000000000E+001    5.2700000000000E+002
      47    1.5500000000000E+002    9.9992730000000E+006    3.5400000000000E+002    1.7500000000000E+002    4.3000000000000E+001    5.7200000000000E+002
      48    1.6400000000000E+002    9.9992220000000E+006    3.8000000000000E+002    1.8700000000000E+002    4.7000000000000E+001    6.1400000000000E+002
      49    1.8300000000000E+002    9.9991670000000E+006    4.0800000000000E+002    1.9100000000000E+002    5.1000000000000E+001    6.5000000000000E+002
      50    1.8800000000000E+002    9.9991210000000E+006    4.2800000000000E+002    2.1100000000000E+002    5.2000000000000E+001    6.9100000000000E+002
      51    2.1100000000000E+002    9.9990620000000E+006    4.5100000000000E+002    2.1500000000000E+002    6.1000000000000E+001    7.2700000000000E+002
      52    2.2500000000000E+002    9.9989970000000E+006    4.7700000000000E+002    2.3700000000000E+002    6.4000000000000E+001    7.7800000000000E+002
      53    2.3900000000000E+002    9.9989280000000E+006    5.0600000000000E+002    2.6000000000000E+002    6.7000000000000E+001    8.3300000000000E+002
      54    2.7100000000000E+002    9.9988500000000E+006    5.3500000000000E+002    2.7300000000000E+002    7.1000000000000E+001    8.7900000000000E+002
      55    2.8700000000000E+002    9.9987750000000E+006    5.6400000000000E+002    2.9700000000000E+002    7.7000000000000E+001    9.3800000000000E+002
      56    2.9300000000000E+002    9.9987040000000E+006    6.0800000000000E+002    3.1500000000000E+002    8.0000000000000E+001    1.0030000000000E+003
      57    2.8800000000000E+002    9.9986400000000E+006    6.4800000000000E+002    3.3800000000000E+002    8.6000000000000E+001    1.0720000000000E+003
      58    2.8000000000000E+002    9.9985700000000E+006    6.9900000000000E+002    3.6100000000000E+002    9.0000000000000E+001    1.1500000000000E+003
      59    3.0700000000000E+002    9.9984680000000E+006    7.3600000000000E+002    3.9600000000000E+002    9.3000000000000E+001    1.2250000000000E+003
      60    3.2500000000000E+002    9.9983790000000E+006    7.6900000000000E+002    4.2900000000000E+002    9.8000000000000E+001    1.2960000000000E+003
      61    3.5900000000000E+002    9.9982810000000E+006    7.8800000000000E+002    4.7000000000000E+002    1.0200000000000E+002    1.3600000000000E+003
      62    3.8600000000000E+002    9.9981840000000E+006    8.1600000000000E+002    5.0200000000000E+002    1.1200000000000E+002    1.4300000000000E+003
      63    3.9900000000000E+002    9.9980690000000E+006    8.8200000000000E+002    5.2600000000000E+002    1.2400000000000E+002    1.5320000000000E+003
      64    4.3300000000000E+002    9.9979460000000E+006    9.3000000000000E+002    5.5900000000000E+002    1.3200000000000E+002    1.6210000000000E+003
      65    4.8400000000000E+002    9.9977970000000E+006    9.9200000000000E+002    5.8800000000000E+002    1.3900000000000E+002    1.7190000000000E+003
      66    5.2400000000000E+002    9.9976600000000E+006    1.0380000000000E+003    6.3500000000000E+002    1.4300000000000E+002    1.8160000000000E+003
      67    5.4600000000000E+002    9.9975230000000E+006    1.0980000000000E+003    6.8400000000000E+002    1.4900000000000E+002    1.9310000000000E+003
      68    5.4100000000000E+002    9.9974050000000E+006    1.1750000000000E+003    7.2000000000000E+002    1.5900000000000E+002    2.0540000000000E+003
      69    5.1900000000000E+002    9.9972780000000E+006    1.2650000000000E+003    7.6700000000000E+002    1.7100000000000E+002    2.2030000000000E+003
      70    4.3100000000000E+002    9.9972290000000E+006    1.3370000000000E+003    8.2200000000000E+002    1.8100000000000E+002    2.3400000000000E+003
      71    4.8800000000000E+002    9.9970350000000E+006    1.4050000000000E+003    8.8100000000000E+002    1.9100000000000E+002    2.4770000000000E+003
      72    5.5100000000000E+002    9.9968540000000E+006    1.4450000000000E+003    9.4400000000000E+002    2.0600000000000E+002    2.5950000000000E+003
      73    6.2000000000000E+002    9.9966580000000E+006    1.4970000000000E+003    1.0010000000000E+003    2.2400000000000E+002    2.7220000000000E+003
      74    7.7000000000000E+002    9.9964590000000E+006    1.4750000000000E+003    1.0530000000000E+003    2.4300000000000E+002    2.7710000000000E+003
      75    8.0200000000000E+002    9.9962330000000E+006    1.6050000000000E+003    1.1040000000000E+003    2.5600000000000E+002    2.9650000000000E+003
      76    8.2600000000000E+002    9.9960280000000E+006    1.7160000000000E+003    1.1600000000000E+003    2.7000000000000E+002    3.1460000000000E+003
      77    6.9100000000000E+002    9.9959670000000E+006    1.8100000000000E+003    1.2470000000000E+003    2.8500000000000E+002    3.3420000000000E+003
      78    6.9200000000000E+002    9.9957670000000E+006    1.9200000000000E+003    1.3310000000000E+003    2.9000000000000E+002    3.5410000000000E+003
      79    6.6000000000000E+002    9.9955730000000E+006    2.0480000000000E+003    1.4090000000000E+003    3.1000000000000E+002    3.7670000000000E+003
      80    6.6600000000000E+002    9.9953620000000E+006    2.1560000000000E+003    1.4920000000000E+003    3.2400000000000E+002    3.9720000000000E+003
      81    8.0800000000000E+002    9.9951590000000E+006    2.1020000000000E+003    1.5830000000000E+003    3.4800000000000E+002    4.0330000000000E+003
      82    8.0600000000000E+002    9.9949610000000E+006    2.1790000000000E+003    1.6850000000000E+003    3.6900000000000E+002    4.2330000000000E+003
      83    8.0400000000000E+002    9.9947690000000E+006    2.2240000000000E+003    1.8080000000000E+003    3.9500000000000E+002    4.4270000000000E+003
      84    6.5800000000000E+002    9.9947040000000E+006    2.2980000000000E+003    1.9230000000000E+003    4.1700000000000E+002    4.6380000000000E+003
      85    6.8400000000000E+002    9.9944750000000E+006    2.3640000000000E+003    2.0530000000000E+003    4.2400000000000E+002    4.8410000000000E+003
      86    6.6400000000000E+002    9.9942970000000E+006    2.4440000000000E+003    2.1560000000000E+003    4.3900000000000E+002    5.0390000000000E+003
      87    7.0200000000000E+002    9.9940670000000E+006    2.5090000000000E+003    2.2580000000000E+003    4.6400000000000E+002    5.2310000000000E+003
      88    8.6200000000000E+002    9.9938420000000E+006    2.5250000000000E+003    2.2840000000000E+003    4.8700000000000E+002    5.2960000000000E+003
      89    8.5100000000000E+002    9.9936240000000E+006    2.5600000000000E+003    2.4540000000000E+003    5.1100000000000E+002    5.5250000000000E+003
      90    8.1000000000000E+002    9.9934870000000E+006    2.5570000000000E+003    2.6080000000000E+003    5.3800000000000E+002    5.7030000000000E+003
      91    6.5100000000000E+002    9.9934160000000E+006    2.5910000000000E+003    2.7890000000000E+003    5.5300000000000E+002    5.9330000000000E+003
      92    6.5500000000000E+002    9.9931870000000E+006    2.6170000000000E+003    2.9810000000000E+003    5.6000000000000E+002    6.1580000000000E+003
      93    6.5500000000000E+002    9.9929690000000E+006    2.6090000000000E+003    3.1850000000000E+003    5.8200000000000E+002    6.3760000000000E+003
      94    7.2600000000000E+002    9.9927610000000E+006    2.5410000000000E+003    3.3790000000000E+003    5.9300000000000E+002    6.5130000000000E+003
      95    8.7500000000000E+002    9.9925410000000E+006    2.5510000000000E+003    3.4220000000000E+003    6.1100000000000E+002    6.5840000000000E+003
      96    8.7300000000000E+002    9.9923140000000E+006    2.5800000000000E+003    3.6000000000000E+003    6.3300000000000E+002    6.8130000000000E+003
      97    8.2600000000000E+002    9.9921430000000E+006    2.6040000000000E+003    3.7780000000000E+003    6.4900000000000E+002    7.0310000000000E+003
      98    7.1200000000000E+002    9.9920490000000E+006    2.6010000000000E+003    3.9770000000000E+003    6.6100000000000E+002    7.2390000000000E+003
      99    7.0400000000000E+002    9.9918370000000E+006    2.6180000000000E+003    4.1740000000000E+003    6.6700000000000E+002    7.4590000000000E+003
     100    6.9400000000000E+002    9.9916200000000E+006    2.6470000000000E+003    4.3460000000000E+003    6.9300000000000E+002    7.6860000000000E+003
     101    8.0000000000000E+002    9.9913430000000E+006    2.6260000000000E+003    4.5150000000000E+003    7.1600000000000E+002    7.8570000000000E+003
     102    9.5900000000000E+002    9.9910900000000E+006    2.6550000000000E+003    4.5540000000000E+003    7.4200000000000E+002    7.9510000000000E+003
     103    9.8800000000000E+002    9.9908490000000E+006    2.6380000000000E+003    4.7580000000000E+003    7.6700000000000E+002    8.1630000000000E+003
     104    9.5800000000000E+002    9.9906620000000E+006    2.6770000000000E+003    4.9100000000000E+003    7.9300000000000E+002    8.3800000000000E+003
     105    7.5400000000000E+002    9.9905890000000E+006    2.7240000000000E+003    5.1270000000000E+003    8.0600000000000E+002    8.6570000000000E+003
     106    8.0800000000000E+002    9.9902820000000E+006    2.7520000000000E+003    5.3420000000000E+003    8.1600000000000E+002    8.9100000000000E+003
     107    8.3800000000000E+002    9.9900110000000E+006    2.7750000000000E+003    5.5400000000000E+003    8.3600000000000E+002    9.1510000000000E+003
     108    8.7900000000000E+002    9.9897830000000E+006    2.8250000000000E+003    5.6500000000000E+003    8.6300000000000E+002    9.3380000000000E+003
     109    1.0120000000000E+003    9.9895770000000E+006    2.8270000000000E+003    5.6880000000000E+003    8.9600000000000E+002    9.4110000000000E+003
     110    9.6000000000000E+002    9.9893220000000E+006    2.9050000000000E+003    5.8850000000000E+003    9.2800000000000E+002    9.7180000000000E+003
     111    8.3500000000000E+002    9.9891760000000E+006    2.9580000000000E+003    6.0740000000000E+003    9.5700000000000E+002    9.9890000000000E+003
     112    6.8600000000000E+002    9.9890970000000E+006    2.9780000000000E+003    6.2600000000000E+003    9.7900000000000E+002    1.0217000000000E+004
     113    6.8700000000000E+002    9.9888900000000E+006    2.9640000000000E+003    6.4730000000000E+003    9.8600000000000E+002    1.0423000000000E+004
     114    6.3700000000000E+002    9.9886850000000E+006    2.9920000000000E+003    6.6620000000000E+003    1.0240000000000E+003    1.0678000000000E+004
     115    6.6500000000000E+002    9.9885110000000E+006    2.9670000000000E+003    6.8150000000000E+003    1.0420000000000E+003    1.0824000000000E+004
     116    7.9100000000000E+002    9.9883060000000E+006    2.9520000000000E+003    6.8850000000000E+003    1.0660000000000E+003    1.0903000000000E+004
     117    7.6500000000000E+002    9.9881250000000E+006    2.9470000000000E+003    7.0790000000000E+003    1.0840000000000E+003    1.1110000000000E+004
     118    7.0800000000000E+002    9.9879770000000E+006    2.9350000000000E+003    7.2720000000000E+003    1.1080000000000E+003    1.1315000000000E+004
     119    6.0800000000000E+002    9.9879030000000E+006    2.8320000000000E+003    7.5320000000000E+003    1.1250000000000E+003    1.1489000000000E+004
     120    6.2900000000000E+002    9.9876770000000E+006    2.7840000000000E+003    7.7790000000000E+003    1.1310000000000E+003    1.1694000000000E+004
     121    6.6500000000000E+002    9.9874600000000E+006    2.7240000000000E+003    8.0060000000000E+003    1.1450000000000E+003    1.1875000000000E+004
     122    7.3500000000000E+002    9.9872420000000E+006    2.6850000000000E+003    8.1780000000000E+003    1.1600000000000E+003    1.2023000000000E+004
     123    8.5100000000000E+002    9.9870520000000E+006    2.6860000000000E+003    8.2310000000000E+003    1.1800000000000E+003    1.2097000000000E+004
     124    8.3300000000000E+002    9.9868440000000E+006    2.6050000000000E+003    8.5160000000000E+003    1.2020000000000E+003    1.2323000000000E+004
     125    7.4500000000000E+002    9.9867150000000E+006    2.5510000000000E+003    8.7630000000000E+003    1.2260000000000E+003    1.2540000000000E+004
     126    5.8500000000000E+002    9.9866570000000E+006    2.5410000000000E+003    8.9780000000000E+003    1.2390000000000E+003    1.2758000000000E+004
     127    5.7500000000000E+002    9.9864770000000E+006    2.5250000000000E+003    9.1770000000000E+003    1.2460000000000E+003    1.2948000000000E+004
     128    5.2400000000000E+002    9.9863200000000E+006    2.4780000000000E+003    9.4040000000000E+003    1.2740000000000E+003    1.3156000000000E+004
     129    5.7700000000000E+002    9.9861380000000E+006    2.4610000000000E+003    9.5310000000000E+003    1.2930000000000E+003    1.3285000000000E+004
     130    6.5900000000000E+002    9.9859980000000E+006    2.4400000000000E+003    9.5900000000000E+003    1.3130000000000E+003    1.3343000000000E+004
     131    6.2300000000000E+002    9.9858540000000E+006    2.4130000000000E+003    9.7800000000000E+003    1.3300000000000E+003    1.3523000000000E+004
     132    5.4300000000000E+002    9.9857770000000E+006    2.3650000000000E+003    9.9610000000000E+003    1.3540000000000E+003    1.3680000000000E+004
     133    4.1000000000000E+002    9.9857280000000E+006    2.3730000000000E+003    1.0117000000000E+004    1.3720000000000E+003    1.3862000000000E+004
     134    4.4200000000000E+002    9.9855560000000E+006    2.3080000000000E+003    1.0315000000000E+004    1.3790000000000E+003    1.4002000000000E+004
     135    4.8400000000000E+002    9.9853700000000E+006    2.2710000000000E+003    1.0473000000000E+004    1.4020000000000E+003    1.4146000000000E+004
     136    5.7600000000000E+002    9.9852010000000E+006    2.2000000000000E+003    1.0610000000000E+004    1.4130000000000E+003    1.4223000000000E+004
     137    6.5800000000000E+002    9.9850700000000E+006    2.1750000000000E+003    1.0666000000000E+004    1.4310000000000E+003    1.4272000000000E+004
     138    5.9800000000000E+002    9.9849580000000E+006    2.1210000000000E+003    1.0883000000000E+004    1.4400000000000E+003    1.4444000000000E+004
     139    5.1400000000000E+002    9.9848560000000E+006    2.0900000000000E+003    1.1082000000000E+004    1.4580000000000E+003    1.4630000000000E+004
     140    3.7600000000000E+002    9.9848250000000E+006    2.0410000000000E+003    1.1293000000000E+004    1.4650000000000E+003    1.4799000000000E+004
     141    3.8000000000000E+002    9.9846900000000E+006    1.9820000000000E+003    1.1480000000000E+004    1.4680000000000E+003    1.4930000000000E+004
     142    3.8100000000000E+002    9.9845770000000E+006    1.8860000000000E+003    1.1668000000000E+004    1.4880000000000E+003    1.5042000000000E+004
     143    4.3200000000000E+002    9.9844240000000E+006    1.8590000000000E+003    1.1783000000000E+004    1.5020000000000E+003    1.5144000000000E+004
     144    5.2100000000000E+002    9.9843040000000E+006    1.8320000000000E+003    1.1824000000000E+004    1.5190000000000E+003    1.5175000000000E+004
     145    5.2400000000000E+002    9.9841660000000E+006    1.7870000000000E+003    1.1991000000000E+004    1.5320000000000E+003    1.5310000000000E+004
     146    5.0500000000000E+002    9.9840720000000E+006    1.7430000000000E+003    1.2134000000000E+004    1.5460000000000E+003    1.5423000000000E+004
     147    3.9100000000000E+002    9.9840330000000E+006    1.7140000000000E+003    1.2308000000000E+004    1.5540000000000E+003    1.5576000000000E+004
     148    4.1600000000000E+002    9.9838880000000E+006    1.6940000000000E+003    1.2444000000000E+004    1.5580000000000E+003    1.5696000000000E+004
     149    4.1700000000000E+002    9.9837490000000E+006    1.6880000000000E+003    1.2576000000000E+004    1.5700000000000E+003    1.5834000000000E+004
     150    4.1300000000000E+002    9.9836590000000E+006    1.7050000000000E+003    1.2643000000000E+004    1.5800000000000E+003    1.5928000000000E+004
     151    4.7300000000000E+002    9.9835600000000E+006    1.6950000000000E+003    1.2677000000000E+004    1.5950000000000E+003    1.5967000000000E+004
     152    4.7000000000000E+002    9.9834180000000E+006    1.6680000000000E+003    1.2838000000000E+004    1.6060000000000E+003    1.6112000000000E+004
     153    4.1500000000000E+002    9.9833340000000E+006    1.6210000000000E+003    1.3006000000000E+004    1.6240000000000E+003    1.6251000000000E+004
     154    3.5000000000000E+002    9.9833090000000E+006    1.5420000000000E+003    1.3160000000000E+004    1.6390000000000E+003    1.6341000000000E+004
     155    4.3100000000000E+002    9.9831290000000E+006    1.5100000000000E+003    1.3290000000000E+004    1.6400000000000E+003    1.6440000000000E+004
     156    3.8100000000000E+002    9.9830370000000E+006    1.5400000000000E+003    1.3389000000000E+004    1.6530000000000E+003    1.6582000000000E+004
     157    4.0300000000000E+002    9.9829310000000E+006    1.5220000000000E+003    1.3476000000000E+004    1.6680000000000E+003    1.6666000000000E+004
     158    5.2000000000000E+002    9.9827890000000E+006    1.5160000000000E+003    1.3496000000000E+004    1.6790000000000E+003    1.6691000000000E+004
     159    4.1600000000000E+002    9.9827130000000E+006    1.5610000000000E+003    1.3624000000000E+004    1.6860000000000E+003    1.6871000000000E+004
     160    4.0300000000000E+002    9.9826340000000E+006    1.5400000000000E+003    1.3719000000000E+004    1.7040000000000E+003    1.6963000000000E+004
     161    3.2800000000000E+002    9.9826030000000E+006    1.4930000000000E+003    1.3865000000000E+004    1.7110000000000E+003    1.7069000000000E+004
     162    2.7600000000000E+002    9.9825130000000E+006    1.5150000000000E+003    1.3982000000000E+004    1.7140000000000E+003    1.7211000000000E+004
     163    3.4900000000000E+002    9.9823640000000E+006    1.4530000000000E+003    1.4104000000000E+004    1.7300000000000E+003    1.7287000000000E+004
     164    3.6900000000000E+002    9.9822650000000E+006    1.4380000000000E+003    1.4192000000000E+004    1.7360000000000E+003    1.7366000000000E+004
     165    4.6100000000000E+002    9.9821420000000E+006    1.4300000000000E+003    1.4220000000000E+004    1.7470000000000E+003    1.7397000000000E+004
     166    4.9600000000000E+002    9.9820170000000E+006    1.3750000000000E+003    1.4353000000000E+004    1.7590000000000E+003    1.7487000000000E+004
     167    4.4900000000000E+002    9.9819150000000E+006    1.3850000000000E+003    1.4489000000000E+004    1.7620000000000E+003    1.7636000000000E+004
     168    3.7600000000000E+002    9.9818890000000E+006    1.3940000000000E+003    1.4577000000000E+004    1.7640000000000E+003    1.7735000000000E+004
     169    4.0100000000000E+002    9.9817410000000E+006    1.4180000000000E+003    1.4675000000000E+004    1.7650000000000E+003    1.7858000000000E+004
     170    4.2500000000000E+002    9.9815920000000E+006    1.4010000000000E+003    1.4811000000000E+004    1.7710000000000E+003    1.7983000000000E+004
     171    4.8500000000000E+002    9.9814300000000E+006    1.4190000000000E+003    1.4877000000000E+004    1.7890000000000E+003    1.8085000000000E+004
     172    5.9900000000000E+002    9.9812900000000E+006    1.4200000000000E+003    1.4896000000000E+004    1.7950000000000E+003    1.8111000000000E+004
     173    5.4000000000000E+002    9.9812010000000E+006    1.3880000000000E+003    1.5063000000000E+004    1.8080000000000E+003    1.8259000000000E+004
     174    5.4100000000000E+002    9.9810510000000E+006    1.4450000000000E+003    1.5141000000000E+004    1.8220000000000E+003    1.8408000000000E+004
     175    4.2000000000000E+002    9.9810100000000E+006    1.5010000000000E+003    1.5230000000000E+004    1.8390000000000E+003    1.8570000000000E+004
     176    4.4600000000000E+002    9.9808440000000E+006    1.4990000000000E+003    1.5370000000000E+004    1.8410000000000E+003    1.8710000000000E+004
     177    5.1600000000000E+002    9.9806850000000E+006    1.5120000000000E+003    1.5434000000000E+004    1.8530000000000E+003    1.8799000000000E+004
     178    4.8500000000000E+002    9.9805660000000E+006    1.5830000000000E+003    1.5492000000000E+004    1.8740000000000E+003    1.8949000000000E+004
     179    6.2600000000000E+002    9.9803840000000E+006    1.5930000000000E+003    1.5503000000000E+004    1.8940000000000E+003    1.8990000000000E+004
     180    5.5600000000000E+002    9.9802880000000E+006    1.6690000000000E+003    1.5577000000000E+004    1.9100000000000E+003    1.9156000000000E+004
     181    5.1000000000000E+002    9.9801750000000E+006    1.6790000000000E+003    1.5719000000000E+004    1.9170000000000E+003    1.9315000000000E+004
     182    4.2300000000000E+002    9.9801430000000E+006    1.6990000000000E+003    1.5806000000000E+004    1.9290000000000E+003    1.9434000000000E+004
     183    4.3800000000000E+002    9.9799460000000E+006    1.7580000000000E+003    1.5927000000000E+004    1.9310000000000E+003    1.9616000000000E+004
     184    5.2500000000000E+002    9.9797630000000E+006    1.7290000000000E+003    1.6041000000000E+004    1.9420000000000E+003    1.9712000000000E+004
     185    5.6300000000000E+002    9.9796120000000E+006    1.7400000000000E+003    1.6129000000000E+004    1.9560000000000E+003    1.9825000000000E+004
     186    6.5800000000000E+002    9.9794850000000E+006    1.7460000000000E+003    1.6145000000000E+004    1.9660000000000E+003    1.9857000000000E+004
     187    5.6300000000000E+002    9.9793830000000E+006    1.7950000000000E+003    1.6268000000000E+004    1.9910000000000E+003    2.0054000000000E+004
     188    4.8600000000000E+002    9.9792770000000E+006    1.8290000000000E+003    1.6403000000000E+004    2.0050000000000E+003    2.0237000000000E+004
     189    3.8400000000000E+002    9.9792280000000E+006    1.8180000000000E+003    1.6551000000000E+004    2.0190000000000E+003    2.0388000000000E+004
     190    4.4900000000000E+002    9.9790360000000E+006    1.8050000000000E+003    1.6685000000000E+004    2.0250000000000E+003    2.0515000000000E+004
     191    5.1600000000000E+002    9.9788670000000E+006    1.8180000000000E+003    1.6758000000000E+004    2.0410000000000E+003    2.0617000000000E+004
     192    5.3100000000000E+002    9.9787460000000E+006    1.7740000000000E+003    1.6890000000000E+004    2.0590000000000E+003    2.0723000000000E+004
     193    6.2700000000000E+002    9.9786010000000E+006    1.7820000000000E+003    1.6911000000000E+004    2.0790000000000E+003    2.0772000000000E+004
     194    5.5300000000000E+002    9.9784830000000E+006    1.8080000000000E+003    1.7060000000000E+004    2.0960000000000E+003    2.0964000000000E+004
     195    5.0100000000000E+002    9.9783660000000E+006    1.8180000000000E+003    1.7210000000000E+004    2.1050000000000E+003    2.1133000000000E+004
     196    4.5000000000000E+002    9.9782960000000E+006    1.8200000000000E+003    1.7316000000000E+004    2.1180000000000E+003    2.1254000000000E+004
     197    4.4300000000000E+002    9.9781580000000E+006    1.7830000000000E+003    1.7489000000000E+004    2.1270000000000E+003    2.1399000000000E+004
     198    4.7200000000000E+002    9.9780110000000E+006    1.8050000000000E+003    1.7567000000000E+004    2.1450000000000E+003    2.1517000000000E+004
     199    5.3600000000000E+002    9.9778300000000E+006    1.8090000000000E+003    1.7663000000000E+004    2.1620000000000E+003    2.1634000000000E+004
     200    5.7500000000000E+002    9.9777210000000E+006    1.8470000000000E+003    1.7686000000000E+004    2.1710000000000E+003    2.1704000000000E+004
     201    5.6600000000000E+002    9.9775920000000E+006    1.7880000000000E+003    1.7872000000000E+004    2.1820000000000E+003    2.1842000000000E+004
     202    5.6200000000000E+002    9.9774490000000E+006    1.7520000000000E+003    1.8046000000000E+004    2.1910000000000E+003    2.1989000000000E+004
     203    4.4400000000000E+002    9.9773860000000E+006    1.7820000000000E+003    1.8184000000000E+004    2.2040000000000E+003    2.2170000000000E+004
     204    4.6700000000000E+002    9.9772540000000E+006    1.7640000000000E+003    1.8303000000000E+004    2.2120000000000E+003    2.2279000000000E+004
     205    4.9100000000000E+002    9.9771010000000E+006    1.7910000000000E+003    1.8391000000000E+004    2.2260000000000E+003    2.2408000000000E+004
     206    4.9100000000000E+002    9.9769580000000E+006    1.8280000000000E+003    1.8478000000000E+004    2.2450000000000E+003    2.2551000000000E+004
     207    5.5300000000000E+002    9.9768330000000E+006    1.8420000000000E+003    1.8509000000000E+004    2.2630000000000E+003    2.2614000000000E+004
     208    5.6000000000000E+002    9.9766940000000E+006    1.7820000000000E+003    1.8693000000000E+004    2.2710000000000E+003    2.2746000000000E+004
     209    4.9300000000000E+002    9.9766080000000E+006    1.7660000000000E+003    1.8847000000000E+004    2.2860000000000E+003    2.2899000000000E+004
     210    3.8700000000000E+002    9.9765710000000E+006    1.7880000000000E+003    1.8951000000000E+004    2.3030000000000E+003    2.3042000000000E+004
     211    4.0600000000000E+002    9.9764270000000E+006    1.7680000000000E+003    1.9091000000000E+004    2.3080000000000E+003    2.3167000000000E+004
     212    3.7500000000000E+002    9.9763190000000E+006    1.7890000000000E+003    1.9199000000000E+004    2.3180000000000E+003    2.3306000000000E+004
     213    4.3700000000000E+002    9.9761710000000E+006    1.7580000000000E+003    1.9301000000000E+004    2.3330000000000E+003    2.3392000000000E+004
     214    5.2000000000000E+002    9.9760510000000E+006    1.7250000000000E+003    1.9359000000000E+004    2.3450000000000E+003    2.3429000000000E+004
     215    4.8700000000000E+002    9.9759400000000E+006    1.7310000000000E+003    1.9486000000000E+004    2.3560000000000E+003    2.3573000000000E+004
     216    4.7500000000000E+002    9.9758440000000E+006    1.6920000000000E+003    1.9614000000000E+004    2.3750000000000E+003    2.3681000000000E+004
     217    3.9500000000000E+002    9.9757760000000E+006    1.6590000000000E+003    1.9786000000000E+004    2.3840000000000E+003    2.3829000000000E+004
     218    4.1000000000000E+002    9.9756410000000E+006    1.6700000000000E+003    1.9894000000000E+004    2.3850000000000E+003    2.3949000000000E+004
     219    4.5900000000000E+002    9.9754810000000E+006    1.6520000000000E+003    2.0009000000000E+004    2.3990000000000E+003    2.4060000000000E+004
     220    4.4400000000000E+002    9.9754000000000E+006    1.6050000000000E+003    2.0140000000000E+004    2.4110000000000E+003    2.4156000000000E+004
     221    4.8500000000000E+002    9.9752910000000E+006    1.6100000000000E+003    2.0186000000000E+004    2.4280000000000E+003    2.4224000000000E+004
     222    4.6000000000000E+002    9.9751810000000E+006    1.6130000000000E+003    2.0307000000000E+004    2.4390000000000E+003    2.4359000000000E+004
     223    3.6800000000000E+002    9.9751130000000E+006    1.6200000000000E+003    2.0451000000000E+004    2.4480000000000E+003    2.4519000000000E+004
     224    3.1500000000000E+002    9.9750850000000E+006    1.5580000000000E+003    2.0589000000000E+004    2.4530000000000E+003    2.4600000000000E+004
     225    2.5900000000000E+002    9.9750320000000E+006    1.5420000000000E+003    2.0709000000000E+004    2.4580000000000E+003    2.4709000000000E+004
     226    3.0000000000000E+002    9.9748810000000E+006    1.5130000000000E+003    2.0837000000000E+004    2.4690000000000E+003    2.4819000000000E+004
     227    3.5000000000000E+002    9.9747630000000E+006    1.4950000000000E+003    2.0906000000000E+004    2.4860000000000E+003    2.4887000000000E+004
     228    4.2600000000000E+002    9.9746590000000E+006    1.4860000000000E+003    2.0936000000000E+004    2.4930000000000E+003    2.4915000000000E+004
     229    5.1000000000000E+002    9.9745220000000E+006    1.3950000000000E+003    2.1072000000000E+004    2.5010000000000E+003    2.4968000000000E+004
     230    4.4500000000000E+002    9.9744360000000E+006    1.4380000000000E+003    2.1168000000000E+004    2.5130000000000E+003    2.5119000000000E+004
     231    3.6300000000000E+002    9.9744000000000E+006    1.4080000000000E+003    2.1313000000000E+004    2.5160000000000E+003    2.5237000000000E+004
     232    4.2500000000000E+002    9.9742340000000E+006    1.3920000000000E+003    2.1431000000000E+004    2.5180000000000E+003    2.5341000000000E+004
     233    4.4200000000000E+002    9.9740800000000E+006    1.4180000000000E+003    2.1538000000000E+004    2.5220000000000E+003    2.5478000000000E+004
     234    4.7100000000000E+002    9.9739650000000E+006    1.4080000000000E+003    2.1616000000000E+004    2.5400000000000E+003    2.5564000000000E+004
     235    5.8400000000000E+002    9.9738160000000E+006    1.3760000000000E+003    2.1672000000000E+004    2.5520000000000E+003    2.5600000000000E+004
     236    5.4300000000000E+002    9.9736910000000E+006    1.4070000000000E+003    2.1795000000000E+004    2.5640000000000E+003    2.5766000000000E+004
     237    4.7700000000000E+002    9.9736030000000E+006    1.4010000000000E+003    2.1941000000000E+004    2.5780000000000E+003    2.5920000000000E+004
     238    4.4500000000000E+002    9.9735200000000E+006    1.4350000000000E+003    2.2015000000000E+004    2.5850000000000E+003    2.6035000000000E+004
     239    3.6800000000000E+002    9.9734480000000E+006    1.4750000000000E+003    2.2122000000000E+004    2.5870000000000E+003    2.6184000000000E+004
     240    3.7500000000000E+002    9.9733160000000E+006    1.4900000000000E+003    2.2213000000000E+004    2.6060000000000E+003    2.6309000000000E+004
     241    4.1700000000000E+002    9.9731860000000E+006    1.5100000000000E+003    2.2267000000000E+004    2.6200000000000E+003    2.6397000000000E+004
     242    4.4600000000000E+002    9.9730740000000E+006    1.5650000000000E+003    2.2281000000000E+004    2.6340000000000E+003    2.6480000000000E+004
     243    4.5100000000000E+002    9.9729970000000E+006    1.5840000000000E+003    2.2316000000000E+004    2.6520000000000E+003    2.6552000000000E+004
     244    3.8700000000000E+002    9.9729290000000E+006    1.5650000000000E+003    2.2459000000000E+004    2.6600000000000E+003    2.6684000000000E+004
     245    3.2100000000000E+002    9.9728650000000E+006    1.5770000000000E+003    2.2568000000000E+004    2.6690000000000E+003    2.6814000000000E+004
     246    3.5500000000000E+002    9.9727190000000E+006    1.5850000000000E+003    2.2666000000000E+004    2.6750000000000E+003    2.6926000000000E+004
     247    4.0200000000000E+002    9.9725950000000E+006    1.5250000000000E+003    2.2800000000000E+004    2.6780000000000E+003    2.7003000000000E+004
     248    4.4300000000000E+002    9.9724860000000E+006    1.5070000000000E+003    2.2873000000000E+004    2.6910000000000E+003    2.7071000000000E+004
     249    4.8600000000000E+002    9.9723790000000E+006    1.5350000000000E+003    2.2901000000000E+004    2.6990000000000E+003    2.7135000000000E+004
     250    4.3900000000000E+002    9.9722800000000E+006    1.5150000000000E+003    2.3054000000000E+004    2.7120000000000E+003    2.7281000000000E+004
     251    3.8800000000000E+002    9.9722070000000E+006    1.4850000000000E+003    2.3204000000000E+004    2.7160000000000E+003    2.7405000000000E+004
     252    3.1200000000000E+002    9.9721740000000E+006    1.4790000000000E+003    2.3307000000000E+004    2.7280000000000E+003    2.7514000000000E+004
     253    4.0100000000000E+002    9.9719780000000E+006    1.4370000000000E+003    2.3453000000000E+004    2.7310000000000E+003    2.7621000000000E+004
     254    4.6300000000000E+002    9.9718170000000E+006    1.4110000000000E+003    2.3565000000000E+004    2.7440000000000E+003    2.7720000000000E+004
     255    5.5100000000000E+002    9.9716560000000E+006    1.3960000000000E+003    2.3638000000000E+004    2.7590000000000E+003    2.7793000000000E+004
     256    6.7000000000000E+002    9.9715040000000E+006    1.3460000000000E+003    2.3710000000000E+004    2.7700000000000E+003    2.7826000000000E+004
     257    6.0200000000000E+002    9.9713760000000E+006    1.4700000000000E+003    2.3774000000000E+004    2.7780000000000E+003    2.8022000000000E+004
     258    5.3200000000000E+002    9.9712850000000E+006    1.4990000000000E+003    2.3890000000000E+004    2.7940000000000E+003    2.8183000000000E+004
     259    4.2900000000000E+002    9.9712270000000E+006    1.5300000000000E+003    2.4008000000000E+004    2.8060000000000E+003    2.8344000000000E+004
     260    4.4800000000000E+002    9.9710560000000E+006    1.5700000000000E+003    2.4116000000000E+004    2.8100000000000E+003    2.8496000000000E+004
     261    4.7300000000000E+002    9.9709030000000E+006    1.6210000000000E+003    2.4168000000000E+004    2.8350000000000E+003    2.8624000000000E+004
     262    5.4900000000000E+002    9.9707360000000E+006    1.6440000000000E+003    2.4220000000000E+004    2.8510000000000E+003    2.8715000000000E+004
     263    6.3400000000000E+002    9.9705930000000E+006    1.6380000000000E+003    2.4268000000000E+004    2.8670000000000E+003    2.8773000000000E+004
     264    6.3000000000000E+002    9.9704260000000E+006    1.6630000000000E+003    2.4390000000000E+004    2.8910000000000E+003    2.8944000000000E+004
     265    5.9100000000000E+002    9.9703120000000E+006    1.6920000000000E+003    2.4500000000000E+004    2.9050000000000E+003    2.9097000000000E+004
     266    4.6300000000000E+002    9.9702730000000E+006    1.7500000000000E+003    2.4601000000000E+004    2.9130000000000E+003    2.9264000000000E+004
     267    5.1700000000000E+002    9.9700760000000E+006    1.7860000000000E+003    2.4704000000000E+004    2.9170000000000E+003    2.9407000000000E+004
     268    5.4800000000000E+002    9.9698780000000E+006    1.8540000000000E+003    2.4789000000000E+004    2.9310000000000E+003    2.9574000000000E+004
     269    6.1900000000000E+002    9.9696930000000E+006    1.8950000000000E+003    2.4841000000000E+004    2.9520000000000E+003    2.9688000000000E+004
     270    7.6500000000000E+002    9.9695080000000E+006    1.9010000000000E+003    2.4864000000000E+004    2.9620000000000E+003    2.9727000000000E+004
     271    7.6100000000000E+002    9.9693150000000E+006    1.9020000000000E+003    2.5044000000000E+004    2.9780000000000E+003    2.9924000000000E+004
     272    7.3200000000000E+002    9.9691460000000E+006    1.9390000000000E+003    2.5185000000000E+004    2.9980000000000E+003    3.0122000000000E+004
     273    6.3500000000000E+002    9.9690580000000E+006    1.9630000000000E+003    2.5337000000000E+004    3.0070000000000E+003    3.0307000000000E+004
     274    7.0300000000000E+002    9.9688050000000E+006    1.9960000000000E+003    2.5487000000000E+004    3.0090000000000E+003    3.0492000000000E+004
     275    7.4400000000000E+002    9.9685710000000E+006    2.0610000000000E+003    2.5598000000000E+004    3.0260000000000E+003    3.0685000000000E+004
     276    8.6200000000000E+002    9.9682840000000E+006    2.1390000000000E+003    2.5669000000000E+004    3.0460000000000E+003    3.0854000000000E+004
     277    9.3600000000000E+002    9.9681220000000E+006    2.1690000000000E+003    2.5706000000000E+004    3.0670000000000E+003    3.0942000000000E+004
     278    7.3200000000000E+002    9.9680730000000E+006    2.2510000000000E+003    2.5856000000000E+004    3.0880000000000E+003    3.1195000000000E+004
     279    6.9300000000000E+002    9.9678780000000E+006    2.3320000000000E+003    2.5997000000000E+004    3.1000000000000E+003    3.1429000000000E+004
     280    4.8700000000000E+002    9.9677970000000E+006    2.4520000000000E+003    2.6141000000000E+004    3.1230000000000E+003    3.1716000000000E+004
     281    6.3200000000000E+002    9.9674900000000E+006    2.4710000000000E+003    2.6272000000000E+004    3.1350000000000E+003    3.1878000000000E+004
     282    8.5900000000000E+002    9.9672140000000E+006    2.3530000000000E+003    2.6412000000000E+004    3.1620000000000E+003    3.1927000000000E+004
     283    9.5700000000000E+002    9.9669210000000E+006    2.4340000000000E+003    2.6506000000000E+004    3.1820000000000E+003    3.2122000000000E+004
     284    1.1020000000000E+003    9.9666950000000E+006    2.4760000000000E+003    2.6513000000000E+004    3.2140000000000E+003    3.2203000000000E+004
     285    8.5300000000000E+002    9.9666370000000E+006    2.5860000000000E+003    2.6697000000000E+004    3.2270000000000E+003    3.2510000000000E+004
     286    8.3700000000000E+002    9.9663770000000E+006    2.6640000000000E+003    2.6893000000000E+004    3.2290000000000E+003    3.2786000000000E+004
     287    6.4200000000000E+002    9.9662790000000E+006    2.7720000000000E+003    2.7058000000000E+004    3.2490000000000E+003    3.3079000000000E+004
     288    7.9500000000000E+002    9.9659000000000E+006    2.8130000000000E+003    2.7234000000000E+004    3.2580000000000E+003    3.3305000000000E+004
     289    1.1120000000000E+003    9.9655250000000E+006    2.6780000000000E+003    2.7401000000000E+004    3.2840000000000E+003    3.3363000000000E+004
     290    1.2020000000000E+003    9.9651750000000E+006    2.7690000000000E+003    2.7546000000000E+004    3.3080000000000E+003    3.3623000000000E+004
     291    1.4410000000000E+003    9.9648380000000E+006    2.7790000000000E+003    2.7601000000000E+004    3.3410000000000E+003    3.3721000000000E+004
     292    1.4030000000000E+003    9.9644970000000E+006    2.9050000000000E+003    2.7834000000000E+004    3.3610000000000E+003    3.4100000000000E+004
     293    1.3220000000000E+003    9.9642030000000E+006    3.0460000000000E+003    2.8065000000000E+004    3.3640000000000E+003    3.4475000000000E+004
     294    1.0820000000000E+003    9.9640930000000E+006    3.1090000000000E+003    2.8318000000000E+004    3.3980000000000E+003    3.4825000000000E+004
     295    1.1630000000000E+003    9.9636750000000E+006    3.2840000000000E+003    2.8471000000000E+004    3.4070000000000E+003    3.5162000000000E+004
     296    1.0950000000000E+003    9.9634020000000E+006    3.5760000000000E+003    2.8488000000000E+004    3.4390000000000E+003    3.5503000000000E+004
     297    1.1400000000000E+003    9.9630630000000E+006    3.6750000000000E+003    2.8638000000000E+004    3.4840000000000E+003    3.5797000000000E+004
     298    1.2940000000000E+003    9.9627990000000E+006    3.7040000000000E+003    2.8676000000000E+004    3.5270000000000E+003    3.5907000000000E+004
     299    1.2050000000000E+003    9.9624700000000E+006    3.8150000000000E+003    2.8937000000000E+004    3.5730000000000E+003    3.6325000000000E+004
     300    1.1240000000000E+003    9.9622780000000E+006    3.8120000000000E+003    2.9181000000000E+004    3.6050000000000E+003    3.6598000000000E+004
     301    8.9600000000000E+002    9.9621670000000E+006    3.8580000000000E+003    2.9443000000000E+004    3.6360000000000E+003    3.6937000000000E+004
     302    9.3800000000000E+002    9.9618610000000E+006    3.8960000000000E+003    2.9657000000000E+004    3.6480000000000E+003    3.7201000000000E+004
     303    9.8800000000000E+002    9.9614820000000E+006    4.1670000000000E+003    2.9669000000000E+004    3.6940000000000E+003    3.7530000000000E+004
     304    1.0640000000000E+003    9.9612140000000E+006    4.0990000000000E+003    2.9900000000000E+004    3.7230000000000E+003    3.7722000000000E+004
     305    1.2310000000000E+003    9.9609360000000E+006    4.1120000000000E+003    2.9972000000000E+004    3.7490000000000E+003    3.7833000000000E+004
     306    1.1870000000000E+003    9.9606740000000E+006    4.0390000000000E+003    3.0324000000000E+004    3.7760000000000E+003    3.8139000000000E+004
     307    9.4000000000000E+002    9.9605420000000E+006    4.0430000000000E+003    3.0657000000000E+004    3.8180000000000E+003    3.8518000000000E+004
     308    7.8800000000000E+002    9.9604260000000E+006    3.9610000000000E+003    3.0991000000000E+004    3.8340000000000E+003    3.8786000000000E+004
     309    7.9900000000000E+002    9.9601370000000E+006    3.9020000000000E+003    3.1314000000000E+004    3.8480000000000E+003    3.9064000000000E+004
     310    8.0700000000000E+002    9.9598670000000E+006    3.8230000000000E+003    3.1624000000000E+004    3.8790000000000E+003    3.9326000000000E+004
     311    9.6300000000000E+002    9.9595790000000E+006    3.6610000000000E+003    3.1881000000000E+004    3.9160000000000E+003    3.9458000000000E+004
     312    1.0900000000000E+003    9.9593360000000E+006    3.6670000000000E+003    3.1965000000000E+004    3.9420000000000E+003    3.9574000000000E+004
     313    9.8500000000000E+002    9.9591520000000E+006    3.5380000000000E+003    3.2362000000000E+004    3.9630000000000E+003    3.9863000000000E+004
     314    8.5700000000000E+002    9.9590100000000E+006    3.5350000000000E+003    3.2611000000000E+004    3.9870000000000E+003    4.0133000000000E+004
     315    6.4600000000000E+002    9.9589330000000E+006    3.4840000000000E+003    3.2929000000000E+004    4.0080000000000E+003    4.0421000000000E+004
     316    5.4100000000000E+002    9.9587950000000E+006    3.4630000000000E+003    3.3183000000000E+004    4.0180000000000E+003    4.0664000000000E+004
     317    5.8500000000000E+002    9.9585670000000E+006    3.3180000000000E+003    3.3488000000000E+004    4.0420000000000E+003    4.0848000000000E+004
     318    6.8500000000000E+002    9.9583250000000E+006    3.2680000000000E+003    3.3659000000000E+004    4.0630000000000E+003    4.0990000000000E+004
     319    8.2600000000000E+002    9.9581070000000E+006    3.2340000000000E+003    3.3756000000000E+004    4.0770000000000E+003    4.1067000000000E+004
     320    8.9400000000000E+002    9.9579010000000E+006    3.0660000000000E+003    3.4041000000000E+004    4.0980000000000E+003    4.1205000000000E+004
     321    8.2900000000000E+002    9.9577380000000E+006    2.9150000000000E+003    3.4398000000000E+004    4.1200000000000E+003    4.1433000000000E+004
     322    6.5700000000000E+002    9.9576680000000E+006    2.8890000000000E+003    3.4652000000000E+004    4.1340000000000E+003    4.1675000000000E+004
     323    6.9000000000000E+002    9.9574170000000E+006    2.8290000000000E+003    3.4923000000000E+004    4.1410000000000E+003    4.1893000000000E+004
     324    6.7500000000000E+002    9.9572260000000E+006    2.7730000000000E+003    3.5174000000000E+004    4.1520000000000E+003    4.2099000000000E+004
     325    7.6100000000000E+002    9.9569770000000E+006    2.8040000000000E+003    3.5283000000000E+004    4.1750000000000E+003    4.2262000000000E+004
     326    8.6700000000000E+002    9.9568010000000E+006    2.7580000000000E+003    3.5380000000000E+004    4.1940000000000E+003    4.2332000000000E+004
     327    8.0700000000000E+002    9.9566100000000E+006    2.7200000000000E+003    3.5652000000000E+004    4.2110000000000E+003    4.2583000000000E+004
     328    7.3900000000000E+002    9.9564870000000E+006    2.6410000000000E+003    3.5896000000000E+004    4.2370000000000E+003    4.2774000000000E+004
     329    5.4300000000000E+002    9.9564340000000E+006    2.6020000000000E+003    3.6169000000000E+004    4.2520000000000E+003    4.3023000000000E+004
     330    5.5900000000000E+002    9.9562420000000E+006    2.5350000000000E+003    3.6406000000000E+004    4.2580000000000E+003    4.3199000000000E+004
     331    5.6100000000000E+002    9.9560490000000E+006    2.5420000000000E+003    3.6563000000000E+004    4.2850000000000E+003    4.3390000000000E+004
     332    6.1100000000000E+002    9.9558760000000E+006    2.5230000000000E+003    3.6686000000000E+004    4.3040000000000E+003    4.3513000000000E+004
     333    7.1200000000000E+002    9.9557220000000E+006    2.4990000000000E+003    3.6745000000000E+004    4.3220000000000E+003    4.3566000000000E+004
     334    6.7100000000000E+002    9.9555710000000E+006    2.5530000000000E+003    3.6862000000000E+004    4.3430000000000E+003    4.3758000000000E+004
     335    6.0200000000000E+002    9.9554470000000E+006    2.5180000000000E+003    3.7071000000000E+004    4.3620000000000E+003    4.3951000000000E+004
     336    4.9000000000000E+002    9.9553860000000E+006    2.4490000000000E+003    3.7305000000000E+004    4.3700000000000E+003    4.4124000000000E+004
     337    5.6200000000000E+002    9.9551600000000E+006    2.3850000000000E+003    3.7519000000000E+004    4.3740000000000E+003    4.4278000000000E+004
     338    5.7100000000000E+002    9.9550000000000E+006    2.3300000000000E+003    3.7705000000000E+004    4.3940000000000E+003    4.4429000000000E+004
     339    6.9000000000000E+002    9.9547570000000E+006    2.2910000000000E+003    3.7852000000000E+004    4.4100000000000E+003    4.4553000000000E+004
     340    7.9500000000000E+002    9.9545910000000E+006    2.2820000000000E+003    3.7910000000000E+004    4.4220000000000E+003    4.4614000000000E+004
     341    7.7800000000000E+002    9.9543820000000E+006    2.2570000000000E+003    3.8144000000000E+004    4.4390000000000E+003    4.4840000000000E+004
     342    7.1800000000000E+002    9.9542820000000E+006    2.2260000000000E+003    3.8322000000000E+004    4.4520000000000E+003    4.5000000000000E+004
     343    5.4000000000000E+002    9.9542170000000E+006    2.2200000000000E+003    3.8562000000000E+004    4.4610000000000E+003    4.5243000000000E+004
     344    6.3200000000000E+002    9.9539590000000E+006    2.2100000000000E+003    3.8731000000000E+004    4.4680000000000E+003    4.5409000000000E+004
     345    6.5100000000000E+002    9.9537310000000E+006    2.2280000000000E+003    3.8895000000000E+004    4.4950000000000E+003    4.5618000000000E+004
     346    7.1200000000000E+002    9.9535700000000E+006    2.2050000000000E+003    3.8993000000000E+004    4.5200000000000E+003    4.5718000000000E+004
     347    7.8200000000000E+002    9.9534350000000E+006    2.2170000000000E+003    3.9019000000000E+004    4.5470000000000E+003    4.5783000000000E+004
     348    6.3300000000000E+002    9.9533260000000E+006    2.2830000000000E+003    3.9201000000000E+004    4.5570000000000E+003    4.6041000000000E+004
     349    4.9700000000000E+002    9.9532340000000E+006    2.3180000000000E+003    3.9371000000000E+004    4.5800000000000E+003    4.6269000000000E+004
     350    4.0900000000000E+002    9.9531610000000E+006    2.3060000000000E+003    3.9539000000000E+004    4.5850000000000E+003    4.6430000000000E+004
     351    4.4100000000000E+002    9.9529940000000E+006    2.2870000000000E+003    3.9685000000000E+004    4.5930000000000E+003    4.6565000000000E+004
     352    5.2800000000000E+002    9.9527980000000E+006    2.2450000000000E+003    3.9817000000000E+004    4.6120000000000E+003    4.6674000000000E+004
     353    5.8700000000000E+002    9.9526470000000E+006    2.2130000000000E+003    3.9924000000000E+004    4.6290000000000E+003    4.6766000000000E+004
     354    6.9600000000000E+002    9.9524650000000E+006    2.2250000000000E+003    3.9973000000000E+004    4.6410000000000E+003    4.6839000000000E+004
     355    6.1600000000000E+002    9.9523780000000E+006    2.1660000000000E+003    4.0180000000000E+004    4.6600000000000E+003    4.7006000000000E+004
     356    4.6700000000000E+002    9.9523310000000E+006    2.2020000000000E+003    4.0326000000000E+004    4.6740000000000E+003    4.7202000000000E+004
     357    3.6000000000000E+002    9.9522870000000E+006    2.1100000000000E+003    4.0565000000000E+004    4.6780000000000E+003    4.7353000000000E+004
     358    2.6800000000000E+002    9.9521970000000E+006    2.1260000000000E+003    4.0725000000000E+004    4.6840000000000E+003    4.7535000000000E+004
     359    3.0400000000000E+002    9.9520740000000E+006    2.0040000000000E+003    4.0915000000000E+004    4.7030000000000E+003    4.7622000000000E+004
     360    3.7100000000000E+002    9.9519600000000E+006    1.9510000000000E+003    4.0998000000000E+004    4.7200000000000E+003    4.7669000000000E+004
     361    4.4800000000000E+002    9.9518390000000E+006    1.9300000000000E+003    4.1047000000000E+004    4.7360000000000E+003    4.7713000000000E+004
     362    5.4700000000000E+002    9.9516500000000E+006    1.7620000000000E+003    4.1280000000000E+004    4.7610000000000E+003    4.7803000000000E+004
     363    4.8700000000000E+002    9.9515870000000E+006    1.6570000000000E+003    4.1503000000000E+004    4.7660000000000E+003    4.7926000000000E+004
     364    4.1500000000000E+002    9.9515450000000E+006    1.6100000000000E+003    4.1658000000000E+004    4.7720000000000E+003    4.8040000000000E+004
     365    4.0000000000000E+002    9.9514390000000E+006    1.5960000000000E+003    4.1791000000000E+004    4.7740000000000E+003    4.8161000000000E+004
     366    3.2700000000000E+002    9.9513230000000E+006    1.6760000000000E+003    4.1892000000000E+004    4.7820000000000E+003    4.8350000000000E+004
     367    3.7700000000000E+002    9.9512100000000E+006    1.6470000000000E+003    4.1974000000000E+004    4.7920000000000E+003    4.8413000000000E+004
     368    4.5600000000000E+002    9.9510890000000E+006    1.6160000000000E+003    4.2036000000000E+004    4.8030000000000E+003    4.8455000000000E+004
     369    4.2500000000000E+002    9.9510140000000E+006    1.5550000000000E+003    4.2189000000000E+004    4.8170000000000E+003    4.8561000000000E+004
     370    3.9600000000000E+002    9.9509270000000E+006    1.4750000000000E+003    4.2365000000000E+004    4.8370000000000E+003    4.8677000000000E+004
     371    3.1500000000000E+002    9.9508950000000E+006    1.4370000000000E+003    4.2512000000000E+004    4.8410000000000E+003    4.8790000000000E+004
     372    3.1700000000000E+002    9.9507720000000E+006    1.3760000000000E+003    4.2690000000000E+004    4.8450000000000E+003    4.8911000000000E+004
     373    3.4500000000000E+002    9.9506690000000E+006    1.3640000000000E+003    4.2765000000000E+004    4.8570000000000E+003    4.8986000000000E+004
     374    3.3600000000000E+002    9.9505910000000E+006    1.4040000000000E+003    4.2803000000000E+004    4.8660000000000E+003    4.9073000000000E+004
     375    3.6300000000000E+002    9.9505320000000E+006    1.3920000000000E+003    4.2832000000000E+004    4.8810000000000E+003    4.9105000000000E+004
     376    2.8500000000000E+002    9.9504870000000E+006    1.4250000000000E+003    4.2912000000000E+004    4.8910000000000E+003    4.9228000000000E+004
     377    2.5600000000000E+002    9.9504130000000E+006    1.4050000000000E+003    4.3027000000000E+004    4.8990000000000E+003    4.9331000000000E+004
     378    2.0200000000000E+002    9.9503890000000E+006    1.3690000000000E+003    4.3133000000000E+004    4.9070000000000E+003    4.9409000000000E+004
     379    2.5400000000000E+002    9.9502780000000E+006    1.3070000000000E+003    4.3254000000000E+004    4.9070000000000E+003    4.9468000000000E+004
     380    3.1200000000000E+002    9.9501750000000E+006    1.1630000000000E+003    4.3429000000000E+004    4.9210000000000E+003    4.9513000000000E+004
     381    3.2900000000000E+002    9.9500840000000E+006    1.1740000000000E+003    4.3476000000000E+004    4.9370000000000E+003    4.9587000000000E+004
     382    3.7500000000000E+002    9.9500140000000E+006    1.1560000000000E+003    4.3512000000000E+004    4.9430000000000E+003    4.9611000000000E+004
     383    3.0900000000000E+002    9.9499690000000E+006    1.1610000000000E+003    4.3607000000000E+004    4.9540000000000E+003    4.9722000000000E+004
     384    2.5200000000000E+002    9.9499230000000E+006    1.1480000000000E+003    4.3719000000000E+004    4.9580000000000E+003    4.9825000000000E+004
     385    1.7500000000000E+002    9.9499090000000E+006    1.1260000000000E+003    4.3823000000000E+004    4.9670000000000E+003    4.9916000000000E+004
     386    2.1300000000000E+002    9.9498010000000E+006    1.0750000000000E+003    4.3943000000000E+004    4.9680000000000E+003    4.9986000000000E+004
     387    2.4500000000000E+002    9.9497240000000E+006    1.0450000000000E+003    4.4005000000000E+004    4.9810000000000E+003    5.0031000000000E+004
     388    2.5600000000000E+002    9.9496670000000E+006    1.0040000000000E+003    4.4082000000000E+004    4.9910000000000E+003    5.0077000000000E+004
     389    3.2600000000000E+002    9.9495830000000E+006    9.8600000000000E+002    4.4109000000000E+004    4.9960000000000E+003    5.0091000000000E+004
     390    2.7800000000000E+002    9.9495230000000E+006    9.7100000000000E+002    4.4223000000000E+004    5.0050000000000E+003    5.0199000000000E+004
     391    2.4400000000000E+002    9.9494800000000E+006    9.4500000000000E+002    4.4322000000000E+004    5.0090000000000E+003    5.0276000000000E+004
     392    2.1500000000000E+002    9.9494520000000E+006    9.2400000000000E+002    4.4396000000000E+004    5.0130000000000E+003    5.0333000000000E+004
     393    2.1500000000000E+002    9.9493680000000E+006    9.4900000000000E+002    4.4451000000000E+004    5.0170000000000E+003    5.0417000000000E+004
     394    2.0000000000000E+002    9.9493230000000E+006    9.6400000000000E+002    4.4487000000000E+004    5.0260000000000E+003    5.0477000000000E+004
     395    1.9600000000000E+002    9.9492840000000E+006    9.3300000000000E+002    4.4553000000000E+004    5.0340000000000E+003    5.0520000000000E+004
     396    2.4100000000000E+002    9.9492110000000E+006    9.3700000000000E+002    4.4571000000000E+004    5.0400000000000E+003    5.0548000000000E+004
     397    2.1700000000000E+002    9.9491510000000E+006    9.1000000000000E+002    4.4672000000000E+004    5.0500000000000E+003    5.0632000000000E+004
     398    2.1400000000000E+002    9.9491090000000E+006    8.5200000000000E+002    4.4771000000000E+004    5.0540000000000E+003    5.0677000000000E+004
     399    2.0500000000000E+002    9.9490790000000E+006    8.0000000000000E+002    4.4859000000000E+004    5.0570000000000E+003    5.0716000000000E+004
     400    2.2300000000000E+002    9.9489880000000E+006    8.0300000000000E+002    4.4924000000000E+004    5.0620000000000E+003    5.0789000000000E+004
     401    2.1300000000000E+002    9.9489380000000E+006    8.1800000000000E+002    4.4963000000000E+004    5.0680000000000E+003    5.0849000000000E+004
     402    2.6000000000000E+002    9.9488490000000E+006    8.1400000000000E+002    4.5007000000000E+004    5.0700000000000E+003    5.0891000000000E+004
     403    2.8800000000000E+002    9.9487910000000E+006    8.3000000000000E+002    4.5016000000000E+004    5.0750000000000E+003    5.0921000000000E+004
     404    2.7200000000000E+002    9.9487160000000E+006    8.1300000000000E+002    4.5117000000000E+004    5.0820000000000E+003    5.1012000000000E+004
     405    2.6000000000000E+002    9.9486780000000E+006    7.8600000000000E+002    4.5189000000000E+004    5.0870000000000E+003    5.1062000000000E+004
     406    1.8900000000000E+002    9.9486600000000E+006    8.1800000000000E+002    4.5242000000000E+004    5.0910000000000E+003    5.1151000000000E+004
     407    1.7900000000000E+002    9.9486120000000E+006    7.9200000000000E+002    4.5321000000000E+004    5.0960000000000E+003    5.1209000000000E+004
     408    1.4800000000000E+002    9.9485680000000E+006    8.0700000000000E+002    4.5376000000000E+004    5.1010000000000E+003    5.1284000000000E+004
     409    2.2400000000000E+002    9.9484540000000E+006    8.0200000000000E+002    4.5417000000000E+004    5.1030000000000E+003    5.1322000000000E+004
     410    2.7900000000000E+002    9.9483810000000E+006    7.9200000000000E+002    4.5436000000000E+004    5.1120000000000E+003    5.1340000000000E+004
     411    2.9400000000000E+002    9.9483180000000E+006    7.5600000000000E+002    4.5513000000000E+004    5.1190000000000E+003    5.1388000000000E+004
     412    2.9200000000000E+002    9.9482760000000E+006    7.5500000000000E+002    4.5551000000000E+004    5.1260000000000E+003    5.1432000000000E+004
     413    1.9600000000000E+002    9.9482580000000E+006    8.3000000000000E+002    4.5587000000000E+004    5.1290000000000E+003    5.1546000000000E+004
     414    1.6800000000000E+002    9.9482130000000E+006    8.3000000000000E+002    4.5658000000000E+004    5.1310000000000E+003    5.1619000000000E+004
     415    1.6900000000000E+002    9.9481490000000E+006    8.3300000000000E+002    4.5716000000000E+004    5.1330000000000E+003    5.1682000000000E+004
     416    1.7800000000000E+002    9.9480980000000E+006    8.3300000000000E+002    4.5753000000000E+004    5.1380000000000E+003    5.1724000000000E+004
     417    1.9600000000000E+002    9.9480620000000E+006    8.2100000000000E+002    4.5775000000000E+004    5.1460000000000E+003    5.1742000000000E+004
     418    1.8400000000000E+002    9.9480290000000E+006    7.7500000000000E+002    4.5859000000000E+004    5.1530000000000E+003    5.1787000000000E+004
     419    1.5500000000000E+002    9.9479940000000E+006    7.8900000000000E+002    4.5907000000000E+004    5.1550000000000E+003    5.1851000000000E+004
     420    1.2100000000000E+002    9.9479770000000E+006    7.5100000000000E+002    4.5991000000000E+004    5.1600000000000E+003    5.1902000000000E+004
     421    1.3200000000000E+002    9.9479300000000E+006    7.2900000000000E+002    4.6048000000000E+004    5.1610000000000E+003    5.1938000000000E+004
     422    1.5900000000000E+002    9.9478700000000E+006    6.8700000000000E+002    4.6122000000000E+004    5.1620000000000E+003    5.1971000000000E+004
     423    1.7300000000000E+002    9.9478210000000E+006    6.8400000000000E+002    4.6157000000000E+004    5.1650000000000E+003    5.2006000000000E+004
     424    1.9500000000000E+002    9.9477820000000E+006    6.8300000000000E+002    4.6170000000000E+004    5.1700000000000E+003    5.2023000000000E+004
     425    1.7900000000000E+002    9.9477510000000E+006    6.8200000000000E+002    4.6216000000000E+004    5.1720000000000E+003    5.2070000000000E+004
     426    1.4500000000000E+002    9.9477250000000E+006    6.9800000000000E+002    4.6259000000000E+004    5.1730000000000E+003    5.2130000000000E+004
     427    1.1100000000000E+002    9.9477100000000E+006    6.3300000000000E+002    4.6369000000000E+004    5.1770000000000E+003    5.2179000000000E+004
     428    1.3300000000000E+002    9.9476490000000E+006    5.9900000000000E+002    4.6439000000000E+004    5.1800000000000E+003    5.2218000000000E+004
     429    1.6600000000000E+002    9.9475850000000E+006    5.6700000000000E+002    4.6500000000000E+004    5.1820000000000E+003    5.2249000000000E+004
     430    2.0000000000000E+002    9.9475250000000E+006    5.5100000000000E+002    4.6536000000000E+004    5.1880000000000E+003    5.2275000000000E+004
     431    2.1300000000000E+002    9.9474970000000E+006    5.4800000000000E+002    4.6546000000000E+004    5.1960000000000E+003    5.2290000000000E+004
     432    2.0300000000000E+002    9.9474460000000E+006    5.6400000000000E+002    4.6587000000000E+004    5.2000000000000E+003    5.2351000000000E+004
     433    1.7900000000000E+002    9.9474060000000E+006    5.6400000000000E+002    4.6647000000000E+004    5.2040000000000E+003    5.2415000000000E+004
     434    1.3300000000000E+002    9.9473920000000E+006    5.7300000000000E+002    4.6697000000000E+004    5.2050000000000E+003    5.2475000000000E+004
     435    1.4000000000000E+002    9.9473570000000E+006    5.6500000000000E+002    4.6732000000000E+004    5.2060000000000E+003    5.2503000000000E+004
     436    1.1400000000000E+002    9.9473320000000E+006    5.8300000000000E+002    4.6759000000000E+004    5.2120000000000E+003    5.2554000000000E+004
     437    9.8000000000000E+001    9.9473080000000E+006    5.8800000000000E+002    4.6792000000000E+004    5.2140000000000E+003    5.2594000000000E+004
     438    1.2900000000000E+002    9.9472630000000E+006    5.8500000000000E+002    4.6803000000000E+004    5.2200000000000E+003    5.2608000000000E+004
     439    1.2700000000000E+002    9.9472300000000E+006    5.7300000000000E+002    4.6848000000000E+004    5.2220000000000E+003    5.2643000000000E+004
     440    1.2400000000000E+002    9.9472080000000E+006    5.3800000000000E+002    4.6904000000000E+004    5.2260000000000E+003    5.2668000000000E+004
     441    1.2300000000000E+002    9.9471850000000E+006    5.1300000000000E+002    4.6950000000000E+004    5.2290000000000E+003    5.2692000000000E+004
     442    1.5000000000000E+002    9.9471130000000E+006    5.1900000000000E+002    4.6989000000000E+004    5.2290000000000E+003    5.2737000000000E+004
     443    1.6700000000000E+002    9.9470630000000E+006    5.2100000000000E+002    4.7018000000000E+004    5.2310000000000E+003    5.2770000000000E+004
     444    1.9000000000000E+002    9.9470180000000E+006    5.1700000000000E+002    4.7043000000000E+004    5.2320000000000E+003    5.2792000000000E+004
     445    2.1700000000000E+002    9.9469680000000E+006    5.2500000000000E+002    4.7058000000000E+004    5.2320000000000E+003    5.2815000000000E+004
     446    1.8100000000000E+002    9.9469320000000E+006    5.3600000000000E+002    4.7114000000000E+004    5.2370000000000E+003    5.2887000000000E+004
     447    1.6700000000000E+002    9.9468960000000E+006    5.2200000000000E+002    4.7175000000000E+004    5.2400000000000E+003    5.2937000000000E+004
     448    1.4300000000000E+002    9.9468750000000E+006    5.0700000000000E+002    4.7233000000000E+004    5.2420000000000E+003    5.2982000000000E+004
     449    1.6300000000000E+002    9.9468050000000E+006    5.2900000000000E+002    4.7260000000000E+004    5.2430000000000E+003    5.3032000000000E+004
     450    1.6300000000000E+002    9.9467690000000E+006    5.1400000000000E+002    4.7303000000000E+004    5.2510000000000E+003    5.3068000000000E+004
     451    1.8100000000000E+002    9.9467150000000E+006    5.1000000000000E+002    4.7331000000000E+004    5.2630000000000E+003    5.3104000000000E+004
     452    2.1700000000000E+002    9.9466580000000E+006    5.1700000000000E+002    4.7341000000000E+004    5.2670000000000E+003    5.3125000000000E+004
     453    1.9400000000000E+002    9.9466110000000E+006    5.5200000000000E+002    4.7371000000000E+004    5.2720000000000E+003    5.3195000000000E+004
     454    2.1700000000000E+002    9.9465520000000E+006    5.6300000000000E+002    4.7391000000000E+004    5.2770000000000E+003    5.3231000000000E+004
     455    1.9000000000000E+002    9.9465250000000E+006    5.9300000000000E+002    4.7411000000000E+004    5.2810000000000E+003    5.3285000000000E+004
     456    1.8300000000000E+002    9.9464750000000E+006    6.0500000000000E+002    4.7455000000000E+004    5.2820000000000E+003    5.3342000000000E+004
     457    2.0500000000000E+002    9.9464060000000E+006    6.1900000000000E+002    4.7482000000000E+004    5.2880000000000E+003    5.3389000000000E+004
     458    2.5800000000000E+002    9.9462940000000E+006    6.5600000000000E+002    4.7502000000000E+004    5.2900000000000E+003    5.3448000000000E+004
     459    3.6200000000000E+002    9.9461630000000E+006    6.6000000000000E+002    4.7519000000000E+004    5.2960000000000E+003    5.3475000000000E+004
     460    4.5000000000000E+002    9.9460250000000E+006    6.3800000000000E+002    4.7584000000000E+004    5.3030000000000E+003    5.3525000000000E+004
     461    4.4900000000000E+002    9.9459570000000E+006    6.5700000000000E+002    4.7626000000000E+004    5.3110000000000E+003    5.3594000000000E+004
     462    3.8800000000000E+002    9.9459060000000E+006    7.2400000000000E+002    4.7669000000000E+004    5.3130000000000E+003    5.3706000000000E+004
     463    4.2900000000000E+002    9.9457340000000E+006    8.0500000000000E+002    4.7718000000000E+004    5.3140000000000E+003    5.3837000000000E+004
     464    4.3200000000000E+002    9.9455930000000E+006    9.0700000000000E+002    4.7752000000000E+004    5.3160000000000E+003    5.3975000000000E+004
     465    5.1400000000000E+002    9.9454430000000E+006    9.3900000000000E+002    4.7784000000000E+004    5.3200000000000E+003    5.4043000000000E+004
     466    6.3200000000000E+002    9.9452740000000E+006    9.6900000000000E+002    4.7787000000000E+004    5.3380000000000E+003    5.4094000000000E+004
     467    6.3600000000000E+002    9.9450980000000E+006    1.0710000000000E+003    4.7841000000000E+004    5.3540000000000E+003    5.4266000000000E+004
     468    5.9700000000000E+002    9.9449960000000E+006    1.1760000000000E+003    4.7860000000000E+004    5.3710000000000E+003    5.4407000000000E+004
     469    5.6800000000000E+002    9.9448750000000E+006    1.2720000000000E+003    4.7906000000000E+004    5.3790000000000E+003    5.4557000000000E+004
     470    6.5400000000000E+002    9.9446200000000E+006    1.3840000000000E+003    4.7958000000000E+004    5.3840000000000E+003    5.4726000000000E+004
     471    7.4100000000000E+002    9.9443570000000E+006    1.5130000000000E+003    4.7993000000000E+004    5.3960000000000E+003    5.4902000000000E+004
     472    8.8900000000000E+002    9.9441070000000E+006    1.5560000000000E+003    4.8041000000000E+004    5.4070000000000E+003    5.5004000000000E+004
     473    1.0390000000000E+003    9.9438360000000E+006    1.6500000000000E+003    4.8043000000000E+004    5.4320000000000E+003    5.5125000000000E+004
     474    1.0220000000000E+003    9.9435980000000E+006    1.8550000000000E+003    4.8079000000000E+004    5.4460000000000E+003    5.5380000000000E+004
     475    9.5600000000000E+002    9.9434010000000E+006    2.0490000000000E+003    4.8126000000000E+004    5.4680000000000E+003    5.5643000000000E+004
     476    8.6500000000000E+002    9.9432420000000E+006    2.1870000000000E+003    4.8223000000000E+004    5.4830000000000E+003    5.5893000000000E+004
     477    9.8400000000000E+002    9.9428520000000E+006    2.3270000000000E+003    4.8341000000000E+004    5.4960000000000E+003    5.6164000000000E+004
     478    1.1490000000000E+003    9.9424490000000E+006    2.4270000000000E+003    4.8455000000000E+004    5.5200000000000E+003    5.6402000000000E+004
     479    1.3810000000000E+003    9.9420200000000E+006    2.5560000000000E+003    4.8492000000000E+004    5.5510000000000E+003    5.6599000000000E+004
     480    1.6050000000000E+003    9.9416370000000E+006    2.6640000000000E+003    4.8523000000000E+004    5.5710000000000E+003    5.6758000000000E+004
     481    1.6920000000000E+003    9.9411600000000E+006    2.8820000000000E+003    4.8675000000000E+004    5.5910000000000E+003    5.7148000000000E+004
     482    1.6040000000000E+003    9.9408450000000E+006    3.1440000000000E+003    4.8794000000000E+004    5.6130000000000E+003    5.7551000000000E+004
     483    1.4130000000000E+003    9.9406070000000E+006    3.4230000000000E+003    4.8931000000000E+004    5.6260000000000E+003    5.7980000000000E+004
     484    1.6900000000000E+003    9.9399470000000E+006    3.6370000000000E+003    4.9084000000000E+004    5.6420000000000E+003    5.8363000000000E+004
     485    1.7270000000000E+003    9.9394330000000E+006    3.9380000000000E+003    4.9218000000000E+004    5.6840000000000E+003    5.8840000000000E+004
     486    1.9490000000000E+003    9.9388960000000E+006    4.1510000000000E+003    4.9274000000000E+004    5.7300000000000E+003    5.9155000000000E+004
     487    2.2520000000000E+003    9.9383550000000E+006    4.2680000000000E+003    4.9343000000000E+004    5.7820000000000E+003    5.9393000000000E+004
     488    2.1550000000000E+003    9.9377920000000E+006    4.6730000000000E+003    4.9572000000000E+004    5.8080000000000E+003    6.0053000000000E+004
     489    1.9220000000000E+003    9.9375110000000E+006    4.9240000000000E+003    4.9781000000000E+004    5.8620000000000E+003    6.0567000000000E+004
     490    1.6070000000000E+003    9.9372890000000E+006    5.2110000000000E+003    4.9999000000000E+004    5.8940000000000E+003    6.1104000000000E+004
     491    1.7370000000000E+003    9.9366180000000E+006    5.4810000000000E+003    5.0251000000000E+004    5.9130000000000E+003    6.1645000000000E+004
     492    1.8150000000000E+003    9.9359770000000E+006    5.8060000000000E+003    5.0423000000000E+004    5.9790000000000E+003    6.2208000000000E+004
     493    2.0650000000000E+003    9.9354460000000E+006    5.8900000000000E+003    5.0568000000000E+004    6.0310000000000E+003    6.2489000000000E+004
     494    2.4510000000000E+003    9.9348380000000E+006    5.9530000000000E+003    5.0663000000000E+004    6.0950000000000E+003    6.2711000000000E+004
     495    2.2730000000000E+003    9.9343450000000E+006    6.2340000000000E+003    5.0991000000000E+004    6.1570000000000E+003    6.3382000000000E+004
     496    1.8540000000000E+003    9.9341230000000E+006    6.4720000000000E+003    5.1337000000000E+004    6.2140000000000E+003    6.4023000000000E+004
     497    1.5770000000000E+003    9.9338690000000E+006    6.5740000000000E+003    5.1745000000000E+004    6.2350000000000E+003    6.4554000000000E+004
     498    1.5680000000000E+003    9.9332700000000E+006    6.7990000000000E+003    5.2098000000000E+004    6.2650000000000E+003    6.5162000000000E+004
     499    1.6210000000000E+003    9.9327240000000E+006    6.8150000000000E+003    5.2507000000000E+004    6.3330000000000E+003    6.5655000000000E+004
     500    1.9130000000000E+003    9.9322100000000E+006    6.7220000000000E+003    5.2763000000000E+004    6.3920000000000E+003    6.5877000000000E+004
     501    2.2180000000000E+003    9.9316510000000E+006    6.7380000000000E+003    5.2948000000000E+004    6.4450000000000E+003    6.6131000000000E+004
     502    2.0970000000000E+003    9.9311730000000E+006    6.6770000000000E+003    5.3547000000000E+004    6.5060000000000E+003    6.6730000000000E+004
     503    1.8210000000000E+003    9.9309030000000E+006    6.7090000000000E+003    5.4014000000000E+004    6.5530000000000E+003    6.7276000000000E+004
     504    1.5400000000000E+003    9.9306700000000E+006    6.6860000000000E+003    5.4526000000000E+004    6.5780000000000E+003    6.7790000000000E+004
     505    1.6460000000000E+003    9.9300050000000E+006    6.7040000000000E+003    5.5036000000000E+004    6.6090000000000E+003    6.8349000000000E+004
     506    1.6550000000000E+003    9.9295180000000E+006    6.6190000000000E+003    5.5528000000000E+004    6.6800000000000E+003    6.8827000000000E+004
     507    1.3850000000000E+003    9.9295180000000E+006    6.6080000000000E+003    5.5766000000000E+004    6.7230000000000E+003    6.9097000000000E+004
     508    1.1520000000000E+003    9.9295180000000E+006    6.6190000000000E+003    5.5932000000000E+004    6.7790000000000E+003    6.9330000000000E+004
     509    4.8700000000000E+002    9.9295180000000E+006    6.6130000000000E+003    5.6539000000000E+004    6.8430000000000E+003    6.9995000000000E+004
     510    0.0000000000000E+000    9.9295180000000E+006    6.4590000000000E+003    5.7130000000000E+004    6.8930000000000E+003    7.0482000000000E+004
     511    0.0000000000000E+000    9.9295180000000E+006    5.9280000000000E+003    5.7629000000000E+004    6.9250000000000E+003    7.0482000000000E+004
     512    0.0000000000000E+000    9.9295180000000E+006    5.3200000000000E+003    5.8216000000000E+004    6.9460000000000E+003    7.0482000000000E+004
     513    0.0000000000000E+000    9.9295180000000E+006    4.8270000000000E+003    5.8640000000000E+004    7.0150000000000E+003    7.0482000000000E+004
     514    0.0000000000000E+000    9.9295180000000E+006    4.6050000000000E+003    5.8817000000000E+004    7.0600000000000E+003    7.0482000000000E+004
     515    0.0000000000000E+000    9.9295180000000E+006    4.3510000000000E+003    5.9071000000000E+004    7.0600000000000E+003    7.0482000000000E+004
     516    0.0000000000000E+000    9.9295180000000E+006    3.7520000000000E+003    5.9670000000000E+004    7.0600000000000E+003    7.0482000000000E+004
     517    0.0000000000000E+000    9.9295180000000E+006    3.2060000000000E+003    6.0216000000000E+004    7.0600000000000E+003    7.0482000000000E+004
     518    0.0000000000000E+000    9.9295180000000E+006    2.6920000000000E+003    6.0730000000000E+004    7.0600000000000E+003    7.0482000000000E+004
     519    0.0000000000000E+000    9.9295180000000E+006    2.1330000000000E+003    6.1289000000000E+004    7.0600000000000E+003    7.0482000000000E+004
     520    0.0000000000000E+000    9.9295180000000E+006    1.6550000000000E+003    6.1767000000000E+004    7.0600000000000E+003    7.0482000000000E+004
     521    0.0000000000000E+000    9.9295180000000E+006    1.3850000000000E+003    6.2037000000000E+004    7.0600000000000E+003    7.0482000000000E+004
     522    0.0000000000000E+000    9.9295180000000E+006    1.1520000000000E+003    6.2270000000000E+004    7.0600000000000E+003    7.0482000000000E+004
     523    0.0000000000000E+000    9.9295180000000E+006    4.8700000000000E+002    6.2935000000000E+004    7.0600000000000E+003    7.0482000000000E+004
     524    0.0000000000000E+000    9.9295180000000E+006    0.0000000000000E+000    6.3422000000000E+004    7.0600000000000E+003    7.0482000000000E+004
     525    0.0000000000000E+000    9.9295180000000E+006    0.0000000000000E+000    6.3422000000000E+004    7.0600000000000E+003    7.0482000000000E+004
     526    0.0000000000000E+000    9.9295180000000E+006    0.0000000000000E+000    6.3422000000000E+004    7.0600000000000E+003    7.0482000000000E+004
     527    0.0000000000000E+000    9.9295180000000E+006    0.0000000000000E+000    6.3422000000000E+004    7.0600000000000E+003    7.0482000000000E+004
     528    0.0000000000000E+000    9.9295180000000E+006    0.0000000000000E+000    6.3422000000000E+004    7.0600000000000E+003    7.0482000000000E+004
     529    0.0000000000000E+000    9.9295180000000E+006    0.0000000000000E+000    6.3422000000000E+004    7.0600000000000E+003    7.0482000000000E+004
     530    0.0000000000000E+000    9.9295180000000E+006    0.0000000000000E+000    6.3422000000000E+004    7.0600000000000E+003    7.0482000000000E+004
     531    0.0000000000000E+000    9.9295180000000E+006    0.0000000000000E+000    6.3422000000000E+004    7.0600000000000E+003    7.0482000000000E+004
     532    0.0000000000000E+000    9.9295180000000E+006    0.0000000000000E+000    6.3422000000000E+004    7.0600000000000E+003    7.0482000000000E+004
     533    0.0000000000000E+000    9.9295180000000E+006    0.0000000000000E+000    6.3422000000000E+004    7.0600000000000E+003    7.0482000000000E+004
     534    0.0000000000000E+000    9.9295180000000E+006    0.0000000000000E+000    6.3422000000000E+004    7.0600000000000E+003    7.0482000000000E+004
     535    0.0000000000000E+000    9.9295180000000E+006    0.0000000000000E+000    6.3422000000000E+004    7.0600000000000E+003    7.0482000000000E+004
     536    0.0000000000000E+000    9.9295180000000E+006    0.0000000000000E+000    6.3422000000000E+004    7.0600000000000E+003    7.0482000000000E+004
     537    0.0000000000000E+000    9.9295180000000E+006    0.0000000000000E+000    6.3422000000000E+004    7.0600000000000E+003    7.0482000000000E+004
     538    0.0000000000000E+000    9.9295180000000E+006    0.0000000000000E+000    6.3422000000000E+004    7.0600000000000E+003    7.0482000000000E+004
     539    0.0000000000000E+000    9.9295180000000E+006    0.0000000000000E+000    6.3422000000000E+004    7.0600000000000E+003    7.0482000000000E+004
     540    0.0000000000000E+000    9.9295180000000E+006    0.0000000000000E+000    6.3422000000000E+004    7.0600000000000E+003    7.0482000000000E+004
