         1         0         0         0         9         0         2
         2         2         0         0         9         0         0
         3         2         0         0         9         0         0
         4         2         0         0         9         0         0
         5         2         0         0         9         2         0
         6         2         2         0         9         0         0
         7         0         2         0        11         0         0
         8         2         2         0        13         0         0
         9         2         2         0        15         0         0
        10         2         2         0        17         0         1
        11         4         0         0        19         0         0
        12         3         2         0        19         0         0
        13         0         2         0        21         0         0
        14         2         2         0        23         1         0
        15         7         4         0        25         0         1
        16         2         3         0        29         0         0
        17         4         0         0        32         0         0
        18         4         2         9        32         0         0
        19         2         7         0        25         1         0
        20         6         2         2        32         0         0
        21         5         4         2        32         0         0
        22         6         4         2        34         0         1
        23        10         2         2        36         0         0
        24         0         6         2        36         0         2
        25         5         5         0        40         0         0
        26         6         6         2        45         1         1
        27        10        10         2        49         0         1
        28         9         0         2        57         2         0
        29        12         5         4        55         0         0
        30         7         6         3        56         1         1
        31        10        10         0        59         1         2
        32        10         9         2        69         0         0
        33         9        12         7        76         0         4
        34        15         7         2        81         1         1
        35        11        10         4        86         2         1
        36        12        10         4        92         0         2
        37        19         9         2        98         4         0
        38        19        15         6       105         1         2
        39        19        11         5       114         1         2
        40        17        12         6       120         2         1
        41        20        19        10       126         0         1
        42        16        19         0       135         2         4
        43        20        19         5       154         2         3
        44        18        17         6       168         1         1
        45        23        20        10       179         1         5
        46        28        16         9       189         4         2
        47        28        20        12       196         3         0
        48        28        18         7       204         1         1
        49        23        23        10       215         5         2
        50        32        28        10       228         2         1
        51        39        28         9       246         0         2
        52        38        28        15       265         1         3
        53        32        23        11       278         2         1
        54        40        32        12       290         1         3
        55        45        39        19       310         2         2
        56        39        38        19       330         3         3
        57        55        32        19       349         1         2
        58        51        40        17       362         3         4
        59        48        45        20       385         2        10
        60        64        39        16       410         3         2
        61        71        55        20       433         2         4
        62        64        51        18       468         4         4
        63        83        48        23       501        10         7
        64        80        64        28       526         2         9
        65        90        71        28       562         4         8
        66        78        64        28       605         4         8
        67        92        83        23       641         7         8
        68       106        80        32       701         9        13
        69       108        90        39       749         8        12
        70       124        78        38       800         8        10
        71       121        92        32       840         8        13
        72       127       106        40       900        13        11
        73       125       108        45       966        12         9
        74       158       124        39      1029        10         8
        75       160       121        55      1114        13        11
        76       143       127        51      1180        11        15
        77        51       125        48      1256         9        16
        78       146       158        64      1333         8        18
        79       152       160        71      1427        11        12
        80       170       143        64      1516        15        13
        81       145        51        83      1595        16         5
        82       135       146        80      1563        18         9
        83       128       152        90      1629        12        15
        84        77       170        78      1691        13        15
        85       182       145        92      1783         5        14
        86       148       135       106      1836         9        16
        87       178       128       108      1865        15        13
        88       166        77       124      1885        15         8
        89       176       182       121      1838        14        14
        90       100       148       127      1899        16        19
        91        46       178       125      1920        13        24
        92       183       166       158      1973         8        14
        93       149       176       160      1981        14        16
        94       155       100       143      1997        19        10
        95       165        46        51      1954        24         2
        96       156       183       146      1949        14        25
        97       111       149       152      1986        16        16
        98        60       155       170      1983        10        13
        99       156       165       145      1968         2        24
       100       162       156       135      1988        25        18
       101       216       111       128      2009        16        12
       102       190        60        77      1992        13         2
       103       170       156       182      1975        24        17
       104       145       162       148      1949        18        17
       105        57       216       178      1963        12        21
       106       239       190       166      2001         2        20
       107       227       170       176      2025        17        20
       108       193       145       100      2019        17        15
       109       149        57        46      2064        21         7
       110       183       239       183      2075        20        32
       111        95       227       149      2131        20        22
       112        67       193       155      2209        15        15
       113       158       149       165      2247         7        18
       114       170       183       156      2231        32        15
       115       146        95       111      2258        22        11
       116       176        67        60      2242        15         6
       117       158       158       156      2249        18        14
       118        95       170       162      2251        15        23
       119        70       146       216      2259        11        12
       120       178       176       190      2189         6        15
       121       162       158       170      2175        14        11
       122       157        95       145      2163        23        12
       123       151        70        57      2113        12         9
       124       151       178       239      2126        15        25
       125       115       162       227      2065        11        14
       126        50       157       193      2000        12        15
       127       145       151       149      1964         9        11
       128       149       151       183      1966        25        16
       129       142       115        95      1934        14        12
       130       157        50        67      1954        15         5
       131       145       145       158      1937        11        18
       132        81       149       170      1924        16        21
       133        36       142       146      1903        12        11
       134       129       157       176      1899         5        26
       135       163       145       158      1880        18         8
       136       143        81        95      1867        21         7
       137        93        36        70      1853        11         4
       138        93       129       178      1819        26        17
       139        90       163       162      1770         8        18
       140        20       143       157      1771         7        13
       141       132        93       151      1757         4         6
       142        88        93       151      1699        17        13
       143        90        90       115      1641        18         7
       144       135        20        50      1616        13         2
       145       102       132       145      1586         6        13
       146        97        88       149      1573        13         6
       147        27        90       142      1512         7         6
       148       112       135       157      1460         2        13
       149       124       102       145      1438        13        14
       150        71        97        81      1395         6        12
       151        88        27        36      1411         6         0
       152        81       112       129      1402        13        15
       153        77       124       163      1385        14        10
       154        26        71       143      1346        12         6
       155       131        88        93      1274         0        15
       156        91        81        93      1269        15        10
       157        84        77        90      1257        10         7
       158       118        26        20      1244         6         3
       159        54       131       132      1250        15        13
       160        64        91        88      1249        10        11
       161        15        84        90      1252         7         9
       162        93       118       135      1246         3        13
       163       103        54       102      1229        13         6
       164        68        64        97      1181        11        11
       165       107        15        27      1148         9         0
       166        81        93       112      1136        13        10
       167        91       103       124      1117         6        10
       168        22        68        71      1096        11         8
       169       107       107        88      1093         0        13
       170       112        81        81      1112        10        11
       171       105        91        77      1112        10        14
       172        90        22        26      1126         8         2
       173        63       107       131      1122        13        12
       174       120       112        91      1098        11        10
       175        27       105        84      1119        14         5
       176       109        90       118      1140         2         6
       177        89        63        54      1112        12        11
       178       111       120        64      1121        10        12
       179       130        27        15      1177         5         6
       180        66       109        93      1189         6        13
       181        93        89       103      1205        11         8
       182        26       111        68      1191        12        10
       183       117       130       107      1234         6        10
       184       112        66        81      1257        13         5
       185       101        93        91      1242         8        16
       186        70        26        22      1244        10         2
       187        89       117       107      1248        10         8
       188        91       112       112      1258         5         5
       189        24       101       105      1258        16         9
       190       135        70        90      1254         2         8
       191       111        89        63      1234         8         8
       192        95        91       120      1260         5        15
       193        97        24        27      1231         9         2
       194        78       135       109      1228         8        15
       195        86       111        89      1254         8         9
       196        47        95       111      1276        15        11
       197       106        97       130      1260         2         7
       198       108        78        66      1227        15        14
       199       103        86        93      1239         9         9
       200       116        47        26      1232        11         3
       201       111       106       117      1253         7        13
       202        73       108       112      1242        14         6
       203        35       103       101      1238         9         9
       204        73       116        70      1240         3         8
       205       103       111        89      1286        13        15
       206       103        73        91      1308         6         9
       207        76        35        24      1290         9         2
       208        84        73       135      1301         8        10
       209        68       103       111      1239        15        14
       210        29       103        95      1231         9        13
       211       103        76        97      1239         2         8
       212        75        84        78      1218        10         6
       213        99        68        86      1224        14         9
       214        90        29        47      1206        13         1
       215        56       103       106      1188         8        13
       216        55        75       108      1185         6         8
       217        62        99       103      1152         9        11
       218        80        90       116      1148         1         7
       219        96        56       111      1122        13        11
       220        73        55        73      1067         8         4
       221        56        62        35      1049        11        10
       222        72        80        73      1076         7         6
       223        37        96       103      1083        11         9
       224        29        73       103      1076         4         8
       225        31        56        76      1046        10         3
       226       103        72        84      1026         6         6
       227        76        37        68      1014         9         3
       228        73        29        29       983         8         4
       229        58        31       103       983         3         2
       230        53       103        75       911         6         9
       231        28        76        99       939         3         9
       232        99        73        90       916         4         8
       233        97        58        56       899         2         9
       234        64        53        55       901         9         5
       235        92        28        62       899         9         3
       236        71        99        80       865         8        12
       237        55        97        96       884         9         8
       238        56        64        73       885         5         5
       239        55        92        56       876         3         5
       240        95        71        72       912        12        10
       241        69        55        37       911         8         6
       242        81        56        29       929         5         3
       243        42        55        31       956         5         7
       244        42        95       103       980        10         7
       245        38        69        76       972         6        10
       246        99        81        73       965         3         5
       247        58        42        58       973         7         5
       248        82        42        53       957         7         7
       249        66        38        28       946        10         6
       250        51        99        99       956         5        12
       251        56        58        97       956         5         4
       252        14        82        64       917         7         4
       253       110        66        92       935         6         7
       254        87        51        71       909        12         5
       255       107        56        55       889         4        10
       256        96        14        56       890         4         0
       257        83       110        55       848         7         9
       258        75        87        95       903         5         6
       259        41       107        69       895        10         6
       260       108        96        81       933         0        10
       261        85        83        42       948         9        10
       262       105        75        42       989         6        11
       263        94        41        38      1022         6         3
       264       149       108        99      1025        10         8
       265        64        85        58      1034        10         6
       266        23       105        82      1061        11         5
       267       118        94        66      1084         3        10
       268       128       149        51      1112         8        16
       269        91        64        56      1210         6         4
       270       131        23        14      1218         5         2
       271       104       118       110      1227        10        12
       272       103       128        87      1235        16        16
       273        61        91       107      1276         4         9
       274       145       131        96      1260         2        10
       275       148       104        83      1295        12        11
       276       157       103        75      1316        16        11
       277       114        61        41      1344         9         8
       278        41       145       108      1364        10        16
       279       150       148        85      1401        11        19
       280        70       157       105      1464        11        13
       281       175       114        94      1516         8        10
       282       172        41       149      1536        16         4
       283       166       150        64      1428        19        18
       284       131        70        23      1514        13         4
       285        35       175       118      1561        10        20
       286       159       172       128      1618         4        12
       287        63       166        91      1662        18        19
       288       227       131       131      1737         4         9
       289       226        35       104      1737        20         2
       290       257       159       103      1668        12        19
       291       211        63        61      1724        19         9
       292       195       227       145      1726         9        23
       293       176       226       148      1808         2        26
       294        77       257       157      1886        19        30
       295       281       211       114      1986         9        21
       296       162       195        41      2083        23        21
       297       214       176       150      2237        26        16
       298       164        77        70      2263        30         8
       299       177       281       175      2270        21        31
       300       114       162       172      2376        21        12
       301        52       214       166      2366        16        26
       302       178       164       131      2414         8        20
       303       222       177        35      2447        31        22
       304       178       114       159      2589        12        13
       305       157        52        63      2544        26         7
       306       141       178       227      2533        20        10
       307        81       222       226      2484        22        23
       308        77       178       257      2480        13        14
       309       166       157       211      2401         7        14
       310       198       141       195      2347        10        17
       311       160        81       176      2293        23        12
       312       134        77        77      2198        14        11
       313       110       166       281      2198        14        22
       314       100       198       162      2083        17        24
       315        63       160       214      2119        12        11
       316        95       134       164      2065        11        16
       317       134       110       177      2035        22        16
       318       160       100       114      1968        24         7
       319       145        63        52      1954        11        11
       320       115        95       178      1965        16        10
       321        95       134       222      1882        16        11
       322        49       160       178      1794         7        16
       323       169       145       157      1776        11        15
       324       127       115       141      1764        10        14
       325       155        95        81      1738        11        13
       326       109        49        77      1752        16         2
       327       113       169       166      1724        15        20
       328        67       127       198      1727        14        20
       329        38       155       160      1656        13        15
       330       116       109       134      1651         2        19
       331       122       113       110      1626        20        15
       332        99        67       100      1629        20         2
       333        98        38        63      1596        15         4
       334        87       116        95      1571        19        14
       335        86       122       134      1592        15        15
       336        41        99       160      1580         2        10
       337       160        98       145      1519         4         6
       338       104        87       115      1472        14         9
       339       159        86        95      1444        15         6
       340       113        41        49      1435        10         4
       341       143       160       169      1427         6        18
       342        91       104       127      1418         9        11
       343        27       159       155      1395         6        16
       344       156       113       109      1399         4        11
       345       149       143       113      1403        18        19
       346        96        91        67      1433        11         8
       347       102        27        38      1457        16         2
       348        82       156       116      1446        11        21
       349        55       149       122      1486        19        11
       350        42        96        99      1513         8        16
       351        95       102        98      1510         2        16
       352       127        82        87      1514        21        12
       353        98        55        86      1509        11         3
       354        98        42        41      1478        16         3
       355        57        95       160      1479        16         9
       356        23       127       104      1414        12        17
       357        28        98       159      1437         3        13
       358        60        98       113      1376         3        10
       359        90        57       143      1361         9         4
       360        73        23        91      1275        17         0
       361        88        28        27      1207        13         3
       362       105        60       156      1208        10         4
       363        62        90       149      1112         4         7
       364        30        73        96      1053         0        11
       365        61        88       102      1030         3        11
       366        68       105        82      1016         4        10
       367        61        62        55      1039         7         2
       368        74        30        42      1046        11         3
       369        57        61        95      1034        11         6
       370        39        68       127      1000        10         4
       371        26        61        98       941         2         6
       372        79        74        98       904         3        10
       373        55        57        57       880         6         2
       374        64        39        23       880         4         4
       375        48        26        28       896         6         5
       376        34        79        60       894        10         5
       377        41        55        90       913         2         7
       378        32        64        73       878         4         5
       379        79        48        88       869         5         4
       380        63        34       105       829         5         6
       381        39        41        62       758         7         8
       382        52        32        30       737         5         3
       383        44        79        61       739         4         6
       384        31        63        68       757         6         4
       385         9        39        61       752         8         2
       386        77        52        74       730         3         5
       387        60        44        57       708         6         2
       388        57        31        39       695         4         2
       389        50         9        26       687         2         0
       390        37        77        79       670         5         7
       391        26        60        55       668         2         4
       392        19        57        64       673         2         4
       393        72        50        48       666         0         1
       394        34        37        34       668         7         4
       395        44        26        41       671         4         2
       396        40        19        32       656         4         3
       397        39        72        79       643         1         9
       398        28        34        63       636         4         0
       399        14        44        39       607         2         2
       400        75        40        52       612         3         6
       401        46        39        44       600         9         6
       402        56        28        31       595         0         2
       403        37        14         9       592         2         2
       404        55        75        77       597         6         7
       405        21        46        60       595         6         6
       406        16        56        57       581         2         8
       407        49        37        50       580         2         3
       408        33        55        37       567         7         7
       409        71        21        26       585         6         2
       410        52        16        19       580         8         1
       411        31        49        72       577         3         4
       412        42        33        34       554         7         3
       413        13        71        44       553         2         5
       414        34        52        40       580         1         8
       415        42        31        39       592         4         4
       416        26        42        28       584         3         5
       417        19        13        14       598         5         2
       418        30        34        75       597         8         4
       419        13        42        46       556         4         4
       420         3        26        56       552         5         4
       421        24        19        37       522         2         2
       422        37        30        55       504         4         0
       423        27        13        21       479         4         3
       424        28         3        16       471         4         1
       425        21        24        49       458         2         3
       426        14        37        33       433         0         4
       427        11        27        71       437         3         3
       428        36        28        52       393         1         2
       429        20        21        31       369         3         3
       430        41        14        42       359         4         0
       431        13        11        13       331         3         1
       432        39        36        34       329         2         8
       433        25        20        42       331         3         2
       434         8        41        26       309         0         5
       435        18        13        19       324         1         2
       436        18        39        30       318         8         8
       437         9        25        13       327         2         4
       438        19         8         3       339         5         1
       439        24        18        24       344         2         2
       440         8        18        37       338         8         2
       441        10         9        27       319         4         2
       442        51        19        28       301         1         2
       443        36        24        21       292         2         1
       444        23         8        14       295         2         0
       445        28        10        11       289         2         1
       446        13        51        36       288         2         5
       447        19        36        20       303         1         3
       448        10        23        41       319         0         3
       449        48        28        13       301         1         1
       450        29        13        39       316         5         4
       451        30        19        25       290         3         4
       452        43        10         8       284         3         1
       453        30        48        18       286         1         7
       454        32        29        18       316         4         2
       455        15        30         9       327         4         4
       456        28        43        19       348         1         5
       457        60        30        24       372         7         0
       458        77        32         8       378         2         3
       459        58        15        10       402         4         0
       460        72        28        51       407         5         3
       461        42        60        36       384         0         9
       462        24        77        23       408         3         6
       463        90        58        28       462         0         7
       464        80        72        13       492         3         8
       465       100        42        19       551         9         5
       466       111        24        10       574         6         1
       467       122        90        48       588         7        11
       468        59        80        29       630         8         7
       469        67       100        30       681         5         5
       470       173       111        43       751         1        10
       471       151       122        30       819        11        13
       472       151        59        32       911         7         7
       473       148        67        15       938         5         9
       474       161       173        28       990        10        24
       475       134       151        60      1135        13        15
       476        97       151        77      1226         7        11
       477       222       148        58      1300         9        16
       478       222       161        72      1390        24        26
       479       242       134        42      1479        15        12
       480       208        97        24      1571        11        10
       481       259       222        90      1644        16        26
       482       216       222        80      1776        26        24
       483       126       242       100      1918        12        21
       484       372       208       111      2060        10        26
       485       344       259       122      2157        26        30
       486       335       216        59      2294        24        20
       487       338       126        67      2451        21        17
       488       298       372       173      2510        26        33
       489       171       344       151      2709        30        36
       490       144       335       151      2902        20        27
       491       379       338       148      3086        17        37
       492       351       298       161      3276        33        27
       493       322       171       134      3413        36        15
       494       330       144        97      3450        27        17
       495       295       379       222      3497        37        46
       496       115       351       222      3654        27        36
       497       164       322       242      3783        15        31
       498       339       330       208      3863        17        39
       499       324       295       259      3985        46        19
       500       311       115       216      4021        36         9
       501       369       164       126      3920        31        16
       502       257       339       372      3958        39        35
       503       143       324       344      3925        19        33
       504       139       311       335      3905         9        35
       505       384       369       338      3881        16        45
       506       308       257       298      3912        35        26
       507         0       143       171      3871        33        22
       508         0       139       144      3843        35        19
       509         0       384       379      3838        45        30
       510         0       308       351      3843        26        37
       511         0         0       322      3800        22         0
       512         0         0       330      3478        19         0
       513         0         0       295      3148        30         0
       514         0         0       115      2853        37         0
       515         0         0       164      2738         0         0
       516         0         0       339      2574         0         0
       517         0         0       324      2235         0         0
       518         0         0       311      1911         0         0
       519         0         0       369      1600         0         0
       520         0         0       257      1231         0         0
       521         0         0       143       974         0         0
       522         0         0       139       831         0         0
       523         0         0       384       692         0         0
       524         0         0       308       308         0         0
       525         0         0         0         0         0         0
       526         0         0         0         0         0         0
       527         0         0         0         0         0         0
       528         0         0         0         0         0         0
       529         0         0         0         0         0         0
       530         0         0         0         0         0         0
       531         0         0         0         0         0         0
       532         0         0         0         0         0         0
       533         0         0         0         0         0         0
       534         0         0         0         0         0         0
       535         0         0         0         0         0         0
       536         0         0         0         0         0         0
       537         0         0         0         0         0         0
       538         0         0         0         0         0         0
       539         0         0         0         0         0         0
       540         0         0         0         0         0         0
