       1    1.0000000000000E+000    1.0000000000000E+000    1.0000000000000E+000
       2    1.0000000000000E+000    1.0000000000000E+000    1.0000000000000E+000
       3    1.0000000000000E+000    1.0000000000000E+000    1.0000000000000E+000
       4    1.0000000000000E+000    1.0000000000000E+000    1.0000000000000E+000
       5    1.0000000000000E+000    1.0000000000000E+000    1.0000000000000E+000
       6    1.0000000000000E+000    1.0000000000000E+000    1.0000000000000E+000
       7    9.9999549998977E-001    1.0000000000000E+000    9.9999549998977E-001
       8    9.9999549998977E-001    1.0000000000000E+000    9.9999549998977E-001
       9    9.9999549998977E-001    1.0000000000000E+000    9.9999549998977E-001
      10    9.9999549998977E-001    1.0000000000000E+000    9.9999549998977E-001
      11    9.9999549998977E-001    1.0000000000000E+000    9.9999549998977E-001
      12    9.9999549998977E-001    1.0000000000000E+000    9.9999549998977E-001
      13    9.9999324998466E-001    1.0000000000000E+000    9.9999324998466E-001
      14    9.9999324998466E-001    1.0000000000000E+000    9.9999324998466E-001
      15    9.9999324998466E-001    1.0000000000000E+000    9.9999324998466E-001
      16    9.9999099997955E-001    1.0000000000000E+000    9.9999099997955E-001
      17    9.9998874997443E-001    1.0000000000000E+000    9.9998874997443E-001
      18    9.9998199995909E-001    1.0000000000000E+000    9.9998199995909E-001
      19    9.9998199995909E-001    1.0000000000000E+000    9.9998199995909E-001
      20    9.9998199995909E-001    1.0000000000000E+000    9.9998199995909E-001
      21    9.9997974995398E-001    1.0000000000000E+000    9.9997974995398E-001
      22    9.9997974995398E-001    1.0000000000000E+000    9.9997974995398E-001
      23    9.9997524994376E-001    1.0000000000000E+000    9.9997524994376E-001
      24    9.9996399991820E-001    1.0000000000000E+000    9.9996399991820E-001
      25    9.9996174991309E-001    1.0000000000000E+000    9.9996174991309E-001
      26    9.9996174991309E-001    1.0000000000000E+000    9.9996174991309E-001
      27    9.9995274989265E-001    1.0000000000000E+000    9.9995274989265E-001
      28    9.9995274989265E-001    1.0000000000000E+000    9.9995274989265E-001
      29    9.9993699985691E-001    1.0000000000000E+000    9.9993699985691E-001
      30    9.9991899981610E-001    1.0000000000000E+000    9.9991899981610E-001
      31    9.9990549978553E-001    1.0000000000000E+000    9.9990549978553E-001
      32    9.9989424976009E-001    1.0000000000000E+000    9.9989424976009E-001
      33    9.9988074972959E-001    1.0000000000000E+000    9.9988074972959E-001
      34    9.9986499969406E-001    1.0000000000000E+000    9.9986499969406E-001
      35    9.9985374966873E-001    1.0000000000000E+000    9.9985374966873E-001
      36    9.9983124961818E-001    1.0000000000000E+000    9.9983124961818E-001
      37    9.9979299953266E-001    1.0000000000000E+000    9.9979299953266E-001
      38    9.9977724949762E-001    1.0000000000000E+000    9.9977724949762E-001
      39    9.9974349942294E-001    1.0000000000000E+000    9.9974349942294E-001
      40    9.9970749934393E-001    1.0000000000000E+000    9.9970749934393E-001
      41    9.9967374927058E-001    1.0000000000000E+000    9.9967374927058E-001
      42    9.9963099917876E-001    1.0000000000000E+000    9.9963099917876E-001
      43    9.9959724910725E-001    1.0000000000000E+000    9.9959724910725E-001
      44    9.9954324899482E-001    1.0000000000000E+000    9.9954324899482E-001
      45    9.9945999882695E-001    1.0000000000000E+000    9.9945999882695E-001
      46    9.9940599872209E-001    1.0000000000000E+000    9.9940599872209E-001
      47    9.9932499857155E-001    1.0000000000000E+000    9.9932499857155E-001
      48    9.9922599839998E-001    1.0000000000000E+000    9.9922599839998E-001
      49    9.9909999820434E-001    1.0000000000000E+000    9.9909999820434E-001
      50    9.9894249800137E-001    1.0000000000000E+000    9.9894249800137E-001
      51    9.9879174785723E-001    1.0000000000000E+000    9.9879174785723E-001
      52    9.9864774777187E-001    1.0000000000000E+000    9.9864774777187E-001
      53    9.9847674774544E-001    1.0000000000000E+000    9.9847674774544E-001
      54    9.9828099782754E-001    1.0000000000000E+000    9.9828099782754E-001
      55    9.9810099802145E-001    1.0000000000000E+000    9.9810099802145E-001
      56    9.9780399862184E-001    1.0000000000000E+000    9.9780399862184E-001
      57    9.9753399950962E-001    1.0000000000000E+000    9.9753399950962E-001
      58    9.9713800148717E-001    1.0000000000000E+000    9.9713800148717E-001
      59    9.9665425515933E-001    1.0000000000000E+000    9.9665425515933E-001
      60    9.9617051043024E-001    1.0000000000000E+000    9.9617051043024E-001
      61    9.9561476875832E-001    1.0000000000000E+000    9.9561476875832E-001
      62    9.9509277909259E-001    1.0000000000000E+000    9.9509277909259E-001
      63    9.9433454904451E-001    1.0000000000000E+000    9.9433454904451E-001
      64    9.9344583095964E-001    1.0000000000000E+000    9.9344583095964E-001
      65    9.9258862173975E-001    1.0000000000000E+000    9.9258862173975E-001
      66    9.9162343102797E-001    1.0000000000000E+000    9.9162343102797E-001
      67    9.9044452523979E-001    1.0000000000000E+000    9.9044452523979E-001
      68    9.8918015650186E-001    1.0000000000000E+000    9.8918015650186E-001
      69    9.8763461533382E-001    1.0000000000000E+000    9.8763461533382E-001
      70    9.8592491690855E-001    1.0000000000000E+000    9.8592491690855E-001
      71    9.8382615302146E-001    1.0000000000000E+000    9.8382615302146E-001
      72    9.8146887339475E-001    1.0000000000000E+000    9.8146887339475E-001
      73    9.7872947655814E-001    1.0000000000000E+000    9.7872947655814E-001
      74    9.7579701989915E-001    1.0000000000000E+000    9.7579701989915E-001
      75    9.7232315257302E-001    1.0000000000000E+000    9.7232315257302E-001
      76    9.6848583157884E-001    1.0000000000000E+000    9.6848583157884E-001
      77    9.6397084000196E-001    1.0000000000000E+000    9.6397084000196E-001
      78    9.5864648668431E-001    1.0000000000000E+000    9.5864648668431E-001
      79    9.5278798684853E-001    1.0000000000000E+000    9.5278798684853E-001
      80    9.4612740411826E-001    1.0000000000000E+000    9.4612740411826E-001
      81    9.3854150192009E-001    1.0000000000000E+000    9.3854150192009E-001
      82    9.3027547919960E-001    1.0000000000000E+000    9.3027547919960E-001
      83    9.2059054743784E-001    1.0000000000000E+000    9.2059054743784E-001
      84    9.0950835185307E-001    1.0000000000000E+000    9.0950835185307E-001
      85    8.9699985990624E-001    1.0000000000000E+000    8.9699985990624E-001
      86    8.8348376094970E-001    1.0000000000000E+000    8.8348376094970E-001
      87    8.6790930125348E-001    1.0000000000000E+000    8.6790930125348E-001
      88    8.5074715574213E-001    1.0000000000000E+000    8.5074715574213E-001
      89    8.3155620288250E-001    1.0000000000000E+000    8.3155620288250E-001
      90    8.0989944017337E-001    1.0000000000000E+000    8.0989944017337E-001
      91    7.8615933857542E-001    1.0000000000000E+000    7.8615933857542E-001
      92    7.5943670898645E-001    1.0000000000000E+000    7.5943670898645E-001
      93    7.3123183481295E-001    1.0000000000000E+000    7.3123183481295E-001
      94    6.9997765648644E-001    1.0000000000000E+000    6.9997765648644E-001
      95    6.6690390400927E-001    1.0000000000000E+000    6.6690390400927E-001
      96    6.3145899223526E-001    1.0000000000000E+000    6.3145899223526E-001
      97    5.9308722025785E-001    1.0000000000000E+000    5.9308722025785E-001
      98    5.5443147945007E-001    1.0000000000000E+000    5.5443147945007E-001
      99    5.1432097925978E-001    1.0000000000000E+000    5.1432097925978E-001
     100    1.6076637330167E-001    3.3875648048100E-001    4.7457800090909E-001
     101    1.2075306491027E-001    2.7766994411296E-001    4.3487985455548E-001
     102    8.8206924390111E-002    2.2270677782594E-001    3.9606753441088E-001
     103    6.3002128767245E-002    1.7560172449812E-001    3.5877853106117E-001
     104    4.4631670861264E-002    1.3775466522024E-001    3.2399389733848E-001
     105    4.3890251329102E-002    1.4041326989992E-001    3.1257908430154E-001
     106    4.5394032967138E-002    1.4961392936839E-001    3.0340779871749E-001
     107    4.8824841086495E-002    1.6478530403961E-001    2.9629366144665E-001
     108    5.4958683165773E-002    1.8885826594213E-001    2.9100491255497E-001
     109    6.3710741649257E-002    2.2189987774281E-001    2.8711481185718E-001
     110    7.4713543352707E-002    2.6370705544666E-001    2.8332022905553E-001
     111    8.8621397424484E-002    3.1707532652516E-001    2.7949635310855E-001
     112    1.0440851763747E-001    3.7893056060012E-001    2.7553469815713E-001
     113    1.2260526713884E-001    4.5197002802622E-001    2.7126857874684E-001
     114    1.4192433243604E-001    5.3223283665586E-001    2.6665835450474E-001
     115    1.6215607454937E-001    6.1955531856197E-001    2.6172977568129E-001
     116    1.8170165200703E-001    7.0882092668356E-001    2.5634352086243E-001
     117    1.9926723876281E-001    7.9505783302919E-001    2.5063238230557E-001
     118    2.1317871795076E-001    8.7119479471611E-001    2.4469696013304E-001
     119    2.1048906344320E-001    8.8158967701680E-001    2.3876080781194E-001
     120    2.0636486629438E-001    8.8620375713417E-001    2.3286390362610E-001
     121    2.0168554579152E-001    8.8683756938164E-001    2.2742106644416E-001
     122    1.9685990289741E-001    8.8445498129623E-001    2.2257764053620E-001
     123    1.9286677782076E-001    8.8165852216108E-001    2.1875450979367E-001
     124    1.8909031692574E-001    8.7908803720069E-001    2.1509827107632E-001
     125    1.8572948394498E-001    8.7741089476540E-001    2.1167902638665E-001
     126    1.8261571152985E-001    8.7646071415277E-001    2.0835584365738E-001
     127    1.7984758507647E-001    8.7677246294000E-001    2.0512458212180E-001
     128    1.7763959396516E-001    8.7897440747183E-001    2.0209871010477E-001
     129    1.7563491122028E-001    8.8223369246682E-001    1.9907980472746E-001
     130    1.7383682153590E-001    8.8682220250423E-001    1.9602218014504E-001
     131    1.7249212366991E-001    8.9314449094475E-001    1.9312902382396E-001
     132    1.7143666931852E-001    9.0064931884998E-001    1.9034785873976E-001
     133    1.7041652005154E-001    9.0834501280647E-001    1.8761210514605E-001
     134    1.6963443451213E-001    9.1661902210580E-001    1.8506536567659E-001
     135    1.6857157682472E-001    9.2352720331018E-001    1.8253016935561E-001
     136    1.6732161608356E-001    9.2903224702598E-001    1.8010313056322E-001
     137    1.6578602161842E-001    9.3217417342444E-001    1.7784876082695E-001
     138    1.6440525718280E-001    9.3541704825565E-001    1.7575610524672E-001
     139    1.6315799931561E-001    9.3858147259132E-001    1.7383466867842E-001
     140    1.6199885548613E-001    9.4180327082781E-001    1.7200923006324E-001
     141    1.6086010421594E-001    9.4493265363277E-001    1.7023446443248E-001
     142    1.5978716349508E-001    9.4786676287032E-001    1.6857555276146E-001
     143    1.5877413398362E-001    9.5093412312314E-001    1.6696649128771E-001
     144    1.5783279492818E-001    9.5423201191941E-001    1.6540295542036E-001
     145    1.5696229385658E-001    9.5739521916201E-001    1.6394722964459E-001
     146    1.5618093387212E-001    9.6054504230945E-001    1.6259615842336E-001
     147    1.5531823704061E-001    9.6343620986331E-001    1.6121278757277E-001
     148    1.5449670618192E-001    9.6607820267134E-001    1.5992153197817E-001
     149    1.5374270556377E-001    9.6881785177536E-001    1.5869103287273E-001
     150    1.5303669783688E-001    9.7144585800639E-001    1.5753497384913E-001
     151    1.5231504906550E-001    9.7373480063303E-001    1.5642354465146E-001
     152    1.5159624727076E-001    9.7574565782109E-001    1.5536451129005E-001
     153    1.5091526912718E-001    9.7753366521306E-001    1.5438370513233E-001
     154    1.5026458478213E-001    9.7920584155652E-001    1.5345556409597E-001
     155    1.4957028760062E-001    9.8070461357559E-001    1.5251308654019E-001
     156    1.4902193354370E-001    9.8225685666285E-001    1.5171381348254E-001
     157    1.4845415921991E-001    9.8367763606926E-001    1.5091748940550E-001
     158    1.4791073392059E-001    9.8504659434528E-001    1.5015607867656E-001
     159    1.4738262980759E-001    9.8626195203876E-001    1.4943558301416E-001
     160    1.4686278510803E-001    9.8732333201574E-001    1.4874841943439E-001
     161    1.4640131356746E-001    9.8849113148613E-001    1.4810584425513E-001
     162    1.4584915099737E-001    9.8938277564925E-001    1.4741428149652E-001
     163    1.4539391881853E-001    9.9031244738658E-001    1.4681620856349E-001
     164    1.4488334102932E-001    9.9105416223355E-001    1.4619114328000E-001
     165    1.4445215064580E-001    9.9182883058421E-001    1.4564221788220E-001
     166    1.4404195848472E-001    9.9254824778450E-001    1.4512338196782E-001
     167    1.4365327914167E-001    9.9318568734437E-001    1.4463889378609E-001
     168    1.4328738939707E-001    9.9377450855089E-001    1.4418501195609E-001
     169    1.4292817707602E-001    9.9436839477670E-001    1.4373765078094E-001
     170    1.4256996357419E-001    9.9479856831261E-001    1.4331540888324E-001
     171    1.4224928519762E-001    9.9525374859301E-001    1.4292765578499E-001
     172    1.4192148520289E-001    9.9565413071395E-001    1.4254094953749E-001
     173    1.4162645917204E-001    9.9603635565705E-001    1.4219004995918E-001
     174    1.4130335714970E-001    9.9635005639694E-001    1.4182099578604E-001
     175    1.4101162161796E-001    9.9664454155063E-001    1.4148637326460E-001
     176    1.4078761413727E-001    9.9702926436879E-001    1.4120710310986E-001
     177    1.4051172096667E-001    9.9727938956170E-001    1.4089504148724E-001
     178    1.4025269415378E-001    9.9755521773490E-001    1.4059642179232E-001
     179    1.4003433260111E-001    9.9779484471019E-001    1.4034381250164E-001
     180    1.3978818889454E-001    9.9798333131433E-001    1.4007066501847E-001
     181    1.3956778835267E-001    9.9815999765869E-001    1.3982506680297E-001
     182    1.3937827318217E-001    9.9833103736967E-001    1.3961127918991E-001
     183    1.3918193786000E-001    9.9848676886558E-001    1.3939287149306E-001
     184    1.3899524764090E-001    9.9862712902576E-001    1.3918633251682E-001
     185    1.3882524697315E-001    9.9875186397051E-001    1.3899873630399E-001
     186    1.3866471693883E-001    9.9887637084451E-001    1.3882069992465E-001
     187    1.3851076720037E-001    9.9898003749073E-001    1.3865218723318E-001
     188    1.3836241697490E-001    9.9909139053579E-001    1.3848824870836E-001
     189    1.3820103209515E-001    9.9917435343385E-001    1.3831523159116E-001
     190    1.3806119370778E-001    9.9923853006549E-001    1.3816640326983E-001
     191    1.3791693601916E-001    9.9931300986086E-001    1.3801174872963E-001
     192    1.3779865805641E-001    9.9938960226854E-001    1.3788282141781E-001
     193    1.3767318717601E-001    9.9944083389167E-001    1.3775021242622E-001
     194    1.3756360021380E-001    9.9950417006431E-001    1.3763184220126E-001
     195    1.3746129896719E-001    9.9955678522370E-001    1.3752225086084E-001
     196    1.3734571711874E-001    9.9959103302480E-001    1.3740190996225E-001
     197    1.3724447451696E-001    9.9963046766890E-001    1.3729520953579E-001
     198    1.3716231170010E-001    9.9967045028844E-001    1.3720752840151E-001
     199    1.3706554178762E-001    9.9969815493939E-001    1.3710692683626E-001
     200    1.3698629906072E-001    9.9972712683666E-001    1.3702368914823E-001
     201    1.3690990519600E-001    9.9975291213124E-001    1.3694374233343E-001
     202    1.3683601569292E-001    9.9977697064974E-001    1.3686654094861E-001
     203    1.3675841583298E-001    9.9980120976140E-001    1.3678560747653E-001
     204    1.3668822588422E-001    9.9982018806810E-001    1.3671280847843E-001
     205    1.3662702879790E-001    9.9984163031680E-001    1.3664866980445E-001
     206    1.3656990494126E-001    9.9985720769579E-001    1.3658940885768E-001
     207    1.3651169553463E-001    9.9987254402320E-001    1.3652909698405E-001
     208    1.3645964556274E-001    9.9988551655373E-001    1.3647526972195E-001
     209    1.3640840264363E-001    9.9989637296965E-001    1.3642253970629E-001
     210    1.3636507724940E-001    9.9990994395529E-001    1.3637735885493E-001
     211    1.3631693592969E-001    9.9991963200468E-001    1.3632789232911E-001
     212    1.3626942803853E-001    9.9992595671634E-001    1.3627951862159E-001
     213    1.3622765116338E-001    9.9993479650084E-001    1.3623653426213E-001
     214    1.3618219322837E-001    9.9994017156479E-001    1.3619034128338E-001
     215    1.3614486200636E-001    9.9994597895919E-001    1.3615221709084E-001
     216    1.3611291523013E-001    9.9995183755985E-001    1.3611947107601E-001
     217    1.3607935593842E-001    9.9995762079802E-001    1.3608512311734E-001
     218    1.3604562982345E-001    9.9996211669259E-001    1.3605078387712E-001
     219    1.3601392801178E-001    9.9996566098960E-001    1.3601859875586E-001
     220    1.3598757974195E-001    9.9996908687782E-001    1.3599178367257E-001
     221    1.3595307692577E-001    9.9997164477702E-001    1.3595693201489E-001
     222    1.3592391374233E-001    9.9997399033826E-001    1.3592744916931E-001
     223    1.3589798475979E-001    9.9997642925279E-001    1.3590118805233E-001
     224    1.3587087181239E-001    9.9997800414191E-001    1.3587386047454E-001
     225    1.3584488936845E-001    9.9997997457551E-001    1.3584760977450E-001
     226    1.3582863155136E-001    9.9998252775264E-001    1.3583100482427E-001
     227    1.3581283983019E-001    9.9998455521927E-001    1.3581493746212E-001
     228    1.3578841533069E-001    9.9998608719678E-001    1.3579030455447E-001
     229    1.3577039427159E-001    9.9998743305396E-001    1.3577210051225E-001
     230    1.3575178044515E-001    9.9998833784300E-001    1.3575336362219E-001
     231    1.3573695545842E-001    9.9998953482976E-001    1.3573837598364E-001
     232    1.3572535917253E-001    9.9999084941687E-001    1.3572660115008E-001
     233    1.3570780737712E-001    9.9999164793488E-001    1.3570894082703E-001
     234    1.3569614235713E-001    9.9999243752860E-001    1.3569716856309E-001
     235    1.3568129448736E-001    9.9999342079664E-001    1.3568218716806E-001
     236    1.3566963578036E-001    9.9999424001659E-001    1.3567041723972E-001
     237    1.3565633837067E-001    9.9999480161351E-001    1.3565704356842E-001
     238    1.3564250642905E-001    9.9999535598578E-001    1.3564313635771E-001
     239    1.3563242905662E-001    9.9999597998308E-001    1.3563297430348E-001
     240    1.3562444959605E-001    9.9999629438187E-001    1.3562495217033E-001
     241    1.3561270537555E-001    9.9999644678131E-001    1.3561318723886E-001
     242    1.3560153799523E-001    9.9999690240480E-001    1.3560195803521E-001
     243    1.3559463569481E-001    9.9999726097875E-001    1.3559500709241E-001
     244    1.3558558585908E-001    9.9999755077800E-001    1.3558591793910E-001
     245    1.3557813019362E-001    9.9999776497750E-001    1.3557843321447E-001
     246    1.3556744251508E-001    9.9999779477743E-001    1.3556774147212E-001
     247    1.3556053225884E-001    9.9999808177684E-001    1.3556079229469E-001
     248    1.3554930931742E-001    9.9999809560181E-001    1.3554956745777E-001
     249    1.3553970715720E-001    9.9999823110156E-001    1.3553994691360E-001
     250    1.3553652844229E-001    9.9999843750122E-001    1.3553674021828E-001
     251    1.3553067276215E-001    9.9999860760097E-001    1.3553086147519E-001
     252    1.3552696104468E-001    9.9999882277569E-001    1.3552712059050E-001
     253    1.3551627191423E-001    9.9999881190071E-001    1.3551643292120E-001
     254    1.3550986412818E-001    9.9999884437567E-001    1.3551002072686E-001
     255    1.3550507355273E-001    9.9999897990052E-001    1.3550521178152E-001
     256    1.3550188745421E-001    9.9999912577538E-001    1.3550200591340E-001
     257    1.3549708381278E-001    9.9999916277535E-001    1.3549719725438E-001
     258    1.3549174957652E-001    9.9999922560030E-001    1.3549185450137E-001
     259    1.3548748256191E-001    9.9999927750026E-001    1.3548758045165E-001
     260    1.3548268667947E-001    9.9999936797520E-001    1.3548277230794E-001
     261    1.3548055920248E-001    9.9999943750016E-001    1.3548063541032E-001
     262    1.3547843863465E-001    9.9999955777510E-001    1.3547849854662E-001
     263    1.3547524372735E-001    9.9999963397507E-001    1.3547529331469E-001
     264    1.3547043353507E-001    9.9999961560007E-001    1.3547048560992E-001
     265    1.3546669763470E-001    9.9999964000006E-001    1.3546674640272E-001
     266    1.3546563328856E-001    9.9999966937505E-001    1.3546567807689E-001
     267    1.3546083408700E-001    9.9999972960004E-001    1.3546087071562E-001
     268    1.3545763338013E-001    9.9999975990003E-001    1.3545766590351E-001
     269    1.3545389584394E-001    9.9999976960003E-001    1.3545392705252E-001
     270    1.3545336489719E-001    9.9999979297502E-001    1.3545339293943E-001
     271    1.3545123146334E-001    9.9999981510002E-001    1.3545125650827E-001
     272    1.3544909843918E-001    9.9999984000001E-001    1.3544912011104E-001
     273    1.3544696418918E-001    9.9999985560001E-001    1.3544698374772E-001
     274    1.3544322665137E-001    9.9999986310001E-001    1.3544324519355E-001
     275    1.3544269405369E-001    9.9999987397501E-001    1.3544271112286E-001
     276    1.3544002324819E-001    9.9999987040001E-001    1.3544004080122E-001
     277    1.3543895703066E-001    9.9999988440001E-001    1.3543897268740E-001
     278    1.3543682304649E-001    9.9999990077500E-001    1.3543683648521E-001
     279    1.3543629143915E-001    9.9999991877500E-001    1.3543630243996E-001
     280    1.3543629219759E-001    9.9999992437500E-001    1.3543630243996E-001
     281    1.3543576091739E-001    9.9999994477500E-001    1.3543576839683E-001
     282    1.3543469405646E-001    9.9999995377500E-001    1.3543470031693E-001
     283    1.3543149015559E-001    9.9999995590000E-001    1.3543149612812E-001
     284    1.3542828453659E-001    9.9999994477500E-001    1.3542829201561E-001
     285    1.3542721713907E-001    9.9999994937500E-001    1.3542722399507E-001
     286    1.3542668401566E-001    9.9999995590000E-001    1.3542668998798E-001
     287    1.3542454800859E-001    9.9999995590000E-001    1.3542455398081E-001
     288    1.3542348135508E-001    9.9999996577500E-001    1.3542348598995E-001
     289    1.3542081035882E-001    9.9999995797500E-001    1.3542081604988E-001
     290    1.3542081166224E-001    9.9999996760000E-001    1.3542081604988E-001
     291    1.3542027792098E-001    9.9999996937500E-001    1.3542028206822E-001
     292    1.3541974462194E-001    9.9999997440000E-001    1.3541974808869E-001
     293    1.3541921064454E-001    9.9999997440000E-001    1.3541921411127E-001
     294    1.3541814224922E-001    9.9999997110000E-001    1.3541814616280E-001
     295    1.3541760827817E-001    9.9999997110000E-001    1.3541761219174E-001
     296    1.3541760872505E-001    9.9999997440000E-001    1.3541761219174E-001
     297    1.3541707575483E-001    9.9999998177500E-001    1.3541707822281E-001
     298    1.3541654261745E-001    9.9999998790000E-001    1.3541654425599E-001
     299    1.3541547469019E-001    9.9999998790000E-001    1.3541547632872E-001
     300    1.3541547483576E-001    9.9999998897500E-001    1.3541547632872E-001
