       0    0.0000000000000E+000    9.9999870000000E+006    1.3000000000000E+001    0.0000000000000E+000    0.0000000000000E+000    1.3000000000000E+001
       1    0.0000000000000E+000    9.9999870000000E+006    1.3000000000000E+001    0.0000000000000E+000    0.0000000000000E+000    1.3000000000000E+001
       2    2.0000000000000E+000    9.9999850000000E+006    1.3000000000000E+001    0.0000000000000E+000    0.0000000000000E+000    1.3000000000000E+001
       3    5.0000000000000E+000    9.9999820000000E+006    1.3000000000000E+001    0.0000000000000E+000    0.0000000000000E+000    1.3000000000000E+001
       4    6.0000000000000E+000    9.9999810000000E+006    1.3000000000000E+001    0.0000000000000E+000    0.0000000000000E+000    1.3000000000000E+001
       5    1.2000000000000E+001    9.9999750000000E+006    1.3000000000000E+001   -2.0000000000000E+000    2.0000000000000E+000    1.3000000000000E+001
       6    1.5000000000000E+001    9.9999700000000E+006    1.5000000000000E+001   -2.0000000000000E+000    2.0000000000000E+000    1.5000000000000E+001
       7    1.9000000000000E+001    9.9999630000000E+006    1.8000000000000E+001   -2.0000000000000E+000    2.0000000000000E+000    1.8000000000000E+001
       8    2.3000000000000E+001    9.9999580000000E+006    1.9000000000000E+001   -2.0000000000000E+000    2.0000000000000E+000    1.9000000000000E+001
       9    2.3000000000000E+001    9.9999520000000E+006    2.5000000000000E+001   -2.0000000000000E+000    2.0000000000000E+000    2.5000000000000E+001
      10    2.2000000000000E+001    9.9999480000000E+006    3.0000000000000E+001   -2.0000000000000E+000    2.0000000000000E+000    3.0000000000000E+001
      11    2.2000000000000E+001    9.9999410000000E+006    3.7000000000000E+001   -3.0000000000000E+000    3.0000000000000E+000    3.7000000000000E+001
      12    2.7000000000000E+001    9.9999310000000E+006    4.2000000000000E+001   -3.0000000000000E+000    3.0000000000000E+000    4.2000000000000E+001
      13    3.1000000000000E+001    9.9999210000000E+006    4.8000000000000E+001   -3.0000000000000E+000    3.0000000000000E+000    4.8000000000000E+001
      14    4.2000000000000E+001    9.9999060000000E+006    5.2000000000000E+001   -4.0000000000000E+000    4.0000000000000E+000    5.2000000000000E+001
      15    5.0000000000000E+001    9.9998910000000E+006    5.9000000000000E+001   -4.0000000000000E+000    4.0000000000000E+000    5.9000000000000E+001
      16    5.2000000000000E+001    9.9998790000000E+006    6.9000000000000E+001   -4.0000000000000E+000    4.0000000000000E+000    6.9000000000000E+001
      17    6.1000000000000E+001    9.9998600000000E+006    7.9000000000000E+001   -6.0000000000000E+000    6.0000000000000E+000    7.9000000000000E+001
      18    6.7000000000000E+001    9.9998390000000E+006    8.1000000000000E+001    7.0000000000000E+000    6.0000000000000E+000    9.4000000000000E+001
      19    7.5000000000000E+001    9.9998160000000E+006    9.6000000000000E+001    7.0000000000000E+000    6.0000000000000E+000    1.0900000000000E+002
      20    8.7000000000000E+001    9.9997920000000E+006    1.0600000000000E+002    8.0000000000000E+000    7.0000000000000E+000    1.2100000000000E+002
      21    1.0600000000000E+002    9.9997540000000E+006    1.2200000000000E+002    1.1000000000000E+001    7.0000000000000E+000    1.4000000000000E+002
      22    1.3100000000000E+002    9.9997080000000E+006    1.4200000000000E+002    9.0000000000000E+000    1.0000000000000E+001    1.6100000000000E+002
      23    1.5400000000000E+002    9.9996620000000E+006    1.5900000000000E+002    1.4000000000000E+001    1.1000000000000E+001    1.8400000000000E+002
      24    1.8300000000000E+002    9.9996090000000E+006    1.7800000000000E+002    1.8000000000000E+001    1.2000000000000E+001    2.0800000000000E+002
      25    2.0400000000000E+002    9.9995500000000E+006    2.0900000000000E+002    2.1000000000000E+001    1.6000000000000E+001    2.4600000000000E+002
      26    2.1700000000000E+002    9.9994910000000E+006    2.5000000000000E+002    2.4000000000000E+001    1.8000000000000E+001    2.9200000000000E+002
      27    2.2900000000000E+002    9.9994330000000E+006    2.9000000000000E+002    2.6000000000000E+001    2.2000000000000E+001    3.3800000000000E+002
      28    2.5700000000000E+002    9.9993520000000E+006    3.3900000000000E+002    2.8000000000000E+001    2.4000000000000E+001    3.9100000000000E+002
      29    2.8400000000000E+002    9.9992660000000E+006    3.9100000000000E+002    3.2000000000000E+001    2.7000000000000E+001    4.5000000000000E+002
      30    3.2800000000000E+002    9.9991630000000E+006    4.4000000000000E+002    3.7000000000000E+001    3.2000000000000E+001    5.0900000000000E+002
      31    3.5500000000000E+002    9.9990780000000E+006    4.8800000000000E+002    3.7000000000000E+001    4.2000000000000E+001    5.6700000000000E+002
      32    3.6000000000000E+002    9.9989920000000E+006    5.5400000000000E+002    4.9000000000000E+001    4.5000000000000E+001    6.4800000000000E+002
      33    3.5000000000000E+002    9.9989160000000E+006    6.2500000000000E+002    6.1000000000000E+001    4.8000000000000E+001    7.3400000000000E+002
      34    3.4000000000000E+002    9.9988230000000E+006    7.1600000000000E+002    6.9000000000000E+001    5.2000000000000E+001    8.3700000000000E+002
      35    3.6900000000000E+002    9.9987090000000E+006    7.8200000000000E+002    8.2000000000000E+001    5.8000000000000E+001    9.2200000000000E+002
      36    3.8300000000000E+002    9.9986090000000E+006    8.4700000000000E+002    9.7000000000000E+001    6.4000000000000E+001    1.0080000000000E+003
      37    4.4800000000000E+002    9.9984680000000E+006    9.0000000000000E+002    1.1200000000000E+002    7.2000000000000E+001    1.0840000000000E+003
      38    4.8000000000000E+002    9.9983430000000E+006    9.6900000000000E+002    1.2800000000000E+002    8.0000000000000E+001    1.1770000000000E+003
      39    4.8600000000000E+002    9.9982230000000E+006    1.0450000000000E+003    1.5700000000000E+002    8.9000000000000E+001    1.2910000000000E+003
      40    6.3100000000000E+002    9.9979780000000E+006    1.0990000000000E+003    1.9300000000000E+002    9.9000000000000E+001    1.3910000000000E+003
      41    6.7400000000000E+002    9.9977940000000E+006    1.1940000000000E+003    2.3100000000000E+002    1.0700000000000E+002    1.5320000000000E+003
      42    7.1400000000000E+002    9.9976290000000E+006    1.2660000000000E+003    2.7300000000000E+002    1.1800000000000E+002    1.6570000000000E+003
      43    7.4600000000000E+002    9.9974770000000E+006    1.3270000000000E+003    3.2500000000000E+002    1.2500000000000E+002    1.7770000000000E+003
      44    7.6900000000000E+002    9.9972090000000E+006    1.5130000000000E+003    3.7100000000000E+002    1.3800000000000E+002    2.0220000000000E+003
      45    8.5500000000000E+002    9.9969390000000E+006    1.6390000000000E+003    4.1700000000000E+002    1.5000000000000E+002    2.2060000000000E+003
      46    9.6200000000000E+002    9.9966670000000E+006    1.7230000000000E+003    4.8300000000000E+002    1.6500000000000E+002    2.3710000000000E+003
      47    1.1030000000000E+003    9.9963740000000E+006    1.7890000000000E+003    5.5900000000000E+002    1.7500000000000E+002    2.5230000000000E+003
      48    1.1760000000000E+003    9.9960330000000E+006    1.9540000000000E+003    6.3700000000000E+002    2.0000000000000E+002    2.7910000000000E+003
      49    1.1490000000000E+003    9.9957900000000E+006    2.1390000000000E+003    7.0200000000000E+002    2.2000000000000E+002    3.0610000000000E+003
      50    1.1090000000000E+003    9.9955580000000E+006    2.3250000000000E+003    7.7200000000000E+002    2.3600000000000E+002    3.3330000000000E+003
      51    1.2150000000000E+003    9.9951590000000E+006    2.5420000000000E+003    8.3200000000000E+002    2.5200000000000E+002    3.6260000000000E+003
      52    1.2420000000000E+003    9.9947910000000E+006    2.7900000000000E+003    8.9600000000000E+002    2.8100000000000E+002    3.9670000000000E+003
      53    1.3290000000000E+003    9.9944610000000E+006    2.9190000000000E+003    9.8900000000000E+002    3.0200000000000E+002    4.2100000000000E+003
      54    1.4190000000000E+003    9.9941390000000E+006    3.0510000000000E+003    1.0550000000000E+003    3.3600000000000E+002    4.4420000000000E+003
      55    1.3240000000000E+003    9.9938350000000E+006    3.3090000000000E+003    1.1670000000000E+003    3.6500000000000E+002    4.8410000000000E+003
      56    1.2220000000000E+003    9.9935690000000E+006    3.5520000000000E+003    1.2560000000000E+003    4.0100000000000E+002    5.2090000000000E+003
      57    1.1700000000000E+003    9.9932910000000E+006    3.7620000000000E+003    1.3510000000000E+003    4.2600000000000E+002    5.5390000000000E+003
      58    1.3230000000000E+003    9.9928160000000E+006    3.8390000000000E+003    1.5710000000000E+003    4.5100000000000E+002    5.8610000000000E+003
      59    1.3830000000000E+003    9.9924520000000E+006    3.9590000000000E+003    1.7230000000000E+003    4.8300000000000E+002    6.1650000000000E+003
      60    1.5040000000000E+003    9.9920650000000E+006    4.0600000000000E+003    1.8580000000000E+003    5.1300000000000E+002    6.4310000000000E+003
      61    1.6490000000000E+003    9.9916420000000E+006    4.1860000000000E+003    1.9890000000000E+003    5.3400000000000E+002    6.7090000000000E+003
      62    1.5770000000000E+003    9.9912390000000E+006    4.3930000000000E+003    2.2260000000000E+003    5.6500000000000E+002    7.1840000000000E+003
      63    1.5220000000000E+003    9.9909300000000E+006    4.4870000000000E+003    2.4690000000000E+003    5.9200000000000E+002    7.5480000000000E+003
      64    1.4480000000000E+003    9.9906170000000E+006    4.6020000000000E+003    2.7170000000000E+003    6.1600000000000E+002    7.9350000000000E+003
      65    1.6420000000000E+003    9.9900000000000E+006    4.7320000000000E+003    2.9840000000000E+003    6.4200000000000E+002    8.3580000000000E+003
      66    1.7990000000000E+003    9.9894400000000E+006    4.7940000000000E+003    3.2830000000000E+003    6.8400000000000E+002    8.7610000000000E+003
      67    2.0420000000000E+003    9.9888880000000E+006    4.8600000000000E+003    3.4920000000000E+003    7.1800000000000E+002    9.0700000000000E+003
      68    2.2700000000000E+003    9.9883470000000E+006    4.9410000000000E+003    3.6750000000000E+003    7.6700000000000E+002    9.3830000000000E+003
      69    2.3140000000000E+003    9.9876860000000E+006    5.1590000000000E+003    4.0310000000000E+003    8.1000000000000E+002    1.0000000000000E+004
      70    2.1380000000000E+003    9.9873020000000E+006    5.3510000000000E+003    4.3580000000000E+003    8.5100000000000E+002    1.0560000000000E+004
      71    1.8860000000000E+003    9.9870020000000E+006    5.5730000000000E+003    4.6560000000000E+003    8.8300000000000E+002    1.1112000000000E+004
      72    2.0620000000000E+003    9.9862850000000E+006    5.7920000000000E+003    4.9490000000000E+003    9.1200000000000E+002    1.1653000000000E+004
      73    1.9740000000000E+003    9.9857120000000E+006    6.1490000000000E+003    5.2000000000000E+003    9.6500000000000E+002    1.2314000000000E+004
      74    2.2440000000000E+003    9.9850580000000E+006    6.2670000000000E+003    5.4050000000000E+003    1.0260000000000E+003    1.2698000000000E+004
      75    2.5940000000000E+003    9.9844080000000E+006    6.2890000000000E+003    5.6310000000000E+003    1.0780000000000E+003    1.2998000000000E+004
      76    2.6130000000000E+003    9.9836720000000E+006    6.5310000000000E+003    6.0490000000000E+003    1.1350000000000E+003    1.3715000000000E+004
      77    2.3950000000000E+003    9.9833170000000E+006    6.7400000000000E+003    6.3380000000000E+003    1.2100000000000E+003    1.4288000000000E+004
      78    2.1230000000000E+003    9.9829350000000E+006    7.0070000000000E+003    6.6880000000000E+003    1.2470000000000E+003    1.4942000000000E+004
      79    2.2360000000000E+003    9.9821720000000E+006    7.2340000000000E+003    7.0790000000000E+003    1.2790000000000E+003    1.5592000000000E+004
      80    2.1680000000000E+003    9.9815040000000E+006    7.5670000000000E+003    7.4270000000000E+003    1.3340000000000E+003    1.6328000000000E+004
      81    2.4620000000000E+003    9.9808550000000E+006    7.6130000000000E+003    7.6820000000000E+003    1.3880000000000E+003    1.6683000000000E+004
      82    2.7600000000000E+003    9.9801750000000E+006    7.6820000000000E+003    7.9310000000000E+003    1.4520000000000E+003    1.7065000000000E+004
      83    2.6480000000000E+003    9.9795240000000E+006    7.8280000000000E+003    8.4840000000000E+003    1.5160000000000E+003    1.7828000000000E+004
      84    2.4230000000000E+003    9.9790810000000E+006    7.9360000000000E+003    8.9760000000000E+003    1.5840000000000E+003    1.8496000000000E+004
      85    2.1040000000000E+003    9.9787510000000E+006    8.0330000000000E+003    9.4830000000000E+003    1.6290000000000E+003    1.9145000000000E+004
      86    2.2190000000000E+003    9.9779560000000E+006    8.1720000000000E+003    9.9880000000000E+003    1.6650000000000E+003    1.9825000000000E+004
      87    2.3520000000000E+003    9.9771720000000E+006    8.1620000000000E+003    1.0565000000000E+004    1.7490000000000E+003    2.0476000000000E+004
      88    2.7550000000000E+003    9.9763260000000E+006    8.2210000000000E+003    1.0889000000000E+004    1.8090000000000E+003    2.0919000000000E+004
      89    3.1870000000000E+003    9.9755640000000E+006    8.2510000000000E+003    1.1127000000000E+004    1.8710000000000E+003    2.1249000000000E+004
      90    3.1270000000000E+003    9.9748290000000E+006    8.3290000000000E+003    1.1781000000000E+004    1.9340000000000E+003    2.2044000000000E+004
      91    2.7630000000000E+003    9.9744090000000E+006    8.5400000000000E+003    1.2290000000000E+004    1.9980000000000E+003    2.2828000000000E+004
      92    2.3390000000000E+003    9.9739870000000E+006    8.7320000000000E+003    1.2890000000000E+004    2.0520000000000E+003    2.3674000000000E+004
      93    2.5530000000000E+003    9.9730110000000E+006    8.8440000000000E+003    1.3510000000000E+004    2.0820000000000E+003    2.4436000000000E+004
      94    2.7180000000000E+003    9.9721110000000E+006    8.8430000000000E+003    1.4169000000000E+004    2.1590000000000E+003    2.5171000000000E+004
      95    3.1370000000000E+003    9.9712720000000E+006    8.9080000000000E+003    1.4444000000000E+004    2.2390000000000E+003    2.5591000000000E+004
      96    3.4140000000000E+003    9.9705730000000E+006    8.9480000000000E+003    1.4724000000000E+004    2.3410000000000E+003    2.6013000000000E+004
      97    3.0990000000000E+003    9.9699120000000E+006    9.1610000000000E+003    1.5406000000000E+004    2.4220000000000E+003    2.6989000000000E+004
      98    2.5550000000000E+003    9.9695560000000E+006    9.3930000000000E+003    1.5997000000000E+004    2.4990000000000E+003    2.7889000000000E+004
      99    2.1230000000000E+003    9.9691490000000E+006    9.5830000000000E+003    1.6599000000000E+004    2.5460000000000E+003    2.8728000000000E+004
     100    2.2440000000000E+003    9.9683290000000E+006    9.6020000000000E+003    1.7230000000000E+004    2.5950000000000E+003    2.9427000000000E+004
     101    2.3530000000000E+003    9.9675590000000E+006    9.6120000000000E+003    1.7786000000000E+004    2.6900000000000E+003    3.0088000000000E+004
     102    2.6840000000000E+003    9.9668720000000E+006    9.5250000000000E+003    1.8130000000000E+004    2.7890000000000E+003    3.0444000000000E+004
     103    2.9360000000000E+003    9.9662130000000E+006    9.6020000000000E+003    1.8376000000000E+004    2.8730000000000E+003    3.0851000000000E+004
     104    2.8500000000000E+003    9.9654790000000E+006    9.6270000000000E+003    1.9096000000000E+004    2.9480000000000E+003    3.1671000000000E+004
     105    2.4740000000000E+003    9.9650850000000E+006    9.6130000000000E+003    1.9820000000000E+004    3.0080000000000E+003    3.2441000000000E+004
     106    2.0600000000000E+003    9.9648120000000E+006    9.4540000000000E+003    2.0626000000000E+004    3.0480000000000E+003    3.3128000000000E+004
     107    2.0920000000000E+003    9.9641210000000E+006    9.3510000000000E+003    2.1353000000000E+004    3.0830000000000E+003    3.3787000000000E+004
     108    1.9400000000000E+003    9.9635390000000E+006    9.3500000000000E+003    2.1988000000000E+004    3.1830000000000E+003    3.4521000000000E+004
     109    2.1580000000000E+003    9.9629270000000E+006    9.3240000000000E+003    2.2333000000000E+004    3.2580000000000E+003    3.4915000000000E+004
     110    2.4520000000000E+003    9.9623600000000E+006    9.1750000000000E+003    2.2683000000000E+004    3.3300000000000E+003    3.5188000000000E+004
     111    2.3990000000000E+003    9.9617220000000E+006    8.8900000000000E+003    2.3591000000000E+004    3.3980000000000E+003    3.5879000000000E+004
     112    2.1250000000000E+003    9.9614140000000E+006    8.5720000000000E+003    2.4414000000000E+004    3.4750000000000E+003    3.6461000000000E+004
     113    1.8220000000000E+003    9.9611050000000E+006    8.3450000000000E+003    2.5215000000000E+004    3.5130000000000E+003    3.7073000000000E+004
     114    1.9840000000000E+003    9.9603760000000E+006    8.2130000000000E+003    2.5890000000000E+004    3.5370000000000E+003    3.7640000000000E+004
     115    1.9330000000000E+003    9.9597890000000E+006    8.1900000000000E+003    2.6490000000000E+004    3.5980000000000E+003    3.8278000000000E+004
     116    2.4000000000000E+003    9.9590140000000E+006    8.1420000000000E+003    2.6797000000000E+004    3.6470000000000E+003    3.8586000000000E+004
     117    2.7640000000000E+003    9.9583410000000E+006    8.0440000000000E+003    2.7137000000000E+004    3.7140000000000E+003    3.8895000000000E+004
     118    2.6600000000000E+003    9.9577160000000E+006    7.9530000000000E+003    2.7909000000000E+004    3.7620000000000E+003    3.9624000000000E+004
     119    2.3950000000000E+003    9.9573940000000E+006    7.7700000000000E+003    2.8610000000000E+004    3.8310000000000E+003    4.0211000000000E+004
     120    1.8630000000000E+003    9.9571510000000E+006    7.8580000000000E+003    2.9262000000000E+004    3.8660000000000E+003    4.0986000000000E+004
     121    1.8460000000000E+003    9.9564950000000E+006    7.8720000000000E+003    2.9890000000000E+004    3.8970000000000E+003    4.1659000000000E+004
     122    1.8080000000000E+003    9.9559080000000E+006    7.7630000000000E+003    3.0549000000000E+004    3.9720000000000E+003    4.2284000000000E+004
     123    2.0660000000000E+003    9.9553280000000E+006    7.6910000000000E+003    3.0885000000000E+004    4.0300000000000E+003    4.2606000000000E+004
     124    2.3000000000000E+003    9.9548510000000E+006    7.6610000000000E+003    3.1083000000000E+004    4.1050000000000E+003    4.2849000000000E+004
     125    2.2960000000000E+003    9.9541990000000E+006    7.6260000000000E+003    3.1707000000000E+004    4.1720000000000E+003    4.3505000000000E+004
     126    1.9700000000000E+003    9.9539380000000E+006    7.6310000000000E+003    3.2225000000000E+004    4.2360000000000E+003    4.4092000000000E+004
     127    1.6180000000000E+003    9.9537100000000E+006    7.5990000000000E+003    3.2795000000000E+004    4.2780000000000E+003    4.4672000000000E+004
     128    1.8100000000000E+003    9.9530410000000E+006    7.5090000000000E+003    3.3334000000000E+004    4.3060000000000E+003    4.5149000000000E+004
     129    1.7650000000000E+003    9.9524340000000E+006    7.5230000000000E+003    3.3903000000000E+004    4.3750000000000E+003    4.5801000000000E+004
     130    2.2660000000000E+003    9.9516720000000E+006    7.4760000000000E+003    3.4166000000000E+004    4.4200000000000E+003    4.6062000000000E+004
     131    2.6440000000000E+003    9.9510660000000E+006    7.3950000000000E+003    3.4416000000000E+004    4.4790000000000E+003    4.6290000000000E+004
     132    2.5940000000000E+003    9.9504470000000E+006    7.3350000000000E+003    3.5088000000000E+004    4.5360000000000E+003    4.6959000000000E+004
     133    2.2740000000000E+003    9.9501600000000E+006    7.3550000000000E+003    3.5610000000000E+004    4.6010000000000E+003    4.7566000000000E+004
     134    1.7830000000000E+003    9.9498890000000E+006    7.3420000000000E+003    3.6359000000000E+004    4.6270000000000E+003    4.8328000000000E+004
     135    1.9640000000000E+003    9.9491020000000E+006    7.2750000000000E+003    3.7003000000000E+004    4.6560000000000E+003    4.8934000000000E+004
     136    2.0750000000000E+003    9.9483720000000E+006    7.2690000000000E+003    3.7570000000000E+004    4.7140000000000E+003    4.9553000000000E+004
     137    2.5220000000000E+003    9.9476380000000E+006    7.2340000000000E+003    3.7829000000000E+004    4.7770000000000E+003    4.9840000000000E+004
     138    2.8010000000000E+003    9.9470880000000E+006    7.2620000000000E+003    3.7999000000000E+004    4.8500000000000E+003    5.0111000000000E+004
     139    2.6050000000000E+003    9.9464970000000E+006    7.3930000000000E+003    3.8594000000000E+004    4.9110000000000E+003    5.0898000000000E+004
     140    2.1420000000000E+003    9.9462300000000E+006    7.5360000000000E+003    3.9138000000000E+004    4.9540000000000E+003    5.1628000000000E+004
     141    1.6100000000000E+003    9.9460280000000E+006    7.6900000000000E+003    3.9691000000000E+004    4.9810000000000E+003    5.2362000000000E+004
     142    1.7490000000000E+003    9.9453390000000E+006    7.7630000000000E+003    4.0143000000000E+004    5.0060000000000E+003    5.2912000000000E+004
     143    1.7290000000000E+003    9.9447680000000E+006    7.7020000000000E+003    4.0717000000000E+004    5.0840000000000E+003    5.3503000000000E+004
     144    2.1060000000000E+003    9.9441240000000E+006    7.7080000000000E+003    4.0904000000000E+004    5.1580000000000E+003    5.3770000000000E+004
     145    2.4500000000000E+003    9.9435780000000E+006    7.6820000000000E+003    4.1057000000000E+004    5.2330000000000E+003    5.3972000000000E+004
     146    2.3120000000000E+003    9.9430270000000E+006    7.7020000000000E+003    4.1666000000000E+004    5.2930000000000E+003    5.4661000000000E+004
     147    2.0730000000000E+003    9.9426950000000E+006    7.6660000000000E+003    4.2208000000000E+004    5.3580000000000E+003    5.5232000000000E+004
     148    1.6330000000000E+003    9.9424910000000E+006    7.5480000000000E+003    4.2951000000000E+004    5.3770000000000E+003    5.5876000000000E+004
     149    1.7490000000000E+003    9.9418290000000E+006    7.4880000000000E+003    4.3544000000000E+004    5.3900000000000E+003    5.6422000000000E+004
     150    1.8090000000000E+003    9.9412180000000E+006    7.4200000000000E+003    4.4087000000000E+004    5.4660000000000E+003    5.6973000000000E+004
     151    2.1490000000000E+003    9.9405460000000E+006    7.4650000000000E+003    4.4318000000000E+004    5.5220000000000E+003    5.7305000000000E+004
     152    2.4490000000000E+003    9.9400420000000E+006    7.3980000000000E+003    4.4514000000000E+004    5.5970000000000E+003    5.7509000000000E+004
     153    2.3970000000000E+003    9.9394320000000E+006    7.2730000000000E+003    4.5251000000000E+004    5.6470000000000E+003    5.8171000000000E+004
     154    2.0570000000000E+003    9.9391610000000E+006    7.1540000000000E+003    4.5926000000000E+004    5.7020000000000E+003    5.8782000000000E+004
     155    1.5850000000000E+003    9.9389610000000E+006    7.0920000000000E+003    4.6626000000000E+004    5.7360000000000E+003    5.9454000000000E+004
     156    1.7500000000000E+003    9.9382920000000E+006    7.0460000000000E+003    4.7150000000000E+004    5.7620000000000E+003    5.9958000000000E+004
     157    1.6970000000000E+003    9.9377350000000E+006    7.0650000000000E+003    4.7671000000000E+004    5.8320000000000E+003    6.0568000000000E+004
     158    1.9950000000000E+003    9.9371660000000E+006    7.0690000000000E+003    4.7869000000000E+004    5.9010000000000E+003    6.0839000000000E+004
     159    2.3640000000000E+003    9.9365970000000E+006    7.0670000000000E+003    4.8013000000000E+004    5.9590000000000E+003    6.1039000000000E+004
     160    2.2100000000000E+003    9.9360820000000E+006    7.0470000000000E+003    4.8648000000000E+004    6.0130000000000E+003    6.1708000000000E+004
     161    1.8950000000000E+003    9.9358400000000E+006    7.0330000000000E+003    4.9154000000000E+004    6.0780000000000E+003    6.2265000000000E+004
     162    1.4990000000000E+003    9.9356670000000E+006    6.9580000000000E+003    4.9781000000000E+004    6.0950000000000E+003    6.2834000000000E+004
     163    1.5590000000000E+003    9.9350380000000E+006    6.9810000000000E+003    5.0309000000000E+004    6.1130000000000E+003    6.3403000000000E+004
     164    1.6300000000000E+003    9.9344520000000E+006    6.9450000000000E+003    5.0791000000000E+004    6.1820000000000E+003    6.3918000000000E+004
     165    1.8760000000000E+003    9.9339640000000E+006    6.8550000000000E+003    5.1067000000000E+004    6.2380000000000E+003    6.4160000000000E+004
     166    2.2160000000000E+003    9.9334510000000E+006    6.8240000000000E+003    5.1203000000000E+004    6.3060000000000E+003    6.4333000000000E+004
     167    2.1690000000000E+003    9.9328690000000E+006    6.7910000000000E+003    5.1808000000000E+004    6.3630000000000E+003    6.4962000000000E+004
     168    1.7940000000000E+003    9.9326580000000E+006    6.7660000000000E+003    5.2365000000000E+004    6.4170000000000E+003    6.5548000000000E+004
     169    1.5110000000000E+003    9.9324530000000E+006    6.5820000000000E+003    5.3018000000000E+004    6.4360000000000E+003    6.6036000000000E+004
     170    1.5960000000000E+003    9.9318550000000E+006    6.5910000000000E+003    5.3502000000000E+004    6.4560000000000E+003    6.6549000000000E+004
     171    1.6110000000000E+003    9.9312580000000E+006    6.5630000000000E+003    5.4058000000000E+004    6.5100000000000E+003    6.7131000000000E+004
     172    1.9030000000000E+003    9.9307550000000E+006    6.5030000000000E+003    5.4282000000000E+004    6.5570000000000E+003    6.7342000000000E+004
     173    2.3300000000000E+003    9.9301230000000E+006    6.5080000000000E+003    5.4433000000000E+004    6.6060000000000E+003    6.7547000000000E+004
     174    2.2790000000000E+003    9.9295760000000E+006    6.4370000000000E+003    5.5053000000000E+004    6.6550000000000E+003    6.8145000000000E+004
     175    1.8880000000000E+003    9.9293700000000E+006    6.4770000000000E+003    5.5562000000000E+004    6.7030000000000E+003    6.8742000000000E+004
     176    1.5420000000000E+003    9.9292130000000E+006    6.4110000000000E+003    5.6114000000000E+004    6.7200000000000E+003    6.9245000000000E+004
     177    1.5990000000000E+003    9.9285240000000E+006    6.4740000000000E+003    5.6656000000000E+004    6.7470000000000E+003    6.9877000000000E+004
     178    1.6060000000000E+003    9.9279700000000E+006    6.5060000000000E+003    5.7112000000000E+004    6.8060000000000E+003    7.0424000000000E+004
     179    2.0620000000000E+003    9.9273080000000E+006    6.4700000000000E+003    5.7287000000000E+004    6.8730000000000E+003    7.0630000000000E+004
     180    2.4870000000000E+003    9.9267260000000E+006    6.4540000000000E+003    5.7403000000000E+004    6.9300000000000E+003    7.0787000000000E+004
     181    2.3390000000000E+003    9.9261850000000E+006    6.5140000000000E+003    5.7970000000000E+004    6.9920000000000E+003    7.1476000000000E+004
     182    2.0360000000000E+003    9.9259340000000E+006    6.4820000000000E+003    5.8496000000000E+004    7.0520000000000E+003    7.2030000000000E+004
     183    1.5410000000000E+003    9.9257670000000E+006    6.6560000000000E+003    5.8969000000000E+004    7.0670000000000E+003    7.2692000000000E+004
     184    1.6080000000000E+003    9.9251180000000E+006    6.7250000000000E+003    5.9468000000000E+004    7.0810000000000E+003    7.3274000000000E+004
     185    1.7620000000000E+003    9.9244230000000E+006    6.6840000000000E+003    5.9972000000000E+004    7.1590000000000E+003    7.3815000000000E+004
     186    2.0390000000000E+003    9.9238950000000E+006    6.7240000000000E+003    6.0135000000000E+004    7.2070000000000E+003    7.4066000000000E+004
     187    2.5050000000000E+003    9.9232620000000E+006    6.6860000000000E+003    6.0278000000000E+004    7.2690000000000E+003    7.4233000000000E+004
     188    2.4010000000000E+003    9.9227170000000E+006    6.7370000000000E+003    6.0803000000000E+004    7.3420000000000E+003    7.4882000000000E+004
     189    1.9050000000000E+003    9.9225180000000E+006    6.8350000000000E+003    6.1340000000000E+004    7.4020000000000E+003    7.5577000000000E+004
     190    1.5440000000000E+003    9.9223510000000E+006    6.8600000000000E+003    6.1805000000000E+004    7.4400000000000E+003    7.6105000000000E+004
     191    1.5810000000000E+003    9.9216810000000E+006    6.8610000000000E+003    6.2423000000000E+004    7.4540000000000E+003    7.6738000000000E+004
     192    1.4110000000000E+003    9.9213060000000E+006    6.8590000000000E+003    6.2895000000000E+004    7.5290000000000E+003    7.7283000000000E+004
     193    1.4030000000000E+003    9.9211150000000E+006    6.8520000000000E+003    6.3030000000000E+004    7.6000000000000E+003    7.7482000000000E+004
     194    1.8680000000000E+003    9.9204830000000E+006    6.8620000000000E+003    6.3128000000000E+004    7.6590000000000E+003    7.7649000000000E+004
     195    1.7510000000000E+003    9.9199300000000E+006    6.8430000000000E+003    6.3732000000000E+004    7.7440000000000E+003    7.8319000000000E+004
     196    1.6130000000000E+003    9.9196930000000E+006    6.6640000000000E+003    6.4233000000000E+004    7.7970000000000E+003    7.8694000000000E+004
     197    1.6240000000000E+003    9.9194910000000E+006    6.1930000000000E+003    6.4873000000000E+004    7.8190000000000E+003    7.8885000000000E+004
     198    1.6440000000000E+003    9.9188390000000E+006    6.2430000000000E+003    6.5432000000000E+004    7.8420000000000E+003    7.9517000000000E+004
     199    1.5970000000000E+003    9.9183330000000E+006    6.2550000000000E+003    6.5901000000000E+004    7.9140000000000E+003    8.0070000000000E+004
     200    1.9110000000000E+003    9.9177820000000E+006    6.2410000000000E+003    6.6115000000000E+004    7.9510000000000E+003    8.0307000000000E+004
     201    2.1870000000000E+003    9.9173040000000E+006    6.2760000000000E+003    6.6261000000000E+004    7.9720000000000E+003    8.0509000000000E+004
     202    2.0600000000000E+003    9.9167790000000E+006    6.2790000000000E+003    6.6854000000000E+004    8.0280000000000E+003    8.1161000000000E+004
     203    1.7590000000000E+003    9.9165740000000E+006    6.0900000000000E+003    6.7491000000000E+004    8.0860000000000E+003    8.1667000000000E+004
     204    1.3660000000000E+003    9.9164160000000E+006    6.1130000000000E+003    6.7997000000000E+004    8.1080000000000E+003    8.2218000000000E+004
     205    1.4130000000000E+003    9.9158910000000E+006    5.9580000000000E+003    6.8616000000000E+004    8.1220000000000E+003    8.2696000000000E+004
     206    1.4020000000000E+003    9.9153770000000E+006    5.9380000000000E+003    6.9098000000000E+004    8.1850000000000E+003    8.3221000000000E+004
     207    1.6670000000000E+003    9.9149070000000E+006    5.9440000000000E+003    6.9241000000000E+004    8.2410000000000E+003    8.3426000000000E+004
     208    2.0000000000000E+003    9.9144160000000E+006    5.9350000000000E+003    6.9360000000000E+004    8.2890000000000E+003    8.3584000000000E+004
     209    1.8960000000000E+003    9.9139950000000E+006    5.7900000000000E+003    6.9990000000000E+004    8.3290000000000E+003    8.4109000000000E+004
     210    1.5620000000000E+003    9.9138150000000E+006    5.9290000000000E+003    7.0329000000000E+004    8.3650000000000E+003    8.4623000000000E+004
     211    1.2440000000000E+003    9.9136630000000E+006    6.2080000000000E+003    7.0499000000000E+004    8.3860000000000E+003    8.5093000000000E+004
     212    1.1330000000000E+003    9.9132830000000E+006    6.0670000000000E+003    7.1117000000000E+004    8.4000000000000E+003    8.5584000000000E+004
     213    1.1060000000000E+003    9.9128890000000E+006    5.9350000000000E+003    7.1608000000000E+004    8.4620000000000E+003    8.6005000000000E+004
     214    1.3600000000000E+003    9.9124550000000E+006    5.8780000000000E+003    7.1800000000000E+004    8.5070000000000E+003    8.6185000000000E+004
     215    1.5650000000000E+003    9.9120980000000E+006    5.8280000000000E+003    7.1965000000000E+004    8.5440000000000E+003    8.6337000000000E+004
     216    1.5240000000000E+003    9.9117590000000E+006    5.5560000000000E+003    7.2562000000000E+004    8.5990000000000E+003    8.6717000000000E+004
     217    1.3130000000000E+003    9.9115760000000E+006    5.4440000000000E+003    7.3026000000000E+004    8.6410000000000E+003    8.7111000000000E+004
     218    1.0180000000000E+003    9.9114370000000E+006    5.3270000000000E+003    7.3551000000000E+004    8.6670000000000E+003    8.7545000000000E+004
     219    1.1020000000000E+003    9.9109960000000E+006    5.2060000000000E+003    7.4013000000000E+004    8.6830000000000E+003    8.7902000000000E+004
     220    1.2040000000000E+003    9.9105550000000E+006    5.0200000000000E+003    7.4496000000000E+004    8.7250000000000E+003    8.8241000000000E+004
     221    1.3840000000000E+003    9.9101920000000E+006    4.9980000000000E+003    7.4660000000000E+004    8.7660000000000E+003    8.8424000000000E+004
     222    1.6310000000000E+003    9.9098060000000E+006    4.9790000000000E+003    7.4767000000000E+004    8.8170000000000E+003    8.8563000000000E+004
     223    1.6080000000000E+003    9.9093880000000E+006    4.8950000000000E+003    7.5261000000000E+004    8.8480000000000E+003    8.9004000000000E+004
     224    1.3580000000000E+003    9.9091970000000E+006    4.8220000000000E+003    7.5734000000000E+004    8.8890000000000E+003    8.9445000000000E+004
     225    1.1450000000000E+003    9.9090470000000E+006    4.7150000000000E+003    7.6191000000000E+004    8.9020000000000E+003    8.9808000000000E+004
     226    1.2410000000000E+003    9.9085650000000E+006    4.6100000000000E+003    7.6664000000000E+004    8.9200000000000E+003    9.0194000000000E+004
     227    1.3300000000000E+003    9.9080580000000E+006    4.6070000000000E+003    7.7047000000000E+004    8.9580000000000E+003    9.0612000000000E+004
     228    1.5480000000000E+003    9.9076490000000E+006    4.6180000000000E+003    7.7176000000000E+004    9.0090000000000E+003    9.0803000000000E+004
     229    1.8580000000000E+003    9.9071890000000E+006    4.6160000000000E+003    7.7303000000000E+004    9.0340000000000E+003    9.0953000000000E+004
     230    1.8550000000000E+003    9.9067100000000E+006    4.7180000000000E+003    7.7652000000000E+004    9.0650000000000E+003    9.1435000000000E+004
     231    1.5240000000000E+003    9.9065340000000E+006    4.8310000000000E+003    7.8006000000000E+004    9.1050000000000E+003    9.1942000000000E+004
     232    1.2630000000000E+003    9.9063860000000E+006    4.8060000000000E+003    7.8420000000000E+004    9.1250000000000E+003    9.2351000000000E+004
     233    1.3190000000000E+003    9.9058700000000E+006    4.9090000000000E+003    7.8764000000000E+004    9.1380000000000E+003    9.2811000000000E+004
     234    1.3670000000000E+003    9.9053430000000E+006    5.0490000000000E+003    7.9066000000000E+004    9.1750000000000E+003    9.3290000000000E+004
     235    1.6950000000000E+003    9.9048390000000E+006    5.0420000000000E+003    7.9205000000000E+004    9.2190000000000E+003    9.3466000000000E+004
     236    2.0110000000000E+003    9.9043750000000E+006    5.0510000000000E+003    7.9306000000000E+004    9.2570000000000E+003    9.3614000000000E+004
     237    1.9630000000000E+003    9.9039070000000E+006    5.1260000000000E+003    7.9704000000000E+004    9.3000000000000E+003    9.4130000000000E+004
     238    1.6360000000000E+003    9.9037070000000E+006    5.2120000000000E+003    8.0102000000000E+004    9.3430000000000E+003    9.4657000000000E+004
     239    1.3260000000000E+003    9.9035130000000E+006    5.3530000000000E+003    8.0445000000000E+004    9.3630000000000E+003    9.5161000000000E+004
     240    1.1940000000000E+003    9.9031810000000E+006    5.4310000000000E+003    8.0811000000000E+004    9.3830000000000E+003    9.5625000000000E+004
     241    1.2750000000000E+003    9.9026320000000E+006    5.4810000000000E+003    8.1188000000000E+004    9.4240000000000E+003    9.6093000000000E+004
     242    1.5400000000000E+003    9.9021670000000E+006    5.4900000000000E+003    8.1317000000000E+004    9.4860000000000E+003    9.6293000000000E+004
     243    1.8020000000000E+003    9.9017110000000E+006    5.5340000000000E+003    8.1408000000000E+004    9.5450000000000E+003    9.6487000000000E+004
     244    1.9420000000000E+003    9.9012390000000E+006    5.3840000000000E+003    8.1852000000000E+004    9.5830000000000E+003    9.6819000000000E+004
     245    1.6420000000000E+003    9.9009900000000E+006    5.4260000000000E+003    8.2316000000000E+004    9.6260000000000E+003    9.7368000000000E+004
     246    1.3870000000000E+003    9.9007800000000E+006    5.4820000000000E+003    8.2706000000000E+004    9.6450000000000E+003    9.7833000000000E+004
     247    1.5560000000000E+003    9.9001550000000E+006    5.4780000000000E+003    8.3146000000000E+004    9.6650000000000E+003    9.8289000000000E+004
     248    1.7420000000000E+003    9.8994970000000E+006    5.4710000000000E+003    8.3593000000000E+004    9.6970000000000E+003    9.8761000000000E+004
     249    2.1490000000000E+003    9.8988410000000E+006    5.5440000000000E+003    8.3721000000000E+004    9.7450000000000E+003    9.9010000000000E+004
     250    2.4670000000000E+003    9.8983130000000E+006    5.6060000000000E+003    8.3828000000000E+004    9.7860000000000E+003    9.9220000000000E+004
     251    2.3470000000000E+003    9.8978080000000E+006    5.7150000000000E+003    8.4303000000000E+004    9.8270000000000E+003    9.9845000000000E+004
     252    1.9560000000000E+003    9.8975410000000E+006    5.8460000000000E+003    8.4801000000000E+004    9.8560000000000E+003    1.0050300000000E+005
     253    1.5070000000000E+003    9.8973340000000E+006    5.9980000000000E+003    8.5286000000000E+004    9.8750000000000E+003    1.0115900000000E+005
     254    1.2200000000000E+003    9.8970930000000E+006    6.0620000000000E+003    8.5731000000000E+004    9.8940000000000E+003    1.0168700000000E+005
     255    1.4860000000000E+003    9.8963220000000E+006    6.0990000000000E+003    8.6138000000000E+004    9.9550000000000E+003    1.0219200000000E+005
     256    1.8930000000000E+003    9.8956480000000E+006    6.1660000000000E+003    8.6270000000000E+004    1.0023000000000E+004    1.0245900000000E+005
     257    2.2450000000000E+003    9.8950890000000E+006    6.1790000000000E+003    8.6389000000000E+004    1.0098000000000E+004    1.0266600000000E+005
     258    2.6550000000000E+003    9.8944380000000E+006    6.0880000000000E+003    8.6663000000000E+004    1.0156000000000E+004    1.0290700000000E+005
     259    2.1750000000000E+003    9.8941470000000E+006    6.3100000000000E+003    8.7165000000000E+004    1.0203000000000E+004    1.0367800000000E+005
     260    1.7450000000000E+003    9.8939030000000E+006    6.5190000000000E+003    8.7607000000000E+004    1.0226000000000E+004    1.0435200000000E+005
     261    1.9820000000000E+003    9.8931070000000E+006    6.6220000000000E+003    8.8043000000000E+004    1.0246000000000E+004    1.0491100000000E+005
     262    2.1340000000000E+003    9.8923040000000E+006    6.8010000000000E+003    8.8487000000000E+004    1.0274000000000E+004    1.0556200000000E+005
     263    2.6300000000000E+003    9.8915170000000E+006    6.8430000000000E+003    8.8658000000000E+004    1.0352000000000E+004    1.0585300000000E+005
     264    3.1910000000000E+003    9.8907120000000E+006    6.8770000000000E+003    8.8804000000000E+004    1.0416000000000E+004    1.0609700000000E+005
     265    3.2480000000000E+003    9.8898590000000E+006    7.0480000000000E+003    8.9371000000000E+004    1.0474000000000E+004    1.0689300000000E+005
     266    2.8590000000000E+003    9.8894450000000E+006    7.1930000000000E+003    8.9964000000000E+004    1.0539000000000E+004    1.0769600000000E+005
     267    2.3880000000000E+003    9.8891290000000E+006    7.3240000000000E+003    9.0580000000000E+004    1.0579000000000E+004    1.0848300000000E+005
     268    2.4950000000000E+003    9.8882170000000E+006    7.6010000000000E+003    9.1081000000000E+004    1.0606000000000E+004    1.0928800000000E+005
     269    2.6490000000000E+003    9.8872100000000E+006    7.9490000000000E+003    9.1512000000000E+004    1.0680000000000E+004    1.1014100000000E+005
     270    3.3250000000000E+003    9.8861200000000E+006    8.0960000000000E+003    9.1693000000000E+004    1.0766000000000E+004    1.1055500000000E+005
     271    4.1020000000000E+003    9.8850270000000E+006    8.2050000000000E+003    9.1815000000000E+004    1.0851000000000E+004    1.1087100000000E+005
     272    4.3690000000000E+003    9.8838480000000E+006    8.8760000000000E+003    9.1967000000000E+004    1.0940000000000E+004    1.1178300000000E+005
     273    3.9470000000000E+003    9.8832630000000E+006    9.1120000000000E+003    9.2657000000000E+004    1.1021000000000E+004    1.1279000000000E+005
     274    3.2110000000000E+003    9.8829090000000E+006    9.5280000000000E+003    9.3294000000000E+004    1.1058000000000E+004    1.1388000000000E+005
     275    3.6050000000000E+003    9.8814220000000E+006    1.0062000000000E+004    9.3817000000000E+004    1.1094000000000E+004    1.1497300000000E+005
     276    3.9340000000000E+003    9.8799140000000E+006    1.0590000000000E+004    9.4380000000000E+004    1.1182000000000E+004    1.1615200000000E+005
     277    4.7540000000000E+003    9.8785090000000E+006    1.0884000000000E+004    9.4571000000000E+004    1.1282000000000E+004    1.1673700000000E+005
     278    5.6770000000000E+003    9.8772320000000E+006    1.0994000000000E+004    9.4702000000000E+004    1.1395000000000E+004    1.1709100000000E+005
     279    5.5430000000000E+003    9.8758790000000E+006    1.1685000000000E+004    9.5381000000000E+004    1.1512000000000E+004    1.1857800000000E+005
     280    4.8280000000000E+003    9.8750860000000E+006    1.2390000000000E+004    9.6052000000000E+004    1.1644000000000E+004    1.2008600000000E+005
     281    3.7920000000000E+003    9.8747170000000E+006    1.3008000000000E+004    9.6790000000000E+004    1.1693000000000E+004    1.2149100000000E+005
     282    4.1420000000000E+003    9.8730900000000E+006    1.3480000000000E+004    9.7565000000000E+004    1.1723000000000E+004    1.2276800000000E+005
     283    4.4410000000000E+003    9.8714380000000E+006    1.3980000000000E+004    9.8279000000000E+004    1.1862000000000E+004    1.2412100000000E+005
     284    5.1790000000000E+003    9.8699070000000E+006    1.4359000000000E+004    9.8540000000000E+004    1.2015000000000E+004    1.2491400000000E+005
     285    6.2430000000000E+003    9.8684740000000E+006    1.4412000000000E+004    9.8702000000000E+004    1.2169000000000E+004    1.2528300000000E+005
     286    6.0270000000000E+003    9.8670630000000E+006    1.5127000000000E+004    9.9480000000000E+004    1.2303000000000E+004    1.2691000000000E+005
     287    5.0480000000000E+003    9.8663900000000E+006    1.5772000000000E+004    1.0034800000000E+005    1.2442000000000E+004    1.2856200000000E+005
     288    3.9400000000000E+003    9.8659670000000E+006    1.6213000000000E+004    1.0136400000000E+005    1.2516000000000E+004    1.3009300000000E+005
     289    4.1310000000000E+003    9.8643430000000E+006    1.6553000000000E+004    1.0242800000000E+005    1.2545000000000E+004    1.3152600000000E+005
     290    4.2890000000000E+003    9.8627740000000E+006    1.6785000000000E+004    1.0346200000000E+005    1.2690000000000E+004    1.3293700000000E+005
     291    5.1470000000000E+003    9.8612430000000E+006    1.6873000000000E+004    1.0389500000000E+005    1.2842000000000E+004    1.3361000000000E+005
     292    6.0190000000000E+003    9.8599480000000E+006    1.6942000000000E+004    1.0406800000000E+005    1.3023000000000E+004    1.3403300000000E+005
     293    4.7590000000000E+003    9.8595840000000E+006    1.7079000000000E+004    1.0541100000000E+005    1.3167000000000E+004    1.3565700000000E+005
     294    3.7330000000000E+003    9.8590410000000E+006    1.7140000000000E+004    1.0677000000000E+005    1.3316000000000E+004    1.3722600000000E+005
     295    2.6290000000000E+003    9.8586140000000E+006    1.7266000000000E+004    1.0811400000000E+005    1.3377000000000E+004    1.3875700000000E+005
     296    3.1230000000000E+003    9.8568250000000E+006    1.7284000000000E+004    1.0934600000000E+005    1.3422000000000E+004    1.4005200000000E+005
     297    4.4920000000000E+003    9.8550920000000E+006    1.6295000000000E+004    1.1054000000000E+005    1.3581000000000E+004    1.4041600000000E+005
     298    5.6090000000000E+003    9.8534320000000E+006    1.6045000000000E+004    1.1118500000000E+005    1.3729000000000E+004    1.4095900000000E+005
     299    6.5020000000000E+003    9.8521120000000E+006    1.6103000000000E+004    1.1139400000000E+005    1.3889000000000E+004    1.4138600000000E+005
     300    5.1510000000000E+003    9.8516740000000E+006    1.6265000000000E+004    1.1289400000000E+005    1.4016000000000E+004    1.4317500000000E+005
     301    3.9820000000000E+003    9.8511100000000E+006    1.6346000000000E+004    1.1450600000000E+005    1.4056000000000E+004    1.4490800000000E+005
     302    2.8530000000000E+003    9.8505790000000E+006    1.6475000000000E+004    1.1599200000000E+005    1.4101000000000E+004    1.4656800000000E+005
     303    3.3050000000000E+003    9.8488070000000E+006    1.6362000000000E+004    1.1737900000000E+005    1.4147000000000E+004    1.4788800000000E+005
     304    4.6420000000000E+003    9.8470320000000E+006    1.5389000000000E+004    1.1860100000000E+005    1.4336000000000E+004    1.4832600000000E+005
     305    5.8540000000000E+003    9.8452560000000E+006    1.5280000000000E+004    1.1910400000000E+005    1.4506000000000E+004    1.4889000000000E+005
     306    7.1470000000000E+003    9.8434320000000E+006    1.5388000000000E+004    1.1934400000000E+005    1.4689000000000E+004    1.4942100000000E+005
     307    7.1790000000000E+003    9.8416280000000E+006    1.5536000000000E+004    1.2083200000000E+005    1.4825000000000E+004    1.5119300000000E+005
     308    6.1330000000000E+003    9.8408990000000E+006    1.5742000000000E+004    1.2235900000000E+005    1.4867000000000E+004    1.5296800000000E+005
     309    4.8840000000000E+003    9.8403720000000E+006    1.5987000000000E+004    1.2383400000000E+005    1.4923000000000E+004    1.5474400000000E+005
     310    5.1450000000000E+003    9.8382870000000E+006    1.6516000000000E+004    1.2507800000000E+005    1.4974000000000E+004    1.5656800000000E+005
     311    5.2990000000000E+003    9.8363290000000E+006    1.7956000000000E+004    1.2523300000000E+005    1.5183000000000E+004    1.5837200000000E+005
     312    6.4490000000000E+003    9.8344500000000E+006    1.8142000000000E+004    1.2561500000000E+005    1.5344000000000E+004    1.5910100000000E+005
     313    7.8080000000000E+003    9.8325640000000E+006    1.8242000000000E+004    1.2583500000000E+005    1.5551000000000E+004    1.5962800000000E+005
     314    7.4620000000000E+003    9.8308250000000E+006    1.8538000000000E+004    1.2746100000000E+005    1.5714000000000E+004    1.6171300000000E+005
     315    6.3030000000000E+003    9.8300260000000E+006    1.8763000000000E+004    1.2900100000000E+005    1.5907000000000E+004    1.6367100000000E+005
     316    5.0420000000000E+003    9.8294080000000E+006    1.8982000000000E+004    1.3057700000000E+005    1.5991000000000E+004    1.6555000000000E+005
     317    5.0590000000000E+003    9.8275050000000E+006    1.9548000000000E+004    1.3184100000000E+005    1.6047000000000E+004    1.6743600000000E+005
     318    5.1970000000000E+003    9.8256280000000E+006    2.0849000000000E+004    1.3208300000000E+005    1.6243000000000E+004    1.6917500000000E+005
     319    6.1760000000000E+003    9.8238500000000E+006    2.1084000000000E+004    1.3244700000000E+005    1.6443000000000E+004    1.6997400000000E+005
     320    7.3660000000000E+003    9.8220420000000E+006    2.1171000000000E+004    1.3280000000000E+005    1.6621000000000E+004    1.7059200000000E+005
     321    7.1690000000000E+003    9.8203360000000E+006    2.1302000000000E+004    1.3437600000000E+005    1.6817000000000E+004    1.7249500000000E+005
     322    6.0680000000000E+003    9.8195600000000E+006    2.1404000000000E+004    1.3599000000000E+005    1.6978000000000E+004    1.7437200000000E+005
     323    4.7550000000000E+003    9.8190950000000E+006    2.1406000000000E+004    1.3767900000000E+005    1.7065000000000E+004    1.7615000000000E+005
     324    4.7780000000000E+003    9.8172640000000E+006    2.1390000000000E+004    1.3944900000000E+005    1.7119000000000E+004    1.7795800000000E+005
     325    4.6350000000000E+003    9.8157010000000E+006    2.1292000000000E+004    1.4105800000000E+005    1.7314000000000E+004    1.7966400000000E+005
     326    5.3210000000000E+003    9.8142390000000E+006    2.1339000000000E+004    1.4159500000000E+005    1.7506000000000E+004    1.8044000000000E+005
     327    6.2280000000000E+003    9.8128670000000E+006    2.1277000000000E+004    1.4194200000000E+005    1.7686000000000E+004    1.8090500000000E+005
     328    5.6770000000000E+003    9.8115870000000E+006    2.1023000000000E+004    1.4382000000000E+005    1.7893000000000E+004    1.8273600000000E+005
     329    4.7760000000000E+003    9.8109250000000E+006    2.0628000000000E+004    1.4560900000000E+005    1.8062000000000E+004    1.8429900000000E+005
     330    3.7190000000000E+003    9.8105200000000E+006    2.0211000000000E+004    1.4741000000000E+005    1.8140000000000E+004    1.8576100000000E+005
     331    2.7230000000000E+003    9.8101440000000E+006    1.9697000000000E+004    1.4924400000000E+005    1.8192000000000E+004    1.8713300000000E+005
     332    2.9850000000000E+003    9.8086020000000E+006    1.9238000000000E+004    1.5077600000000E+005    1.8399000000000E+004    1.8841300000000E+005
     333    3.5230000000000E+003    9.8074020000000E+006    1.9101000000000E+004    1.5142900000000E+005    1.8545000000000E+004    1.8907500000000E+005
     334    4.3020000000000E+003    9.8062180000000E+006    1.8888000000000E+004    1.5190900000000E+005    1.8683000000000E+004    1.8948000000000E+005
     335    4.8920000000000E+003    9.8052520000000E+006    1.7361000000000E+004    1.5366600000000E+005    1.8829000000000E+004    1.8985600000000E+005
     336    3.8630000000000E+003    9.8047390000000E+006    1.7026000000000E+004    1.5541600000000E+005    1.8956000000000E+004    1.9139800000000E+005
     337    2.9570000000000E+003    9.8044450000000E+006    1.6448000000000E+004    1.5712500000000E+005    1.9025000000000E+004    1.9259800000000E+005
     338    2.9790000000000E+003    9.8032390000000E+006    1.5824000000000E+004    1.5888400000000E+005    1.9074000000000E+004    1.9378200000000E+005
     339    3.0120000000000E+003    9.8022400000000E+006    1.5084000000000E+004    1.6056100000000E+005    1.9103000000000E+004    1.9474800000000E+005
     340    3.4200000000000E+003    9.8013190000000E+006    1.4821000000000E+004    1.6118600000000E+005    1.9254000000000E+004    1.9526100000000E+005
     341    3.9950000000000E+003    9.8004500000000E+006    1.4650000000000E+004    1.6152700000000E+005    1.9378000000000E+004    1.9555500000000E+005
     342    3.5760000000000E+003    9.7996630000000E+006    1.4025000000000E+004    1.6322900000000E+005    1.9507000000000E+004    1.9676100000000E+005
     343    2.9700000000000E+003    9.7992700000000E+006    1.3461000000000E+004    1.6469500000000E+005    1.9604000000000E+004    1.9776000000000E+005
     344    2.2440000000000E+003    9.7990750000000E+006    1.2920000000000E+004    1.6611000000000E+005    1.9651000000000E+004    1.9868100000000E+005
     345    2.2660000000000E+003    9.7981840000000E+006    1.2417000000000E+004    1.6745100000000E+005    1.9682000000000E+004    1.9955000000000E+005
     346    2.4010000000000E+003    9.7972620000000E+006    1.1924000000000E+004    1.6861600000000E+005    1.9797000000000E+004    2.0033700000000E+005
     347    2.7570000000000E+003    9.7965130000000E+006    1.1655000000000E+004    1.6916400000000E+005    1.9911000000000E+004    2.0073000000000E+005
     348    3.3820000000000E+003    9.7956930000000E+006    1.1445000000000E+004    1.6948900000000E+005    1.9991000000000E+004    2.0092500000000E+005
     349    3.2160000000000E+003    9.7949680000000E+006    1.1960000000000E+004    1.6979100000000E+005    2.0065000000000E+004    2.0181600000000E+005
     350    2.6650000000000E+003    9.7945970000000E+006    1.1340000000000E+004    1.7126600000000E+005    2.0132000000000E+004    2.0273800000000E+005
     351    2.1460000000000E+003    9.7943670000000E+006    1.0889000000000E+004    1.7242700000000E+005    2.0171000000000E+004    2.0348700000000E+005
     352    2.2690000000000E+003    9.7934240000000E+006    1.0525000000000E+004    1.7359500000000E+005    2.0187000000000E+004    2.0430700000000E+005
     353    2.2940000000000E+003    9.7926740000000E+006    1.0284000000000E+004    1.7447900000000E+005    2.0269000000000E+004    2.0503200000000E+005
     354    2.6090000000000E+003    9.7919880000000E+006    1.0142000000000E+004    1.7489200000000E+005    2.0369000000000E+004    2.0540300000000E+005
     355    2.9840000000000E+003    9.7913830000000E+006    1.0078000000000E+004    1.7511400000000E+005    2.0441000000000E+004    2.0563300000000E+005
     356    2.8320000000000E+003    9.7905920000000E+006    9.8150000000000E+003    1.7624700000000E+005    2.0514000000000E+004    2.0657600000000E+005
     357    2.4040000000000E+003    9.7902700000000E+006    9.5660000000000E+003    1.7717200000000E+005    2.0588000000000E+004    2.0732600000000E+005
     358    1.9570000000000E+003    9.7900310000000E+006    9.3310000000000E+003    1.7805200000000E+005    2.0629000000000E+004    2.0801200000000E+005
     359    2.2880000000000E+003    9.7890950000000E+006    9.0670000000000E+003    1.7889900000000E+005    2.0651000000000E+004    2.0861700000000E+005
     360    2.2210000000000E+003    9.7883710000000E+006    9.0710000000000E+003    1.7958800000000E+005    2.0749000000000E+004    2.0940800000000E+005
     361    2.6610000000000E+003    9.7876090000000E+006    9.0000000000000E+003    1.7990200000000E+005    2.0828000000000E+004    2.0973000000000E+005
     362    3.0150000000000E+003    9.7870160000000E+006    9.0440000000000E+003    1.8002300000000E+005    2.0902000000000E+004    2.0996900000000E+005
     363    2.7810000000000E+003    9.7863140000000E+006    9.0890000000000E+003    1.8087200000000E+005    2.0944000000000E+004    2.1090500000000E+005
     364    2.3130000000000E+003    9.7860580000000E+006    8.8910000000000E+003    1.8170900000000E+005    2.1029000000000E+004    2.1162900000000E+005
     365    1.7430000000000E+003    9.7858660000000E+006    8.9040000000000E+003    1.8243000000000E+005    2.1057000000000E+004    2.1239100000000E+005
     366    1.9460000000000E+003    9.7850700000000E+006    8.6770000000000E+003    1.8323100000000E+005    2.1076000000000E+004    2.1298400000000E+005
     367    1.9080000000000E+003    9.7844060000000E+006    8.6540000000000E+003    1.8385700000000E+005    2.1175000000000E+004    2.1368600000000E+005
     368    2.2120000000000E+003    9.7838460000000E+006    8.5390000000000E+003    1.8415500000000E+005    2.1248000000000E+004    2.1394200000000E+005
     369    2.5830000000000E+003    9.7832830000000E+006    8.5010000000000E+003    1.8432500000000E+005    2.1308000000000E+004    2.1413400000000E+005
     370    2.3130000000000E+003    9.7827570000000E+006    8.3540000000000E+003    1.8520700000000E+005    2.1369000000000E+004    2.1493000000000E+005
     371    1.9060000000000E+003    9.7825000000000E+006    8.2680000000000E+003    1.8588500000000E+005    2.1441000000000E+004    2.1559400000000E+005
     372    1.4770000000000E+003    9.7823690000000E+006    8.1420000000000E+003    1.8654000000000E+005    2.1472000000000E+004    2.1615400000000E+005
     373    1.1000000000000E+003    9.7821830000000E+006    8.1000000000000E+003    1.8712500000000E+005    2.1492000000000E+004    2.1671700000000E+005
     374    1.2680000000000E+003    9.7814890000000E+006    7.8350000000000E+003    1.8783400000000E+005    2.1574000000000E+004    2.1724300000000E+005
     375    1.5490000000000E+003    9.7809510000000E+006    7.7700000000000E+003    1.8809200000000E+005    2.1638000000000E+004    2.1750000000000E+005
     376    1.8860000000000E+003    9.7804830000000E+006    7.6620000000000E+003    1.8827300000000E+005    2.1696000000000E+004    2.1763100000000E+005
     377    2.1900000000000E+003    9.7799930000000E+006    6.9120000000000E+003    1.8915600000000E+005    2.1749000000000E+004    2.1781700000000E+005
     378    1.7040000000000E+003    9.7797850000000E+006    6.8820000000000E+003    1.8981900000000E+005    2.1810000000000E+004    2.1851100000000E+005
     379    1.3430000000000E+003    9.7796080000000E+006    6.6580000000000E+003    1.9055000000000E+005    2.1841000000000E+004    2.1904900000000E+005
     380    1.4930000000000E+003    9.7789900000000E+006    6.5330000000000E+003    1.9112700000000E+005    2.1857000000000E+004    2.1951700000000E+005
     381    1.5040000000000E+003    9.7784890000000E+006    6.3210000000000E+003    1.9181200000000E+005    2.1874000000000E+004    2.2000700000000E+005
     382    1.7530000000000E+003    9.7780320000000E+006    6.2730000000000E+003    1.9200700000000E+005    2.1935000000000E+004    2.2021500000000E+005
     383    2.0640000000000E+003    9.7775440000000E+006    6.2580000000000E+003    1.9214200000000E+005    2.1992000000000E+004    2.2039200000000E+005
     384    1.8160000000000E+003    9.7771740000000E+006    6.0800000000000E+003    1.9288300000000E+005    2.2047000000000E+004    2.2101000000000E+005
     385    1.5050000000000E+003    9.7769840000000E+006    5.9170000000000E+003    1.9350000000000E+005    2.2094000000000E+004    2.2151100000000E+005
     386    1.1670000000000E+003    9.7768650000000E+006    5.8140000000000E+003    1.9403400000000E+005    2.2120000000000E+004    2.2196800000000E+005
     387    1.2180000000000E+003    9.7763260000000E+006    5.7390000000000E+003    1.9457400000000E+005    2.2143000000000E+004    2.2245600000000E+005
     388    1.2770000000000E+003    9.7758970000000E+006    5.5830000000000E+003    1.9502200000000E+005    2.2221000000000E+004    2.2282600000000E+005
     389    1.4880000000000E+003    9.7754960000000E+006    5.5160000000000E+003    1.9522900000000E+005    2.2271000000000E+004    2.2301600000000E+005
     390    1.5460000000000E+003    9.7753190000000E+006    5.5040000000000E+003    1.9529800000000E+005    2.2333000000000E+004    2.2313500000000E+005
     391    1.1470000000000E+003    9.7751790000000E+006    5.8570000000000E+003    1.9543800000000E+005    2.2379000000000E+004    2.2367400000000E+005
     392    8.3000000000000E+002    9.7750670000000E+006    5.5920000000000E+003    1.9610100000000E+005    2.2410000000000E+004    2.2410300000000E+005
     393    5.5500000000000E+002    9.7749410000000E+006    5.4550000000000E+003    1.9662600000000E+005    2.2423000000000E+004    2.2450400000000E+005
     394    9.4200000000000E+002    9.7743770000000E+006    5.1640000000000E+003    1.9708100000000E+005    2.2436000000000E+004    2.2468100000000E+005
     395    1.2280000000000E+003    9.7739510000000E+006    4.8140000000000E+003    1.9751000000000E+005    2.2497000000000E+004    2.2482100000000E+005
     396    1.4840000000000E+003    9.7735830000000E+006    4.7180000000000E+003    1.9768100000000E+005    2.2534000000000E+004    2.2493300000000E+005
     397    1.7530000000000E+003    9.7731880000000E+006    4.6670000000000E+003    1.9781800000000E+005    2.2574000000000E+004    2.2505900000000E+005
     398    1.5590000000000E+003    9.7728180000000E+006    4.6130000000000E+003    1.9842100000000E+005    2.2589000000000E+004    2.2562300000000E+005
     399    1.3200000000000E+003    9.7726310000000E+006    4.5380000000000E+003    1.9891200000000E+005    2.2599000000000E+004    2.2604900000000E+005
     400    1.0730000000000E+003    9.7725100000000E+006    4.4490000000000E+003    1.9936000000000E+005    2.2608000000000E+004    2.2641700000000E+005
     401    1.1790000000000E+003    9.7720090000000E+006    4.3560000000000E+003    1.9983300000000E+005    2.2623000000000E+004    2.2681200000000E+005
     402    1.1830000000000E+003    9.7716350000000E+006    4.3560000000000E+003    2.0014900000000E+005    2.2677000000000E+004    2.2718200000000E+005
     403    1.2750000000000E+003    9.7713560000000E+006    4.3530000000000E+003    2.0028800000000E+005    2.2728000000000E+004    2.2736900000000E+005
     404    1.4630000000000E+003    9.7710470000000E+006    4.3550000000000E+003    2.0036800000000E+005    2.2767000000000E+004    2.2749000000000E+005
     405    1.2490000000000E+003    9.7707600000000E+006    4.3170000000000E+003    2.0086300000000E+005    2.2811000000000E+004    2.2799100000000E+005
     406    9.9800000000000E+002    9.7706370000000E+006    4.2620000000000E+003    2.0125000000000E+005    2.2853000000000E+004    2.2836500000000E+005
     407    8.2000000000000E+002    9.7705360000000E+006    4.1400000000000E+003    2.0163800000000E+005    2.2866000000000E+004    2.2864400000000E+005
     408    8.0800000000000E+002    9.7702390000000E+006    4.2720000000000E+003    2.0179500000000E+005    2.2886000000000E+004    2.2895300000000E+005
     409    8.4200000000000E+002    9.7699180000000E+006    4.4190000000000E+003    2.0187700000000E+005    2.2944000000000E+004    2.2924000000000E+005
     410    9.9200000000000E+002    9.7696450000000E+006    4.4300000000000E+003    2.0196700000000E+005    2.2966000000000E+004    2.2936300000000E+005
     411    1.1530000000000E+003    9.7693830000000E+006    4.4050000000000E+003    2.0206300000000E+005    2.2996000000000E+004    2.2946400000000E+005
     412    1.0390000000000E+003    9.7692000000000E+006    4.1380000000000E+003    2.0260200000000E+005    2.3021000000000E+004    2.2976100000000E+005
     413    8.5800000000000E+002    9.7690600000000E+006    4.0330000000000E+003    2.0299700000000E+005    2.3052000000000E+004    2.3008200000000E+005
     414    6.5600000000000E+002    9.7689890000000E+006    3.9380000000000E+003    2.0335600000000E+005    2.3061000000000E+004    2.3035500000000E+005
     415    6.9800000000000E+002    9.7686850000000E+006    3.8050000000000E+003    2.0373900000000E+005    2.3073000000000E+004    2.3061700000000E+005
     416    7.3400000000000E+002    9.7684660000000E+006    3.6180000000000E+003    2.0407800000000E+005    2.3104000000000E+004    2.3080000000000E+005
     417    8.2400000000000E+002    9.7682360000000E+006    3.5710000000000E+003    2.0423000000000E+005    2.3139000000000E+004    2.3094000000000E+005
     418    1.0030000000000E+003    9.7679860000000E+006    3.5210000000000E+003    2.0432700000000E+005    2.3163000000000E+004    2.3101100000000E+005
     419    8.6700000000000E+002    9.7678180000000E+006    3.3240000000000E+003    2.0480400000000E+005    2.3187000000000E+004    2.3131500000000E+005
     420    7.1600000000000E+002    9.7677500000000E+006    3.1690000000000E+003    2.0515700000000E+005    2.3208000000000E+004    2.3153400000000E+005
     421    5.4700000000000E+002    9.7676890000000E+006    3.1200000000000E+003    2.0542100000000E+005    2.3223000000000E+004    2.3176400000000E+005
     422    5.3400000000000E+002    9.7674520000000E+006    3.0610000000000E+003    2.0572400000000E+005    2.3229000000000E+004    2.3201400000000E+005
     423    5.6300000000000E+002    9.7672550000000E+006    2.9420000000000E+003    2.0598000000000E+005    2.3260000000000E+004    2.3218200000000E+005
     424    6.6800000000000E+002    9.7670820000000E+006    2.8870000000000E+003    2.0608500000000E+005    2.3278000000000E+004    2.3225000000000E+005
     425    7.5100000000000E+002    9.7669380000000E+006    2.8470000000000E+003    2.0616800000000E+005    2.3296000000000E+004    2.3231100000000E+005
     426    6.7300000000000E+002    9.7667790000000E+006    2.7870000000000E+003    2.0644000000000E+005    2.3321000000000E+004    2.3254800000000E+005
     427    5.3100000000000E+002    9.7667240000000E+006    2.6630000000000E+003    2.0675000000000E+005    2.3332000000000E+004    2.3274500000000E+005
     428    4.1800000000000E+002    9.7666640000000E+006    2.5630000000000E+003    2.0701200000000E+005    2.3343000000000E+004    2.3291800000000E+005
     429    3.6600000000000E+002    9.7665720000000E+006    2.4450000000000E+003    2.0726500000000E+005    2.3352000000000E+004    2.3306200000000E+005
     430    4.4200000000000E+002    9.7663370000000E+006    2.4210000000000E+003    2.0742400000000E+005    2.3376000000000E+004    2.3322100000000E+005
     431    5.1700000000000E+002    9.7662070000000E+006    2.3360000000000E+003    2.0753500000000E+005    2.3405000000000E+004    2.3327600000000E+005
     432    5.9700000000000E+002    9.7660670000000E+006    2.3250000000000E+003    2.0758500000000E+005    2.3426000000000E+004    2.3333600000000E+005
     433    6.7600000000000E+002    9.7658960000000E+006    2.1130000000000E+003    2.0787000000000E+005    2.3445000000000E+004    2.3342800000000E+005
     434    5.5800000000000E+002    9.7657790000000E+006    2.1290000000000E+003    2.0807000000000E+005    2.3464000000000E+004    2.3366300000000E+005
     435    4.8800000000000E+002    9.7657190000000E+006    2.0290000000000E+003    2.0829600000000E+005    2.3468000000000E+004    2.3379300000000E+005
     436    4.8600000000000E+002    9.7655810000000E+006    1.9190000000000E+003    2.0854000000000E+005    2.3474000000000E+004    2.3393300000000E+005
     437    4.0600000000000E+002    9.7654900000000E+006    1.9220000000000E+003    2.0870100000000E+005    2.3481000000000E+004    2.3410400000000E+005
     438    4.1800000000000E+002    9.7653610000000E+006    1.9710000000000E+003    2.0874800000000E+005    2.3502000000000E+004    2.3422100000000E+005
     439    4.8600000000000E+002    9.7652330000000E+006    1.9700000000000E+003    2.0879600000000E+005    2.3515000000000E+004    2.3428100000000E+005
     440    4.5500000000000E+002    9.7651260000000E+006    1.8710000000000E+003    2.0902400000000E+005    2.3524000000000E+004    2.3441900000000E+005
     441    4.8600000000000E+002    9.7650040000000E+006    1.7650000000000E+003    2.0920300000000E+005    2.3542000000000E+004    2.3451000000000E+005
     442    3.9800000000000E+002    9.7649630000000E+006    1.7210000000000E+003    2.0936700000000E+005    2.3551000000000E+004    2.3463900000000E+005
     443    4.4900000000000E+002    9.7647840000000E+006    1.7050000000000E+003    2.0950300000000E+005    2.3559000000000E+004    2.3476700000000E+005
     444    4.7800000000000E+002    9.7646480000000E+006    1.6530000000000E+003    2.0965200000000E+005    2.3569000000000E+004    2.3487400000000E+005
     445    4.8600000000000E+002    9.7645180000000E+006    1.7200000000000E+003    2.0969400000000E+005    2.3582000000000E+004    2.3499600000000E+005
     446    5.5200000000000E+002    9.7644110000000E+006    1.7010000000000E+003    2.0973300000000E+005    2.3603000000000E+004    2.3503700000000E+005
     447    5.0100000000000E+002    9.7642830000000E+006    1.7880000000000E+003    2.0981500000000E+005    2.3613000000000E+004    2.3521600000000E+005
     448    4.2000000000000E+002    9.7642280000000E+006    1.6890000000000E+003    2.1004000000000E+005    2.3623000000000E+004    2.3535200000000E+005
     449    3.5600000000000E+002    9.7641620000000E+006    1.6890000000000E+003    2.1015400000000E+005    2.3639000000000E+004    2.3548200000000E+005
     450    3.9400000000000E+002    9.7640170000000E+006    1.6560000000000E+003    2.1029100000000E+005    2.3642000000000E+004    2.3558900000000E+005
     451    4.0000000000000E+002    9.7638830000000E+006    1.6130000000000E+003    2.1043600000000E+005    2.3668000000000E+004    2.3571700000000E+005
     452    4.7400000000000E+002    9.7637540000000E+006    1.5510000000000E+003    2.1053700000000E+005    2.3684000000000E+004    2.3577200000000E+005
     453    4.9600000000000E+002    9.7636660000000E+006    1.5570000000000E+003    2.1058200000000E+005    2.3699000000000E+004    2.3583800000000E+005
     454    4.5900000000000E+002    9.7635580000000E+006    1.5640000000000E+003    2.1071200000000E+005    2.3707000000000E+004    2.3598300000000E+005
     455    3.8800000000000E+002    9.7634950000000E+006    1.6070000000000E+003    2.1078700000000E+005    2.3723000000000E+004    2.3611700000000E+005
     456    3.1500000000000E+002    9.7634390000000E+006    1.6070000000000E+003    2.1091000000000E+005    2.3729000000000E+004    2.3624600000000E+005
     457    3.9100000000000E+002    9.7632750000000E+006    1.5670000000000E+003    2.1103100000000E+005    2.3736000000000E+004    2.3633400000000E+005
     458    4.5100000000000E+002    9.7631070000000E+006    1.5680000000000E+003    2.1112400000000E+005    2.3750000000000E+004    2.3644200000000E+005
     459    5.5900000000000E+002    9.7629360000000E+006    1.5090000000000E+003    2.1123400000000E+005    2.3762000000000E+004    2.3650500000000E+005
     460    6.5400000000000E+002    9.7627850000000E+006    1.5240000000000E+003    2.1126600000000E+005    2.3771000000000E+004    2.3656100000000E+005
     461    6.2900000000000E+002    9.7626460000000E+006    1.5090000000000E+003    2.1143300000000E+005    2.3783000000000E+004    2.3672500000000E+005
     462    5.8100000000000E+002    9.7625260000000E+006    1.5410000000000E+003    2.1156000000000E+005    2.3792000000000E+004    2.3689300000000E+005
     463    4.6200000000000E+002    9.7624740000000E+006    1.5820000000000E+003    2.1168200000000E+005    2.3800000000000E+004    2.3706400000000E+005
     464    4.9400000000000E+002    9.7622910000000E+006    1.6260000000000E+003    2.1178400000000E+005    2.3805000000000E+004    2.3721500000000E+005
     465    5.2600000000000E+002    9.7621200000000E+006    1.6370000000000E+003    2.1189100000000E+005    2.3826000000000E+004    2.3735400000000E+005
     466    5.6700000000000E+002    9.7619590000000E+006    1.7020000000000E+003    2.1193000000000E+005    2.3842000000000E+004    2.3747400000000E+005
     467    7.1000000000000E+002    9.7617640000000E+006    1.6880000000000E+003    2.1197600000000E+005    2.3862000000000E+004    2.3752600000000E+005
     468    7.5300000000000E+002    9.7615380000000E+006    1.7260000000000E+003    2.1211000000000E+005    2.3873000000000E+004    2.3770900000000E+005
     469    6.6900000000000E+002    9.7614510000000E+006    1.7630000000000E+003    2.1222800000000E+005    2.3889000000000E+004    2.3788000000000E+005
     470    5.5800000000000E+002    9.7614010000000E+006    1.7950000000000E+003    2.1234400000000E+005    2.3902000000000E+004    2.3804100000000E+005
     471    6.4100000000000E+002    9.7611230000000E+006    1.9020000000000E+003    2.1242600000000E+005    2.3908000000000E+004    2.3823600000000E+005
     472    6.7800000000000E+002    9.7608600000000E+006    2.0200000000000E+003    2.1251800000000E+005    2.3924000000000E+004    2.3846200000000E+005
     473    8.8300000000000E+002    9.7605680000000E+006    2.0440000000000E+003    2.1256600000000E+005    2.3939000000000E+004    2.3854900000000E+005
     474    1.1280000000000E+003    9.7602730000000E+006    2.0380000000000E+003    2.1259900000000E+005    2.3962000000000E+004    2.3859900000000E+005
     475    1.1910000000000E+003    9.7599320000000E+006    2.1520000000000E+003    2.1273600000000E+005    2.3989000000000E+004    2.3887700000000E+005
     476    1.1270000000000E+003    9.7597330000000E+006    2.2470000000000E+003    2.1288300000000E+005    2.4010000000000E+004    2.3914000000000E+005
     477    9.2200000000000E+002    9.7596460000000E+006    2.3680000000000E+003    2.1304600000000E+005    2.4018000000000E+004    2.3943200000000E+005
     478    1.0510000000000E+003    9.7592220000000E+006    2.5120000000000E+003    2.1319200000000E+005    2.4023000000000E+004    2.3972700000000E+005
     479    1.1040000000000E+003    9.7588280000000E+006    2.7140000000000E+003    2.1329200000000E+005    2.4062000000000E+004    2.4006800000000E+005
     480    1.3360000000000E+003    9.7583970000000E+006    2.7930000000000E+003    2.1339600000000E+005    2.4078000000000E+004    2.4026700000000E+005
     481    1.6720000000000E+003    9.7579740000000E+006    2.8280000000000E+003    2.1341700000000E+005    2.4109000000000E+004    2.4035400000000E+005
     482    1.8070000000000E+003    9.7574150000000E+006    3.0690000000000E+003    2.1356600000000E+005    2.4143000000000E+004    2.4077800000000E+005
     483    1.6510000000000E+003    9.7571770000000E+006    3.2920000000000E+003    2.1369700000000E+005    2.4183000000000E+004    2.4117200000000E+005
     484    1.3840000000000E+003    9.7570130000000E+006    3.5620000000000E+003    2.1384100000000E+005    2.4200000000000E+004    2.4160300000000E+005
     485    1.6380000000000E+003    9.7563360000000E+006    3.7900000000000E+003    2.1402800000000E+005    2.4208000000000E+004    2.4202600000000E+005
     486    1.8020000000000E+003    9.7556130000000E+006    4.1230000000000E+003    2.1421000000000E+005    2.4252000000000E+004    2.4258500000000E+005
     487    2.3310000000000E+003    9.7548460000000E+006    4.2740000000000E+003    2.1425500000000E+005    2.4294000000000E+004    2.4282300000000E+005
     488    2.9410000000000E+003    9.7540720000000E+006    4.3880000000000E+003    2.1426200000000E+005    2.4337000000000E+004    2.4298700000000E+005
     489    3.2380000000000E+003    9.7530980000000E+006    4.7870000000000E+003    2.1450400000000E+005    2.4373000000000E+004    2.4366400000000E+005
     490    2.7940000000000E+003    9.7528190000000E+006    5.2470000000000E+003    2.1470900000000E+005    2.4431000000000E+004    2.4438700000000E+005
     491    2.2060000000000E+003    9.7526400000000E+006    5.7220000000000E+003    2.1497900000000E+005    2.4453000000000E+004    2.4515400000000E+005
     492    2.6470000000000E+003    9.7514250000000E+006    6.2010000000000E+003    2.1525800000000E+005    2.4469000000000E+004    2.4592800000000E+005
     493    2.8680000000000E+003    9.7502300000000E+006    6.8340000000000E+003    2.1555400000000E+005    2.4514000000000E+004    2.4690200000000E+005
     494    3.7880000000000E+003    9.7490310000000E+006    6.9140000000000E+003    2.1569200000000E+005    2.4575000000000E+004    2.4718100000000E+005
     495    4.7700000000000E+003    9.7478700000000E+006    7.0060000000000E+003    2.1570200000000E+005    2.4652000000000E+004    2.4736000000000E+005
     496    4.9390000000000E+003    9.7464860000000E+006    7.7970000000000E+003    2.1604300000000E+005    2.4735000000000E+004    2.4857500000000E+005
     497    4.2180000000000E+003    9.7460120000000E+006    8.5980000000000E+003    2.1632400000000E+005    2.4848000000000E+004    2.4977000000000E+005
     498    3.3250000000000E+003    9.7457060000000E+006    9.3660000000000E+003    2.1671500000000E+005    2.4888000000000E+004    2.5096900000000E+005
     499    3.8570000000000E+003    9.7440130000000E+006    1.0104000000000E+004    2.1712100000000E+005    2.4905000000000E+004    2.5213000000000E+005
     500    4.0490000000000E+003    9.7424370000000E+006    1.0929000000000E+004    2.1757100000000E+005    2.5014000000000E+004    2.5351400000000E+005
     501    5.2470000000000E+003    9.7407650000000E+006    1.1165000000000E+004    2.1768700000000E+005    2.5136000000000E+004    2.5398800000000E+005
     502    6.7420000000000E+003    9.7389640000000E+006    1.1307000000000E+004    2.1773500000000E+005    2.5252000000000E+004    2.5429400000000E+005
     503    6.7590000000000E+003    9.7372540000000E+006    1.2323000000000E+004    2.1830600000000E+005    2.5358000000000E+004    2.5598700000000E+005
     504    5.7500000000000E+003    9.7366870000000E+006    1.3176000000000E+004    2.1889400000000E+005    2.5493000000000E+004    2.5756300000000E+005
     505    4.5160000000000E+003    9.7362490000000E+006    1.4081000000000E+004    2.1960900000000E+005    2.5545000000000E+004    2.5923500000000E+005
     506    4.7560000000000E+003    9.7342080000000E+006    1.5108000000000E+004    2.2036700000000E+005    2.5561000000000E+004    2.6103600000000E+005
     507    4.9540000000000E+003    9.7323000000000E+006    1.5844000000000E+004    2.2116900000000E+005    2.5733000000000E+004    2.6274600000000E+005
     508    6.1060000000000E+003    9.7305810000000E+006    1.6132000000000E+004    2.2128500000000E+005    2.5896000000000E+004    2.6331300000000E+005
     509    7.4670000000000E+003    9.7287820000000E+006    1.6391000000000E+004    2.2131600000000E+005    2.6044000000000E+004    2.6375100000000E+005
     510    7.1160000000000E+003    9.7270920000000E+006    1.7217000000000E+004    2.2234100000000E+005    2.6234000000000E+004    2.6579200000000E+005
     511    5.7800000000000E+003    9.7265200000000E+006    1.7930000000000E+004    2.2337900000000E+005    2.6391000000000E+004    2.6770000000000E+005
     512    4.5060000000000E+003    9.7260750000000E+006    1.8450000000000E+004    2.2452100000000E+005    2.6448000000000E+004    2.6941900000000E+005
     513    4.6100000000000E+003    9.7241720000000E+006    1.9088000000000E+004    2.2562200000000E+005    2.6508000000000E+004    2.7121800000000E+005
     514    4.7690000000000E+003    9.7223230000000E+006    1.9394000000000E+004    2.2677300000000E+005    2.6741000000000E+004    2.7290800000000E+005
     515    5.9300000000000E+003    9.7205900000000E+006    1.9492000000000E+004    2.2705600000000E+005    2.6932000000000E+004    2.7348000000000E+005
     516    7.0580000000000E+003    9.7190170000000E+006    1.9631000000000E+004    2.2719600000000E+005    2.7098000000000E+004    2.7392500000000E+005
     517    6.6890000000000E+003    9.7174830000000E+006    1.9841000000000E+004    2.2871500000000E+005    2.7272000000000E+004    2.7582800000000E+005
     518    5.3840000000000E+003    9.7169390000000E+006    2.0114000000000E+004    2.3012400000000E+005    2.7439000000000E+004    2.7767700000000E+005
     519    4.0840000000000E+003    9.7165060000000E+006    2.0175000000000E+004    2.3174200000000E+005    2.7493000000000E+004    2.7941000000000E+005
     520    4.2710000000000E+003    9.7147460000000E+006    1.9947000000000E+004    2.3350200000000E+005    2.7534000000000E+004    2.8098300000000E+005
     521    4.4630000000000E+003    9.7130200000000E+006    1.9771000000000E+004    2.3502100000000E+005    2.7725000000000E+004    2.8251700000000E+005
     522    3.9190000000000E+003    9.7130200000000E+006    1.9748000000000E+004    2.3538600000000E+005    2.7927000000000E+004    2.8306100000000E+005
     523    3.4860000000000E+003    9.7130200000000E+006    1.9743000000000E+004    2.3564600000000E+005    2.8105000000000E+004    2.8349400000000E+005
     524    1.7260000000000E+003    9.7130200000000E+006    1.9462000000000E+004    2.3753700000000E+005    2.8255000000000E+004    2.8525400000000E+005
     525    0.0000000000000E+000    9.7130200000000E+006    1.9280000000000E+004    2.3928000000000E+005    2.8420000000000E+004    2.8698000000000E+005
     526    0.0000000000000E+000    9.7130200000000E+006    1.7561000000000E+004    2.4094200000000E+005    2.8477000000000E+004    2.8698000000000E+005
     527    0.0000000000000E+000    9.7130200000000E+006    1.5762000000000E+004    2.4269700000000E+005    2.8521000000000E+004    2.8698000000000E+005
     528    0.0000000000000E+000    9.7130200000000E+006    1.4072000000000E+004    2.4422600000000E+005    2.8682000000000E+004    2.8698000000000E+005
     529    0.0000000000000E+000    9.7130200000000E+006    1.3500000000000E+004    2.4463600000000E+005    2.8844000000000E+004    2.8698000000000E+005
     530    0.0000000000000E+000    9.7130200000000E+006    1.3055000000000E+004    2.4508100000000E+005    2.8844000000000E+004    2.8698000000000E+005
     531    0.0000000000000E+000    9.7130200000000E+006    1.1152000000000E+004    2.4698400000000E+005    2.8844000000000E+004    2.8698000000000E+005
     532    0.0000000000000E+000    9.7130200000000E+006    9.3030000000000E+003    2.4883300000000E+005    2.8844000000000E+004    2.8698000000000E+005
     533    0.0000000000000E+000    9.7130200000000E+006    7.5700000000000E+003    2.5056600000000E+005    2.8844000000000E+004    2.8698000000000E+005
     534    0.0000000000000E+000    9.7130200000000E+006    5.9970000000000E+003    2.5213900000000E+005    2.8844000000000E+004    2.8698000000000E+005
     535    0.0000000000000E+000    9.7130200000000E+006    4.4630000000000E+003    2.5367300000000E+005    2.8844000000000E+004    2.8698000000000E+005
     536    0.0000000000000E+000    9.7130200000000E+006    3.9190000000000E+003    2.5421700000000E+005    2.8844000000000E+004    2.8698000000000E+005
     537    0.0000000000000E+000    9.7130200000000E+006    3.4860000000000E+003    2.5465000000000E+005    2.8844000000000E+004    2.8698000000000E+005
     538    0.0000000000000E+000    9.7130200000000E+006    1.7260000000000E+003    2.5641000000000E+005    2.8844000000000E+004    2.8698000000000E+005
     539    0.0000000000000E+000    9.7130200000000E+006    0.0000000000000E+000    2.5813600000000E+005    2.8844000000000E+004    2.8698000000000E+005
     540    0.0000000000000E+000    9.7130200000000E+006    0.0000000000000E+000    2.5813600000000E+005    2.8844000000000E+004    2.8698000000000E+005
