         1         0         0         0        13         0         1
         2         6         0         0        13         0         0
         3         3         0         0        13         0         0
         4         1         0         0        13         0         0
         5         2         0         0        13         1         0
         6         6         6         0        13         0         0
         7        10         3         0        19         0         1
         8         5         1         0        22         0         0
         9         5         2         0        23         0         0
        10         9         6         0        25         0         0
        11        14        10         0        31         1         0
        12        13         5         0        41         0         0
        13        12         5         0        46         0         0
        14        11         9         0        51         0         0
        15        13        14         0        60         0         1
        16        11        13         0        74         0         0
        17        13        12         0        87         0         2
        18        18        11        13        99         0         2
        19        18        13         0        97         1         3
        20        15        11         6       110         0         0
        21        15        13         3       115         2         1
        22        19        18         1       125         2         1
        23        17        18         2       142         3         2
        24        17        15         6       158         0         1
        25        21        15        10       167         1         1
        26        15        19         5       172         1         1
        27        24        17         5       186         2         0
        28        24        17         9       198         1         1
        29        30        21        14       206         1         3
        30        29        15        13       213         1         2
        31        34        24        12       215         0         2
        32        29        24        11       227         1         2
        33        30        30        13       240         3         3
        34        31        29        11       257         2         3
        35        34        34        13       275         2         3
        36        33        29        18       296         2         4
        37        35        30        18       307         3         5
        38        40        31        15       319         3         2
        39        37        34        15       335         3         6
        40        43        33        19       354         4         3
        41        56        35        17       368         5         5
        42        53        40        17       386         2         5
        43        50        37        21       409         6         0
        44        36        43        15       425         3         5
        45        58        56        24       453         5         7
        46        64        53        24       485         5         5
        47        77        50        30       514         0         7
        48        69        36        29       534         5         3
        49        69        58        34       541         7         3
        50        67        64        29       565         5         5
        51        81        77        30       600         7         9
        52       107        69        31       647         3         6
        53        77        69        34       685         3         8
        54       102        67        33       720         5         9
        55        88        81        35       754         9        13
        56        93       107        40       800         6        10
        57       102        77        37       867         8        12
        58       103       102        43       907         9        13
        59       130        88        56       966        13         8
        60        99        93        53       998        10         7
        61       149       102        50      1038        12        10
        62        40       103        36      1090        13         6
        63        53       130        58      1157         8        12
        64       188        99        64      1229         7        12
        65       152       149        77      1264        10        22
        66       119        40        69      1336         6         3
        67       149        53        69      1307        12         4
        68       165       188        67      1291        12        19
        69        58       152        81      1412        22        17
        70        74       119       107      1483         3        15
        71       262       149        77      1495         4        18
        72       202       165       102      1567        19        14
        73       256        58        88      1630        17         7
        74       199        74        93      1600        15        11
        75       163       262       102      1581        18        32
        76       114       202       103      1741        14        20
        77        56       256       130      1840         7        26
        78       304       199        99      1966        11        22
        79       287       163       149      2066        32        20
        80       224       114        40      2080        20        10
        81       253        56        53      2154        26         7
        82       294       304       188      2157        22        34
        83       134       287       152      2273        20        33
        84        58       224       119      2408        10        19
        85       304       253       149      2513         7        27
        86       296       294       165      2617        34        28
        87       302       134        58      2746        33        15
        88       228        58        74      2822        19         5
        89       372       304       262      2806        27        20
        90       169       296       202      2848        28        26
        91        70       302       256      2942        15        26
        92       322       228       199      2988         5        22
        93       301       372       163      3017        20        38
        94       261       169       114      3226        26        15
        95       247        70        56      3281        26         3
        96       156       322       304      3295        22        32
        97       105       301       287      3313        38        21
        98        46       261       224      3327        15        34
        99       255       247       253      3364         3        28
       100       261       156       294      3358        32        14
       101       169       105       134      3220        21        13
       102       187        46        58      3191        34         5
       103       197       255       304      3179        28        26
       104        67       261       296      3130        14        27
       105        47       169       302      3095        13        14
       106       221       187       228      2962         5        24
       107       179       197       372      2921        26        21
       108       179        67       169      2746        27         5
       109       190        47        70      2644        14         8
       110       179       221       322      2621        24        20
       111       110       179       301      2520        21        16
       112        61       179       261      2398         5        24
       113       228       190       247      2316         8        17
       114       214       179       156      2259        20        15
       115       212       110       105      2282        16         9
       116       190        61        46      2287        24        10
       117       240       228       255      2302        17        34
       118       138       214       261      2275        15        23
       119        75       212       169      2228         9        19
       120       303       190       187      2271        10        11
       121       286       240       197      2274        34        23
       122       227       138        67      2317        23        13
       123       366        75        47      2388        19        10
       124       243       303       221      2416        11        22
       125       138       286       179      2498        23        30
       126       114       227       179      2605        13        32
       127       311       366       190      2653        10        37
       128       371       243       179      2829        22        19
       129       316       138       110      2893        30        20
       130       280       114        61      2921        32         7
       131       301       311       228      2974        37        31
       132       136       371       214      3057        19        40
       133        88       316       212      3214        20        25
       134       302       280       190      3318         7        26
       135       278       301       240      3408        31        29
       136       314       136       138      3469        40        14
       137       296        88        75      3467        25        10
       138       300       302       303      3480        26        37
       139       119       278       286      3479        29        30
       140       127       314       227      3471        14        25
       141       451       296       366      3558        10        41
       142       382       300       243      3488        37        24
       143       335       119       138      3545        30        13
       144       255       127       114      3526        25        15
       145       339       451       311      3539        41        48
       146       134       382       371      3679        24        35
       147       109       335       316      3690        13        32
       148       442       255       280      3709        15        23
       149       371       339       301      3684        48        30
       150       359       134       136      3722        35        16
       151       331       109        88      3720        32         7
       152       385       442       302      3741        23        50
       153       113       371       278      3881        30        41
       154       113       359       314      3974        16        38
       155       423       331       296      4019         7        32
       156       351       385       300      4054        50        32
       157       388       113       119      4139        41        10
       158       315       113       127      4133        38        12
       159       369       423       451      4119        32        47
       160       138       351       382      4091        32        30
       161       119       388       335      4060        10        20
       162       472       315       255      4113        12        22
       163       455       369       339      4173        47        30
       164       342       138       134      4203        30        11
       165       388       119       109      4207        20        21
       166       313       472       442      4217        22        50
       167       167       455       371      4247        30        43
       168       121       342       359      4331        11        40
       169       387       388       331      4314        21        37
       170       380       313       385      4371        50        37
       171       374       167       113      4299        43        14
       172       361       121       113      4353        40        19
       173       234       387       423      4361        37        38
       174       119       380       351      4325        37        36
       175       134       374       388      4354        14        50
       176       375       361       315      4340        19        32
       177       330       234       369      4386        38        24
       178       126       119       138      4251        36        11
       179       319       134       119      4232        50        11
       180       271       375       472      4247        32        47
       181       121       330       455      4150        24        33
       182        76       126       342      4025        11        10
       183       313       319       388      3809        11        22
       184       298       271       313      3740        47        27
       185       313       121       167      3698        33        12
       186       286        76       121      3652        10         8
       187       248       313       387      3607        22        45
       188       114       298       380      3533        27        25
       189        76       313       374      3451        12        34
       190       353       286       361      3390         8        25
       191       320       248       234      3315        45        24
       192       224       114       119      3329        25         9
       193       242        76       134      3324        34         9
       194       207       353       375      3266        25        36
       195       112       320       330      3244        24        41
       196        64       224       126      3234         9        20
       197       233       242       319      3332         9        33
       198       278       207       271      3255        36        25
       199       202       112       121      3191        41        11
       200       183        64        76      3182        20         9
       201       180       233       313      3170        33        24
       202       100       278       298      3090        25        27
       203        72       202       313      3070        11        24
       204       292       183       286      2959         9        19
       205       266       180       248      2856        24        10
       206       180       100       114      2788        27        14
       207       202        72        76      2774        24        11
       208       235       292       353      2770        19        22
       209       100       266       320      2709        10        35
       210        57       180       224      2655        14        18
       211       247       202       242      2611        11        23
       212       293       235       207      2571        22        24
       213       211       100       112      2599        35        15
       214       185        57        64      2587        18         7
       215       167       247       233      2580        23        19
       216        73       293       278      2594        24        35
       217        60       211       202      2609        15        21
       218       238       185       183      2618         7        16
       219       213       167       180      2620        19        21
       220       223        73       100      2607        35         5
       221       199        60        72      2580        21         4
       222       163       238       292      2568        16        26
       223        63       213       266      2514        21        24
       224        44       223       180      2461         5        23
       225       151       199       202      2504         4        27
       226       214       163       235      2501        26        17
       227       220        63       100      2429        24         5
       228       172        44        57      2392        23         1
       229       145       151       247      2379        27        10
       230        53       214       293      2283        17        18
       231        59       220       211      2204         5        25
       232       214       172       185      2213         1        19
       233       228       145       167      2200        10        10
       234       165        53        73      2178        18         6
       235       206        59        60      2158        25         6
       236       191       214       238      2157        19        24
       237        69       228       213      2133        10        27
       238        45       165       223      2148         6        17
       239       108       206       199      2090         6        20
       240       265       191       163      2097        24        27
       241       203        69        63      2125        27         8
       242       194        45        44      2131        17         3
       243       109       108       151      2132        20        18
       244        91       265       214      2089        27        33
       245        72       203       220      2140         8        22
       246       178       194       172      2123         3        20
       247       229       109       145      2145        18        13
       248       232        91        53      2109        33        10
       249       216        72        59      2147        22        10
       250       197       178       214      2160        20        16
       251       122       229       228      2124        13        27
       252        63       232       165      2125        10        26
       253       257       216       206      2192        10        24
       254       293       197       191      2202        16        22
       255       273       122        69      2208        27        22
       256       199        63        45      2261        26         4
       257       212       257       108      2279        24        24
       258        83       293       265      2428        22        26
       259        71       273       203      2456        22        33
       260       264       199       194      2526         4        11
       261       253       212       109      2531        24        25
       262       227        83        91      2634        26        10
       263       240        71        72      2626        33        11
       264       292       264       178      2625        11        24
       265        91       253       229      2711        25        24
       266        69       227       232      2735        10        31
       267       333       240       216      2730        11        28
       268       360       292       197      2754        24        31
       269       280        91       122      2849        24        13
       270       302        69        63      2818        31        11
       271       243       333       257      2824        28        31
       272       118       360       293      2900        31        47
       273        95       280       273      2967        13        23
       274       392       302       199      2974        11        20
       275       325       243       212      3077        31        29
       276       251       118        83      3108        47         7
       277       209        95        71      3143        23        11
       278       115       392       264      3167        20        37
       279        93       325       253      3295        29        34
       280       155       251       227      3367         7        23
       281       495       209       240      3391        11        17
       282       441       115       292      3360        37        16
       283       442        93        91      3183        34        11
       284       379       155        69      3185        23        19
       285       130       495       333      3271        17        54
       286       224       441       360      3433        16        44
       287       184       442       280      3514        11        47
       288       516       379       302      3676        19        46
       289       568       130       243      3753        54        13
       290       547       224       118      3640        44        20
       291       434       184        95      3746        47        17
       292       464       516       392      3835        46        49
       293       172       568       325      3959        13        47
       294       142       547       251      4202        20        57
       295       471       434       209      4498        17        44
       296       589       464       115      4723        49        43
       297       553       172        93      5072        47        14
       298       465       142       155      5151        57        16
       299       380       471       495      5138        44        46
       300       210       589       441      5114        43        52
       301       199       553       442      5262        14        50
       302       550       465       379      5373        16        46
       303       498       380       130      5459        46        37
       304       477       210       224      5709        52        24
       305       381       199       184      5695        50        21
       306       382       550       516      5710        46        46
       307       161       498       568      5744        37        56
       308       173       477       547      5674        24        52
       309       565       381       434      5604        21        47
       310       450       382       464      5551        46        40
       311       335       161       172      5469        56        14
       312       342       173       142      5458        52        19
       313       252       565       471      5489        47        60
       314       119       450       589      5583        40        46
       315       136       335       553      5444        14        33
       316       187       342       465      5226        19        30
       317       316       252       380      5103        60        23
       318       292       119       210      4975        46        10
       319       259       136       199      4884        33         9
       320       216       187       550      4821        30        17
       321       127       316       498      4458        23        34
       322        58       292       477      4276        10        27
       323       231       259       381      4091         9        24
       324       158       216       382      3969        17        16
       325       152       127       161      3803        34        19
       326       142        58       173      3769        27         4
       327       156       231       565      3654        24        30
       328        86       158       450      3320        16        13
       329        70       152       335      3028        19        16
       330       131       142       342      2845         4        15
       331       141       156       252      2645        30        12
       332       156        86       119      2549        13        10
       333       126        70       136      2516        16         8
       334       117       131       187      2450        15        13
       335        78       141       316      2394        12        12
       336        64       156       292      2219        10        16
       337       149       126       259      2083         8        13
       338       112       117       216      1950        13        13
       339       100        78       127      1851        12        11
       340       114        64        58      1802        16         3
       341       121       149       231      1808        13        14
       342        99       112       158      1726        13        12
       343        80       100       152      1680        11        10
       344       134       114       142      1628         3        10
       345       159       121       156      1600        14        12
       346       140        99        86      1565        12         9
       347       121        80        70      1578        10        12
       348       108       134       131      1588        10        15
       349        48       159       141      1591        12        14
       350        59       140       156      1609         9        13
       351       169       121       126      1593        12        11
       352        95       108       117      1588        15        12
       353        81        48        78      1579        14         3
       354        61        59        64      1549        13         9
       355        85       169       149      1544        11        16
       356        34        95       112      1564        12        10
       357        49        81       100      1547         3         8
       358        72        61       114      1528         9         8
       359       122        85       121      1475        16        12
       360       109        34        99      1439        10         6
       361       120        49        80      1374         8         5
       362       129        72       134      1343         8         4
       363        51       122       159      1281        12        12
       364        53       109       140      1244         6        14
       365       115       120       121      1213         5         5
       366        98       129       108      1212         4        13
       367       132        51        48      1233        12         7
       368       101        53        59      1236        14         7
       369        86       115       169      1230         5        14
       370        74        98        95      1176        13         8
       371        43       132        81      1179         7         8
       372       124       101        61      1230         7        11
       373       127        86        85      1270        14        12
       374       125        74        34      1271         8         7
       375        40        43        49      1311         8         2
       376        65       124        72      1305        11        14
       377        40       127       122      1357        12        17
       378        50       125       109      1362         7        11
       379       198        40       120      1378         2         3
       380       170        65       129      1298        14         6
       381       136        40        51      1234        17         2
       382       114        50        53      1223        11         4
       383        89       198       115      1220         3        21
       384        64       170        98      1303         6        11
       385        50       136       132      1375         2        10
       386       163       114       101      1379         4        12
       387       111        89        86      1392        21         8
       388       132        64        74      1395        11         7
       389       106        50        43      1385        10         6
       390        74       163       124      1392        12        15
       391        47       111       127      1431         8         5
       392        55       132       125      1415         7        12
       393       141       106        40      1422         6        10
       394       107        74        65      1488        15         9
       395       100        47        40      1497         5         6
       396        85        55        50      1504        12         6
       397        77       141       198      1509        10        13
       398        56       107       170      1452         9        15
       399        23       100       136      1389         6         5
       400       127        85       114      1353         6         9
       401       107        77        89      1324        13         8
       402        91        56        64      1312        15         7
       403       122        23        50      1304         5         1
       404        69       127       163      1277         9        11
       405        34       107       111      1241         8        14
       406        45        91       132      1237         7        10
       407        98       122       106      1196         1        10
       408        98        69        74      1212        11         4
       409        76        34        47      1207        14         4
       410        90        45        55      1194        10         6
       411        88        98       141      1184        10         8
       412        42        98       107      1141         4         7
       413         6        76       100      1132         4         4
       414        41        90        85      1108         6         6
       415       106        88        77      1113         8         8
       416        75        42        56      1124         7         6
       417        67         6        23      1110         4         0
       418        54        41       127      1093         6         3
       419        29       106       107      1007         8         8
       420        29        75        91      1006         6         9
       421        96        67       122       990         0         9
       422        52        54        69       935         3         1
       423        38        29        34       920         8         2
       424        54        29        45       915         9         3
       425        32        96        98       899         9        14
       426        10        52        98       897         1         6
       427        31        38        76       851         2         1
       428        41        54        90       813         3         6
       429        25        32        88       777        14         2
       430        45        10        42       721         6         1
       431        27        31         6       689         1         3
       432        41        41        41       714         6         6
       433        22        25       106       714         2         1
       434        20        45        75       633         1         2
       435        27        27        67       603         3         1
       436        36        41        54       563         6         4
       437        21        22        29       550         1         1
       438        29        20        29       543         2         1
       439        23        27        96       534         1         2
       440         6        36        52       465         4         4
       441        10        21        38       449         1         1
       442        26        29        54       432         1         2
       443        14        23        32       407         2         1
       444        27         6        10       398         4         0
       445        21        10        31       394         1         2
       446        34        26        41       373         2         2
       447        15        14        25       358         1         1
       448         5        27        45       347         0         2
       449        15        21        27       329         2         3
       450        20        34        41       323         2         3
       451        23        15        22       316         1         1
       452        31         5        20       309         2         0
       453        21        15        27       294         3         3
       454         7        20        36       282         3         0
       455         9        23        21       266         1         0
       456        40        31        29       268         0         3
       457        29        21        23       270         3         2
       458        37         7         6       268         0         0
       459        37         9        10       269         0         2
       460        30        40        26       268         3         4
       461        20        29        14       282         2         2
       462        23        37        27       297         0         3
       463        71        37        21       307         2         9
       464        51        30        34       323         4         4
       465        58        20        15       319         2         0
       466        63        23         5       324         3         0
       467        76        71        15       342         9        11
       468        46        51        20       398         4         3
       469        26        58        23       429         0         8
       470       110        63        31       464         0         3
       471        79        76        21       496        11         9
       472       112        46         7       551         3         5
       473       148        26         9       590         8         4
       474       121       110        40       607         3         8
       475        39        79        29       677         9         7
       476        75       112        37       727         5        12
       477        85       148        37       802         4        23
       478        87       121        30       913         8        13
       479       225        39        20      1004         7         3
       480       129        75        23      1023        12         6
       481       122        85        71      1075        23         6
       482       111        87        51      1089        13        13
       483        70       225        58      1125         3        15
       484       273       129        63      1292         6        13
       485       248       122        76      1358         6         7
       486       218       111        46      1404        13        14
       487       299        70        26      1469        15         7
       488       292       273       110      1513        13        28
       489       115       248        79      1676         7        31
       490       133       218       112      1845        14        22
       491       391       299       148      1951         7        35
       492       349       292       121      2102        28        21
       493       302       115        39      2273        31         9
       494       344       133        75      2349        22        17
       495       334       391        85      2407        35        41
       496       146       349        87      2713        21        31
       497       242       302       225      2975         9        33
       498       354       344       129      3052        17        38
       499       481       334       122      3267        41        35
       500       551       146       111      3479        31        12
       501       456       242        70      3514        33        27
       502       458       354       273      3686        38        33
       503       156       481       248      3767        35        45
       504       148       551       218      4000        12        52
       505       542       456       299      4333        27        55
       506       495       458       292      4490        33        62
       507         0       156       115      4656        45        11
       508         0       148       133      4697        52        10
       509         0       542       391      4712        55        52
       510         0       495       349      4863        62        51
       511         0         0       302      5009        11         0
       512         0         0       344      4707        10         0
       513         0         0       334      4363        52         0
       514         0         0       146      4029        51         0
       515         0         0       242      3883         0         0
       516         0         0       354      3641         0         0
       517         0         0       481      3287         0         0
       518         0         0       551      2806         0         0
       519         0         0       456      2255         0         0
       520         0         0       458      1799         0         0
       521         0         0       156      1341         0         0
       522         0         0       148      1185         0         0
       523         0         0       542      1037         0         0
       524         0         0       495       495         0         0
       525         0         0         0         0         0         0
       526         0         0         0         0         0         0
       527         0         0         0         0         0         0
       528         0         0         0         0         0         0
       529         0         0         0         0         0         0
       530         0         0         0         0         0         0
       531         0         0         0         0         0         0
       532         0         0         0         0         0         0
       533         0         0         0         0         0         0
       534         0         0         0         0         0         0
       535         0         0         0         0         0         0
       536         0         0         0         0         0         0
       537         0         0         0         0         0         0
       538         0         0         0         0         0         0
       539         0         0         0         0         0         0
       540         0         0         0         0         0         0
