       0    0.0000000000000E+000    9.9999000000000E+005    1.0000000000000E+001    0.0000000000000E+000    0.0000000000000E+000    1.0000000000000E+001
       1    0.0000000000000E+000    9.9999000000000E+005    1.0000000000000E+001    0.0000000000000E+000    0.0000000000000E+000    1.0000000000000E+001
       2    8.0000000000000E+000    9.9998200000000E+005    1.0000000000000E+001    0.0000000000000E+000    0.0000000000000E+000    1.0000000000000E+001
       3    1.0000000000000E+001    9.9998000000000E+005    1.0000000000000E+001    0.0000000000000E+000    0.0000000000000E+000    1.0000000000000E+001
       4    1.2000000000000E+001    9.9997800000000E+005    1.0000000000000E+001    0.0000000000000E+000    0.0000000000000E+000    1.0000000000000E+001
       5    1.9000000000000E+001    9.9997100000000E+005    1.0000000000000E+001    0.0000000000000E+000    0.0000000000000E+000    1.0000000000000E+001
       6    1.5000000000000E+001    9.9996700000000E+005    1.8000000000000E+001    0.0000000000000E+000    0.0000000000000E+000    1.8000000000000E+001
       7    1.7000000000000E+001    9.9996300000000E+005    2.0000000000000E+001    0.0000000000000E+000    0.0000000000000E+000    2.0000000000000E+001
       8    1.8000000000000E+001    9.9996000000000E+005    2.2000000000000E+001    0.0000000000000E+000    0.0000000000000E+000    2.2000000000000E+001
       9    2.0000000000000E+001    9.9995100000000E+005    2.9000000000000E+001    0.0000000000000E+000    0.0000000000000E+000    2.9000000000000E+001
      10    1.9000000000000E+001    9.9994800000000E+005    3.3000000000000E+001   -1.0000000000000E+000    1.0000000000000E+000    3.3000000000000E+001
      11    2.7000000000000E+001    9.9993600000000E+005    3.7000000000000E+001   -1.0000000000000E+000    1.0000000000000E+000    3.7000000000000E+001
      12    4.0000000000000E+001    9.9992000000000E+005    4.0000000000000E+001   -1.0000000000000E+000    1.0000000000000E+000    4.0000000000000E+001
      13    4.4000000000000E+001    9.9990700000000E+005    4.9000000000000E+001   -1.0000000000000E+000    1.0000000000000E+000    4.9000000000000E+001
      14    5.0000000000000E+001    9.9989800000000E+005    5.2000000000000E+001   -1.0000000000000E+000    1.0000000000000E+000    5.2000000000000E+001
      15    5.2000000000000E+001    9.9988400000000E+005    6.4000000000000E+001   -1.0000000000000E+000    1.0000000000000E+000    6.4000000000000E+001
      16    5.3000000000000E+001    9.9986700000000E+005    8.0000000000000E+001   -1.0000000000000E+000    1.0000000000000E+000    8.0000000000000E+001
      17    5.6000000000000E+001    9.9985100000000E+005    9.3000000000000E+001   -1.0000000000000E+000    1.0000000000000E+000    9.3000000000000E+001
      18    7.5000000000000E+001    9.9982300000000E+005    9.2000000000000E+001    9.0000000000000E+000    1.0000000000000E+000    1.0200000000000E+002
      19    7.3000000000000E+001    9.9981100000000E+005    1.0600000000000E+002    8.0000000000000E+000    2.0000000000000E+000    1.1600000000000E+002
      20    8.9000000000000E+001    9.9977800000000E+005    1.1500000000000E+002    1.3000000000000E+001    5.0000000000000E+000    1.3300000000000E+002
      21    1.2300000000000E+002    9.9972800000000E+005    1.2900000000000E+002    1.4000000000000E+001    6.0000000000000E+000    1.4900000000000E+002
      22    1.2900000000000E+002    9.9969400000000E+005    1.5500000000000E+002    1.6000000000000E+001    6.0000000000000E+000    1.7700000000000E+002
      23    1.6400000000000E+002    9.9964700000000E+005    1.6000000000000E+002    1.9000000000000E+001    1.0000000000000E+001    1.8900000000000E+002
      24    1.6800000000000E+002    9.9961000000000E+005    1.8900000000000E+002    1.8000000000000E+001    1.5000000000000E+001    2.2200000000000E+002
      25    1.6700000000000E+002    9.9956100000000E+005    2.3500000000000E+002    2.2000000000000E+001    1.5000000000000E+001    2.7200000000000E+002
      26    2.0000000000000E+002    9.9949400000000E+005    2.6600000000000E+002    2.1000000000000E+001    1.9000000000000E+001    3.0600000000000E+002
      27    2.2300000000000E+002    9.9942400000000E+005    3.0400000000000E+002    2.7000000000000E+001    2.2000000000000E+001    3.5300000000000E+002
      28    2.6500000000000E+002    9.9934500000000E+005    3.3800000000000E+002    2.7000000000000E+001    2.5000000000000E+001    3.9000000000000E+002
      29    3.1100000000000E+002    9.9925000000000E+005    3.7500000000000E+002    3.8000000000000E+001    2.6000000000000E+001    4.3900000000000E+002
      30    3.6600000000000E+002    9.9912800000000E+005    4.2600000000000E+002    5.2000000000000E+001    2.8000000000000E+001    5.0600000000000E+002
      31    4.1700000000000E+002    9.9900700000000E+005    4.8300000000000E+002    6.1000000000000E+001    3.2000000000000E+001    5.7600000000000E+002
      32    4.5500000000000E+002    9.9889000000000E+005    5.5300000000000E+002    6.7000000000000E+001    3.5000000000000E+001    6.5500000000000E+002
      33    5.2700000000000E+002    9.9872300000000E+005    6.3400000000000E+002    7.7000000000000E+001    3.9000000000000E+001    7.5000000000000E+002
      34    5.9500000000000E+002    9.9853300000000E+005    7.3900000000000E+002    8.6000000000000E+001    4.7000000000000E+001    8.7200000000000E+002
      35    6.9000000000000E+002    9.9831700000000E+005    8.4400000000000E+002    9.5000000000000E+001    5.4000000000000E+001    9.9300000000000E+002
      36    7.8400000000000E+002    9.9810600000000E+005    9.3300000000000E+002    1.1500000000000E+002    6.2000000000000E+001    1.1100000000000E+003
      37    8.7400000000000E+002    9.9784900000000E+005    1.0880000000000E+003    1.1600000000000E+002    7.3000000000000E+001    1.2770000000000E+003
      38    9.7800000000000E+002    9.9755500000000E+005    1.2450000000000E+003    1.3700000000000E+002    8.5000000000000E+001    1.4670000000000E+003
      39    1.0760000000000E+003    9.9724100000000E+005    1.4110000000000E+003    1.7300000000000E+002    9.9000000000000E+001    1.6830000000000E+003
      40    1.3050000000000E+003    9.9680100000000E+005    1.5880000000000E+003    1.9100000000000E+002    1.1500000000000E+002    1.8940000000000E+003
      41    1.5010000000000E+003    9.9634800000000E+005    1.7980000000000E+003    2.2600000000000E+002    1.2700000000000E+002    2.1510000000000E+003
      42    1.8040000000000E+003    9.9575100000000E+005    2.0550000000000E+003    2.4900000000000E+002    1.4100000000000E+002    2.4450000000000E+003
      43    2.1120000000000E+003    9.9512900000000E+005    2.3200000000000E+003    2.8300000000000E+002    1.5600000000000E+002    2.7590000000000E+003
      44    2.2760000000000E+003    9.9452500000000E+005    2.6930000000000E+003    3.3100000000000E+002    1.7500000000000E+002    3.1990000000000E+003
      45    2.5330000000000E+003    9.9381500000000E+005    3.0760000000000E+003    3.7300000000000E+002    2.0300000000000E+002    3.6520000000000E+003
      46    2.8670000000000E+003    9.9288400000000E+005    3.5940000000000E+003    4.2500000000000E+002    2.3000000000000E+002    4.2490000000000E+003
      47    3.2350000000000E+003    9.9189400000000E+005    4.1210000000000E+003    4.8700000000000E+002    2.6300000000000E+002    4.8710000000000E+003
      48    3.8260000000000E+003    9.9069900000000E+005    4.6030000000000E+003    5.5300000000000E+002    3.1900000000000E+002    5.4750000000000E+003
      49    4.3860000000000E+003    9.8942900000000E+005    5.1920000000000E+003    6.1700000000000E+002    3.7600000000000E+002    6.1850000000000E+003
      50    4.8390000000000E+003    9.8804500000000E+005    6.0060000000000E+003    6.7800000000000E+002    4.3200000000000E+002    7.1160000000000E+003
      51    5.4920000000000E+003    9.8640200000000E+005    6.8290000000000E+003    7.8700000000000E+002    4.9000000000000E+002    8.1060000000000E+003
      52    6.1740000000000E+003    9.8452500000000E+005    7.8340000000000E+003    9.2000000000000E+002    5.4700000000000E+002    9.3010000000000E+003
      53    7.1420000000000E+003    9.8228700000000E+005    8.8880000000000E+003    1.0680000000000E+003    6.1500000000000E+002    1.0571000000000E+004
      54    8.1800000000000E+003    9.7986500000000E+005    1.0061000000000E+004    1.1760000000000E+003    7.1800000000000E+002    1.1955000000000E+004
      55    9.4480000000000E+003    9.7695400000000E+005    1.1447000000000E+004    1.3270000000000E+003    8.2400000000000E+002    1.3598000000000E+004
      56    1.0764000000000E+004    9.7376100000000E+005    1.3030000000000E+004    1.4940000000000E+003    9.5100000000000E+002    1.5475000000000E+004
      57    1.2093000000000E+004    9.7019400000000E+005    1.4954000000000E+004    1.6830000000000E+003    1.0760000000000E+003    1.7713000000000E+004
      58    1.3789000000000E+004    9.6607600000000E+005    1.6936000000000E+004    1.9720000000000E+003    1.2270000000000E+003    2.0135000000000E+004
      59    1.5415000000000E+004    9.6153900000000E+005    1.9394000000000E+004    2.2760000000000E+003    1.3760000000000E+003    2.3046000000000E+004
      60    1.7365000000000E+004    9.5639600000000E+005    2.1990000000000E+004    2.6980000000000E+003    1.5510000000000E+003    2.6239000000000E+004
      61    1.9770000000000E+004    9.5042400000000E+005    2.4935000000000E+004    3.0900000000000E+003    1.7810000000000E+003    2.9806000000000E+004
      62    2.2351000000000E+004    9.4372500000000E+005    2.8449000000000E+004    3.4430000000000E+003    2.0320000000000E+003    3.3924000000000E+004
      63    2.5445000000000E+004    9.3609400000000E+005    3.2276000000000E+004    3.8680000000000E+003    2.3170000000000E+003    3.8461000000000E+004
      64    2.8685000000000E+004    9.2771100000000E+005    3.6488000000000E+004    4.4790000000000E+003    2.6370000000000E+003    4.3604000000000E+004
      65    3.2136000000000E+004    9.1828800000000E+005    4.1470000000000E+004    5.1010000000000E+003    3.0050000000000E+003    4.9576000000000E+004
      66    3.6070000000000E+004    9.0765500000000E+005    4.6974000000000E+004    5.8790000000000E+003    3.4220000000000E+003    5.6275000000000E+004
      67    4.0151000000000E+004    8.9594300000000E+005    5.3335000000000E+004    6.7030000000000E+003    3.8680000000000E+003    6.3906000000000E+004
      68    4.5028000000000E+004    8.8268300000000E+005    6.0334000000000E+004    7.5850000000000E+003    4.3700000000000E+003    7.2289000000000E+004
      69    4.9969000000000E+004    8.6831900000000E+005    6.8114000000000E+004    8.5920000000000E+003    5.0060000000000E+003    8.1712000000000E+004
      70    5.5613000000000E+004    8.5204200000000E+005    7.6870000000000E+004    9.8120000000000E+003    5.6630000000000E+003    9.2345000000000E+004
      71    6.1162000000000E+004    8.3478100000000E+005    8.6344000000000E+004    1.1321000000000E+004    6.3920000000000E+003    1.0405700000000E+005
      72    6.7019000000000E+004    8.1566400000000E+005    9.7182000000000E+004    1.2881000000000E+004    7.2540000000000E+003    1.1731700000000E+005
      73    7.3296000000000E+004    7.9502300000000E+005    1.0863500000000E+005    1.4854000000000E+004    8.1920000000000E+003    1.3168100000000E+005
      74    7.9006000000000E+004    7.7303600000000E+005    1.2171900000000E+005    1.6996000000000E+004    9.2430000000000E+003    1.4795800000000E+005
      75    8.5460000000000E+004    7.4932100000000E+005    1.3541300000000E+005    1.9434000000000E+004    1.0372000000000E+004    1.6521900000000E+005
      76    9.1398000000000E+004    7.2426600000000E+005    1.5041200000000E+005    2.2214000000000E+004    1.1710000000000E+004    1.8433600000000E+005
      77    9.7096000000000E+004    6.9792700000000E+005    1.6651600000000E+005    2.5310000000000E+004    1.3151000000000E+004    2.0497700000000E+005
      78    1.0198500000000E+005    6.7105100000000E+005    1.8336000000000E+005    2.8828000000000E+004    1.4776000000000E+004    2.2696400000000E+005
      79    1.0620700000000E+005    6.4311400000000E+005    2.0110300000000E+005    3.3058000000000E+004    1.6518000000000E+004    2.5067900000000E+005
      80    1.0930600000000E+005    6.1496000000000E+005    2.1945900000000E+005    3.7831000000000E+004    1.8444000000000E+004    2.7573400000000E+005
      81    1.1098300000000E+005    5.8694400000000E+005    2.3816700000000E+005    4.3496000000000E+004    2.0410000000000E+004    3.0207300000000E+005
      82    1.1224900000000E+005    5.5880200000000E+005    2.5666000000000E+005    4.9706000000000E+004    2.2583000000000E+004    3.2894900000000E+005
      83    1.1144100000000E+005    5.3167300000000E+005    2.7517400000000E+005    5.6778000000000E+004    2.4934000000000E+004    3.5688600000000E+005
      84    1.0972200000000E+005    5.0523800000000E+005    2.9269500000000E+005    6.4992000000000E+004    2.7353000000000E+004    3.8504000000000E+005
      85    1.0692100000000E+005    4.8002300000000E+005    3.0899900000000E+005    7.4025000000000E+004    3.0032000000000E+004    4.1305600000000E+005
      86    1.0243700000000E+005    4.5636500000000E+005    3.2388100000000E+005    8.4550000000000E+004    3.2767000000000E+004    4.4119800000000E+005
      87    9.7964000000000E+004    4.3370900000000E+005    3.3664600000000E+005    9.6164000000000E+004    3.5517000000000E+004    4.6832700000000E+005
      88    9.2861000000000E+004    4.1237700000000E+005    3.4680400000000E+005    1.0962600000000E+005    3.8332000000000E+004    4.9476200000000E+005
      89    8.7135000000000E+004    3.9288800000000E+005    3.5475800000000E+005    1.2410500000000E+005    4.1114000000000E+004    5.1997700000000E+005
      90    8.1654000000000E+004    3.7471100000000E+005    3.5929900000000E+005    1.4041600000000E+005    4.3920000000000E+004    5.4363500000000E+005
      91    7.6097000000000E+004    3.5761200000000E+005    3.6131400000000E+005    1.5828800000000E+005    4.6689000000000E+004    5.6629100000000E+005
      92    7.0193000000000E+004    3.4218400000000E+005    3.6065900000000E+005    1.7762600000000E+005    4.9338000000000E+004    5.8762300000000E+005
      93    6.5016000000000E+004    3.2787200000000E+005    3.5643300000000E+005    1.9883800000000E+005    5.1841000000000E+004    6.0711200000000E+005
      94    5.9846000000000E+004    3.1486500000000E+005    3.4955500000000E+005    2.2152900000000E+005    5.4205000000000E+004    6.2528900000000E+005
      95    5.4866000000000E+004    3.0274600000000E+005    3.4031500000000E+005    2.4567600000000E+005    5.6397000000000E+004    6.4238800000000E+005
      96    5.0163000000000E+004    2.9202100000000E+005    3.2886700000000E+005    2.7043800000000E+005    5.8511000000000E+004    6.5781600000000E+005
      97    4.5697000000000E+004    2.8217500000000E+005    3.1524200000000E+005    2.9653400000000E+005    6.0352000000000E+004    6.7212800000000E+005
      98    4.1769000000000E+004    2.7309600000000E+005    3.0009500000000E+005    3.2290200000000E+005    6.2138000000000E+004    6.8513500000000E+005
      99    3.7837000000000E+004    2.6490900000000E+005    2.8419800000000E+005    3.4917400000000E+005    6.3882000000000E+004    6.9725400000000E+005
     100    3.4394000000000E+004    2.5762700000000E+005    2.6678100000000E+005    3.7582900000000E+005    6.5369000000000E+004    7.0797900000000E+005
     101    3.0963000000000E+004    2.5121200000000E+005    2.4949800000000E+005    4.0162300000000E+005    6.6704000000000E+004    7.1782500000000E+005
     102    2.7900000000000E+004    2.4519600000000E+005    2.3214200000000E+005    4.2672900000000E+005    6.8033000000000E+004    7.2690400000000E+005
     103    2.5185000000000E+004    2.3972400000000E+005    2.1511400000000E+005    4.5078500000000E+005    6.9192000000000E+004    7.3509100000000E+005
     104    2.2749000000000E+004    2.3487800000000E+005    1.9873800000000E+005    4.7340200000000E+005    7.0233000000000E+004    7.4237300000000E+005
     105    2.0630000000000E+004    2.3058200000000E+005    1.8249700000000E+005    4.9507800000000E+005    7.1213000000000E+004    7.4878800000000E+005
     106    1.8534000000000E+004    2.2666200000000E+005    1.6718100000000E+005    5.1552800000000E+005    7.2095000000000E+004    7.5480400000000E+005
     107    1.6520000000000E+004    2.2320400000000E+005    1.5316400000000E+005    5.3420200000000E+005    7.2910000000000E+004    7.6027600000000E+005
     108    1.4855000000000E+004    2.2002300000000E+005    1.3983300000000E+005    5.5162400000000E+005    7.3665000000000E+004    7.6512200000000E+005
     109    1.3311000000000E+004    2.1727100000000E+005    1.2703000000000E+005    5.6810000000000E+005    7.4288000000000E+004    7.6941800000000E+005
     110    1.1791000000000E+004    2.1487100000000E+005    1.1552200000000E+005    5.8291500000000E+005    7.4901000000000E+004    7.7333800000000E+005
     111    1.0613000000000E+004    2.1259100000000E+005    1.0466800000000E+005    5.9664600000000E+005    7.5482000000000E+004    7.7679600000000E+005
     112    9.4380000000000E+003    2.1058500000000E+005    9.4842000000000E+004    6.0917300000000E+005    7.5962000000000E+004    7.7997700000000E+005
     113    8.4490000000000E+003    2.0882200000000E+005    8.5475000000000E+004    6.2083600000000E+005    7.6418000000000E+004    7.8272900000000E+005
     114    7.6690000000000E+003    2.0720200000000E+005    7.7150000000000E+004    6.3119400000000E+005    7.6785000000000E+004    7.8512900000000E+005
     115    6.9390000000000E+003    2.0565200000000E+005    6.9584000000000E+004    6.4067300000000E+005    7.7152000000000E+004    7.8740900000000E+005
     116    6.2680000000000E+003    2.0431700000000E+005    6.2511000000000E+004    6.4941700000000E+005    7.7487000000000E+004    7.8941500000000E+005
     117    5.6560000000000E+003    2.0316600000000E+005    5.6087000000000E+004    6.5734600000000E+005    7.7745000000000E+004    7.9117800000000E+005
     118    5.0200000000000E+003    2.0218200000000E+005    5.0425000000000E+004    6.6439500000000E+005    7.7978000000000E+004    7.9279800000000E+005
     119    4.3620000000000E+003    2.0129000000000E+005    4.5560000000000E+004    6.7056900000000E+005    7.8219000000000E+004    7.9434800000000E+005
     120    3.8060000000000E+003    2.0051100000000E+005    4.0879000000000E+004    6.7640800000000E+005    7.8396000000000E+004    7.9568300000000E+005
     121    3.4170000000000E+003    1.9974900000000E+005    3.6558000000000E+004    6.8172500000000E+005    7.8551000000000E+004    7.9683400000000E+005
     122    3.0760000000000E+003    1.9910600000000E+005    3.2696000000000E+004    6.8642100000000E+005    7.8701000000000E+004    7.9781800000000E+005
     123    2.7690000000000E+003    1.9852100000000E+005    2.9292000000000E+004    6.9057800000000E+005    7.8840000000000E+004    7.9871000000000E+005
     124    2.5260000000000E+003    1.9798500000000E+005    2.6151000000000E+004    6.9437700000000E+005    7.8961000000000E+004    7.9948900000000E+005
     125    2.2620000000000E+003    1.9748700000000E+005    2.3455000000000E+004    6.9771500000000E+005    7.9081000000000E+004    8.0025100000000E+005
     126    2.0070000000000E+003    1.9709900000000E+005    2.0917000000000E+004    7.0080800000000E+005    7.9169000000000E+004    8.0089400000000E+005
     127    1.7860000000000E+003    1.9673500000000E+005    1.8750000000000E+004    7.0344900000000E+005    7.9280000000000E+004    8.0147900000000E+005
     128    1.5560000000000E+003    1.9642900000000E+005    1.6886000000000E+004    7.0579900000000E+005    7.9330000000000E+004    8.0201500000000E+005
     129    1.3270000000000E+003    1.9616000000000E+005    1.5104000000000E+004    7.0801000000000E+005    7.9399000000000E+004    8.0251300000000E+005
     130    1.2040000000000E+003    1.9589500000000E+005    1.3486000000000E+004    7.0995200000000E+005    7.9463000000000E+004    8.0290100000000E+005
     131    1.0720000000000E+003    1.9566300000000E+005    1.2087000000000E+004    7.1164600000000E+005    7.9532000000000E+004    8.0326500000000E+005
     132    9.4700000000000E+002    1.9548200000000E+005    1.0773000000000E+004    7.1320000000000E+005    7.9598000000000E+004    8.0357100000000E+005
     133    8.6400000000000E+002    1.9529600000000E+005    9.4920000000000E+003    7.1470300000000E+005    7.9645000000000E+004    8.0384000000000E+005
     134    7.6300000000000E+002    1.9513200000000E+005    8.4220000000000E+003    7.1600300000000E+005    7.9680000000000E+004    8.0410500000000E+005
     135    6.8600000000000E+002    1.9497700000000E+005    7.5030000000000E+003    7.1711100000000E+005    7.9723000000000E+004    8.0433700000000E+005
     136    6.2200000000000E+002    1.9486000000000E+005    6.7000000000000E+003    7.1806500000000E+005    7.9753000000000E+004    8.0451800000000E+005
     137    5.4100000000000E+002    1.9475500000000E+005    5.9940000000000E+003    7.1893400000000E+005    7.9776000000000E+004    8.0470400000000E+005
     138    4.5700000000000E+002    1.9467500000000E+005    5.3790000000000E+003    7.1968500000000E+005    7.9804000000000E+004    8.0486800000000E+005
     139    3.7700000000000E+002    1.9460000000000E+005    4.7720000000000E+003    7.2041300000000E+005    7.9838000000000E+004    8.0502300000000E+005
     140    3.4700000000000E+002    1.9451300000000E+005    4.2460000000000E+003    7.2103100000000E+005    7.9863000000000E+004    8.0514000000000E+005
     141    2.9800000000000E+002    1.9445700000000E+005    3.7660000000000E+003    7.2159700000000E+005    7.9882000000000E+004    8.0524500000000E+005
     142    2.7200000000000E+002    1.9440300000000E+005    3.3100000000000E+003    7.2211500000000E+005    7.9900000000000E+004    8.0532500000000E+005
     143    2.6600000000000E+002    1.9433400000000E+005    2.8870000000000E+003    7.2260200000000E+005    7.9911000000000E+004    8.0540000000000E+005
     144    2.2300000000000E+002    1.9429000000000E+005    2.5860000000000E+003    7.2297800000000E+005    7.9923000000000E+004    8.0548700000000E+005
     145    2.1800000000000E+002    1.9423900000000E+005    2.2780000000000E+003    7.2333500000000E+005    7.9930000000000E+004    8.0554300000000E+005
     146    2.0400000000000E+002    1.9419900000000E+005    2.0260000000000E+003    7.2363000000000E+005    7.9941000000000E+004    8.0559700000000E+005
     147    1.7400000000000E+002    1.9416000000000E+005    1.8260000000000E+003    7.2389400000000E+005    7.9946000000000E+004    8.0566600000000E+005
     148    1.5800000000000E+002    1.9413200000000E+005    1.6050000000000E+003    7.2414800000000E+005    7.9957000000000E+004    8.0571000000000E+005
     149    1.3600000000000E+002    1.9410300000000E+005    1.4240000000000E+003    7.2437800000000E+005    7.9959000000000E+004    8.0576100000000E+005
     150    1.2700000000000E+002    1.9407200000000E+005    1.2830000000000E+003    7.2455400000000E+005    7.9964000000000E+004    8.0580100000000E+005
     151    1.2000000000000E+002    1.9404000000000E+005    1.1360000000000E+003    7.2473500000000E+005    7.9969000000000E+004    8.0584000000000E+005
     152    1.1300000000000E+002    1.9401900000000E+005    1.0000000000000E+003    7.2489600000000E+005    7.9972000000000E+004    8.0586800000000E+005
     153    1.0200000000000E+002    1.9400100000000E+005    8.7400000000000E+002    7.2504600000000E+005    7.9977000000000E+004    8.0589700000000E+005
     154    8.6000000000000E+001    1.9398600000000E+005    7.8800000000000E+002    7.2516000000000E+005    7.9980000000000E+004    8.0592800000000E+005
     155    7.6000000000000E+001    1.9396400000000E+005    7.1500000000000E+002    7.2526100000000E+005    7.9984000000000E+004    8.0596000000000E+005
     156    7.0000000000000E+001    1.9394900000000E+005    6.5600000000000E+002    7.2533800000000E+005    7.9987000000000E+004    8.0598100000000E+005
     157    6.0000000000000E+001    1.9394100000000E+005    5.9900000000000E+002    7.2540900000000E+005    7.9991000000000E+004    8.0599900000000E+005
     158    5.4000000000000E+001    1.9393200000000E+005    5.2700000000000E+002    7.2549300000000E+005    7.9994000000000E+004    8.0601400000000E+005
     159    4.4000000000000E+001    1.9392000000000E+005    4.9300000000000E+002    7.2554400000000E+005    7.9999000000000E+004    8.0603600000000E+005
     160    3.5000000000000E+001    1.9391400000000E+005    4.5400000000000E+002    7.2559700000000E+005    8.0000000000000E+004    8.0605100000000E+005
     161    3.3000000000000E+001    1.9390800000000E+005    3.9300000000000E+002    7.2566500000000E+005    8.0001000000000E+004    8.0605900000000E+005
     162    3.0000000000000E+001    1.9390200000000E+005    3.5800000000000E+002    7.2570800000000E+005    8.0002000000000E+004    8.0606800000000E+005
     163    2.2000000000000E+001    1.9389800000000E+005    3.1900000000000E+002    7.2575700000000E+005    8.0004000000000E+004    8.0608000000000E+005
     164    2.9000000000000E+001    1.9388500000000E+005    2.8500000000000E+002    7.2579700000000E+005    8.0004000000000E+004    8.0608600000000E+005
     165    2.5000000000000E+001    1.9388300000000E+005    2.5200000000000E+002    7.2583400000000E+005    8.0006000000000E+004    8.0609200000000E+005
     166    2.5000000000000E+001    1.9387700000000E+005    2.3000000000000E+002    7.2586000000000E+005    8.0008000000000E+004    8.0609800000000E+005
     167    2.5000000000000E+001    1.9387300000000E+005    2.0500000000000E+002    7.2588800000000E+005    8.0009000000000E+004    8.0610200000000E+005
     168    1.4000000000000E+001    1.9387100000000E+005    1.8700000000000E+002    7.2591800000000E+005    8.0010000000000E+004    8.0611500000000E+005
     169    1.4000000000000E+001    1.9386900000000E+005    1.5700000000000E+002    7.2595000000000E+005    8.0010000000000E+004    8.0611700000000E+005
     170    8.0000000000000E+000    1.9386900000000E+005    1.4200000000000E+002    7.2597100000000E+005    8.0010000000000E+004    8.0612300000000E+005
     171    9.0000000000000E+000    1.9386400000000E+005    1.2800000000000E+002    7.2598900000000E+005    8.0010000000000E+004    8.0612700000000E+005
     172    1.0000000000000E+001    1.9386100000000E+005    1.1500000000000E+002    7.2600300000000E+005    8.0011000000000E+004    8.0612900000000E+005
     173    1.1000000000000E+001    1.9385800000000E+005    9.5000000000000E+001    7.2602500000000E+005    8.0011000000000E+004    8.0613100000000E+005
     174    1.4000000000000E+001    1.9385500000000E+005    8.0000000000000E+001    7.2604000000000E+005    8.0011000000000E+004    8.0613100000000E+005
     175    1.1000000000000E+001    1.9385300000000E+005    7.7000000000000E+001    7.2604800000000E+005    8.0011000000000E+004    8.0613600000000E+005
     176    8.0000000000000E+000    1.9385300000000E+005    7.1000000000000E+001    7.2605700000000E+005    8.0011000000000E+004    8.0613900000000E+005
     177    6.0000000000000E+000    1.9385200000000E+005    6.2000000000000E+001    7.2606900000000E+005    8.0011000000000E+004    8.0614200000000E+005
     178    3.0000000000000E+000    1.9385200000000E+005    5.9000000000000E+001    7.2607500000000E+005    8.0011000000000E+004    8.0614500000000E+005
     179    2.0000000000000E+000    1.9385100000000E+005    5.5000000000000E+001    7.2608100000000E+005    8.0011000000000E+004    8.0614700000000E+005
     180    2.0000000000000E+000    1.9385100000000E+005    4.9000000000000E+001    7.2608600000000E+005    8.0012000000000E+004    8.0614700000000E+005
     181    1.0000000000000E+000    1.9385100000000E+005    4.6000000000000E+001    7.2608900000000E+005    8.0013000000000E+004    8.0614800000000E+005
     182    2.0000000000000E+000    1.9385000000000E+005    3.3000000000000E+001    7.2610100000000E+005    8.0014000000000E+004    8.0614800000000E+005
     183    1.0000000000000E+000    1.9385000000000E+005    3.2000000000000E+001    7.2610300000000E+005    8.0014000000000E+004    8.0614900000000E+005
     184    1.0000000000000E+000    1.9385000000000E+005    2.6000000000000E+001    7.2610900000000E+005    8.0014000000000E+004    8.0614900000000E+005
     185    1.0000000000000E+000    1.9385000000000E+005    2.2000000000000E+001    7.2611300000000E+005    8.0014000000000E+004    8.0614900000000E+005
     186    1.0000000000000E+000    1.9384900000000E+005    2.1000000000000E+001    7.2611500000000E+005    8.0014000000000E+004    8.0615000000000E+005
     187    1.0000000000000E+000    1.9384900000000E+005    1.9000000000000E+001    7.2611600000000E+005    8.0015000000000E+004    8.0615000000000E+005
     188    2.0000000000000E+000    1.9384800000000E+005    1.9000000000000E+001    7.2611600000000E+005    8.0015000000000E+004    8.0615000000000E+005
     189    2.0000000000000E+000    1.9384800000000E+005    1.4000000000000E+001    7.2612100000000E+005    8.0015000000000E+004    8.0615000000000E+005
     190    2.0000000000000E+000    1.9384700000000E+005    1.2000000000000E+001    7.2612400000000E+005    8.0015000000000E+004    8.0615100000000E+005
     191    2.0000000000000E+000    1.9384700000000E+005    9.0000000000000E+000    7.2612700000000E+005    8.0015000000000E+004    8.0615100000000E+005
     192    2.0000000000000E+000    1.9384600000000E+005    7.0000000000000E+000    7.2613000000000E+005    8.0015000000000E+004    8.0615200000000E+005
     193    2.0000000000000E+000    1.9384600000000E+005    5.0000000000000E+000    7.2613200000000E+005    8.0015000000000E+004    8.0615200000000E+005
     194    1.0000000000000E+000    1.9384600000000E+005    6.0000000000000E+000    7.2613200000000E+005    8.0015000000000E+004    8.0615300000000E+005
     195    1.0000000000000E+000    1.9384600000000E+005    5.0000000000000E+000    7.2613300000000E+005    8.0015000000000E+004    8.0615300000000E+005
     196    1.0000000000000E+000    1.9384500000000E+005    6.0000000000000E+000    7.2613300000000E+005    8.0015000000000E+004    8.0615400000000E+005
     197    1.0000000000000E+000    1.9384500000000E+005    5.0000000000000E+000    7.2613400000000E+005    8.0015000000000E+004    8.0615400000000E+005
     198    1.0000000000000E+000    1.9384500000000E+005    5.0000000000000E+000    7.2613400000000E+005    8.0015000000000E+004    8.0615400000000E+005
     199    1.0000000000000E+000    1.9384500000000E+005    5.0000000000000E+000    7.2613400000000E+005    8.0015000000000E+004    8.0615400000000E+005
     200    0.0000000000000E+000    1.9384500000000E+005    5.0000000000000E+000    7.2613500000000E+005    8.0015000000000E+004    8.0615500000000E+005
