         1         0         1         0         2         0         0
         2         0         0         0         3         0         0
         3         0         2         0         3         0         0
         4         1         3         0         5         0         0
         5         0         0         0         8         0         0
         6         6         0         0         8         0         0
         7         1         0         0         8         0         0
         8         1         1         0         8         0         0
         9         3         0         0         9         0         0
        10         5         6         0         9         0         0
        11         2         1         0        15         0         0
        12         4         1         0        16         0         0
        13         6         3         0        17         0         0
        14         4         5         0        20         0         0
        15         4         2         0        25         0         0
        16         6         4         0        27         0         0
        17         8         6         0        31         0         1
        18         6         4         2        37         0         1
        19         5         4         0        39         0         0
        20         7         6         0        43         0         1
        21         4         8         0        49         1         0
        22         8         6         1        57         1         0
        23         9         5         0        62         0         1
        24         9         7         6        67         1         0
        25         8         4         1        68         0         0
        26         4         8         1        71         0         0
        27        15         9         3        78         1         2
        28        13         9         5        84         0         2
        29        21         8         2        88         0         1
        30         8         4         4        94         0         0
        31        25        15         6        94         2         2
        32        11        13         4       103         2         1
        33        14        21         4       112         1         7
        34        19         8         6       129         0         1
        35        10        25         8       131         2         2
        36        23        11         6       148         1         0
        37        25        14         5       153         7         2
        38        16        19         7       162         1         1
        39        13        10         4       174         2         1
        40        24        23         8       180         0         2
        41        13        25         9       195         2         6
        42        15        16         9       211         1         2
        43        14        13         8       218         1         3
        44        25        24         4       223         2         2
        45        27        13        15       243         6         1
        46        23        15        13       241         2         1
        47        19        14        21       243         3         0
        48        19        25         8       236         2         0
        49        19        27        25       253         1         2
        50        26        23        11       255         1         3
        51        44        19        14       267         0         0
        52        29        19        19       272         0         2
        53        25        19        10       272         2         4
        54        30        26        23       281         3         4
        55        23        44        25       284         0         3
        56         6        29        16       303         2         3
        57        33        25        13       316         4         2
        58        19        30        24       328         4         1
        59        22        23        13       334         3         0
        60        39         6        15       344         3         1
        61        42        33        14       335         2         2
        62        29        19        25       354         1         2
        63        18        22        27       348         0         2
        64        60        39        23       343         1         4
        65        59        42        19       359         2         1
        66        67        29        19       382         2         3
        67        86        18        19       392         2         2
        68        35        60        26       391         4        10
        69        37        59        44       425         1         5
        70        14        67        29       440         3         7
        71       103        86        25       478         2         6
        72        75        35        30       539        10         4
        73       111        37        23       544         5         4
        74        92        14         6       558         7         1
        75       100       103        33       566         6        15
        76        57        75        19       636         4         8
        77        51       111        22       692         4         4
        78       105        92        39       781         1        13
        79       113       100        42       834        15        14
        80        87        57        29       892         8         3
        81       101        51        18       920         4         4
        82       101       105        60       953        13         9
        83        48       113        59       998        14        17
        84        64        87        67      1052         3         6
        85        77       101        86      1072         4        10
        86        99       101        35      1087         9         7
        87        71        48        37      1153        17         5
        88        88        64        14      1164         6         4
        89        60        77       103      1214        10         9
        90        27        99        75      1188         7        15
        91        40        71       111      1212         5        12
        92        93        88        92      1172         4         7
        93        99        60       100      1168         9         4
        94       101        27        57      1128        15         2
        95       104        40        51      1098        12         6
        96       104        93       105      1087         7        11
        97        62        99       113      1075         4        16
        98        54       101        87      1061         2        11
        99       116       104       101      1075         6        13
       100        71       104       101      1078        11        14
       101       126        62        48      1081        16         3
       102       124        54        64      1095        11         3
       103       101       116        77      1085        13        13
       104        52        71        99      1124        14         5
       105        52       126        71      1096         3        12
       106       129       124        88      1151         3        14
       107        95       101        60      1187        13         6
       108        83        52        27      1228         5         5
       109        91        52        40      1253        12         5
       110        75       129        93      1265        14        16
       111        35        95        99      1301         6        10
       112        23        83       101      1297         5        10
       113        78        91       104      1279         5         7
       114        89        75       104      1266        16        12
       115        82        35        62      1237        10         5
       116        74        23        54      1210        10         4
       117        59        78       116      1179         7         9
       118        40        89        71      1141        12         3
       119        38        82       126      1159         5         8
       120        59        74       124      1115         4         8
       121        67        59       101      1065         9         4
       122        63        40        52      1023         3         7
       123        50        38        52      1011         8         3
       124        26        59       129       997         8         5
       125        21        67        95       927         4         8
       126        22        63        83       899         7         5
       127        36        50        91       879         3         6
       128        20        26        75       838         5         3
       129        38        21        35       789         8         0
       130        48        22        23       775         5         3
       131        14        36        78       774         6         1
       132         9        20        89       732         3         1
       133        11        38        82       663         0         8
       134        33        48        74       619         3         4
       135        51        14        59       593         1         1
       136        43         9        40       548         1         1
       137        19        11        38       517         8         6
       138        58        33        59       490         4         6
       139        17        51        67       464         1         2
       140        13        43        63       448         1         4
       141        31        19        50       428         6         4
       142        41        58        26       397         6         3
       143        17        17        21       429         2         1
       144        32        13        22       425         4         3
       145        44        31        36       416         4         3
       146        13        41        20       411         3         3
       147         6        17        38       432         1         3
       148        29        32        48       411         3         4
       149        19        44        14       395         3         5
       150        30        13         9       425         3         1
       151        26         6        11       429         3         1
       152        14        29        33       424         4         2
       153         0        19        51       420         5         3
       154         6        30        43       388         1         1
       155        23        26        19       375         1         2
       156         4        14        58       382         2         1
       157        19         0        17       338         3         0
       158        14         6        13       321         1         1
       159        41        23        31       314         2         1
       160        20         4        41       306         1         0
       161         8        19        17       269         0         1
       162        19        14        32       271         1         1
       163         2        41        44       253         1         3
       164         7        20        13       250         0         1
       165        10         8         6       257         1         0
       166        50        19        29       259         1         2
       167         5         2        19       249         3         0
       168         6         7        30       232         1         0
       169        27        10        26       209         0         2
       170        10        50        14       193         2         4
       171        20         5         0       229         0         1
       172        25         6         6       234         0         1
       173        19        27        23       234         2         2
       174         8        10         4       238         4         2
       175         8        20        19       244         1         0
       176        17        25        14       245         1         1
       177        24        19        41       256         2         2
       178        16         8        20       234         2         0
       179        19         8         8       222         0         1
       180        31        17        19       222         1         0
       181         0        24         2       220         2         1
       182         6        16         7       242         0         0
       183        28        19        10       251         1         1
       184         4        31        50       260         0         4
       185        16         0         5       241         1         0
       186        11         6         6       236         0         0
       187        32        28        27       236         1         1
       188         3         4        10       237         4         0
       189         1        16        20       231         0         4
       190        28        11        25       227         0         0
       191        15        32        19       213         1         2
       192        23         3         8       226         0         0
       193        13         1         8       221         4         0
       194        32        28        17       214         0         4
       195        10        15        24       225         2         1
       196         4        23        16       216         0         2
       197        15        13        19       223         0         2
       198         9        32        31       217         4         5
       199         6        10         0       218         1         0
       200        19         4         6       228         2         1
       201        18        15        28       226         2         3
       202         2         9         4       213         5         1
       203         3         6        16       218         0         2
       204        45        19        11       208         1         1
       205        20        18        32       216         3         2
       206        20         2         3       202         1         0
       207        12         3         1       201         2         0
       208        26        45        28       203         1         4
       209         2        20        15       220         2         1
       210         0        20        23       225         0         0
       211        10        12        13       222         0         0
       212         6        26        32       221         4         6
       213        18         2        10       215         1         0
       214         8         0         4       207         0         0
       215         6        10        15       203         0         0
       216         8         6         9       198         6         1
       217         8        18         6       195         0         3
       218        12         8        19       207         0         0
       219        13         6        18       196         0         0
       220        12         8         2       184         1         1
       221        12         8         3       190         3         1
       222        25        12        45       195         0         0
       223         2        13        20       162         0         3
       224         7        12        20       155         1         5
       225        11        12        12       147         1         0
       226        13        25        26       147         0         1
       227        22         2         2       146         3         0
       228         4         7         0       146         5         3
       229        20        11        10       153         0         1
       230         5        13         6       154         1         2
       231         8        22        18       161         0         3
       232        35         4         8       165         3         0
       233        11        20         6       161         1         2
       234        35         5         8       175         2         0
       235        25         8         8       172         3         0
       236        20        35        12       172         0         1
       237         6        11        13       195         2         0
       238         0        35        12       193         0         5
       239        19        25        12       216         0         6
       240        21        20        25       229         1         1
       241        29         6         2       224         0         0
       242        15         0         7       228         5         0
       243        28        19        11       221         6         4
       244         9        21        13       229         1         1
       245         5        29        22       237         0         2
       246        24        15         4       244         0         0
       247        15        28        20       255         4         4
       248        32         9         5       263         1         2
       249         8         5         8       267         2         0
       250        35        24        35       264         0         4
       251         9        15        11       253         4         1
       252         5        32        35       257         2         1
       253        56         8        25       254         0         0
       254        27        35        20       237         4         4
       255        46         9         6       252         1         0
       256        33         5         0       255         1         1
       257        32        56        19       260         0         6
       258         5        27        21       297         4         3
       259         5        46        29       303         0         3
       260        34        33        15       320         1         3
       261        10        32        28       338         6         3
       262        52         5         9       342         3         1
       263        28         5         5       338         3         0
       264         8        34        24       338         3         5
       265        21        10        15       348         3         1
       266         8        52        32       343         1         7
       267        45        28         8       363         0         2
       268        16         8        35       383         5         0
       269        26        21         9       356         1         0
       270        28         8         5       368         7         1
       271         5        45        56       371         2         2
       272         6        16        27       360         0         1
       273         8        26        46       349         0         3
       274        55        28        33       329         1         3
       275        38         5        32       324         2         0
       276        45         6         5       297         1         1
       277        36         8         5       298         3         1
       278        58        55        34       301         3         5
       279        16        38        10       322         0         4
       280        15        45        52       350         1         4
       281        52        36        28       343         1         1
       282        25        58         8       351         5         6
       283        64        16        21       401         4         1
       284        45        15         8       396         4         0
       285        42        52        45       403         1         4
       286        14        25        16       410         6         1
       287        12        64        26       419         1         7
       288        44        45        28       457         0         7
       289        41        42         5       474         4         6
       290        52        14         6       511         1         0
       291        53        12         8       519         7         0
       292        61        44        55       523         7         4
       293        24        41        38       512         6         5
       294        16        52        45       515         0         5
       295        62        53        36       522         0         9
       296        42        61        58       539         4         6
       297        49        24        16       542         5         1
       298        43        16        15       550         5         0
       299        74        62        52       551         9         6
       300         6        42        25       561         6         7
       301        19        49        64       578         1         4
       302         7        43        45       563         0         3
       303        34        74        42       561         6         8
       304        39         6        14       593         7         1
       305        30        19        12       585         4         4
       306        29         7        44       592         3         2
       307         8        34        41       555         8         7
       308         1        39        52       548         1         2
       309        31        30        53       535         4         2
       310        26        29        61       512         2         3
       311        40         8        24       480         7         1
       312        26         1        16       464         2         0
       313        28        31        62       449         2         4
       314         5        26        42       418         3         3
       315        11        40        49       402         1         4
       316        21        26        43       393         0         1
       317        14        28        74       376         4         5
       318        16         5         6       330         3         0
       319        22        11        19       329         4         1
       320        22        21         7       321         1         2
       321        12        14        34       335         5         2
       322        12        16        39       315         0         2
       323        42        22        30       292         1         0
       324        15        22        29       284         2         1
       325        23        12         8       277         2         1
       326        27        12         1       281         2         0
       327        35        42        31       292         0         3
       328         6        15        26       303         1         1
       329        13        23        40       292         1         0
       330        24        27        26       275         0         3
       331        24        35        28       276         3         1
       332        29         6         5       283         1         2
       333        22        13        11       284         0         1
       334        32        24        21       286         3         1
       335        12        24        14       289         1         0
       336         7        29        16       299         2         5
       337        48        22        22       312         1         5
       338        25        32        22       312         1         5
       339        19        12        12       322         0         1
       340        22         7        12       322         5         1
       341        19        48        42       317         5         8
       342         8        25        15       323         5         2
       343         6        19        23       333         1         2
       344        13        22        27       329         1         1
       345        31        19        35       324         8         3
       346        43         8         6       308         2         1
       347        14         6        13       310         2         0
       348        12        13        24       303         1         0
       349         2        31        24       292         3         2
       350         7        43        29       299         1         4
       351        23        14        22       313         0         1
       352        24        12        32       305         0         2
       353        34         2        12       285         2         0
       354        27         7         7       275         4         1
       355        12        23        48       275         1         1
       356        16        24        25       250         2         3
       357         5        34        19       249         0         3
       358        58        27        22       264         1         3
       359        33        12        19       269         1         1
       360        16        16         8       262         3         2
       361        13         5         6       270         3         0
       362         9        58        13       269         3         5
       363         6        33        31       314         1         2
       364        22        16        43       316         2         1
       365        15        13        14       289         0         0
       366        20         9        12       288         5         2
       367        37         6         2       285         2         1
       368        17        22         7       289         1         2
       369        14        15        23       304         0         2
       370         2        20        24       296         2         1
       371        13        37        34       292         1         4
       372        25        17        27       295         2         2
       373        20        14        12       285         2         1
       374        10         2        16       287         1         1
       375        25        13         5       273         4         3
       376        26        25        58       281         2         6
       377         3        20        33       248         1         3
       378         4        10        16       235         1         1
       379        74        25        13       229         3         5
       380         7        26         9       241         6         3
       381        21         3         6       258         3         1
       382        29         4        22       255         1         1
       383        18        74        15       237         5         5
       384        11         7        20       296         3         1
       385        12        21        37       283         1         2
       386        15        29        17       267         1         4
       387        39        18        14       279         5         1
       388        60        11         2       283         1         1
       389        49        12        13       292         2         0
       390        40        15        25       291         4         0
       391         6        39        20       281         1         5
       392        19        60        10       300         1         8
       393        65        49        25       350         0         1
       394        20        40        26       374         0         5
       395        27         6         3       388         5         1
       396        41        19         4       391         8         1
       397        29        65        74       406         1         8
       398        11        20         7       397         5         3
       399         2        27        21       410         1         4
       400        24        41        29       416         1         1
       401        36        29        18       428         8         3
       402        35        11        11       439         3         0
       403        43         2        12       439         4         1
       404        23        24        15       429         1         3
       405        21        36        39       438         3         5
       406        18        35        60       435         0         6
       407        47        43        49       410         1         5
       408        41        23        40       404         3         0
       409        74        21         6       387         5         2
       410        63        18        19       402         6         4
       411        54        47        65       401         5         6
       412        13        41        20       383         0         2
       413        38        74        27       404         2         6
       414        32        63        41       451         4         9
       415        61        54        29       473         6         2
       416        41        13        11       498         2         3
       417        49        38         2       500         6         7
       418        35        32        24       536         9         2
       419        18        61        36       544         2         2
       420        19        41        35       569         3         6
       421        64        49        43       575         7         3
       422        76        35        23       581         2         5
       423        80        18        21       593         2         2
       424        37        19        18       590         6         3
       425        49        64        47       591         3         8
       426        27        76        41       608         5         8
       427        15        80        74       643         2         8
       428        83        37        63       649         3         4
       429        63        49        54       623         8        10
       430        73        27        13       618         8         1
       431        77        15        38       632         8         2
       432        65        83        32       609         4         8
       433        29        63        61       660        10        14
       434        51        73        41       662         1         9
       435       118        77        49       694         2        12
       436       100        65        35       722         8         4
       437       140        29        18       752        14         2
       438       119        51        19       763         9         3
       439        97       118        64       795        12        12
       440        41       100        76       849         4        14
       441        67       140        80       873         2         6
       442       144       119        37       933         3        13
       443       134        97        49      1015        12        12
       444       146        41        27      1063        14         2
       445       154        67        15      1077         6         3
       446       155       144        83      1129        13        16
       447        76       134        63      1190        12        15
       448        52       146        73      1261         2        11
       449       204       154        77      1334         3        12
       450       142       155        65      1411        16        14
       451       131        76        29      1501        15        10
       452       140        52        51      1548        11         9
       453        94       204       118      1549        12        15
       454        63       142       100      1635        14        13
       455        56       131       140      1677        10         9
       456       183       140       119      1668         9        12
       457       177        94        97      1689        15         7
       458       205        63        41      1686        13        11
       459       106        56        67      1708         9         3
       460       123       183       144      1697        12        13
       461        55       177       134      1736         7        17
       462        34       205       146      1779        11        26
       463       186       106       154      1838         3        12
       464       126       123       155      1790        13        13
       465       196        55        76      1758        17         0
       466       150        34        52      1737        26         7
       467       136       186       204      1719        12        10
       468        52       126       142      1701        13        20
       469        40       196       131      1685         0        28
       470       171       150       140      1750         7        14
       471       156       136        94      1760        10        17
       472       151        52        63      1802        20         7
       473       161        40        56      1791        28         1
       474       174       171       183      1775        14        13
       475        77       156       177      1763        17        14
       476        60       151       205      1742         7        21
       477       226       161       106      1688         1        21
       478       199       174       123      1743        13        12
       479       227        77        55      1794        14         6
       480       216        60        34      1816        21         5
       481       163       226       186      1842        21        20
       482        80       199       126      1882        12        31
       483        68       227       196      1955         6        30
       484       282       216       150      1986         5        20
       485       232       163       136      2052        20        20
       486       197        80        52      2079        31         9
       487       259        68        40      2107        30         8
       488       234       282       171      2135        20        23
       489       116       232       156      2246        20        26
       490        88       197       151      2322         9        10
       491       321       259       161      2368         8        34
       492       309       234       174      2466        23        23
       493         0       116        77      2526        26        16
       494         0        88        60      2565        10        10
       495         0       321       226      2593        34        31
       496         0       309       199      2688        23        32
       497         0         0       227      2798        16         0
       498         0         0       216      2571        10         0
       499         0         0       163      2355        31         0
       500         0         0        80      2192        32         0
       501         0         0        68      2112         0         0
       502         0         0       282      2044         0         0
       503         0         0       232      1762         0         0
       504         0         0       197      1530         0         0
       505         0         0       259      1333         0         0
       506         0         0       234      1074         0         0
       507         0         0       116       840         0         0
       508         0         0        88       724         0         0
       509         0         0       321       636         0         0
       510         0         0       309       315         0         0
       511         0         0         0         6         0         0
       512         0         0         0         6         0         0
       513         0         0         0         6         0         0
       514         0         0         0         6         0         0
       515         0         0         0         6         0         0
       516         0         0         0         6         0         0
       517         0         0         0         6         0         0
       518         0         0         0         6         0         0
       519         0         0         0         6         0         0
       520         0         0         0         6         0         0
       521         0         0         0         6         0         0
       522         0         0         0         6         0         0
       523         0         0         0         6         0         0
       524         0         0         0         6         0         0
       525         0         0         0         6         0         0
       526         0         0         0         6         0         0
       527         0         0         0         6         0         0
       528         0         0         0         6         0         0
       529         0         0         0         6         0         0
       530         0         0         0         6         0         0
       531         0         0         0         6         0         0
       532         0         0         0         6         0         0
       533         0         0         0         6         0         0
       534         0         0         0         6         0         0
       535         0         0         0         6         0         0
       536         0         0         0         6         0         0
       537         0         0         0         6         0         0
       538         0         0         0         6         0         0
       539         0         0         0         6         0         0
       540         0         0         0         6         0         0
