       2    1.0000000000000E+000    1.0000000000000E+000    1.0000000000000E+000
       3    1.0000000000000E+000    1.0000000000000E+000    1.0000000000000E+000
       4    1.0000000000000E+000    1.0000000000000E+000    1.0000000000000E+000
       5    1.0000000000000E+000    1.0000000000000E+000    1.0000000000000E+000
       6    1.0000000000000E+000    1.0000000000000E+000    1.0000000000000E+000
       7    1.0000000000000E+000    1.0000000000000E+000    1.0000000000000E+000
       8    1.0000000000000E+000    1.0000000000000E+000    1.0000000000000E+000
       9    9.9999932499939E-001    1.0000000000000E+000    9.9999932499939E-001
      10    9.9999932499939E-001    1.0000000000000E+000    9.9999932499939E-001
      11    9.9999932499939E-001    1.0000000000000E+000    9.9999932499939E-001
      12    9.9999909999918E-001    1.0000000000000E+000    9.9999909999918E-001
      13    9.9999887499898E-001    1.0000000000000E+000    9.9999887499898E-001
      14    9.9999797499816E-001    1.0000000000000E+000    9.9999797499816E-001
      15    9.9999752499775E-001    1.0000000000000E+000    9.9999752499775E-001
      16    9.9999752499775E-001    1.0000000000000E+000    9.9999752499775E-001
      17    9.9999729999755E-001    1.0000000000000E+000    9.9999729999755E-001
      18    9.9999639999673E-001    1.0000000000000E+000    9.9999639999673E-001
      19    9.9999617499652E-001    1.0000000000000E+000    9.9999617499652E-001
      20    9.9999459999509E-001    1.0000000000000E+000    9.9999459999509E-001
      21    9.9999347499407E-001    1.0000000000000E+000    9.9999347499407E-001
      22    9.9999122499202E-001    1.0000000000000E+000    9.9999122499202E-001
      23    9.9998987499080E-001    1.0000000000000E+000    9.9998987499080E-001
      24    9.9998852498957E-001    1.0000000000000E+000    9.9998852498957E-001
      25    9.9998604998732E-001    1.0000000000000E+000    9.9998604998732E-001
      26    9.9998312498466E-001    1.0000000000000E+000    9.9998312498466E-001
      27    9.9997952498139E-001    1.0000000000000E+000    9.9997952498139E-001
      28    9.9997637497853E-001    1.0000000000000E+000    9.9997637497853E-001
      29    9.9997209997464E-001    1.0000000000000E+000    9.9997209997464E-001
      30    9.9996804997097E-001    1.0000000000000E+000    9.9996804997097E-001
      31    7.8330407580675E-001    7.8333333333333E-001    9.9996264996606E-001
      32    5.6664256914478E-001    5.6666666666667E-001    9.9995747496137E-001
      33    3.4998314748469E-001    3.5000000000000E-001    9.9995184995627E-001
      34    3.4998070623248E-001    3.5000000000000E-001    9.9994487494995E-001
      35    3.4997739872949E-001    3.5000000000000E-001    9.9993542494139E-001
      36    3.4997456372692E-001    3.5000000000000E-001    9.9992732493407E-001
      37    3.4997243747500E-001    3.5000000000000E-001    9.9992124992858E-001
      38    3.4997078372351E-001    3.5000000000000E-001    9.9991652492432E-001
      39    3.4996889372181E-001    3.5000000000000E-001    9.9991112491945E-001
      40    3.4996700372011E-001    3.5000000000000E-001    9.9990572491459E-001
      41    3.4996471996805E-001    3.5000000000000E-001    9.9989919990872E-001
      42    3.4996212121572E-001    3.5000000000000E-001    9.9989177490206E-001
      43    3.4995952246339E-001    3.5000000000000E-001    9.9988434989540E-001
      44    3.4995715996128E-001    3.5000000000000E-001    9.9987759988936E-001
      45    3.4995534870966E-001    3.5000000000000E-001    9.9987242488474E-001
      46    3.4995196245664E-001    3.5000000000000E-001    9.9986274987612E-001
      47    3.4994881245385E-001    3.5000000000000E-001    9.9985374986813E-001
      48    3.4994550495092E-001    3.5000000000000E-001    9.9984429985976E-001
      49    3.4994172494758E-001    3.5000000000000E-001    9.9983349985023E-001
      50    3.4993904744523E-001    3.5000000000000E-001    9.9982584984351E-001
      51    3.4993660619309E-001    3.5000000000000E-001    9.9981887483739E-001
      52    3.4993337744027E-001    3.5000000000000E-001    9.9980964982933E-001
      53    3.4992904618650E-001    3.5000000000000E-001    9.9979727481858E-001
      54    3.4992581743371E-001    3.5000000000000E-001    9.9978804981060E-001
      55    3.4992321868147E-001    3.5000000000000E-001    9.9978062480420E-001
      56    3.4991920242803E-001    3.5000000000000E-001    9.9976914979437E-001
      57    3.4991676117595E-001    3.5000000000000E-001    9.9976217478842E-001
      58    3.4991337492307E-001    3.5000000000000E-001    9.9975249978021E-001
      59    3.4990927991962E-001    3.5000000000000E-001    9.9974079977035E-001
      60    3.4990565741659E-001    3.5000000000000E-001    9.9973044976168E-001
      61    3.4990179866338E-001    3.5000000000000E-001    9.9971942475252E-001
      62    3.4989856991072E-001    3.5000000000000E-001    9.9971019974490E-001
      63    3.4989400240697E-001    3.5000000000000E-001    9.9969714973421E-001
      64    3.4988959240340E-001    3.5000000000000E-001    9.9968454972399E-001
      65    3.4988549740011E-001    3.5000000000000E-001    9.9967284971460E-001
      66    3.4987903989499E-001    3.5000000000000E-001    9.9965439969997E-001
      67    3.4987439364136E-001    3.5000000000000E-001    9.9964112468959E-001
      68    3.4986974738777E-001    3.5000000000000E-001    9.9962784967934E-001
      69    3.4986541613447E-001    3.5000000000000E-001    9.9961547466990E-001
      70    3.4986006113044E-001    3.5000000000000E-001    9.9960017465841E-001
      71    3.4985533612695E-001    3.5000000000000E-001    9.9958667464842E-001
      72    3.4984974487288E-001    3.5000000000000E-001    9.9957069963681E-001
      73    3.4984407486884E-001    3.5000000000000E-001    9.9955449962525E-001
      74    3.4983785361450E-001    3.5000000000000E-001    9.9953672461285E-001
      75    3.4983202611053E-001    3.5000000000000E-001    9.9952007460151E-001
      76    3.4982548985619E-001    3.5000000000000E-001    9.9950139958911E-001
      77    3.4981958360237E-001    3.5000000000000E-001    9.9948452457821E-001
      78    3.4981517359960E-001    3.5000000000000E-001    9.9947192457027E-001
      79    3.4980847984549E-001    3.5000000000000E-001    9.9945279955855E-001
      80    3.4980123484121E-001    3.5000000000000E-001    9.9943209954631E-001
      81    3.4979312358662E-001    3.5000000000000E-001    9.9940892453321E-001
      82    3.4978501233227E-001    3.5000000000000E-001    9.9938574952076E-001
      83    3.4977627107783E-001    3.5000000000000E-001    9.9936077450809E-001
      84    3.4976808107394E-001    3.5000000000000E-001    9.9933737449697E-001
      85    3.4975918232000E-001    3.5000000000000E-001    9.9931194948572E-001
      86    3.5075099164141E-001    3.5100000000000E-001    9.9929057447696E-001
      87    3.5174157021261E-001    3.5200000000000E-001    9.9926582446765E-001
      88    3.5273217870914E-001    3.5300000000000E-001    9.9924129945933E-001
      89    3.5372233990588E-001    3.5400000000000E-001    9.9921564945163E-001
      90    3.5471340830320E-001    3.5500000000000E-001    9.9919269944563E-001
      91    3.5570154720025E-001    3.5600000000000E-001    9.9916164943890E-001
      92    3.5669123049810E-001    3.5700000000000E-001    9.9913509943446E-001
      93    3.5768134399644E-001    3.5800000000000E-001    9.9910989943139E-001
      94    3.5867035702013E-001    3.5900000000000E-001    9.9908177442933E-001
      95    3.5965858479436E-001    3.6000000000000E-001    9.9905162442877E-001
      96    3.6064561511930E-001    3.6100000000000E-001    9.9901832443020E-001
      97    3.6163249739507E-001    3.6200000000000E-001    9.9898479943388E-001
      98    3.6261906759674E-001    3.6300000000000E-001    9.9895059944005E-001
      99    3.6360556939933E-001    3.6400000000000E-001    9.9891639944872E-001
     100    3.6459003180363E-001    3.6500000000000E-001    9.9887679946199E-001
     101    3.6557565025869E-001    3.6600000000000E-001    9.9884057447729E-001
     102    3.6656127883987E-001    3.6700000000000E-001    9.9880457449556E-001
     103    3.6754584182290E-001    3.6800000000000E-001    9.9876587451874E-001
     104    1.5718647431345E-001    1.5738758029979E-001    9.9872222454942E-001
     105    4.3119253058349E-001    4.3176229508197E-001    9.9868037458350E-001
     106    4.3174754323815E-001    4.3233674272227E-001    9.9863717462363E-001
     107    4.1790259253465E-001    4.1849288735102E-001    9.9858947467398E-001
     108    4.0689384954030E-001    4.0748980348535E-001    9.9853749973631E-001
     109    4.1450960912350E-001    4.1512513601741E-001    9.9851724976276E-001
     110    2.6099140095660E-001    2.6139551192146E-001    9.9845402485342E-001
     111    2.0548354490252E-001    2.0581395348837E-001    9.9839462495008E-001
     112    4.5271616835468E-001    4.5347334410339E-001    9.9833027506785E-001
     113    4.1560846457315E-001    4.1632844208554E-001    9.9827065018957E-001
     114    4.6135582189632E-001    4.6218359255871E-001    9.9820900032863E-001
     115    3.7499476150691E-001    3.7568223165555E-001    9.9817007542356E-001
     116    3.6467998334428E-001    3.6536180308422E-001    9.9813385051698E-001
     117    2.4184305709086E-001    2.4231542660155E-001    9.9805060075079E-001
     118    1.9272024299475E-001    1.9311007411474E-001    9.9798130096640E-001
     119    4.8254498398812E-001    4.8356445814073E-001    9.9789175127443E-001
     120    4.3839769426628E-001    4.3935242839352E-001    9.9782695151877E-001
     121    3.8297621635396E-001    3.8383838383838E-001    9.9775382681689E-001
     122    4.0838750859920E-001    4.0932765151515E-001    9.9770320203760E-001
     123    3.6858152463794E-001    3.6944444444444E-001    9.9766427721546E-001
     124    2.4747224335390E-001    2.4807987711214E-001    9.9755065277641E-001
     125    1.7870832550997E-001    1.7916578891932E-001    9.9744670334607E-001
     126    4.1885985573115E-001    4.1997138184791E-001    9.9735332890572E-001
     127    4.0533100802441E-001    4.0644716088328E-001    9.9725387955362E-001
     128    3.9054590279668E-001    3.9165545087483E-001    9.9716703016472E-001
     129    3.6994710201010E-001    3.7102240632649E-001    9.9710178065245E-001
     130    3.3618455493417E-001    3.3717686442254E-001    9.9705700600168E-001
     131    1.5618143697243E-001    1.5666007549883E-001    9.9694473193074E-001
     132    1.1728379977589E-001    1.1765725177612E-001    9.9682593299946E-001
     133    3.3705853237389E-001    3.3817567567568E-001    9.9669655926744E-001
     134    3.3406279295817E-001    3.3520965899821E-001    9.9657866052112E-001
     135    2.8699415925254E-001    2.8800635424940E-001    9.9648551158011E-001
     136    3.3862668733734E-001    3.3983817229891E-001    9.9643511217893E-001
     137    3.0298562356471E-001    3.0408195679797E-001    9.9639461267351E-001
     138    1.5093735680439E-001    1.5150078988942E-001    9.9628098912595E-001
     139    7.3395950381113E-002    7.3678465616716E-002    9.9616556570176E-001
     140    1.2060405397814E-001    1.2108108108108E-001    9.9606026723020E-001
     141    1.9245008524656E-001    1.9323524950705E-001    9.9593674413701E-001
     142    1.5278638910791E-001    1.5342609216038E-001    9.9583054587740E-001
     143    1.8647326645614E-001    1.8726450640543E-001    9.9577474683015E-001
     144    1.8207786901725E-001    1.8285582963076E-001    9.9574549734028E-001
     145    7.1236475915900E-002    7.1544451654770E-002    9.9569532323267E-001
     146    6.3368286901167E-002    6.3647078632766E-002    9.9561972461913E-001
     147    2.3003569122200E-001    2.3106194690265E-001    9.9555852577888E-001
     148    2.6249930711165E-001    2.6368981991915E-001    9.9548517721364E-001
     149    2.5211564564497E-001    2.5327635327635E-001    9.9541722858700E-001
     150    2.3984693780973E-001    2.4095682613769E-001    9.9539382906991E-001
     151    2.8044105705935E-001    2.8174446202532E-001    9.9537380448726E-001
     152    1.5133454378739E-001    1.5204858966440E-001    9.9530383097546E-001
     153    1.2206357234211E-001    1.2264957264957E-001    9.9522215777190E-001
     154    2.9440697469449E-001    2.9583975346687E-001    9.9515690925376E-001
     155    3.0154637791465E-001    3.0303383897316E-001    9.9509143578303E-001
     156    3.1254765613328E-001    3.1411338962606E-001    9.9501538761326E-001
     157    3.4295066222512E-001    3.4468397844194E-001    9.9497128870146E-001
     158    2.9986124127351E-001    3.0138652396011E-001    9.9493911450799E-001
     159    1.6631539046579E-001    1.6717396394287E-001    9.9486419142769E-001
     160    1.3103380357410E-001    1.3172043010753E-001    9.9478724346053E-001
     161    3.4199858140183E-001    3.4381455129676E-001    9.9471817033896E-001
     162    3.0749055441763E-001    3.0915077202543E-001    9.9462974781875E-001
     163    3.3256754136314E-001    3.3438985736926E-001    9.9455032511916E-001
     164    3.0742467290229E-001    3.0912124582870E-001    9.9451162626540E-001
     165    2.5255722603474E-001    2.5395778364116E-001    9.9448507706147E-001
     166    1.7542016851950E-001    1.7640669128829E-001    9.9440767942763E-001
     167    1.1165049819766E-001    1.1228721082497E-001    9.9432960688370E-001
     168    3.2292271671097E-001    3.2478909798832E-001    9.9425355934388E-001
     169    4.0792264491276E-001    4.1030861551650E-001    9.9418493662206E-001
     170    4.0867790848071E-001    4.1109174112007E-001    9.9412823854649E-001
     171    4.0453264978127E-001    4.0694143167028E-001    9.9408076518744E-001
     172    3.6662885206963E-001    3.6882212061833E-001    9.9405331614865E-001
     173    1.8302116608792E-001    1.8413109098749E-001    9.9397209404659E-001
     174    1.1778327994970E-001    1.1850851682592E-001    9.9388029741959E-001
     175    2.9887015776528E-001    3.0074282272636E-001    9.9377320148789E-001
     176    3.3316340404040E-001    3.3528836754643E-001    9.9366228085518E-001
     177    3.0498223400924E-001    3.0695900857960E-001    9.9356013501768E-001
     178    3.0989797840336E-001    3.1192052980132E-001    9.9351581186641E-001
     179    2.7359828688703E-001    2.7539247210138E-001    9.9348498816739E-001
     180    1.1837341827546E-001    1.1916020427464E-001    9.9339724194029E-001
     181    8.7107641568742E-002    8.7694877505568E-002    9.9330364607911E-001
     182    2.8253347919755E-001    2.8446369332842E-001    9.9321455013016E-001
     183    3.3432289896327E-001    3.3663636363636E-001    9.9312770418470E-001
     184    2.7999538756217E-001    2.8195488721805E-001    9.9305030788718E-001
     185    2.0725195287657E-001    2.0870979400072E-001    9.9301498460516E-001
     186    2.1462078859919E-001    2.1613545816733E-001    9.9299203573082E-001
     187    1.1115012020990E-001    1.1194434405493E-001    9.9290519005908E-001
     188    8.0003544874737E-002    8.0583756345178E-002    9.9279989545342E-001
     189    3.1883386680040E-001    3.2117191818684E-001    9.9272024964186E-001
     190    2.0362770643581E-001    2.0513311626125E-001    9.9266130280241E-001
     191    1.4435535793823E-001    1.4543127215439E-001    9.9260190603973E-001
     192    3.7436724080278E-001    3.7717022550389E-001    9.9256838289034E-001
     193    3.0654067077791E-001    3.0884422110553E-001    9.9254138439316E-001
     194    1.5698119017982E-001    1.5817641228940E-001    9.9244373992126E-001
     195    1.2290027134016E-001    1.2384283069327E-001    9.9238906808059E-001
     196    4.0290210195696E-001    4.0600607111882E-001    9.9235487008037E-001
     197    3.8356702346968E-001    3.8656270027772E-001    9.9225047629820E-001
     198    3.4548703881418E-001    3.4821428571429E-001    9.9216790633815E-001
     199    3.3905868553737E-001    3.4175084175084E-001    9.9212245915861E-001
     200    2.9945104650344E-001    3.0183754437252E-001    9.9209343597716E-001
     201    1.5145192297283E-001    1.5267253737456E-001    9.9200501660138E-001
     202    1.0904685723205E-001    1.0993635803736E-001    9.9190894785683E-001
     203    4.2673351632045E-001    4.3025158519125E-001    9.9182322856699E-001
     204    3.3308180529216E-001    3.3585506669321E-001    9.9174268404417E-001
     205    2.6159002409336E-001    2.6378802747792E-001    9.9166753925272E-001
     206    2.6177229544482E-001    2.6398362892224E-001    9.9162321736980E-001
     207    2.4496726062352E-001    2.4704285437270E-001    9.9159824414091E-001
     208    1.5371757210501E-001    1.5503802281369E-001    9.9148305244926E-001
     209    9.8299999509606E-002    9.9153789551141E-002    9.9138923438631E-001
     210    3.5939504540593E-001    3.6254234266358E-001    9.9131881469479E-001
     211    3.5037014163864E-001    3.5346407624633E-001    9.9124682021283E-001
     212    3.7263627121835E-001    3.7595242519978E-001    9.9117932547008E-001
     213    3.0786613064628E-001    3.1062012625325E-001    9.9113387905612E-001
     214    3.2504421145042E-001    3.2796199701937E-001    9.9110328149152E-001
     215    1.8578890524602E-001    1.8747691171038E-001    9.9099619014970E-001
     216    1.2859080921619E-001    1.2977239353891E-001    9.9089494852871E-001
     217    4.3674845081100E-001    4.4080604534005E-001    9.9079505698267E-001
     218    3.7649110673182E-001    3.8002512562814E-001    9.9070056515216E-001
     219    3.0801081586983E-001    3.1093253267397E-001    9.9060337373189E-001
     220    3.0809135093256E-001    3.1102979613173E-001    9.9055252829241E-001
     221    3.1984614904188E-001    3.2290946786455E-001    9.9051338183756E-001
     222    1.7428684485933E-001    1.7598097502973E-001    9.9037321977500E-001
     223    1.0957130371902E-001    1.1064891846922E-001    9.9026095541555E-001
     224    3.1099554011112E-001    3.1408060042421E-001    9.9017748848886E-001
     225    2.8544813897539E-001    2.8830774152271E-001    9.9008142295374E-001
     226    3.0214645430793E-001    3.0520087200249E-001    9.8999210692120E-001
     227    2.3027345250211E-001    2.3261372397841E-001    9.8993923730607E-001
     228    2.6671718470109E-001    2.6943720288299E-001    9.8990481584280E-001
     229    1.4252175441050E-001    1.4399075500770E-001    9.8979795197875E-001
     230    9.7681895826549E-002    9.8698481561822E-002    9.8970008738547E-001
     231    2.8522335567552E-001    2.8822249844624E-001    9.8959434885586E-001
     232    2.6344755534950E-001    2.6623884802003E-001    9.8951583252673E-001
     233    2.4015519671739E-001    2.4272072636193E-001    9.8943011714328E-001
     234    2.5406929858397E-001    2.5679497250589E-001    9.8938579717771E-001
     235    2.4067347907380E-001    2.4326241134752E-001    9.8935745041999E-001
     236    1.2447832389891E-001    1.2582995951417E-001    9.8925823690575E-001
     237    9.3755229545628E-002    9.4782034346103E-002    9.8916667269743E-001
     238    2.8290399644432E-001    2.8602401601067E-001    9.8909175666480E-001
     239    3.2213726722846E-001    3.2571812531497E-001    9.8900626705054E-001
     240    3.1954589722752E-001    3.2312286689420E-001    9.8893000145408E-001
     241    3.5472627736263E-001    3.5871068095403E-001    9.8889243113476E-001
     242    4.6867888069054E-001    4.7395833333333E-001    9.8886093508333E-001
     243    2.5196449864462E-001    2.5482456140351E-001    9.8877634579989E-001
     244    1.7365267005601E-001    1.7564035546262E-001    9.8868320778914E-001
     245    4.2827371257534E-001    4.3321678321678E-001    9.8858984500845E-001
     246    4.2702294840517E-001    4.3199591975519E-001    9.8848838351798E-001
     247    3.4648257360843E-001    3.5056818181818E-001    9.8834575291869E-001
     248    3.3942326373790E-001    3.4345275840203E-001    9.8826768874159E-001
     249    3.3864930953803E-001    3.4268787028375E-001    9.8821504612235E-001
     250    1.9463429427656E-001    1.9698118932039E-001    9.8808568954260E-001
     251    1.4627034089192E-001    1.4805327868852E-001    9.8795745820427E-001
     252    1.3324628791973E-001    1.3488438481302E-001    9.8785554832342E-001
     253    2.9074985145067E-001    2.9435596535345E-001    9.8774913938486E-001
     254    2.4237255652001E-001    2.4540503744044E-001    9.8764295569456E-001
     255    2.6013992860309E-001    2.6341072858287E-001    9.8758289004637E-001
     256    2.6266428219284E-001    2.6597978737367E-001    9.8753474760782E-001
     257    1.3593156207758E-001    1.3765373699149E-001    9.8748907983510E-001
     258    8.5850207168089E-002    8.6947764200349E-002    9.8737682282742E-001
     259    2.5470221607049E-001    2.5798409917801E-001    9.8727873881385E-001
     260    2.3043558334905E-001    2.3342803030303E-001    9.8718043008760E-001
     261    2.5318796176975E-001    2.5650118203310E-001    9.8708302146181E-001
     262    2.6006335677819E-001    2.6347813782369E-001    9.8703960384073E-001
     263    2.4505098737184E-001    2.4827685238369E-001    9.8700698441728E-001
     264    1.6044693495212E-001    1.6257533441129E-001    9.8690822647309E-001
     265    8.4112361591281E-002    8.5235920852359E-002    9.8681824224057E-001
     266    2.8779390481131E-001    2.9166666666667E-001    9.8672195935306E-001
     267    2.7007499182791E-001    2.7373689973408E-001    9.8662252728905E-001
     268    2.3280548006820E-001    2.3598018852852E-001    9.8654671614549E-001
     269    2.2929165547378E-001    2.3243068987750E-001    9.8649475073464E-001
     270    2.1312594410636E-001    2.1604938271605E-001    9.8646865557803E-001
     271    1.2242260567261E-001    1.2411347517730E-001    9.8637642284786E-001
     272    6.9117556940436E-002    7.0078487906455E-002    9.8628778966661E-001
     273    2.8399937494964E-001    2.8796747967480E-001    9.8622030262014E-001
     274    3.4756909694499E-001    3.5245081693898E-001    9.8614921640306E-001
     275    3.4787009525638E-001    3.5277873662409E-001    9.8608577882362E-001
     276    3.5005552702761E-001    3.5501047486034E-001    9.8604281230102E-001
     277    3.7384471763765E-001    3.7914608327452E-001    9.8601761729651E-001
     278    2.3058305196584E-001    2.3387240092412E-001    9.8593528374757E-001
     279    1.5875062423040E-001    1.6103171836877E-001    9.8583450414939E-001
     280    4.3103652617336E-001    4.3727351164797E-001    9.8573664924018E-001
     281    4.0967060110809E-001    4.1563997262149E-001    9.8563811975121E-001
     282    3.6147895256164E-001    3.6678403755869E-001    9.8553621626406E-001
     283    3.1605713733622E-001    3.2071713147410E-001    9.8547008038997E-001
     284    2.6677930534953E-001    2.7072454308094E-001    9.8542711463647E-001
     285    1.5461729186176E-001    1.5692332065906E-001    9.8530474127355E-001
     286    1.2295915835703E-001    1.2480786965878E-001    9.8518754220548E-001
     287    3.6435865269435E-001    3.6987628558653E-001    9.8508249080251E-001
     288    3.4680954762585E-001    3.5209519637903E-001    9.8498801231162E-001
     289    2.7932791969125E-001    2.8360679332182E-001    9.8491265466370E-001
     290    2.4059320637420E-001    2.4429060805024E-001    9.8486474078740E-001
     291    9.0134052540786E-002    9.1522564318853E-002    9.8482874918987E-001
     292    1.6252630649384E-001    1.6504920721706E-001    9.8471425118750E-001
     293    1.3363531572028E-001    1.3572490204026E-001    9.8460425250952E-001
     294    3.7632871055329E-001    3.8224932249322E-001    9.8451112509156E-001
     295    3.9144553952473E-001    3.9763995609221E-001    9.8442204694832E-001
     296    3.7517256739152E-001    3.8112244897959E-001    9.8438853023745E-001
     297    3.6121525613810E-001    3.6696441645922E-001    9.8433319400124E-001
     298    8.1952154763901E-002    8.3260361938120E-002    9.8428775537642E-001
     299    2.6378113798420E-001    2.6802711277762E-001    9.8415841311943E-001
     300    1.8808790967693E-001    1.9114318053198E-001    9.8401579984941E-001
     301    5.0002244714020E-001    5.0820584144645E-001    9.8389748082595E-001
     302    5.4406494948440E-001    5.5303236333968E-001    9.8378501069788E-001
     303    4.7665477913241E-001    4.8452364049411E-001    9.8375959250684E-001
     304    4.9723234189409E-001    5.0548621588260E-001    9.8367141629353E-001
     305    4.9708854154927E-001    5.0537273337811E-001    9.8360775862706E-001
     306    2.2917390334962E-001    2.3303341902314E-001    9.8343793053507E-001
     307    1.3385379817073E-001    1.3613231552163E-001    9.8326248002047E-001
     308    3.7049760868660E-001    3.7686093479515E-001    9.8311492245274E-001
     309    3.7575458144995E-001    3.8227326904323E-001    9.8294757148572E-001
     310    2.8930487953646E-001    2.9437635896422E-001    9.8277212393821E-001
     311    3.0446887680658E-001    3.0983383539015E-001    9.8268440056971E-001
     312    3.5441524958559E-001    3.6067796610169E-001    9.8263626529838E-001
     313    1.5791917427107E-001    1.6073478760046E-001    9.8248286278645E-001
     314    1.1027141160225E-001    1.1225545522950E-001    9.8232563733150E-001
     315    3.2756424227089E-001    3.3350409836066E-001    9.8218955593360E-001
     316    3.4368136815266E-001    3.4996798097155E-001    9.8203660574480E-001
     317    2.8782970335904E-001    2.9314570655849E-001    9.8186566243166E-001
     318    2.6251138021454E-001    2.6737967914438E-001    9.8179256200236E-001
     319    2.7814215168589E-001    2.8331629175187E-001    9.8173723073252E-001
     320    1.2610073655395E-001    1.2846777635510E-001    9.8157483636514E-001
     321    8.3468036358667E-002    8.5050661171218E-002    9.8139197519741E-001
     322    2.7240185521869E-001    2.7761104441777E-001    9.8123565577154E-001
     323    2.8075750565751E-001    2.8616734729342E-001    9.8109553138372E-001
     324    2.5333612798980E-001    2.5825720309206E-001    9.8094506157682E-001
     325    2.4070397013302E-001    2.4539660056657E-001    9.8087736169645E-001
     326    1.8356808992637E-001    1.8715580031977E-001    9.8083035424353E-001
     327    1.1319271901241E-001    1.1542222222222E-001    9.8068393445487E-001
     328    5.3397887838333E-002    5.4457658946615E-002    9.8053953973084E-001
     329    6.9721483233115E-002    7.1115288220551E-002    9.8040076863481E-001
     330    1.7258844190596E-001    1.7606079797340E-001    9.8027751715654E-001
     331    1.8981686064721E-001    1.9365499008592E-001    9.8018058074821E-001
     332    1.6723361494709E-001    1.7062583476436E-001    9.8011895547969E-001
     333    1.4100360049726E-001    1.4386815317499E-001    9.8008904253992E-001
     334    7.2790714170399E-002    7.4272507616346E-002    9.8004923364643E-001
     335    4.4295754639742E-002    4.5201514139390E-002    9.7996174427134E-001
     336    2.0512441536705E-001    2.0933892969570E-001    9.7986750799400E-001
     337    1.7171381520642E-001    1.7525647288715E-001    9.7978586683634E-001
     338    1.9780895060873E-001    2.0190550770034E-001    9.7971052331227E-001
     339    1.3883389214113E-001    1.4171374764595E-001    9.7967836181983E-001
     340    1.3730403722070E-001    1.4015412137058E-001    9.7966464259485E-001
     341    5.0515666937881E-002    5.1568198395332E-002    9.7958952435410E-001
     342    3.2526830862870E-002    3.3206831119545E-002    9.7952227798472E-001
     343    1.1858814334063E-001    1.2107661154236E-001    9.7944716019032E-001
     344    1.4001650907239E-001    1.4296228150874E-001    9.7939475779725E-001
     345    1.5988092336508E-001    1.6325136612022E-001    9.7935427534090E-001
     346    1.4758638784833E-001    1.5070045323445E-001    9.7933605825808E-001
     347    1.6342744833353E-001    1.6687763713080E-001    9.7932503805427E-001
     348    7.9912568443095E-002    8.1602373887240E-002    9.7929220237538E-001
     349    7.6616200457160E-002    7.8239051094891E-002    9.7925779243204E-001
     350    2.3686144575327E-001    2.4188754025266E-001    9.7922135842903E-001
     351    2.4682846060308E-001    2.5207496653280E-001    9.7918672368825E-001
     352    2.2866170977136E-001    2.3353124116483E-001    9.7914826569166E-001
     353    2.4172733826124E-001    2.4687953555878E-001    9.7913072346851E-001
     354    2.1299364223932E-001    2.1753720455209E-001    9.7911363105856E-001
     355    1.0088145133510E-001    1.0303789539618E-001    9.7907134988749E-001
     356    7.4100602725679E-002    7.5688073394495E-002    9.7902614510291E-001
     357    3.0580493809283E-001    3.1236823612087E-001    9.7898858696536E-001
     358    2.5562156053910E-001    2.6111908177905E-001    9.7894630602064E-001
     359    2.3768458000615E-001    2.4280442804428E-001    9.7891369577001E-001
     360    2.2942465597369E-001    2.3436921938587E-001    9.7890267576463E-001
     361    2.2638460839185E-001    2.3126614987080E-001    9.7889210556030E-001
     362    1.1179759450759E-001    1.1421319796954E-001    9.7885004968865E-001
     363    7.9903684762431E-002    8.1632653061224E-002    9.7882013833977E-001
     364    2.4297107925202E-001    2.4823616784255E-001    9.7879000213267E-001
     365    2.1595221483547E-001    2.2063789868668E-001    9.7876301451788E-001
     366    2.1197277691018E-001    2.1657754010695E-001    9.7873850079516E-001
     367    2.4656480750424E-001    2.5192455735181E-001    9.7872478211768E-001
     368    1.8703933770911E-001    1.9110764430577E-001    9.7871196303299E-001
     369    8.4389723012792E-002    8.6227786752827E-002    9.7868362613430E-001
     370    6.6342740415700E-002    6.7789473684211E-002    9.7865843780924E-001
     371    1.0420065064065E-001    1.0647544545850E-001    9.7863549846583E-001
     372    2.9292788679706E-001    2.9933184855234E-001    9.7860581229079E-001
     373    2.1445863855823E-001    2.1915285451197E-001    9.7858017426150E-001
     374    1.6172265198131E-001    1.6526414212249E-001    9.7857072867900E-001
     375    1.6163150424890E-001    1.6517225106182E-001    9.7856330715264E-001
     376    9.0269552085639E-002    9.2248062015504E-002    9.7855228731491E-001
     377    4.8186468604846E-002    4.9244398124023E-002    9.7851675399683E-001
     378    2.0544753355271E-001    2.0996250669523E-001    9.7849628862989E-001
     379    2.0314294877265E-001    2.0761052042529E-001    9.7848099584023E-001
     380    1.4436375907384E-001    1.4754098360656E-001    9.7846547816711E-001
     381    1.8877394337725E-001    1.9292989814260E-001    9.7845873135601E-001
     382    2.3082406856065E-001    2.3590686274510E-001    9.7845423348305E-001
     383    8.5999163247135E-002    8.7894397939472E-002    9.7843736646740E-001
     384    6.8902962937843E-002    7.0422535211268E-002    9.7842207371737E-001
     385    3.6175394391799E-001    3.6973590292648E-001    9.7841172862760E-001
     386    2.8318124262177E-001    2.8943338437979E-001    9.7839868482549E-001
     387    2.8446674842280E-001    2.9075235109718E-001    9.7838159295821E-001
     388    1.4199711780327E-001    1.4513556618820E-001    9.7837574574342E-001
     389    1.0787370326228E-001    1.1025848142165E-001    9.7837102299411E-001
     390    1.2229387594296E-001    1.2500000000000E-001    9.7835100754370E-001
     391    7.2263283981022E-002    7.3863636363636E-002    9.7833369081999E-001
     392    3.7317822205037E-001    3.8144758735441E-001    9.7832109684744E-001
     393    3.1182143140908E-001    3.1873373807459E-001    9.7831322561816E-001
     394    3.1669565775809E-001    3.2371794871795E-001    9.7830737842104E-001
     395    3.7135817690457E-001    3.7959558823529E-001    9.7829950719654E-001
     396    2.4884867332481E-001    2.5436982520699E-001    9.7829478446316E-001
     397    1.0835349209232E-001    1.1075949367089E-001    9.7827724289069E-001
     398    8.0562767364521E-002    8.2352941176471E-002    9.7826217514061E-001
     399    3.7741127738857E-001    3.8580246913580E-001    9.7825003099116E-001
     400    3.2762400549536E-001    3.3491379310345E-001    9.7823383880209E-001
     401    2.4260613497369E-001    2.4800708591674E-001    9.7822259423320E-001
     402    2.8303084228632E-001    2.8933333333333E-001    9.7821719684213E-001
     403    2.5044310606516E-001    2.5602140945584E-001    9.7821157456115E-001
     404    1.1536990565011E-001    1.1794171220401E-001    9.7819425794454E-001
     405    4.9753040529930E-002    5.0862851952770E-002    9.7818031470451E-001
     406    2.6751731308535E-001    2.7348837209302E-001    9.7816704614543E-001
     407    2.6382116706094E-001    2.6971326164875E-001    9.7815422737546E-001
     408    1.8018448224546E-001    1.8421052631579E-001    9.7814433218962E-001
     409    2.1750604037103E-001    2.2236727589208E-001    9.7813870992688E-001
     410    3.1259153087990E-001    3.1957857769974E-001    9.7813668591265E-001
     411    1.2853598103087E-001    1.3141025641026E-001    9.7812746540565E-001
     412    7.9762451345935E-002    8.1547064305685E-002    9.7811554621930E-001
     413    3.0488876287793E-001    3.1171345595353E-001    9.7810587594070E-001
     414    3.0837742713744E-001    3.1528340080972E-001    9.7809598077623E-001
     415    2.5007288272716E-001    2.5567620927937E-001    9.7808428649659E-001
     416    2.4859910749110E-001    2.5417075564279E-001    9.7807911402870E-001
     417    2.0848957458411E-001    2.1316306483301E-001    9.7807551579088E-001
     418    7.9933116272989E-002    8.1725888324873E-002    9.7806359663222E-001
     419    9.5977033771395E-002    9.8130841121495E-002    9.7805167747993E-001
     420    3.6127265313885E-001    3.6938349007315E-001    9.7804223211848E-001
     421    3.2844414839061E-001    3.3582089552239E-001    9.7803368631872E-001
     422    3.4678334426852E-001    3.5457516339869E-001    9.7802491563289E-001
     423    2.8020769269127E-001    2.8650442477876E-001    9.7802221696102E-001
     424    3.7784671116788E-001    3.8633879781421E-001    9.7801906851092E-001
     425    1.6894715962650E-001    1.7274678111588E-001    9.7800467560184E-001
     426    1.0239658331053E-001    1.0470085470085E-001    9.7799185692503E-001
     427    2.1923743978157E-001    2.2417355371901E-001    9.7798083736665E-001
     428    3.4264291248399E-001    3.5036119711042E-001    9.7797049248008E-001
     429    3.0826919585973E-001    3.1521739130435E-001    9.7795744893431E-001
     430    2.7495377132770E-001    2.8115345005149E-001    9.7794912805566E-001
     431    3.3033318608517E-001    3.3778234086242E-001    9.7794687917007E-001
     432    1.8854310892019E-001    1.9279661016949E-001    9.7793788363001E-001
     433    7.1906122491557E-002    7.3529411764706E-002    9.7792326588518E-001
     434    4.2916666977597E-001    4.3886010362694E-001    9.7791224636082E-001
     435    3.0023338515907E-001    3.0701754385965E-001    9.7790302594669E-001
     436    3.1114688414999E-001    3.1818181818182E-001    9.7789020732855E-001
     437    3.1899799615922E-001    3.2621359223301E-001    9.7788076203571E-001
     438    4.2154802629320E-001    4.3108504398827E-001    9.7787671405430E-001
     439    9.8442334443227E-002    1.0067114093960E-001    9.7786052213606E-001
     440    8.5726828510488E-002    8.7668593448940E-002    9.7785107685589E-001
     441    4.7570520802149E-001    4.8648648648649E-001    9.7783848315528E-001
     442    4.4316379804349E-001    4.5321361058601E-001    9.7782543968721E-001
     443    2.4332333151825E-001    2.4884579870729E-001    9.7780767359654E-001
     444    4.0092716306343E-001    4.1002811621368E-001    9.7780407540270E-001
     445    3.4062337428320E-001    3.4835680751174E-001    9.7780025232239E-001
     446    1.2531298380181E-001    1.2816041848300E-001    9.7778226136512E-001
     447    9.5140477893337E-002    9.7304128053917E-002    9.7776404553585E-001
     448    3.5180897915483E-001    3.5981308411215E-001    9.7775482518356E-001
     449    2.7958257569112E-001    2.8594771241830E-001    9.7774020755980E-001
     450    2.4364013320662E-001    2.4919093851133E-001    9.7772469040059E-001
     451    3.0982377274156E-001    3.1688417618271E-001    9.7771929313039E-001
     452    3.7009611204078E-001    3.7853107344633E-001    9.7771659449579E-001
     453    1.5742619118533E-001    1.6101694915254E-001    9.7769950315099E-001
     454    1.0096501948572E-001    1.0326953748006E-001    9.7768443579227E-001
     455    4.4038317370390E-001    4.5043964828137E-001    9.7767409104450E-001
     456    3.5947922138300E-001    3.6769352290679E-001    9.7765992324570E-001
     457    2.7664005510533E-001    2.8296703296703E-001    9.7764058309069E-001
     458    3.4190828544263E-001    3.4973097617218E-001    9.7763226233157E-001
     459    3.1035189250934E-001    3.1745426829268E-001    9.7762708996939E-001
     460    9.5259746880901E-002    9.7441685477803E-002    9.7760774984338E-001
     461    6.4557799425590E-002    6.6037735849057E-002    9.7758953415893E-001
     462    3.3936460488324E-001    3.4715025906736E-001    9.7757266779798E-001
     463    3.1539966236385E-001    3.2264011799410E-001    9.7755872494943E-001
     464    3.3989092331214E-001    3.4769905040175E-001    9.7754343280319E-001
     465    2.9849317117481E-001    3.0535190615836E-001    9.7753826046204E-001
     466    2.6997558958286E-001    2.7617994100295E-001    9.7753511208107E-001
     467    1.4994746238081E-001    1.5339663988313E-001    9.7751464761585E-001
     468    9.8170825076308E-002    1.0043041606887E-001    9.7750092968838E-001
     469    4.2468263302397E-001    4.3446601941748E-001    9.7748181455797E-001
     470    2.9020750822074E-001    2.9689655172414E-001    9.7747012060412E-001
     471    4.1832063561269E-001    4.2796907940970E-001    9.7745527828713E-001
     472    3.7905148765000E-001    3.8779803646564E-001    9.7744560829819E-001
     473    3.5670761886894E-001    3.6494051784465E-001    9.7744043598029E-001
     474    1.6312788817830E-001    1.6689702833449E-001    9.7741637347409E-001
     475    1.1426821117622E-001    1.1691022964509E-001    9.7740130631090E-001
     476    5.3762526574103E-001    5.5006631299735E-001    9.7738264103372E-001
     477    4.6322745614824E-001    4.7395833333333E-001    9.7735902835672E-001
     478    4.6089996535697E-001    4.7158365261814E-001    9.7734508564526E-001
     479    5.1588280097241E-001    5.2784730913642E-001    9.7733339176516E-001
     480    4.6635543500221E-001    4.7717458359038E-001    9.7732664529875E-001
     481    2.5396203577538E-001    2.5986078886311E-001    9.7730033409989E-001
     482    1.3628847839504E-001    1.3945766463752E-001    9.7727492245966E-001
     483    6.0701602147199E-001    6.2114771519660E-001    9.7724906108665E-001
     484    5.3932130990693E-001    5.5189620758483E-001    9.7721510402665E-001
     485    5.4580532211808E-001    5.5854579792257E-001    9.7718991736780E-001
     486    5.2725373971468E-001    5.3956999085087E-001    9.7717395084043E-001
     487    6.1832806422487E-001    6.3277727682597E-001    9.7716540537995E-001
     488    2.4067754363214E-001    2.4631268436578E-001    9.7712200348856E-001
     489    1.2394429509081E-001    1.2685113016368E-001    9.7708467343474E-001
     490    7.3779193127827E-001    7.5512820512821E-001    9.7704194634473E-001
     491    6.2418590944602E-001    6.3887933997937E-001    9.7700124324910E-001
     492    6.9338477630125E-001    7.0974375197722E-001    9.7695087046501E-001
     493    6.6097960667907E-001    6.7658791040196E-001    9.7693085631160E-001
     494    6.5403910042336E-001    6.6949152542373E-001    9.7691916265767E-001
     495    2.4220926825982E-001    2.4794857768053E-001    9.7685282378148E-001
     496    1.8129056510263E-001    1.8559939683338E-001    9.7678423634851E-001
     497    6.4585450557160E-001    6.6126105692901E-001    9.7670125709662E-001
     498    5.6423475076024E-001    5.7774072530221E-001    9.7662277566654E-001
     499    5.2689245456761E-001    5.3954693799194E-001    9.7654609352167E-001
     500    5.7347335301597E-001    5.8726591760300E-001    9.7651393657694E-001
     501    5.6764246943610E-001    5.8131045811279E-001    9.7648762638630E-001
     502    2.2065820174693E-001    2.2599531615925E-001    9.7638396006153E-001
     503    1.5406688310204E-001    1.5780911062907E-001    9.7628636577378E-001
     504    5.6639790674373E-001    5.8021390374332E-001    9.7618809733711E-001
     505    5.6283899575127E-001    5.7662476598021E-001    9.7609230292857E-001
     506    4.7858249234652E-001    4.9035933391762E-001    9.7598324176475E-001
     507    4.3748311458282E-001    4.4826955885937E-001    9.7593759365681E-001
     508    4.9300320064422E-001    5.0517610661590E-001    9.7590363872666E-001
     509    1.7148261912187E-001    1.7574202187012E-001    9.7576332226678E-001
     510    1.3852248093714E-001    1.4198489082066E-001    9.7561423709590E-001
     511    5.2991700201357E-001    5.4324031160635E-001    9.7547437237603E-001
     512    4.5540078385237E-001    4.6690967619769E-001    9.7535092346116E-001
     513    4.1903937686332E-001    4.2968679888719E-001    9.7522050467585E-001
     514    4.3905613412281E-001    4.5023822128110E-001    9.7516406508875E-001
     515    4.1375873994434E-001    4.2431610942249E-001    9.7511909342183E-001
     516    1.4032050999398E-001    1.4392950391645E-001    9.7492526671554E-001
     517    1.1422591518849E-001    1.1718325176726E-001    9.7476314631844E-001
     518    4.4955386859667E-001    4.6126655752344E-001    9.7460754798774E-001
     519    4.1851735902672E-001    4.2950000000000E-001    9.7442924104009E-001
     520    8.4979291084694E-322    8.7449619313901E-322    9.7426824905543E-001
     521    4.5615230719477E-310    4.6823027587447E-310    9.7420506681858E-001
     522    4.5613019786733E-310    4.6823027538688E-310    9.7415784891407E-001
     523    0.0000000000000E+000    0.0000000000000E+000    9.7396178344778E-001
     524    0.0000000000000E+000    0.0000000000000E+000    9.7376437097238E-001
     525    0.0000000000000E+000    0.0000000000000E+000    9.7376437097238E-001
     526    0.0000000000000E+000    0.0000000000000E+000    9.7376437097238E-001
     527    0.0000000000000E+000    0.0000000000000E+000    9.7376437097238E-001
     528    0.0000000000000E+000    0.0000000000000E+000    9.7376437097238E-001
     529    0.0000000000000E+000    0.0000000000000E+000    9.7376437097238E-001
     530    0.0000000000000E+000    0.0000000000000E+000    9.7376437097238E-001
     531    0.0000000000000E+000    0.0000000000000E+000    9.7376437097238E-001
     532    0.0000000000000E+000    0.0000000000000E+000    9.7376437097238E-001
     533    0.0000000000000E+000    0.0000000000000E+000    9.7376437097238E-001
     534    0.0000000000000E+000    0.0000000000000E+000    9.7376437097238E-001
     535    0.0000000000000E+000    0.0000000000000E+000    9.7376437097238E-001
     536    0.0000000000000E+000    0.0000000000000E+000    9.7376437097238E-001
     537    0.0000000000000E+000    0.0000000000000E+000    9.7376437097238E-001
     538    0.0000000000000E+000    0.0000000000000E+000    9.7376437097238E-001
     539    0.0000000000000E+000    0.0000000000000E+000    9.7376437097238E-001
     540    0.0000000000000E+000    0.0000000000000E+000    9.7376437097238E-001
