       2    1.0000000000000E+000    1.0000000000000E+000    1.0000000000000E+000
       3    1.0000000000000E+000    1.0000000000000E+000    1.0000000000000E+000
       4    1.0000000000000E+000    1.0000000000000E+000    1.0000000000000E+000
       5    1.0000000000000E+000    1.0000000000000E+000    1.0000000000000E+000
       6    1.0000000000000E+000    1.0000000000000E+000    1.0000000000000E+000
       7    1.0000000000000E+000    1.0000000000000E+000    1.0000000000000E+000
       8    1.0000000000000E+000    1.0000000000000E+000    9.9999954999928E-001
       9    1.0000000000000E+000    1.0000000000000E+000    9.9999887499821E-001
      10    1.0000000000000E+000    1.0000000000000E+000    9.9999887499821E-001
      11    1.0000000000000E+000    1.0000000000000E+000    9.9999864999785E-001
      12    1.0000000000000E+000    1.0000000000000E+000    9.9999819999714E-001
      13    1.0000000000000E+000    1.0000000000000E+000    9.9999797499678E-001
      14    1.0000000000000E+000    1.0000000000000E+000    9.9999662499463E-001
      15    1.0000000000000E+000    1.0000000000000E+000    9.9999617499391E-001
      16    1.0000000000000E+000    1.0000000000000E+000    9.9999572499320E-001
      17    1.0000000000000E+000    1.0000000000000E+000    9.9999504999213E-001
      18    1.0000000000000E+000    1.0000000000000E+000    9.9999347498962E-001
      19    1.0000000000000E+000    1.0000000000000E+000    9.9999257498819E-001
      20    1.0000000000000E+000    1.0000000000000E+000    9.9999189998711E-001
      21    9.0714285714286E-001    9.0714285714286E-001    9.9999054998497E-001
      22    8.1428571428571E-001    8.1428571428571E-001    9.9998964998353E-001
      23    7.2142857142857E-001    7.2142857142857E-001    9.9998807498103E-001
      24    6.2857142857143E-001    6.2857142857143E-001    9.9998469997566E-001
      25    5.3571428571429E-001    5.3571428571429E-001    9.9998222497172E-001
      26    4.4285714285714E-001    4.4285714285714E-001    9.9998042496886E-001
      27    3.5000000000000E-001    3.5000000000000E-001    9.9997817496528E-001
      28    3.5000000000000E-001    3.5000000000000E-001    9.9997569996135E-001
      29    3.5000000000000E-001    3.5000000000000E-001    9.9997232495598E-001
      30    3.5000000000000E-001    3.5000000000000E-001    9.9997029995276E-001
      31    3.5000000000000E-001    3.5000000000000E-001    9.9996692494739E-001
      32    3.5000000000000E-001    3.5000000000000E-001    9.9996602494596E-001
      33    3.5000000000000E-001    3.5000000000000E-001    9.9996444994346E-001
      34    3.5000000000000E-001    3.5000000000000E-001    9.9996174993917E-001
      35    3.5000000000000E-001    3.5000000000000E-001    9.9995927493524E-001
      36    3.5000000000000E-001    3.5000000000000E-001    9.9995702493166E-001
      37    3.5000000000000E-001    3.5000000000000E-001    9.9995499992844E-001
      38    3.5000000000000E-001    3.5000000000000E-001    9.9995207492380E-001
      39    3.5000000000000E-001    3.5000000000000E-001    9.9994914991915E-001
      40    3.5000000000000E-001    3.5000000000000E-001    9.9994644991486E-001
      41    3.5000000000000E-001    3.5000000000000E-001    9.9994397491093E-001
      42    3.5000000000000E-001    3.5000000000000E-001    9.9994014990486E-001
      43    3.5000000000000E-001    3.5000000000000E-001    9.9993767490094E-001
      44    3.5000000000000E-001    3.5000000000000E-001    9.9993362489451E-001
      45    3.5000000000000E-001    3.5000000000000E-001    9.9992889988702E-001
      46    3.5000000000000E-001    3.5000000000000E-001    9.9992619988274E-001
      47    3.5000000000000E-001    3.5000000000000E-001    9.9992304987774E-001
      48    3.5000000000000E-001    3.5000000000000E-001    9.9991944987204E-001
      49    3.5000000000000E-001    3.5000000000000E-001    9.9991674986776E-001
      50    3.5000000000000E-001    3.5000000000000E-001    9.9991202486028E-001
      51    3.5000000000000E-001    3.5000000000000E-001    9.9990594985067E-001
      52    3.5000000000000E-001    3.5000000000000E-001    9.9990324984640E-001
      53    3.5000000000000E-001    3.5000000000000E-001    9.9989829983858E-001
      54    3.5000000000000E-001    3.5000000000000E-001    9.9989424983218E-001
      55    3.5000000000000E-001    3.5000000000000E-001    9.9989177482827E-001
      56    3.5000000000000E-001    3.5000000000000E-001    9.9988569981869E-001
      57    3.5000000000000E-001    3.5000000000000E-001    9.9988142481195E-001
      58    3.5000000000000E-001    3.5000000000000E-001    9.9987714980521E-001
      59    3.5000000000000E-001    3.5000000000000E-001    9.9986972479352E-001
      60    3.5000000000000E-001    3.5000000000000E-001    9.9986387478433E-001
      61    3.5000000000000E-001    3.5000000000000E-001    9.9985757477443E-001
      62    3.5000000000000E-001    3.5000000000000E-001    9.9985262476666E-001
      63    3.5000000000000E-001    3.5000000000000E-001    9.9984587475608E-001
      64    3.5000000000000E-001    3.5000000000000E-001    9.9983709974235E-001
      65    3.5000000000000E-001    3.5000000000000E-001    9.9982989973111E-001
      66    3.5000000000000E-001    3.5000000000000E-001    9.9982314972058E-001
      67    3.5000000000000E-001    3.5000000000000E-001    9.9981527470832E-001
      68    3.5000000000000E-001    3.5000000000000E-001    9.9980964969957E-001
      69    3.5000000000000E-001    3.5000000000000E-001    9.9980312468945E-001
      70    3.5000000000000E-001    3.5000000000000E-001    9.9979547467760E-001
      71    3.5000000000000E-001    3.5000000000000E-001    9.9978399965987E-001
      72    3.5000000000000E-001    3.5000000000000E-001    9.9977679964877E-001
      73    3.5000000000000E-001    3.5000000000000E-001    9.9976914963701E-001
      74    3.5000000000000E-001    3.5000000000000E-001    9.9975834962045E-001
      75    4.3333333333333E-001    4.3333333333333E-001    9.9974957460704E-001
      76    5.1666666666667E-001    5.1666666666667E-001    9.9974012459264E-001
      77    6.0000000000000E-001    6.0000000000000E-001    9.9972797457420E-001
      78    6.0000000000000E-001    6.0000000000000E-001    9.9971739955821E-001
      79    6.0000000000000E-001    6.0000000000000E-001    9.9970727454297E-001
      80    6.0000000000000E-001    6.0000000000000E-001    9.9969174951972E-001
      81    6.0000000000000E-001    6.0000000000000E-001    9.9967374949295E-001
      82    6.0000000000000E-001    6.0000000000000E-001    9.9965732446871E-001
      83    6.0000000000000E-001    6.0000000000000E-001    9.9963774944007E-001
      84    6.0000000000000E-001    6.0000000000000E-001    9.9961884941269E-001
      85    6.0000000000000E-001    6.0000000000000E-001    9.9959814938302E-001
      86    6.0000000000000E-001    6.0000000000000E-001    9.9957182434580E-001
      87    6.0000000000000E-001    6.0000000000000E-001    9.9954819931292E-001
      88    6.0000000000000E-001    6.0000000000000E-001    9.9951669926988E-001
      89    6.0000000000000E-001    6.0000000000000E-001    9.9948722423050E-001
      90    6.0000000000000E-001    6.0000000000000E-001    9.9945437418768E-001
      91    4.8333333333333E-001    4.8333333333333E-001    9.9942084914523E-001
      92    3.6666666666667E-001    3.6666666666667E-001    9.9938597410248E-001
      93    2.5000000000000E-001    2.5000000000000E-001    9.9934637405580E-001
      94    2.5000000000000E-001    2.5000000000000E-001    9.9930114900506E-001
      95    2.5000000000000E-001    2.5000000000000E-001    9.9925254895379E-001
      96    2.5000000000000E-001    2.5000000000000E-001    9.9920979891168E-001
      97    2.9571911378145E-001    2.9571911378145E-001    9.9917402387870E-001
      98    3.0932681459195E-001    3.0932681459195E-001    9.9914994885771E-001
      99    2.6511194029851E-001    2.6511194029851E-001    9.9912092383375E-001
     100    1.9966442953020E-001    1.9966442953020E-001    9.9909302381215E-001
     101    1.4087887740030E-001    1.4087887740030E-001    9.9906354879090E-001
     102    3.1538461538462E-001    3.1538461538462E-001    9.9902349876469E-001
     103    2.9805964786202E-001    2.9805964786202E-001    9.9898052374014E-001
     104    2.5714802750633E-001    2.5714802750633E-001    9.9894092372092E-001
     105    2.2918149466192E-001    2.2918149466192E-001    9.9891122370872E-001
     106    2.8745153330983E-001    2.8745153330983E-001    9.9888984870116E-001
     107    1.9278606965174E-001    1.9278606965174E-001    9.9883922368741E-001
     108    1.5010721944246E-001    1.5010721944246E-001    9.9879579868045E-001
     109    2.6058394160584E-001    2.6058394160584E-001    9.9875664867814E-001
     110    3.1085098476403E-001    3.1085098476403E-001    9.9872807367891E-001
     111    2.7989728539985E-001    2.7989728539985E-001    9.9868689868377E-001
     112    2.8859426080639E-001    2.8859426080639E-001    9.9865719869009E-001
     113    2.8617945007236E-001    2.8617945007236E-001    9.9863694869578E-001
     114    1.9116568914956E-001    1.9116568914956E-001    9.9860432370735E-001
     115    1.3638018936635E-001    1.3638018936635E-001    9.9856404872584E-001
     116    3.2073749543629E-001    3.2073749543629E-001    9.9852602374766E-001
     117    3.2552178689125E-001    3.2552178689125E-001    9.9848574877552E-001
     118    2.8594771241830E-001    2.8594771241830E-001    9.9845244880234E-001
     119    2.7109090909091E-001    2.7109090909091E-001    9.9842544882665E-001
     120    3.1331877729258E-001    3.1331877729258E-001    9.9841149884013E-001
     121    1.9705775517617E-001    1.9705775517617E-001    9.9837032388362E-001
     122    1.6173285198556E-001    1.6173285198556E-001    9.9832194894193E-001
     123    3.8484957020057E-001    3.8484957020057E-001    9.9827919900013E-001
     124    3.9702233250620E-001    3.9702233250620E-001    9.9823757406297E-001
     125    3.4086097388850E-001    3.4086097388850E-001    9.9819077414107E-001
     126    3.3839096683133E-001    3.3839096683133E-001    9.9816714918356E-001
     127    3.4236453201970E-001    3.4236453201970E-001    9.9814532422467E-001
     128    2.1629881154499E-001    2.1629881154499E-001    9.9809222433226E-001
     129    1.3417052214144E-001    1.3417052214144E-001    9.9803687445611E-001
     130    3.8132295719844E-001    3.8132295719844E-001    9.9799322456243E-001
     131    3.4988821462791E-001    3.4988821462791E-001    9.9794259969553E-001
     132    3.0568645931511E-001    3.0568645931511E-001    9.9789399983343E-001
     133    2.4922263681592E-001    2.4922263681592E-001    9.9785957493724E-001
     134    2.4201550387597E-001    2.4201550387597E-001    9.9784044999714E-001
     135    1.3957703927492E-001    1.3957703927492E-001    9.9777655020908E-001
     136    1.4232710002968E-001    1.4232710002968E-001    9.9771872541683E-001
     137    3.4263588544711E-001    3.4263588544711E-001    9.9766630061863E-001
     138    2.4941826643397E-001    2.4941826643397E-001    9.9763187575825E-001
     139    2.4904831625183E-001    2.4904831625183E-001    9.9759070093278E-001
     140    2.3525943396226E-001    2.3525943396226E-001    9.9756325105375E-001
     141    2.0788003528374E-001    2.0788003528374E-001    9.9754030115777E-001
     142    1.5004374453193E-001    1.5004374453193E-001    9.9748067644045E-001
     143    1.1791890280262E-001    1.1791890280262E-001    9.9744040164171E-001
     144    2.8349894610057E-001    2.8349894610057E-001    9.9739472688022E-001
     145    2.6076335877863E-001    2.6076335877863E-001    9.9735152711602E-001
     146    3.0525164113786E-001    3.0525164113786E-001    9.9731755230854E-001
     147    2.7765486725664E-001    2.7765486725664E-001    9.9729460244217E-001
     148    2.7570389117368E-001    2.7570389117368E-001    9.9727277757194E-001
     149    1.4479638009050E-001    1.4479638009050E-001    9.9721922790163E-001
     150    1.4115702479339E-001    1.4115702479339E-001    9.9717670317502E-001
     151    3.1229345670853E-001    3.1229345670853E-001    9.9712877849564E-001
     152    2.7329396325459E-001    2.7329396325459E-001    9.9708962876753E-001
     153    2.7325959661679E-001    2.7325959661679E-001    9.9703495416251E-001
     154    2.7589576547231E-001    2.7589576547231E-001    9.9701695429649E-001
     155    2.3944353518822E-001    2.3944353518822E-001    9.9699422946845E-001
     156    1.4280936454849E-001    1.4280936454849E-001    9.9694000489164E-001
     157    1.3610459269192E-001    1.3610459269192E-001    9.9689860522708E-001
     158    3.6761744966443E-001    3.6761744966443E-001    9.9685968055237E-001
     159    3.0160320641283E-001    3.0160320641283E-001    9.9681828090900E-001
     160    2.6591136287904E-001    2.6591136287904E-001    9.9677913125649E-001
     161    2.7872983870968E-001    2.7872983870968E-001    9.9675708145663E-001
     162    2.4202752601544E-001    2.4202752601544E-001    9.9673593165163E-001
     163    1.4588157459477E-001    1.4588157459477E-001    9.9667968218479E-001
     164    1.2792229173527E-001    1.2792229173527E-001    9.9663400763349E-001
     165    3.1882116543871E-001    3.1882116543871E-001    9.9659643301335E-001
     166    3.0972409152086E-001    3.0972409152086E-001    9.9655075848832E-001
     167    3.4175486514169E-001    3.4175486514169E-001    9.9651745884385E-001
     168    2.9176631363170E-001    2.9176631363170E-001    9.9649698406636E-001
     169    2.9406721536351E-001    2.9406721536351E-001    9.9648078424454E-001
     170    1.0915010281014E-001    1.0915010281014E-001    9.9643308478016E-001
     171    1.3914373088685E-001    1.3914373088685E-001    9.9638651031912E-001
     172    3.8524590163934E-001    3.8524590163934E-001    9.9633903588498E-001
     173    2.9722500835841E-001    2.9722500835841E-001    9.9629651140613E-001
     174    3.1681532870829E-001    3.1681532870829E-001    9.9625196196676E-001
     175    3.1892523364486E-001    3.1892523364486E-001    9.9623531218018E-001
     176    2.6276276276276E-001    2.6276276276276E-001    9.9621888739280E-001
     177    1.1732492532360E-001    1.1732492532360E-001    9.9615498823988E-001
     178    1.2794948487870E-001    1.2794948487870E-001    9.9611178883068E-001
     179    3.9296235679214E-001    3.9296235679214E-001    9.9606228952586E-001
     180    3.3403429310903E-001    3.3403429310903E-001    9.9600784031331E-001
     181    3.1286173633441E-001    3.1286173633441E-001    9.9597274083371E-001
     182    2.7115072933549E-001    2.7115072933549E-001    9.9595339112493E-001
     183    2.5535019455253E-001    2.5535019455253E-001    9.9593494140548E-001
     184    1.0538827258320E-001    1.0538827258320E-001    9.9587734229957E-001
     185    1.3837464700345E-001    1.3837464700345E-001    9.9582244317774E-001
     186    3.6222082415854E-001    3.6222082415854E-001    9.9577586894288E-001
     187    2.0620667926906E-001    2.0620667926906E-001    9.9573581961578E-001
     188    1.3094483195942E-001    1.3094483195942E-001    9.9569779526757E-001
     189    3.6684610512983E-001    3.6684610512983E-001    9.9568362051379E-001
     190    2.7739185348911E-001    2.7739185348911E-001    9.9566067091618E-001
     191    1.3261761919798E-001    1.3261761919798E-001    9.9560374693448E-001
     192    1.1741935483871E-001    1.1741935483871E-001    9.9557134752702E-001
     193    4.0302309782609E-001    4.0302309782609E-001    9.9555402284776E-001
     194    3.9990006662225E-001    3.9990006662225E-001    9.9550587375349E-001
     195    3.5485468956407E-001    3.5485468956407E-001    9.9546492454052E-001
     196    3.4460124712832E-001    3.4460124712832E-001    9.9544489993102E-001
     197    3.3952647155541E-001    3.3952647155541E-001    9.9542757527189E-001
     198    1.0833058939743E-001    1.0833058939743E-001    9.9537380134778E-001
     199    1.1799027552674E-001    1.1799027552674E-001    9.9531822748838E-001
     200    3.3831085420681E-001    3.3831085420681E-001    9.9526445362013E-001
     201    3.9354330708661E-001    3.9354330708661E-001    9.9521292973075E-001
     202    3.3004622496148E-001    3.3004622496148E-001    9.9516838071192E-001
     203    2.7512330456227E-001    2.7512330456227E-001    9.9515533100303E-001
     204    2.5418994413408E-001    2.5418994413408E-001    9.9513733140733E-001
     205    1.2601753287414E-001    1.2601753287414E-001    9.9508738254615E-001
     206    8.7395957193817E-002    8.7395957193817E-002    9.9502483400754E-001
     207    2.6604729729730E-001    2.6604729729730E-001    9.9497511019762E-001
     208    2.7589182968930E-001    2.7589182968930E-001    9.9493371120779E-001
     209    3.0355594102342E-001    3.0355594102342E-001    9.9489928706126E-001
     210    2.3103647944412E-001    2.3103647944412E-001    9.9488173750111E-001
     211    2.4767035527082E-001    2.4767035527082E-001    9.9487116276770E-001
     212    1.0089153046062E-001    1.0089153046062E-001    9.9482593892103E-001
     213    1.2636529126214E-001    1.2636529126214E-001    9.9478319003109E-001
     214    3.4159318941928E-001    3.4159318941928E-001    9.9473819122061E-001
     215    3.2965495803544E-001    3.2965495803544E-001    9.9469814229757E-001
     216    3.4723538704581E-001    3.4723538704581E-001    9.9465336852215E-001
     217    3.1265782828283E-001    3.1265782828283E-001    9.9463851893311E-001
     218    2.9469054351241E-001    2.9469054351241E-001    9.9461849449111E-001
     219    1.5625975647830E-001    1.5625975647830E-001    9.9456674595357E-001
     220    1.3671006668784E-001    1.3671006668784E-001    9.9451994730171E-001
     221    4.4789356984479E-001    4.4789356984479E-001    9.9446572389438E-001
     222    3.8131868131868E-001    3.8131868131868E-001    9.9442567509203E-001
     223    3.5119602360982E-001    3.5119602360982E-001    9.9437887651465E-001
     224    2.9642747151217E-001    2.9642747151217E-001    9.9435772716580E-001
     225    2.4923919659160E-001    2.4923919659160E-001    9.9433815277305E-001
     226    1.2690058479532E-001    1.2690058479532E-001    9.9427110488670E-001
     227    1.0020040080160E-001    1.0020040080160E-001    9.9421283176642E-001
     228    3.6732081911263E-001    3.6732081911263E-001    9.9415613363383E-001
     229    2.9371316306483E-001    2.9371316306483E-001    9.9410821024212E-001
     230    3.0233539673607E-001    3.0233539673607E-001    9.9407063652239E-001
     231    2.6682490924323E-001    2.6682490924323E-001    9.9404881227386E-001
     232    2.3582257158899E-001    2.3582257158899E-001    9.9403508774940E-001
     233    1.5221606648199E-001    1.5221606648199E-001    9.9397501485789E-001
     234    9.2207432057682E-002    9.2207432057682E-002    9.9392484165292E-001
     235    2.8105029174771E-001    2.8105029174771E-001    9.9387534345438E-001
     236    3.1791585399833E-001    3.1791585399833E-001    9.9382359537048E-001
     237    2.8110081437798E-001    2.8110081437798E-001    9.9378444684247E-001
     238    2.6923076923077E-001    2.6923076923077E-001    9.9375992277448E-001
     239    2.6543557936284E-001    2.6543557936284E-001    9.9374552332528E-001
     240    9.6882284382284E-002    9.6882284382284E-002    9.9369557525642E-001
     241    9.4400469070654E-002    9.4400469070654E-002    9.9364090240705E-001
     242    3.4439834024896E-001    3.4439834024896E-001    9.9359522923340E-001
     243    3.2365145228216E-001    3.2365145228216E-001    9.9355338093074E-001
     244    3.2854209445585E-001    3.2854209445585E-001    9.9350050810820E-001
     245    2.9201183431953E-001    2.9201183431953E-001    9.9348340882033E-001
     246    3.0723606168446E-001    3.0723606168446E-001    9.9347215929095E-001
     247    1.3958020989505E-001    1.3958020989505E-001    9.9341973650633E-001
     248    1.1708482676225E-001    1.1708482676225E-001    9.9336933867093E-001
     249    1.9160963998810E-001    1.9160963998810E-001    9.9331421607784E-001
     250    3.6973293768546E-001    3.6973293768546E-001    9.9326404330466E-001
     251    3.8820782253357E-001    3.8820782253357E-001    9.9321567048435E-001
     252    3.4979423868313E-001    3.4979423868313E-001    9.9319249654005E-001
     253    2.8765720971044E-001    2.8765720971044E-001    9.9317427237549E-001
     254    1.6369945684973E-001    1.6369945684973E-001    9.9314952351746E-001
     255    1.3920454545455E-001    1.3920454545455E-001    9.9308832637807E-001
     256    4.5709714950553E-001    4.5709714950553E-001    9.9302330447537E-001
     257    3.5569511846988E-001    3.5569511846988E-001    9.9296660722526E-001
     258    4.1223328591750E-001    4.1223328591750E-001    9.9291463478651E-001
     259    3.7692307692308E-001    3.7692307692308E-001    9.9288763613243E-001
     260    3.2038163716814E-001    3.2038163716814E-001    9.9286401231879E-001
     261    1.8657915885347E-001    1.8657915885347E-001    9.9278796619308E-001
     262    1.1212602594652E-001    1.1212602594652E-001    9.9273329403099E-001
     263    3.6075949367089E-001    3.6075949367089E-001    9.9266557260778E-001
     264    3.7078510317061E-001    3.7078510317061E-001    9.9259852621654E-001
     265    3.7715140932901E-001    3.7715140932901E-001    9.9254115435847E-001
     266    3.2466257668712E-001    3.2466257668712E-001    9.9250403141817E-001
     267    2.7338393731636E-001    2.7338393731636E-001    9.9248355756314E-001
     268    1.2293556641079E-001    1.2293556641079E-001    9.9240998673067E-001
     269    1.0747021081577E-001    1.0747021081577E-001    9.9233844086392E-001
     270    3.1465126811594E-001    3.1465126811594E-001    9.9226824499698E-001
     271    2.8053435114504E-001    2.8053435114504E-001    9.9221087343268E-001
     272    2.9686108637578E-001    2.9686108637578E-001    9.9215710170030E-001
     273    2.7372994652406E-001    2.7372994652406E-001    9.9213257820591E-001
     274    2.8380485631544E-001    2.8380485631544E-001    9.9211142951208E-001
     275    1.8537299977462E-001    1.8537299977462E-001    9.9204145888498E-001
     276    1.1198738170347E-001    1.1198738170347E-001    9.9198656237145E-001
     277    3.5516458569807E-001    3.5516458569807E-001    9.9192649124306E-001
     278    2.9787234042553E-001    2.9787234042553E-001    9.9186304539675E-001
     279    3.4809264305177E-001    3.4809264305177E-001    9.9180477427055E-001
     280    3.2162162162162E-001    3.2162162162162E-001    9.9176675182884E-001
     281    2.6126429051782E-001    2.6126429051782E-001    9.9174492830818E-001
     282    1.2031492570415E-001    1.2031492570415E-001    9.9167338321435E-001
     283    1.4831838565022E-001    1.4831838565022E-001    9.9162006192737E-001
     284    3.9184952978056E-001    3.9184952978056E-001    9.9154829200191E-001
     285    3.1060943060498E-001    3.1060943060498E-001    9.9147697213265E-001
     286    2.7394678492239E-001    2.7394678492239E-001    9.9141892637374E-001
     287    2.5819672131148E-001    2.5819672131148E-001    9.9139620305007E-001
     288    1.2869336835194E-001    1.2869336835194E-001    9.9136875508703E-001
     289    1.7979452054795E-001    1.7979452054795E-001    9.9130036022057E-001
     290    1.8710224862113E-001    1.8710224862113E-001    9.9123579014325E-001
     291    4.3171148100726E-001    4.3171148100726E-001    9.9118224428202E-001
     292    4.1388174807198E-001    4.1388174807198E-001    9.9112712359642E-001
     293    3.9680232558140E-001    3.9680232558140E-001    9.9109652601509E-001
     294    2.9238329238329E-001    2.9238329238329E-001    9.9106435357659E-001
     295    1.5336821451929E-001    1.5336821451929E-001    9.9102318188215E-001
     296    2.3516320474777E-001    2.3516320474777E-001    9.9092441493876E-001
     297    2.0508370763577E-001    2.0508370763577E-001    9.9083172266421E-001
     298    4.9677873968190E-001    4.9677873968190E-001    9.9075837889092E-001
     299    5.3284005676059E-001    5.3284005676059E-001    9.9069673420287E-001
     300    6.2476567381795E-001    6.2476567381795E-001    9.9066051235775E-001
     301    5.4019746121298E-001    5.4019746121298E-001    9.9060674208724E-001
     302    6.4107883817427E-001    6.4107883817427E-001    9.9056129612775E-001
     303    2.5522218002279E-001    2.5522218002279E-001    9.9044453169199E-001
     304    2.1991812032752E-001    2.1991812032752E-001    9.9033519182554E-001
     305    6.2544919960797E-001    6.2544919960797E-001    9.9019593007410E-001
     306    4.4851258581236E-001    4.4851258581236E-001    9.9008141625884E-001
     307    4.2015313098168E-001    4.2015313098168E-001    9.8993090636367E-001
     308    3.3179136497721E-001    3.3179136497721E-001    9.8986971263768E-001
     309    3.4680513295409E-001    3.4680513295409E-001    9.8980896894214E-001
     310    1.4606811145511E-001    1.4606811145511E-001    9.8963843705299E-001
     311    1.3141217266531E-001    1.3141217266531E-001    9.8950750137557E-001
     312    3.4142431875429E-001    3.4142431875429E-001    9.8937071673019E-001
     313    2.9452961288188E-001    2.9452961288188E-001    9.8925260531511E-001
     314    2.7555902236089E-001    2.7555902236089E-001    9.8913156955393E-001
     315    2.5246497145823E-001    2.5246497145823E-001    9.8907802595635E-001
     316    2.2169323121507E-001    2.2169323121507E-001    9.8903078165862E-001
     317    1.0811499643185E-001    1.0811499643185E-001    9.8889444839467E-001
     318    1.0441910192445E-001    1.0441910192445E-001    9.8877003903455E-001
     319    2.8011521448411E-001    2.8011521448411E-001    9.8864518008769E-001
     320    2.3502590673575E-001    2.3502590673575E-001    9.8853584444164E-001
     321    2.3208355650777E-001    2.3208355650777E-001    9.8843708264783E-001
     322    1.9931921331316E-001    1.9931921331316E-001    9.8838578959733E-001
     323    1.7549488797042E-001    1.7549488797042E-001    9.8833494654743E-001
     324    7.9240820004506E-002    7.9240820004506E-002    9.8820581447674E-001
     325    6.9709877964541E-002    6.9709877964541E-002    9.8810615358840E-001
     326    1.0715557137771E-001    1.0715557137771E-001    9.8800739281051E-001
     327    1.8970534739905E-001    1.8970534739905E-001    9.8791470637506E-001
     328    2.0932277924362E-001    2.0932277924362E-001    9.8784249209035E-001
     329    1.5748434104563E-001    1.5748434104563E-001    9.8780987197298E-001
     330    1.3713876594637E-001    1.3713876594637E-001    9.8778220113554E-001
     331    7.1106094808126E-002    7.1106094808126E-002    9.8774103236398E-001
     332    6.5637920850561E-002    6.5637920850561E-002    9.8766139453293E-001
     333    1.9034047142197E-001    1.9034047142197E-001    9.8758828084560E-001
     334    1.7989590110605E-001    1.7989590110605E-001    9.8752551566509E-001
     335    1.8288504368683E-001    1.8288504368683E-001    9.8747737326484E-001
     336    1.8677351179993E-001    1.8677351179993E-001    9.8745240223009E-001
     337    1.7779390420900E-001    1.7779390420900E-001    9.8743013078013E-001
     338    6.1234519363082E-002    6.1234519363082E-002    9.8737164016413E-001
     339    7.0662460567823E-002    7.0662460567823E-002    9.8731472438014E-001
     340    2.6795766719207E-001    2.6795766719207E-001    9.8726253290490E-001
     341    2.0666350486128E-001    2.0666350486128E-001    9.8720899172373E-001
     342    2.1333002973241E-001    2.1333002973241E-001    9.8716219949221E-001
     343    2.1852701325178E-001    2.1852701325178E-001    9.8714802685648E-001
     344    1.9105796724721E-001    1.9105796724721E-001    9.8713092971562E-001
     345    6.6810893357088E-002    6.6810893357088E-002    9.8707311444098E-001
     346    7.2232645403377E-002    7.2232645403377E-002    9.8702722222350E-001
     347    2.8791773778920E-001    2.8791773778920E-001    9.8698470448353E-001
     348    2.7843252799057E-001    2.7843252799057E-001    9.8694623609352E-001
     349    2.7444747199516E-001    2.7444747199516E-001    9.8691091719705E-001
     350    2.4458874458874E-001    2.4458874458874E-001    9.8689741953841E-001
     351    2.1435301507538E-001    2.1435301507538E-001    9.8688414684549E-001
     352    7.2940044886181E-002    7.2940044886181E-002    9.8683240588429E-001
     353    8.9977220956720E-002    8.9977220956720E-002    9.8678696388206E-001
     354    3.1103402708953E-001    3.1103402708953E-001    9.8674309665550E-001
     355    2.2067796610169E-001    2.2067796610169E-001    9.8670732803238E-001
     356    2.4066317626527E-001    2.4066317626527E-001    9.8667448391844E-001
     357    2.0820133755720E-001    2.0820133755720E-001    9.8666076138638E-001
     358    1.8590651558074E-001    1.8590651558074E-001    9.8664771373769E-001
     359    6.7381038866691E-002    6.7381038866691E-002    9.8659912253517E-001
     360    8.1970260223048E-002    8.1970260223048E-002    9.8656335405234E-001
     361    2.3722074971602E-001    2.3722074971602E-001    9.8652691072857E-001
     362    2.1423001949318E-001    2.1423001949318E-001    9.8649631636151E-001
     363    1.7884231536926E-001    1.7884231536926E-001    9.8647179589476E-001
     364    1.7901731776077E-001    1.7901731776077E-001    9.8646099789632E-001
     365    1.6869177804779E-001    1.6869177804779E-001    9.8644772536099E-001
     366    7.8601694915254E-002    7.8601694915254E-002    9.8641735601881E-001
     367    6.0747663551402E-002    6.0747663551402E-002    9.8638653678660E-001
     368    9.0973534971645E-002    9.0973534971645E-002    9.8636921503994E-001
     369    3.2622706990580E-001    3.2622706990580E-001    9.8634896885311E-001
     370    2.1818650180319E-001    2.1818650180319E-001    9.8632579823110E-001
     371    2.2680145152929E-001    2.2680145152929E-001    9.8631590010588E-001
     372    2.4457384859714E-001    2.4457384859714E-001    9.8630960130034E-001
     373    1.0447761194030E-001    1.0447761194030E-001    9.8630015309411E-001
     374    8.7656529516995E-002    8.7656529516995E-002    9.8626888404846E-001
     375    3.3010618363523E-001    3.3010618363523E-001    9.8624863791841E-001
     376    2.4052665382145E-001    2.4052665382145E-001    9.8622974154074E-001
     377    2.2969460688759E-001    2.2969460688759E-001    9.8620657099611E-001
     378    2.5292968750000E-001    2.5292968750000E-001    9.8619802264365E-001
     379    2.0561056105611E-001    2.0561056105611E-001    9.8619037411952E-001
     380    1.1768661735037E-001    1.1768661735037E-001    9.8616067986497E-001
     381    1.0960334029228E-001    1.0960334029228E-001    9.8614493292191E-001
     382    3.3758865248227E-001    3.3758865248227E-001    9.8612738633647E-001
     383    2.5609756097561E-001    2.5609756097561E-001    9.8611006471581E-001
     384    2.5146627565982E-001    2.5146627565982E-001    9.8609431779532E-001
     385    1.3115356355621E-001    1.3115356355621E-001    9.8608644433771E-001
     386    1.2801755669349E-001    1.2801755669349E-001    9.8607857088186E-001
     387    1.3052486187845E-001    1.3052486187845E-001    9.8605405070209E-001
     388    1.5161527165932E-001    1.5161527165932E-001    9.8604145318519E-001
     389    3.4764749813293E-001    3.4764749813293E-001    9.8602413160683E-001
     390    4.1225296442688E-001    4.1225296442688E-001    9.8601535834314E-001
     391    3.1656804733728E-001    3.1656804733728E-001    9.8600456048315E-001
     392    3.3614153327717E-001    3.3614153327717E-001    9.8599601217968E-001
     393    3.4302325581395E-001    3.4302325581395E-001    9.8598611414670E-001
     394    1.8296795952782E-001    1.8296795952782E-001    9.8596451844811E-001
     395    1.4250814332248E-001    1.4250814332248E-001    9.8593842366347E-001
     396    3.6304700162075E-001    3.6304700162075E-001    9.8591615312997E-001
     397    2.7162489894907E-001    2.7162489894907E-001    9.8589748188560E-001
     398    2.7093206951027E-001    2.7093206951027E-001    9.8587858569670E-001
     399    2.5195618153365E-001    2.5195618153365E-001    9.8586868769709E-001
     400    2.4006235385815E-001    2.4006235385815E-001    9.8585833979144E-001
     401    1.0705882352941E-001    1.0705882352941E-001    9.8583584435502E-001
     402    9.9290780141844E-002    9.9290780141844E-002    9.8581807297060E-001
     403    3.1717888100867E-001    3.1717888100867E-001    9.8579917682504E-001
     404    2.7786259541985E-001    2.7786259541985E-001    9.8578253022920E-001
     405    2.2069732937685E-001    2.2069732937685E-001    9.8577173244159E-001
     406    2.0217554388597E-001    2.0217554388597E-001    9.8576273428785E-001
     407    2.1641221374046E-001    2.1641221374046E-001    9.8575756035051E-001
     408    9.4814241486068E-002    9.4814241486068E-002    9.8573933909912E-001
     409    8.4202085004010E-002    8.4202085004010E-002    9.8572179271803E-001
     410    3.4857142857143E-001    3.4857142857143E-001    9.8570649588030E-001
     411    2.4747474747475E-001    2.4747474747475E-001    9.8569119904939E-001
     412    2.6455256298871E-001    2.6455256298871E-001    9.8567747689807E-001
     413    2.3354092526690E-001    2.3354092526690E-001    9.8567072830108E-001
     414    1.7119565217391E-001    1.7119565217391E-001    9.8566690409671E-001
     415    7.0127504553734E-002    7.0127504553734E-002    9.8564733317516E-001
     416    7.7348066298343E-002    7.7348066298343E-002    9.8563203637073E-001
     417    3.2558139534884E-001    3.2558139534884E-001    9.8561696452602E-001
     418    2.4810964083176E-001    2.4810964083176E-001    9.8560819136575E-001
     419    3.0761718750000E-001    3.0761718750000E-001    9.8559874334952E-001
     420    2.9890764647468E-001    2.9890764647468E-001    9.8559514410594E-001
     421    1.9346733668342E-001    1.9346733668342E-001    9.8559199476811E-001
     422    1.1428571428571E-001    1.1428571428571E-001    9.8557489836787E-001
     423    1.1041009463722E-001    1.1041009463722E-001    9.8556275093082E-001
     424    1.5010460251046E-001    1.5010460251046E-001    9.8554318006917E-001
     425    3.3730569948187E-001    3.3730569948187E-001    9.8552698350255E-001
     426    2.3855165069223E-001    2.3855165069223E-001    9.8551776046114E-001
     427    1.9070512820513E-001    1.9070512820513E-001    9.8551146180015E-001
     428    1.7574786324786E-001    1.7574786324786E-001    9.8550606294881E-001
     429    9.0058479532164E-002    9.0058479532164E-002    9.8550156390669E-001
     430    6.8865740740741E-002    6.8865740740741E-002    9.8548514240802E-001
     431    2.8299643281807E-001    2.8299643281807E-001    9.8547501957036E-001
     432    2.2705018359853E-001    2.2705018359853E-001    9.8546714625428E-001
     433    2.8518518518519E-001    2.8518518518519E-001    9.8545612361485E-001
     434    1.5123456790123E-001    1.5123456790123E-001    9.8545229943467E-001
     435    2.2665006226650E-001    2.2665006226650E-001    9.8544802535145E-001
     436    8.6251621271077E-002    8.6251621271077E-002    9.8543677776663E-001
     437    1.1682242990654E-001    1.1682242990654E-001    9.8542687989509E-001
     438    3.4758620689655E-001    3.4758620689655E-001    9.8541653212342E-001
     439    3.3753709198813E-001    3.3753709198813E-001    9.8541203309325E-001
     440    2.2950819672131E-001    2.2950819672131E-001    9.8540393484047E-001
     441    3.1914893617021E-001    3.1914893617021E-001    9.8540123542331E-001
     442    2.3047473200613E-001    2.3047473200613E-001    9.8539651144380E-001
     443    7.6754385964912E-002    7.6754385964912E-002    9.8538233950927E-001
     444    1.2271341463415E-001    1.2271341463415E-001    9.8537199175133E-001
     445    3.5770440251572E-001    3.5770440251572E-001    9.8536299370356E-001
     446    2.5503875968992E-001    2.5503875968992E-001    9.8535242100051E-001
     447    3.6583463338534E-001    3.6583463338534E-001    9.8534522256630E-001
     448    3.8091482649842E-001    3.8091482649842E-001    9.8534319800696E-001
     449    2.5156250000000E-001    2.5156250000000E-001    9.8533779918265E-001
     450    8.2417582417582E-002    8.2417582417582E-002    9.8532542688022E-001
     451    1.4976228209192E-001    1.4976228209192E-001    9.8531665379583E-001
     452    3.4889240506329E-001    3.4889240506329E-001    9.8530653100901E-001
     453    2.4174174174174E-001    2.4174174174174E-001    9.8529618327455E-001
     454    2.1212121212121E-001    2.1212121212121E-001    9.8528628544460E-001
     455    2.6143292682927E-001    2.6143292682927E-001    9.8528313613568E-001
     456    2.7127659574468E-001    2.7127659574468E-001    9.8527953692586E-001
     457    1.6178736517720E-001    1.6178736517720E-001    9.8526603989250E-001
     458    1.0000000000000E-001    1.0000000000000E-001    9.8525839157602E-001
     459    4.1373801916933E-001    4.1373801916933E-001    9.8525276781503E-001
     460    2.4471544715447E-001    2.4471544715447E-001    9.8524421970014E-001
     461    1.9662921348315E-001    1.9662921348315E-001    9.8523792109058E-001
     462    2.6332288401254E-001    2.6332288401254E-001    9.8523319713420E-001
     463    3.8151658767773E-001    3.8151658767773E-001    9.8523027278058E-001
     464    9.8130841121495E-002    9.8130841121495E-002    9.8521655081706E-001
     465    2.0846394984326E-001    2.0846394984326E-001    9.8521002726263E-001
     466    5.1980198019802E-001    5.1980198019802E-001    9.8520575321042E-001
     467    4.4273504273504E-001    4.4273504273504E-001    9.8519787995779E-001
     468    5.0082236842105E-001    5.0082236842105E-001    9.8518933185706E-001
     469    5.1554828150573E-001    5.1554828150573E-001    9.8518685740727E-001
     470    6.4147909967846E-001    6.4147909967846E-001    9.8518010890875E-001
     471    2.4268104776579E-001    2.4268104776579E-001    9.8516346261832E-001
     472    2.0679468242245E-001    2.0679468242245E-001    9.8514884088365E-001
     473    7.7831491712707E-001    7.7831491712707E-001    9.8513286945779E-001
     474    6.5882352941176E-001    6.5882352941176E-001    9.8511667309018E-001
     475    6.0024154589372E-001    6.0024154589372E-001    9.8509867713552E-001
     476    6.7674970344009E-001    6.7674970344009E-001    9.8509327835104E-001
     477    5.2601156069364E-001    5.2601156069364E-001    9.8508742966886E-001
     478    2.5735294117647E-001    2.5735294117647E-001    9.8506403495054E-001
     479    2.6258309591643E-001    2.6258309591643E-001    9.8504176499380E-001
     480    9.5344827586207E-001    9.5344827586207E-001    9.8502309423365E-001
     481    9.6627450980392E-001    9.6627450980392E-001    9.8499655027975E-001
     482    9.5883233532934E-001    9.5883233532934E-001    9.8497877933961E-001
     483    9.5064841498559E-001    9.5064841498559E-001    9.8496460758417E-001
     484    4.5000000000000E-001    4.5000000000000E-001    9.8495291026686E-001
     485    3.0664652567976E-001    3.0664652567976E-001    9.8490252187114E-001
     486    3.1324366270047E-001    3.1324366270047E-001    9.8484358554330E-001
     487    4.5000000000000E-001    4.5000000000000E-001    9.8478374953415E-001
     488    9.5798319327731E-001    9.5798319327731E-001    9.8471896480753E-001
     489    8.8123219373219E-001    8.8123219373219E-001    9.8469399572907E-001
     490    9.0749656121045E-001    9.0749656121045E-001    9.8467262581252E-001
     491    8.2637290365012E-001    8.2637290365012E-001    9.8464630709283E-001
     492    3.0439093484419E-001    3.0439093484419E-001    9.8459614412314E-001
     493    2.1498771498771E-001    2.1498771498771E-001    9.8448839523188E-001
     494    8.0798274002157E-001    8.0798274002157E-001    9.8438582042848E-001
     495    7.8090317642556E-001    7.8090317642556E-001    9.8427402327259E-001
     496    6.7423460612315E-001    6.7423460612315E-001    9.8416897480154E-001
     497    6.4551313832424E-001    6.4551313832424E-001    9.8413028466211E-001
     498    5.6983285117326E-001    5.6983285117326E-001    9.8409969249317E-001
     499    2.4132740825688E-001    2.4132740825688E-001    9.8395213069417E-001
     500    1.7702182284981E-001    1.7702182284981E-001    9.8378904874333E-001
     501    6.0504447565543E-001    6.0504447565543E-001    9.8363743955344E-001
     502    4.8561887320909E-001    4.8561887320909E-001    9.8348763063326E-001
     503    4.6758837232857E-001    4.6758837232857E-001    9.8335379297331E-001
     504    4.3471446762660E-001    4.3471446762660E-001    9.8328631203074E-001
     505    3.8422818791946E-001    3.8422818791946E-001    9.8323142764532E-001
     506    1.2063604868082E-001    1.2063604868082E-001    9.8302673679215E-001
     507    1.1006660483939E-001    1.1006660483939E-001    9.8285668703276E-001
     508    3.6759400304658E-001    3.6759400304658E-001    9.8268303938107E-001
     509    3.3579733579734E-001    3.3579733579734E-001    9.8249814629182E-001
     510    3.2406441031758E-001    3.2406441031758E-001    9.8234024586088E-001
     511    2.8114116339385E-001    2.8114116339385E-001    9.8228131459092E-001
     512    2.5547070054340E-001    2.5547070054340E-001    9.8223070577612E-001
     513    9.1679896088902E-002    9.1679896088902E-002    9.8206358488468E-001
     514    9.5924809872292E-002    9.5924809872292E-002    9.8188971726354E-001
     515    3.4726173541963E-001    3.4726173541963E-001    9.8171967446147E-001
     516    2.8767465069860E-001    2.8767465069860E-001    9.8156380284058E-001
     517    0.0000000000000E+000    0.0000000000000E+000    9.8142772518874E-001
     518    9.5354669647361E-322    9.5354669647361E-322    9.8137486876921E-001
     519    4.6453723115927E-310    4.6453723115927E-310    9.8132358689775E-001
     520    4.6453723067177E-310    4.6453723067177E-310    9.8114072735844E-001
     521    0.0000000000000E+000    0.0000000000000E+000    9.8098508409027E-001
     522    0.0000000000000E+000    0.0000000000000E+000    9.8098508409027E-001
     523    0.0000000000000E+000    0.0000000000000E+000    9.8098508409027E-001
     524    0.0000000000000E+000    0.0000000000000E+000    9.8098508409027E-001
     525    0.0000000000000E+000    0.0000000000000E+000    9.8098508409027E-001
     526    0.0000000000000E+000    0.0000000000000E+000    9.8098508409027E-001
     527    0.0000000000000E+000    0.0000000000000E+000    9.8098508409027E-001
     528    0.0000000000000E+000    0.0000000000000E+000    9.8098508409027E-001
     529    0.0000000000000E+000    0.0000000000000E+000    9.8098508409027E-001
     530    0.0000000000000E+000    0.0000000000000E+000    9.8098508409027E-001
     531    0.0000000000000E+000    0.0000000000000E+000    9.8098508409027E-001
     532    0.0000000000000E+000    0.0000000000000E+000    9.8098508409027E-001
     533    0.0000000000000E+000    0.0000000000000E+000    9.8098508409027E-001
     534    0.0000000000000E+000    0.0000000000000E+000    9.8098508409027E-001
     535    0.0000000000000E+000    0.0000000000000E+000    9.8098508409027E-001
     536    0.0000000000000E+000    0.0000000000000E+000    9.8098508409027E-001
     537    0.0000000000000E+000    0.0000000000000E+000    9.8098508409027E-001
     538    0.0000000000000E+000    0.0000000000000E+000    9.8098508409027E-001
     539    0.0000000000000E+000    0.0000000000000E+000    9.8098508409027E-001
     540    0.0000000000000E+000    0.0000000000000E+000    9.8098508409027E-001
