       1    2.0000000000000E+000    9.9999900000000E+006    1.0000000000000E+000    0.0000000000000E+000    0.0000000000000E+000    1.0000000000000E+000
       2    7.0000000000000E+000    9.9999850000000E+006    1.0000000000000E+000    0.0000000000000E+000    0.0000000000000E+000    1.0000000000000E+000
       3    9.0000000000000E+000    9.9999830000000E+006    1.0000000000000E+000    0.0000000000000E+000    0.0000000000000E+000    1.0000000000000E+000
       4    6.0000000000000E+000    9.9999830000000E+006    4.0000000000000E+000    0.0000000000000E+000    0.0000000000000E+000    4.0000000000000E+000
       5    7.0000000000000E+000    9.9999820000000E+006    4.0000000000000E+000    0.0000000000000E+000    0.0000000000000E+000    4.0000000000000E+000
       6    5.0000000000000E+000    9.9999790000000E+006    9.0000000000000E+000    0.0000000000000E+000    0.0000000000000E+000    9.0000000000000E+000
       7    7.0000000000000E+000    9.9999750000000E+006    1.1000000000000E+001    0.0000000000000E+000    0.0000000000000E+000    1.1000000000000E+001
       8    9.0000000000000E+000    9.9999730000000E+006    1.1000000000000E+001    0.0000000000000E+000    0.0000000000000E+000    1.1000000000000E+001
       9    1.2000000000000E+001    9.9999690000000E+006    1.2000000000000E+001    0.0000000000000E+000    0.0000000000000E+000    1.2000000000000E+001
      10    9.0000000000000E+000    9.9999690000000E+006    1.5000000000000E+001    0.0000000000000E+000    0.0000000000000E+000    1.5000000000000E+001
      11    6.0000000000000E+000    9.9999680000000E+006    1.9000000000000E+001   -1.0000000000000E+000    1.0000000000000E+000    1.9000000000000E+001
      12    1.1000000000000E+001    9.9999610000000E+006    2.1000000000000E+001   -1.0000000000000E+000    1.0000000000000E+000    2.1000000000000E+001
      13    1.1000000000000E+001    9.9999570000000E+006    2.5000000000000E+001   -1.0000000000000E+000    1.0000000000000E+000    2.5000000000000E+001
      14    1.7000000000000E+001    9.9999510000000E+006    2.5000000000000E+001   -1.0000000000000E+000    1.0000000000000E+000    2.5000000000000E+001
      15    2.0000000000000E+001    9.9999470000000E+006    2.6000000000000E+001   -1.0000000000000E+000    1.0000000000000E+000    2.6000000000000E+001
      16    1.4000000000000E+001    9.9999460000000E+006    3.3000000000000E+001   -2.0000000000000E+000    2.0000000000000E+000    3.3000000000000E+001
      17    1.1000000000000E+001    9.9999450000000E+006    3.7000000000000E+001   -2.0000000000000E+000    2.0000000000000E+000    3.7000000000000E+001
      18    5.0000000000000E+000    9.9999450000000E+006    4.3000000000000E+001   -2.0000000000000E+000    2.0000000000000E+000    4.3000000000000E+001
      19    8.0000000000000E+000    9.9999380000000E+006    4.7000000000000E+001   -2.0000000000000E+000    2.0000000000000E+000    4.7000000000000E+001
      20    1.5000000000000E+001    9.9999300000000E+006    4.3000000000000E+001    2.0000000000000E+000    3.0000000000000E+000    4.8000000000000E+001
      21    1.8000000000000E+001    9.9999260000000E+006    4.2000000000000E+001    4.0000000000000E+000    3.0000000000000E+000    4.9000000000000E+001
      22    2.3000000000000E+001    9.9999210000000E+006    4.2000000000000E+001    4.0000000000000E+000    3.0000000000000E+000    4.9000000000000E+001
      23    2.7000000000000E+001    9.9999100000000E+006    4.8000000000000E+001    4.0000000000000E+000    4.0000000000000E+000    5.6000000000000E+001
      24    2.4000000000000E+001    9.9999050000000E+006    5.3000000000000E+001    7.0000000000000E+000    4.0000000000000E+000    6.4000000000000E+001
      25    2.9000000000000E+001    9.9998960000000E+006    5.3000000000000E+001    1.1000000000000E+001    4.0000000000000E+000    6.8000000000000E+001
      26    3.9000000000000E+001    9.9998810000000E+006    5.6000000000000E+001    1.3000000000000E+001    4.0000000000000E+000    7.3000000000000E+001
      27    3.5000000000000E+001    9.9998740000000E+006    6.3000000000000E+001    1.6000000000000E+001    5.0000000000000E+000    8.4000000000000E+001
      28    3.8000000000000E+001    9.9998660000000E+006    6.8000000000000E+001    1.5000000000000E+001    6.0000000000000E+000    8.9000000000000E+001
      29    4.9000000000000E+001    9.9998460000000E+006    7.6000000000000E+001    1.6000000000000E+001    6.0000000000000E+000    9.8000000000000E+001
      30    4.8000000000000E+001    9.9998320000000E+006    8.4000000000000E+001    2.3000000000000E+001    6.0000000000000E+000    1.1300000000000E+002
      31    5.1000000000000E+001    9.9998220000000E+006    8.7000000000000E+001    2.7000000000000E+001    6.0000000000000E+000    1.2000000000000E+002
      32    5.2000000000000E+001    9.9998130000000E+006    8.9000000000000E+001    3.1000000000000E+001    8.0000000000000E+000    1.2800000000000E+002
      33    4.9000000000000E+001    9.9997960000000E+006    1.0500000000000E+002    3.5000000000000E+001    8.0000000000000E+000    1.4800000000000E+002
      34    4.6000000000000E+001    9.9997850000000E+006    1.1800000000000E+002    3.6000000000000E+001    8.0000000000000E+000    1.6200000000000E+002
      35    5.6000000000000E+001    9.9997650000000E+006    1.2700000000000E+002    3.6000000000000E+001    9.0000000000000E+000    1.7200000000000E+002
      36    6.9000000000000E+001    9.9997430000000E+006    1.3600000000000E+002    3.6000000000000E+001    9.0000000000000E+000    1.8100000000000E+002
      37    7.4000000000000E+001    9.9997210000000E+006    1.4600000000000E+002    4.1000000000000E+001    1.1000000000000E+001    1.9800000000000E+002
      38    6.8000000000000E+001    9.9997160000000E+006    1.4900000000000E+002    4.8000000000000E+001    1.2000000000000E+001    2.0900000000000E+002
      39    6.6000000000000E+001    9.9996980000000E+006    1.6500000000000E+002    4.9000000000000E+001    1.5000000000000E+001    2.2900000000000E+002
      40    7.4000000000000E+001    9.9996680000000E+006    1.8200000000000E+002    5.4000000000000E+001    1.5000000000000E+001    2.5100000000000E+002
      41    8.8000000000000E+001    9.9996320000000E+006    1.9300000000000E+002    6.1000000000000E+001    1.9000000000000E+001    2.7300000000000E+002
      42    1.1100000000000E+002    9.9996040000000E+006    1.9300000000000E+002    6.6000000000000E+001    1.9000000000000E+001    2.7800000000000E+002
      43    1.3200000000000E+002    9.9995650000000E+006    2.0200000000000E+002    7.4000000000000E+001    2.0000000000000E+001    2.9600000000000E+002
      44    1.5300000000000E+002    9.9995140000000E+006    2.1700000000000E+002    8.7000000000000E+001    2.2000000000000E+001    3.2600000000000E+002
      45    1.4100000000000E+002    9.9994900000000E+006    2.4600000000000E+002    9.3000000000000E+001    2.3000000000000E+001    3.6200000000000E+002
      46    1.3800000000000E+002    9.9994650000000E+006    2.6600000000000E+002    1.0000000000000E+002    2.4000000000000E+001    3.9000000000000E+002
      47    1.2600000000000E+002    9.9994380000000E+006    2.8500000000000E+002    1.1900000000000E+002    2.5000000000000E+001    4.2900000000000E+002
      48    1.2000000000000E+002    9.9993930000000E+006    3.2200000000000E+002    1.3100000000000E+002    2.7000000000000E+001    4.8000000000000E+002
      49    1.7100000000000E+002    9.9993180000000E+006    3.3600000000000E+002    1.3400000000000E+002    3.4000000000000E+001    5.0400000000000E+002
      50    2.1500000000000E+002    9.9992490000000E+006    3.5200000000000E+002    1.3900000000000E+002    3.8000000000000E+001    5.2900000000000E+002
      51    2.7500000000000E+002    9.9991620000000E+006    3.6200000000000E+002    1.5400000000000E+002    4.0000000000000E+001    5.5600000000000E+002
      52    2.7900000000000E+002    9.9991130000000E+006    3.9600000000000E+002    1.6000000000000E+002    4.5000000000000E+001    6.0100000000000E+002
      53    2.3600000000000E+002    9.9990810000000E+006    4.5100000000000E+002    1.7800000000000E+002    4.7000000000000E+001    6.7600000000000E+002
      54    2.7200000000000E+002    9.9989760000000E+006    4.9800000000000E+002    1.9900000000000E+002    4.8000000000000E+001    7.4500000000000E+002
      55    2.5800000000000E+002    9.9989030000000E+006    5.6300000000000E+002    2.1900000000000E+002    5.0000000000000E+001    8.3200000000000E+002
      56    2.8900000000000E+002    9.9988230000000E+006    6.0700000000000E+002    2.1800000000000E+002    5.6000000000000E+001    8.8100000000000E+002
      57    3.6200000000000E+002    9.9987180000000E+006    6.2100000000000E+002    2.2800000000000E+002    6.4000000000000E+001    9.1300000000000E+002
      58    3.5700000000000E+002    9.9986180000000E+006    6.9600000000000E+002    2.5300000000000E+002    6.9000000000000E+001    1.0180000000000E+003
      59    3.6200000000000E+002    9.9985400000000E+006    7.3300000000000E+002    2.8100000000000E+002    7.7000000000000E+001    1.0910000000000E+003
      60    3.4500000000000E+002    9.9984770000000E+006    7.8500000000000E+002    3.0400000000000E+002    8.2000000000000E+001    1.1710000000000E+003
      61    3.8800000000000E+002    9.9983290000000E+006    8.5100000000000E+002    3.4200000000000E+002    8.3000000000000E+001    1.2760000000000E+003
      62    4.3300000000000E+002    9.9981840000000E+006    9.0000000000000E+002    3.8200000000000E+002    9.4000000000000E+001    1.3760000000000E+003
      63    4.9700000000000E+002    9.9980420000000E+006    9.5400000000000E+002    4.0100000000000E+002    9.9000000000000E+001    1.4540000000000E+003
      64    5.8200000000000E+002    9.9978940000000E+006    9.9200000000000E+002    4.1700000000000E+002    1.0800000000000E+002    1.5170000000000E+003
      65    5.8200000000000E+002    9.9977460000000E+006    1.1130000000000E+003    4.3200000000000E+002    1.2000000000000E+002    1.6650000000000E+003
      66    5.0600000000000E+002    9.9976770000000E+006    1.2130000000000E+003    4.6900000000000E+002    1.2800000000000E+002    1.8100000000000E+003
      67    4.5000000000000E+002    9.9975910000000E+006    1.2800000000000E+003    5.3300000000000E+002    1.3900000000000E+002    1.9520000000000E+003
      68    4.5300000000000E+002    9.9974400000000E+006    1.3590000000000E+003    5.9600000000000E+002    1.4500000000000E+002    2.1000000000000E+003
      69    4.8500000000000E+002    9.9972600000000E+006    1.4200000000000E+003    6.7300000000000E+002    1.5500000000000E+002    2.2480000000000E+003
      70    5.3800000000000E+002    9.9971380000000E+006    1.4400000000000E+003    7.1100000000000E+002    1.6600000000000E+002    2.3170000000000E+003
      71    5.6200000000000E+002    9.9970280000000E+006    1.4940000000000E+003    7.2600000000000E+002    1.8300000000000E+002    2.4030000000000E+003
      72    5.6100000000000E+002    9.9968780000000E+006    1.5400000000000E+003    8.2300000000000E+002    1.9100000000000E+002    2.5540000000000E+003
      73    4.6600000000000E+002    9.9967930000000E+006    1.6470000000000E+003    8.7800000000000E+002    2.0900000000000E+002    2.7340000000000E+003
      74    4.2500000000000E+002    9.9967120000000E+006    1.6890000000000E+003    9.5500000000000E+002    2.1200000000000E+002    2.8560000000000E+003
      75    4.6300000000000E+002    9.9965640000000E+006    1.6940000000000E+003    1.0540000000000E+003    2.1800000000000E+002    2.9660000000000E+003
      76    4.5700000000000E+002    9.9964200000000E+006    1.7440000000000E+003    1.1410000000000E+003    2.3100000000000E+002    3.1160000000000E+003
      77    5.1600000000000E+002    9.9962760000000E+006    1.7510000000000E+003    1.1970000000000E+003    2.5300000000000E+002    3.2010000000000E+003
      78    5.3300000000000E+002    9.9961780000000E+006    1.7690000000000E+003    1.2480000000000E+003    2.6500000000000E+002    3.2820000000000E+003
      79    5.1000000000000E+002    9.9960530000000E+006    1.7690000000000E+003    1.3840000000000E+003    2.7700000000000E+002    3.4300000000000E+003
      80    4.3100000000000E+002    9.9959880000000E+006    1.7680000000000E+003    1.5160000000000E+003    2.9000000000000E+002    3.5740000000000E+003
      81    3.7100000000000E+002    9.9959040000000E+006    1.7700000000000E+003    1.6510000000000E+003    2.9700000000000E+002    3.7180000000000E+003
      82    3.7200000000000E+002    9.9958050000000E+006    1.7200000000000E+003    1.7880000000000E+003    3.0800000000000E+002    3.8160000000000E+003
      83    3.4800000000000E+002    9.9957040000000E+006    1.6970000000000E+003    1.9250000000000E+003    3.1900000000000E+002    3.9410000000000E+003
      84    4.0100000000000E+002    9.9955860000000E+006    1.6930000000000E+003    1.9770000000000E+003    3.3600000000000E+002    4.0060000000000E+003
      85    4.1800000000000E+002    9.9954850000000E+006    1.6910000000000E+003    2.0430000000000E+003    3.5600000000000E+002    4.0900000000000E+003
      86    4.2200000000000E+002    9.9953820000000E+006    1.6390000000000E+003    2.1830000000000E+003    3.6700000000000E+002    4.1890000000000E+003
      87    3.6800000000000E+002    9.9953350000000E+006    1.5600000000000E+003    2.3570000000000E+003    3.7300000000000E+002    4.2900000000000E+003
      88    2.9200000000000E+002    9.9952930000000E+006    1.5560000000000E+003    2.4690000000000E+003    3.8300000000000E+002    4.4080000000000E+003
      89    2.9300000000000E+002    9.9951910000000E+006    1.5470000000000E+003    2.5740000000000E+003    3.8800000000000E+002    4.5090000000000E+003
      90    2.7200000000000E+002    9.9951090000000E+006    1.5000000000000E+003    2.7170000000000E+003    3.9500000000000E+002    4.6120000000000E+003
      91    3.2400000000000E+002    9.9950100000000E+006    1.4620000000000E+003    2.7840000000000E+003    4.1300000000000E+002    4.6590000000000E+003
      92    3.9100000000000E+002    9.9949010000000E+006    1.4230000000000E+003    2.8570000000000E+003    4.2100000000000E+002    4.7010000000000E+003
      93    3.8300000000000E+002    9.9948070000000E+006    1.3770000000000E+003    2.9960000000000E+003    4.3000000000000E+002    4.8030000000000E+003
      94    3.6700000000000E+002    9.9947410000000E+006    1.3150000000000E+003    3.1260000000000E+003    4.4400000000000E+002    4.8850000000000E+003
      95    3.2100000000000E+002    9.9946880000000E+006    1.2700000000000E+003    3.2640000000000E+003    4.5000000000000E+002    4.9840000000000E+003
      96    2.8500000000000E+002    9.9946150000000E+006    1.2810000000000E+003    3.3580000000000E+003    4.5400000000000E+002    5.0930000000000E+003
      97    2.4600000000000E+002    9.9945600000000E+006    1.2500000000000E+003    3.4740000000000E+003    4.6300000000000E+002    5.1870000000000E+003
      98    2.5600000000000E+002    9.9944840000000E+006    1.2510000000000E+003    3.5310000000000E+003    4.7100000000000E+002    5.2530000000000E+003
      99    2.7000000000000E+002    9.9944170000000E+006    1.2200000000000E+003    3.6040000000000E+003    4.8200000000000E+002    5.3060000000000E+003
     100    2.6900000000000E+002    9.9943450000000E+006    1.1940000000000E+003    3.6920000000000E+003    4.9300000000000E+002    5.3790000000000E+003
     101    2.5500000000000E+002    9.9943040000000E+006    1.1480000000000E+003    3.7810000000000E+003    5.0500000000000E+002    5.4340000000000E+003
     102    2.0200000000000E+002    9.9942810000000E+006    1.1060000000000E+003    3.8940000000000E+003    5.1000000000000E+002    5.5100000000000E+003
     103    1.8000000000000E+002    9.9942360000000E+006    1.0720000000000E+003    3.9860000000000E+003    5.1900000000000E+002    5.5770000000000E+003
     104    1.5800000000000E+002    9.9941860000000E+006    1.0410000000000E+003    4.0870000000000E+003    5.2100000000000E+002    5.6490000000000E+003
     105    1.5100000000000E+002    9.9941520000000E+006    1.0350000000000E+003    4.1320000000000E+003    5.2300000000000E+002    5.6900000000000E+003
     106    1.6300000000000E+002    9.9941170000000E+006    1.0160000000000E+003    4.1680000000000E+003    5.2900000000000E+002    5.7130000000000E+003
     107    1.6800000000000E+002    9.9940670000000E+006    9.5900000000000E+002    4.2600000000000E+003    5.3900000000000E+002    5.7580000000000E+003
     108    1.3900000000000E+002    9.9940460000000E+006    9.2700000000000E+002    4.3340000000000E+003    5.4700000000000E+002    5.8080000000000E+003
     109    1.3200000000000E+002    9.9940190000000E+006    8.6200000000000E+002    4.4300000000000E+003    5.5000000000000E+002    5.8420000000000E+003
     110    1.9200000000000E+002    9.9939240000000E+006    7.8800000000000E+002    4.5370000000000E+003    5.5200000000000E+002    5.8770000000000E+003
     111    2.6500000000000E+002    9.9938010000000E+006    7.4400000000000E+002    4.6280000000000E+003    5.5500000000000E+002    5.9270000000000E+003
     112    3.0800000000000E+002    9.9937370000000E+006    6.9900000000000E+002    4.6880000000000E+003    5.6100000000000E+002    5.9480000000000E+003
     113    3.5400000000000E+002    9.9936640000000E+006    6.7300000000000E+002    4.7380000000000E+003    5.6400000000000E+002    5.9750000000000E+003
     114    3.0600000000000E+002    9.9936170000000E+006    6.9500000000000E+002    4.8070000000000E+003    5.6800000000000E+002    6.0700000000000E+003
     115    2.1300000000000E+002    9.9935870000000E+006    7.6300000000000E+002    4.8530000000000E+003    5.7700000000000E+002    6.1930000000000E+003
     116    2.2200000000000E+002    9.9935140000000E+006    7.5100000000000E+002    4.9280000000000E+003    5.7800000000000E+002    6.2570000000000E+003
     117    2.0700000000000E+002    9.9934560000000E+006    7.5700000000000E+002    4.9900000000000E+003    5.8300000000000E+002    6.3300000000000E+003
     118    1.8900000000000E+002    9.9934270000000E+006    7.3200000000000E+002    5.0540000000000E+003    5.9100000000000E+002    6.3770000000000E+003
     119    2.2400000000000E+002    9.9933620000000E+006    7.2100000000000E+002    5.0860000000000E+003    6.0000000000000E+002    6.4070000000000E+003
     120    1.8200000000000E+002    9.9933310000000E+006    7.7100000000000E+002    5.1000000000000E+003    6.0900000000000E+002    6.4800000000000E+003
     121    1.7500000000000E+002    9.9932800000000E+006    7.8400000000000E+002    5.1390000000000E+003    6.1500000000000E+002    6.5380000000000E+003
     122    1.6700000000000E+002    9.9932590000000E+006    7.6300000000000E+002    5.1830000000000E+003    6.2100000000000E+002    6.5670000000000E+003
     123    1.2800000000000E+002    9.9932330000000E+006    7.9400000000000E+002    5.2110000000000E+003    6.2700000000000E+002    6.6320000000000E+003
     124    1.4400000000000E+002    9.9931860000000E+006    7.9000000000000E+002    5.2360000000000E+003    6.3700000000000E+002    6.6630000000000E+003
     125    1.4700000000000E+002    9.9931320000000E+006    7.9100000000000E+002    5.2760000000000E+003    6.4700000000000E+002    6.7140000000000E+003
     126    1.6000000000000E+002    9.9930980000000E+006    7.9100000000000E+002    5.2940000000000E+003    6.5000000000000E+002    6.7350000000000E+003
     127    1.6200000000000E+002    9.9930700000000E+006    7.9000000000000E+002    5.3190000000000E+003    6.5200000000000E+002    6.7610000000000E+003
     128    1.5500000000000E+002    9.9930300000000E+006    7.4200000000000E+002    5.4120000000000E+003    6.5400000000000E+002    6.8080000000000E+003
     129    1.2400000000000E+002    9.9930070000000E+006    6.7300000000000E+002    5.5300000000000E+003    6.5900000000000E+002    6.8620000000000E+003
     130    1.1200000000000E+002    9.9929850000000E+006    6.4300000000000E+002    5.5920000000000E+003    6.6100000000000E+002    6.8960000000000E+003
     131    1.1300000000000E+002    9.9929560000000E+006    5.9800000000000E+002    5.6640000000000E+003    6.6200000000000E+002    6.9240000000000E+003
     132    1.1900000000000E+002    9.9929100000000E+006    5.9100000000000E+002    5.7030000000000E+003    6.7000000000000E+002    6.9640000000000E+003
     133    1.4200000000000E+002    9.9928640000000E+006    5.8400000000000E+002    5.7290000000000E+003    6.7400000000000E+002    6.9870000000000E+003
     134    1.6400000000000E+002    9.9928200000000E+006    5.3300000000000E+002    5.7980000000000E+003    6.7800000000000E+002    7.0090000000000E+003
     135    1.4800000000000E+002    9.9928070000000E+006    5.0400000000000E+002    5.8540000000000E+003    6.8000000000000E+002    7.0380000000000E+003
     136    1.2100000000000E+002    9.9927880000000E+006    5.2100000000000E+002    5.8780000000000E+003    6.8500000000000E+002    7.0840000000000E+003
     137    9.2000000000000E+001    9.9927710000000E+006    5.0200000000000E+002    5.9380000000000E+003    6.9000000000000E+002    7.1300000000000E+003
     138    7.4000000000000E+001    9.9927450000000E+006    5.1500000000000E+002    5.9670000000000E+003    6.9200000000000E+002    7.1740000000000E+003
     139    9.0000000000000E+001    9.9927160000000E+006    4.7700000000000E+002    6.0150000000000E+003    6.9500000000000E+002    7.1870000000000E+003
     140    9.5000000000000E+001    9.9926920000000E+006    4.7500000000000E+002    6.0270000000000E+003    7.0400000000000E+002    7.2060000000000E+003
     141    1.0800000000000E+002    9.9926620000000E+006    4.6600000000000E+002    6.0510000000000E+003    7.0600000000000E+002    7.2230000000000E+003
     142    1.0200000000000E+002    9.9926420000000E+006    4.4500000000000E+002    6.0950000000000E+003    7.0900000000000E+002    7.2490000000000E+003
     143    8.2000000000000E+001    9.9926330000000E+006    4.2000000000000E+002    6.1490000000000E+003    7.0900000000000E+002    7.2780000000000E+003
     144    7.2000000000000E+001    9.9926190000000E+006    4.1000000000000E+002    6.1780000000000E+003    7.1400000000000E+002    7.3020000000000E+003
     145    6.6000000000000E+001    9.9925950000000E+006    4.1200000000000E+002    6.2060000000000E+003    7.1400000000000E+002    7.3320000000000E+003
     146    6.3000000000000E+001    9.9925780000000E+006    3.9200000000000E+002    6.2410000000000E+003    7.1900000000000E+002    7.3520000000000E+003
     147    8.1000000000000E+001    9.9925510000000E+006    3.7800000000000E+002    6.2640000000000E+003    7.1900000000000E+002    7.3610000000000E+003
     148    1.0000000000000E+002    9.9925180000000E+006    3.7000000000000E+002    6.2840000000000E+003    7.2100000000000E+002    7.3750000000000E+003
     149    1.1800000000000E+002    9.9924760000000E+006    3.6500000000000E+002    6.3090000000000E+003    7.2500000000000E+002    7.3990000000000E+003
     150    1.1800000000000E+002    9.9924590000000E+006    3.3600000000000E+002    6.3540000000000E+003    7.2600000000000E+002    7.4160000000000E+003
     151    9.9000000000000E+001    9.9924510000000E+006    3.1700000000000E+002    6.3990000000000E+003    7.2700000000000E+002    7.4430000000000E+003
     152    7.9000000000000E+001    9.9924380000000E+006    3.0600000000000E+002    6.4420000000000E+003    7.2800000000000E+002    7.4760000000000E+003
     153    6.5000000000000E+001    9.9924100000000E+006    3.3500000000000E+002    6.4520000000000E+003    7.3100000000000E+002    7.5180000000000E+003
     154    6.8000000000000E+001    9.9923900000000E+006    3.3300000000000E+002    6.4700000000000E+003    7.3200000000000E+002    7.5350000000000E+003
     155    6.9000000000000E+001    9.9923810000000E+006    3.2400000000000E+002    6.4860000000000E+003    7.3300000000000E+002    7.5430000000000E+003
     156    6.6000000000000E+001    9.9923710000000E+006    3.1100000000000E+002    6.5100000000000E+003    7.3500000000000E+002    7.5560000000000E+003
     157    4.7000000000000E+001    9.9923620000000E+006    3.1000000000000E+002    6.5330000000000E+003    7.4100000000000E+002    7.5840000000000E+003
     158    3.0000000000000E+001    9.9923590000000E+006    3.0600000000000E+002    6.5540000000000E+003    7.4400000000000E+002    7.6040000000000E+003
     159    4.8000000000000E+001    9.9923320000000E+006    2.8500000000000E+002    6.5830000000000E+003    7.4500000000000E+002    7.6130000000000E+003
     160    5.1000000000000E+001    9.9923190000000E+006    2.7500000000000E+002    6.6030000000000E+003    7.4500000000000E+002    7.6230000000000E+003
     161    5.9000000000000E+001    9.9923020000000E+006    2.7500000000000E+002    6.6100000000000E+003    7.4700000000000E+002    7.6320000000000E+003
     162    7.4000000000000E+001    9.9922840000000E+006    2.6400000000000E+002    6.6210000000000E+003    7.5000000000000E+002    7.6350000000000E+003
     163    5.9000000000000E+001    9.9922720000000E+006    2.6700000000000E+002    6.6450000000000E+003    7.5000000000000E+002    7.6620000000000E+003
     164    5.4000000000000E+001    9.9922640000000E+006    2.6300000000000E+002    6.6620000000000E+003    7.5000000000000E+002    7.6750000000000E+003
     165    4.6000000000000E+001    9.9922550000000E+006    2.5300000000000E+002    6.6870000000000E+003    7.5200000000000E+002    7.6920000000000E+003
     166    5.0000000000000E+001    9.9922330000000E+006    2.3800000000000E+002    6.7190000000000E+003    7.5300000000000E+002    7.7100000000000E+003
     167    5.7000000000000E+001    9.9922140000000E+006    2.0800000000000E+002    6.7600000000000E+003    7.5400000000000E+002    7.7220000000000E+003
     168    6.5000000000000E+001    9.9921980000000E+006    1.9900000000000E+002    6.7730000000000E+003    7.5800000000000E+002    7.7300000000000E+003
     169    9.2000000000000E+001    9.9921620000000E+006    2.0000000000000E+002    6.7790000000000E+003    7.6000000000000E+002    7.7390000000000E+003
     170    8.5000000000000E+001    9.9921470000000E+006    2.0900000000000E+002    6.7890000000000E+003    7.6300000000000E+002    7.7610000000000E+003
     171    7.8000000000000E+001    9.9921350000000E+006    2.0000000000000E+002    6.8160000000000E+003    7.6400000000000E+002    7.7800000000000E+003
     172    6.8000000000000E+001    9.9921290000000E+006    1.9600000000000E+002    6.8360000000000E+003    7.6400000000000E+002    7.7960000000000E+003
     173    5.0000000000000E+001    9.9921110000000E+006    2.2300000000000E+002    6.8450000000000E+003    7.6400000000000E+002    7.8320000000000E+003
     174    4.8000000000000E+001    9.9920980000000E+006    2.2800000000000E+002    6.8540000000000E+003    7.6500000000000E+002    7.8470000000000E+003
     175    3.6000000000000E+001    9.9920980000000E+006    2.3100000000000E+002    6.8610000000000E+003    7.6700000000000E+002    7.8590000000000E+003
     176    4.8000000000000E+001    9.9920800000000E+006    2.3400000000000E+002    6.8640000000000E+003    7.6700000000000E+002    7.8650000000000E+003
     177    5.3000000000000E+001    9.9920570000000E+006    2.2500000000000E+002    6.8900000000000E+003    7.6800000000000E+002    7.8830000000000E+003
     178    4.7000000000000E+001    9.9920500000000E+006    2.2500000000000E+002    6.9020000000000E+003    7.6900000000000E+002    7.8960000000000E+003
     179    5.2000000000000E+001    9.9920450000000E+006    2.0800000000000E+002    6.9160000000000E+003    7.7200000000000E+002    7.8960000000000E+003
     180    6.6000000000000E+001    9.9920130000000E+006    2.0800000000000E+002    6.9340000000000E+003    7.7200000000000E+002    7.9140000000000E+003
     181    5.6000000000000E+001    9.9920000000000E+006    2.1900000000000E+002    6.9420000000000E+003    7.7600000000000E+002    7.9370000000000E+003
     182    6.8000000000000E+001    9.9919810000000E+006    2.1800000000000E+002    6.9500000000000E+003    7.7600000000000E+002    7.9440000000000E+003
     183    7.9000000000000E+001    9.9919650000000E+006    2.1400000000000E+002    6.9590000000000E+003    7.7600000000000E+002    7.9490000000000E+003
     184    5.1000000000000E+001    9.9919610000000E+006    2.2400000000000E+002    6.9790000000000E+003    7.7800000000000E+002    7.9810000000000E+003
     185    4.8000000000000E+001    9.9919510000000E+006    2.1800000000000E+002    6.9970000000000E+003    7.7900000000000E+002    7.9940000000000E+003
     186    5.1000000000000E+001    9.9919290000000E+006    2.2100000000000E+002    7.0130000000000E+003    7.7900000000000E+002    8.0130000000000E+003
     187    5.2000000000000E+001    9.9919120000000E+006    2.0100000000000E+002    7.0490000000000E+003    7.7900000000000E+002    8.0290000000000E+003
     188    7.3000000000000E+001    9.9918870000000E+006    1.9000000000000E+002    7.0600000000000E+003    7.8300000000000E+002    8.0330000000000E+003
     189    7.0000000000000E+001    9.9918800000000E+006    1.8800000000000E+002    7.0720000000000E+003    7.8300000000000E+002    8.0430000000000E+003
     190    6.5000000000000E+001    9.9918630000000E+006    2.0400000000000E+002    7.0780000000000E+003    7.8300000000000E+002    8.0650000000000E+003
     191    5.7000000000000E+001    9.9918540000000E+006    2.0300000000000E+002    7.0940000000000E+003    7.8500000000000E+002    8.0820000000000E+003
     192    4.4000000000000E+001    9.9918420000000E+006    2.1500000000000E+002    7.1060000000000E+003    7.8600000000000E+002    8.1070000000000E+003
     193    3.9000000000000E+001    9.9918400000000E+006    2.2200000000000E+002    7.1050000000000E+003    7.8700000000000E+002    8.1140000000000E+003
     194    4.0000000000000E+001    9.9918220000000E+006    2.2100000000000E+002    7.1210000000000E+003    7.8900000000000E+002    8.1310000000000E+003
     195    4.2000000000000E+001    9.9918110000000E+006    2.0700000000000E+002    7.1420000000000E+003    7.9100000000000E+002    8.1400000000000E+003
     196    3.5000000000000E+001    9.9918060000000E+006    2.1200000000000E+002    7.1490000000000E+003    7.9100000000000E+002    8.1520000000000E+003
     197    4.7000000000000E+001    9.9917920000000E+006    2.0900000000000E+002    7.1530000000000E+003    7.9200000000000E+002    8.1540000000000E+003
     198    4.5000000000000E+001    9.9917760000000E+006    1.9500000000000E+002    7.1840000000000E+003    7.9300000000000E+002    8.1720000000000E+003
     199    4.0000000000000E+001    9.9917700000000E+006    1.9300000000000E+002    7.1970000000000E+003    7.9300000000000E+002    8.1830000000000E+003
     200    4.2000000000000E+001    9.9917630000000E+006    1.7900000000000E+002    7.2140000000000E+003    7.9500000000000E+002    8.1880000000000E+003
     201    5.2000000000000E+001    9.9917390000000E+006    1.7700000000000E+002    7.2300000000000E+003    7.9500000000000E+002    8.2020000000000E+003
     202    4.3000000000000E+001    9.9917320000000E+006    1.8900000000000E+002    7.2320000000000E+003    7.9700000000000E+002    8.2180000000000E+003
     203    4.5000000000000E+001    9.9917240000000E+006    1.8500000000000E+002    7.2410000000000E+003    7.9800000000000E+002    8.2240000000000E+003
     204    5.7000000000000E+001    9.9917050000000E+006    1.7000000000000E+002    7.2620000000000E+003    7.9900000000000E+002    8.2310000000000E+003
     205    3.9000000000000E+001    9.9916990000000E+006    1.7700000000000E+002    7.2780000000000E+003    8.0000000000000E+002    8.2550000000000E+003
     206    4.0000000000000E+001    9.9916910000000E+006    1.5900000000000E+002    7.3030000000000E+003    8.0000000000000E+002    8.2620000000000E+003
     207    3.5000000000000E+001    9.9916880000000E+006    1.6000000000000E+002    7.3100000000000E+003    8.0000000000000E+002    8.2700000000000E+003
     208    3.5000000000000E+001    9.9916690000000E+006    1.6200000000000E+002    7.3270000000000E+003    8.0000000000000E+002    8.2890000000000E+003
     209    3.4000000000000E+001    9.9916640000000E+006    1.5900000000000E+002    7.3340000000000E+003    8.0200000000000E+002    8.2950000000000E+003
     210    3.2000000000000E+001    9.9916580000000E+006    1.5500000000000E+002    7.3460000000000E+003    8.0200000000000E+002    8.3030000000000E+003
     211    4.1000000000000E+001    9.9916460000000E+006    1.5600000000000E+002    7.3480000000000E+003    8.0200000000000E+002    8.3060000000000E+003
     212    2.9000000000000E+001    9.9916390000000E+006    1.5700000000000E+002    7.3640000000000E+003    8.0400000000000E+002    8.3250000000000E+003
     213    2.6000000000000E+001    9.9916370000000E+006    1.5100000000000E+002    7.3750000000000E+003    8.0400000000000E+002    8.3300000000000E+003
     214    2.8000000000000E+001    9.9916290000000E+006    1.5200000000000E+002    7.3790000000000E+003    8.0500000000000E+002    8.3360000000000E+003
     215    2.7000000000000E+001    9.9916180000000E+006    1.5000000000000E+002    7.3930000000000E+003    8.0500000000000E+002    8.3480000000000E+003
     216    3.0000000000000E+001    9.9916080000000E+006    1.4100000000000E+002    7.4030000000000E+003    8.1100000000000E+002    8.3550000000000E+003
     217    3.1000000000000E+001    9.9916050000000E+006    1.3700000000000E+002    7.4090000000000E+003    8.1100000000000E+002    8.3570000000000E+003
     218    3.9000000000000E+001    9.9915890000000E+006    1.3800000000000E+002    7.4150000000000E+003    8.1200000000000E+002    8.3650000000000E+003
     219    3.1000000000000E+001    9.9915860000000E+006    1.2500000000000E+002    7.4370000000000E+003    8.1400000000000E+002    8.3760000000000E+003
     220    2.4000000000000E+001    9.9915830000000E+006    1.2800000000000E+002    7.4440000000000E+003    8.1400000000000E+002    8.3860000000000E+003
     221    2.1000000000000E+001    9.9915830000000E+006    1.2300000000000E+002    7.4520000000000E+003    8.1400000000000E+002    8.3890000000000E+003
     222    6.0000000000000E+000    9.9915820000000E+006    1.2000000000000E+002    7.4700000000000E+003    8.1500000000000E+002    8.4050000000000E+003
     223    1.0000000000000E+001    9.9915750000000E+006    1.1700000000000E+002    7.4760000000000E+003    8.1500000000000E+002    8.4080000000000E+003
     224    1.1000000000000E+001    9.9915710000000E+006    1.1200000000000E+002    7.4830000000000E+003    8.1600000000000E+002    8.4110000000000E+003
     225    1.6000000000000E+001    9.9915660000000E+006    1.0900000000000E+002    7.4850000000000E+003    8.1700000000000E+002    8.4110000000000E+003
     226    2.0000000000000E+001    9.9915610000000E+006    9.1000000000000E+001    7.5010000000000E+003    8.2000000000000E+002    8.4120000000000E+003
     227    1.5000000000000E+001    9.9915590000000E+006    9.3000000000000E+001    7.5060000000000E+003    8.2000000000000E+002    8.4190000000000E+003
     228    1.5000000000000E+001    9.9915550000000E+006    9.1000000000000E+001    7.5110000000000E+003    8.2100000000000E+002    8.4230000000000E+003
     229    2.0000000000000E+001    9.9915450000000E+006    8.4000000000000E+001    7.5230000000000E+003    8.2100000000000E+002    8.4280000000000E+003
     230    2.6000000000000E+001    9.9915340000000E+006    8.2000000000000E+001    7.5300000000000E+003    8.2100000000000E+002    8.4330000000000E+003
     231    4.9000000000000E+001    9.9915090000000E+006    8.2000000000000E+001    7.5320000000000E+003    8.2100000000000E+002    8.4350000000000E+003
     232    7.7000000000000E+001    9.9914770000000E+006    7.8000000000000E+001    7.5400000000000E+003    8.2100000000000E+002    8.4390000000000E+003
     233    7.0000000000000E+001    9.9914740000000E+006    7.7000000000000E+001    7.5510000000000E+003    8.2100000000000E+002    8.4490000000000E+003
     234    6.5000000000000E+001    9.9914680000000E+006    7.8000000000000E+001    7.5600000000000E+003    8.2200000000000E+002    8.4600000000000E+003
     235    4.3000000000000E+001    9.9914650000000E+006    1.0000000000000E+002    7.5630000000000E+003    8.2200000000000E+002    8.4850000000000E+003
     236    1.3000000000000E+001    9.9914630000000E+006    1.1600000000000E+002    7.5790000000000E+003    8.2200000000000E+002    8.5170000000000E+003
     237    2.9000000000000E+001    9.9914440000000E+006    1.1600000000000E+002    7.5820000000000E+003    8.2200000000000E+002    8.5200000000000E+003
     238    3.9000000000000E+001    9.9914280000000E+006    1.1900000000000E+002    7.5840000000000E+003    8.2300000000000E+002    8.5260000000000E+003
     239    5.3000000000000E+001    9.9914110000000E+006    1.2200000000000E+002    7.5800000000000E+003    8.2700000000000E+002    8.5290000000000E+003
     240    6.6000000000000E+001    9.9913960000000E+006    1.2300000000000E+002    7.5790000000000E+003    8.2900000000000E+002    8.5310000000000E+003
     241    4.8000000000000E+001    9.9913950000000E+006    1.3500000000000E+002    7.5860000000000E+003    8.2900000000000E+002    8.5500000000000E+003
     242    3.8000000000000E+001    9.9913890000000E+006    1.4700000000000E+002    7.5890000000000E+003    8.3000000000000E+002    8.5660000000000E+003
     243    3.6000000000000E+001    9.9913740000000E+006    1.5900000000000E+002    7.5940000000000E+003    8.3000000000000E+002    8.5830000000000E+003
     244    3.0000000000000E+001    9.9913650000000E+006    1.6900000000000E+002    7.5990000000000E+003    8.3000000000000E+002    8.5980000000000E+003
     245    3.1000000000000E+001    9.9913630000000E+006    1.6800000000000E+002    7.5970000000000E+003    8.3400000000000E+002    8.5990000000000E+003
     246    3.7000000000000E+001    9.9913510000000E+006    1.7000000000000E+002    7.5990000000000E+003    8.3600000000000E+002    8.6050000000000E+003
     247    3.7000000000000E+001    9.9913360000000E+006    1.7500000000000E+002    7.6080000000000E+003    8.3700000000000E+002    8.6200000000000E+003
     248    3.4000000000000E+001    9.9913300000000E+006    1.7300000000000E+002    7.6190000000000E+003    8.3700000000000E+002    8.6290000000000E+003
     249    3.9000000000000E+001    9.9913230000000E+006    1.5000000000000E+002    7.6430000000000E+003    8.3800000000000E+002    8.6310000000000E+003
     250    4.9000000000000E+001    9.9913010000000E+006    1.3000000000000E+002    7.6740000000000E+003    8.3900000000000E+002    8.6430000000000E+003
     251    6.8000000000000E+001    9.9912670000000E+006    1.4200000000000E+002    7.6750000000000E+003    8.4100000000000E+002    8.6580000000000E+003
     252    8.0000000000000E+001    9.9912490000000E+006    1.4200000000000E+002    7.6780000000000E+003    8.4400000000000E+002    8.6640000000000E+003
     253    9.5000000000000E+001    9.9912270000000E+006    1.4600000000000E+002    7.6810000000000E+003    8.4400000000000E+002    8.6710000000000E+003
     254    9.3000000000000E+001    9.9912070000000E+006    1.6600000000000E+002    7.6800000000000E+003    8.4700000000000E+002    8.6930000000000E+003
     255    7.4000000000000E+001    9.9911920000000E+006    1.8100000000000E+002    7.6960000000000E+003    8.5000000000000E+002    8.7270000000000E+003
     256    6.2000000000000E+001    9.9911860000000E+006    1.8300000000000E+002    7.7120000000000E+003    8.5000000000000E+002    8.7450000000000E+003
     257    6.8000000000000E+001    9.9911580000000E+006    1.8800000000000E+002    7.7290000000000E+003    8.5000000000000E+002    8.7670000000000E+003
     258    8.2000000000000E+001    9.9911240000000E+006    1.9300000000000E+002    7.7420000000000E+003    8.5200000000000E+002    8.7870000000000E+003
     259    9.1000000000000E+001    9.9911000000000E+006    2.0700000000000E+002    7.7390000000000E+003    8.5600000000000E+002    8.8020000000000E+003
     260    1.2400000000000E+002    9.9910610000000E+006    2.0700000000000E+002    7.7440000000000E+003    8.5700000000000E+002    8.8080000000000E+003
     261    1.3000000000000E+002    9.9910270000000E+006    2.2000000000000E+002    7.7570000000000E+003    8.5900000000000E+002    8.8360000000000E+003
     262    1.0100000000000E+002    9.9910220000000E+006    2.4500000000000E+002    7.7650000000000E+003    8.6000000000000E+002    8.8700000000000E+003
     263    9.0000000000000E+001    9.9910090000000E+006    2.6700000000000E+002    7.7660000000000E+003    8.6100000000000E+002    8.8940000000000E+003
     264    1.0400000000000E+002    9.9909560000000E+006    2.9400000000000E+002    7.7780000000000E+003    8.6100000000000E+002    8.9330000000000E+003
     265    9.6000000000000E+001    9.9909300000000E+006    3.1300000000000E+002    7.7920000000000E+003    8.6200000000000E+002    8.9670000000000E+003
     266    1.3300000000000E+002    9.9908880000000E+006    3.1200000000000E+002    7.7930000000000E+003    8.6700000000000E+002    8.9720000000000E+003
     267    1.5600000000000E+002    9.9908520000000E+006    3.1800000000000E+002    7.8000000000000E+003    8.6700000000000E+002    8.9850000000000E+003
     268    1.3900000000000E+002    9.9908160000000E+006    3.4900000000000E+002    7.8210000000000E+003    8.6800000000000E+002    9.0380000000000E+003
     269    1.3400000000000E+002    9.9907950000000E+006    3.4100000000000E+002    7.8540000000000E+003    8.6900000000000E+002    9.0640000000000E+003
     270    1.0900000000000E+002    9.9907780000000E+006    3.6500000000000E+002    7.8720000000000E+003    8.6900000000000E+002    9.1060000000000E+003
     271    1.3000000000000E+002    9.9907210000000E+006    3.7900000000000E+002    7.8920000000000E+003    8.7100000000000E+002    9.1420000000000E+003
     272    1.2200000000000E+002    9.9906930000000E+006    3.9500000000000E+002    7.9090000000000E+003    8.7400000000000E+002    9.1780000000000E+003
     273    1.4400000000000E+002    9.9906500000000E+006    4.0100000000000E+002    7.9220000000000E+003    8.7600000000000E+002    9.1990000000000E+003
     274    1.4800000000000E+002    9.9906290000000E+006    4.1200000000000E+002    7.9250000000000E+003    8.7900000000000E+002    9.2160000000000E+003
     275    9.7000000000000E+001    9.9906230000000E+006    4.4100000000000E+002    7.9500000000000E+003    8.8200000000000E+002    9.2730000000000E+003
     276    9.7000000000000E+001    9.9905950000000E+006    4.3500000000000E+002    7.9830000000000E+003    8.8300000000000E+002    9.3010000000000E+003
     277    8.1000000000000E+001    9.9905680000000E+006    4.5400000000000E+002    8.0060000000000E+003    8.8400000000000E+002    9.3440000000000E+003
     278    8.2000000000000E+001    9.9905460000000E+006    4.3600000000000E+002    8.0450000000000E+003    8.8400000000000E+002    9.3650000000000E+003
     279    1.0300000000000E+002    9.9905190000000E+006    4.0800000000000E+002    8.0750000000000E+003    8.8800000000000E+002    9.3710000000000E+003
     280    1.1600000000000E+002    9.9904780000000E+006    4.3100000000000E+002    8.0790000000000E+003    8.8900000000000E+002    9.3990000000000E+003
     281    1.1700000000000E+002    9.9904500000000E+006    4.4500000000000E+002    8.0850000000000E+003    8.9600000000000E+002    9.4260000000000E+003
     282    1.0900000000000E+002    9.9904360000000E+006    4.1400000000000E+002    8.1370000000000E+003    8.9700000000000E+002    9.4480000000000E+003
     283    1.1100000000000E+002    9.9904070000000E+006    4.1500000000000E+002    8.1620000000000E+003    8.9800000000000E+002    9.4750000000000E+003
     284    9.4000000000000E+001    9.9903830000000E+006    4.1400000000000E+002    8.2000000000000E+003    9.0200000000000E+002    9.5160000000000E+003
     285    1.4100000000000E+002    9.9903080000000E+006    4.0600000000000E+002    8.2330000000000E+003    9.0500000000000E+002    9.5440000000000E+003
     286    1.8900000000000E+002    9.9902460000000E+006    3.8400000000000E+002    8.2680000000000E+003    9.0600000000000E+002    9.5580000000000E+003
     287    2.3000000000000E+002    9.9901760000000E+006    3.9200000000000E+002    8.2850000000000E+003    9.1000000000000E+002    9.5870000000000E+003
     288    2.8400000000000E+002    9.9900980000000E+006    3.9900000000000E+002    8.3010000000000E+003    9.1100000000000E+002    9.6110000000000E+003
     289    2.7800000000000E+002    9.9900290000000E+006    4.1700000000000E+002    8.3570000000000E+003    9.1200000000000E+002    9.6860000000000E+003
     290    2.4900000000000E+002    9.9899960000000E+006    4.5100000000000E+002    8.3850000000000E+003    9.1200000000000E+002    9.7480000000000E+003
     291    2.1200000000000E+002    9.9899630000000E+006    4.7800000000000E+002    8.4240000000000E+003    9.1600000000000E+002    9.8180000000000E+003
     292    2.2400000000000E+002    9.9898730000000E+006    5.3500000000000E+002    8.4430000000000E+003    9.1800000000000E+002    9.8960000000000E+003
     293    2.3800000000000E+002    9.9897900000000E+006    5.9800000000000E+002    8.4400000000000E+003    9.2700000000000E+002    9.9650000000000E+003
     294    2.7100000000000E+002    9.9897240000000E+006    6.0300000000000E+002    8.4610000000000E+003    9.3400000000000E+002    9.9980000000000E+003
     295    3.0200000000000E+002    9.9896600000000E+006    6.0900000000000E+002    8.4830000000000E+003    9.3900000000000E+002    1.0031000000000E+004
     296    2.7800000000000E+002    9.9895940000000E+006    6.7700000000000E+002    8.4960000000000E+003    9.4800000000000E+002    1.0121000000000E+004
     297    2.2900000000000E+002    9.9895600000000E+006    7.3300000000000E+002    8.5180000000000E+003    9.5300000000000E+002    1.0204000000000E+004
     298    2.0800000000000E+002    9.9895150000000E+006    7.5800000000000E+002    8.5550000000000E+003    9.5700000000000E+002    1.0270000000000E+004
     299    2.3300000000000E+002    9.9894260000000E+006    7.9400000000000E+002    8.5810000000000E+003    9.5900000000000E+002    1.0334000000000E+004
     300    2.1800000000000E+002    9.9893750000000E+006    8.4600000000000E+002    8.5820000000000E+003    9.7200000000000E+002    1.0400000000000E+004
     301    2.3100000000000E+002    9.9893280000000E+006    8.5100000000000E+002    8.6070000000000E+003    9.7600000000000E+002    1.0434000000000E+004
     302    2.3600000000000E+002    9.9892780000000E+006    8.7200000000000E+002    8.6200000000000E+003    9.8700000000000E+002    1.0479000000000E+004
     303    2.0900000000000E+002    9.9892160000000E+006    8.8600000000000E+002    8.6870000000000E+003    9.9500000000000E+002    1.0568000000000E+004
     304    1.7400000000000E+002    9.9892000000000E+006    8.7500000000000E+002    8.7380000000000E+003    1.0060000000000E+003    1.0619000000000E+004
     305    1.4300000000000E+002    9.9891840000000E+006    8.5200000000000E+002    8.8060000000000E+003    1.0080000000000E+003    1.0666000000000E+004
     306    1.4900000000000E+002    9.9891280000000E+006    8.2400000000000E+002    8.8830000000000E+003    1.0090000000000E+003    1.0716000000000E+004
     307    1.6700000000000E+002    9.9890480000000E+006    8.1700000000000E+002    8.9460000000000E+003    1.0150000000000E+003    1.0778000000000E+004
     308    2.1600000000000E+002    9.9889830000000E+006    8.0000000000000E+002    8.9730000000000E+003    1.0210000000000E+003    1.0794000000000E+004
     309    2.6200000000000E+002    9.9889210000000E+006    7.8300000000000E+002    8.9990000000000E+003    1.0280000000000E+003    1.0810000000000E+004
     310    2.8700000000000E+002    9.9888400000000E+006    7.4900000000000E+002    9.0850000000000E+003    1.0320000000000E+003    1.0866000000000E+004
     311    2.4700000000000E+002    9.9888000000000E+006    7.4600000000000E+002    9.1600000000000E+003    1.0400000000000E+003    1.0946000000000E+004
     312    2.1800000000000E+002    9.9887640000000E+006    7.4500000000000E+002    9.2260000000000E+003    1.0400000000000E+003    1.1011000000000E+004
     313    1.9600000000000E+002    9.9887240000000E+006    7.4300000000000E+002    9.2900000000000E+003    1.0400000000000E+003    1.1073000000000E+004
     314    1.6600000000000E+002    9.9886730000000E+006    7.5800000000000E+002    9.3480000000000E+003    1.0480000000000E+003    1.1154000000000E+004
     315    1.7000000000000E+002    9.9886290000000E+006    7.6400000000000E+002    9.3740000000000E+003    1.0560000000000E+003    1.1194000000000E+004
     316    1.5500000000000E+002    9.9886080000000E+006    7.5500000000000E+002    9.4160000000000E+003    1.0590000000000E+003    1.1230000000000E+004
     317    1.4900000000000E+002    9.9885740000000E+006    7.0600000000000E+002    9.5010000000000E+003    1.0630000000000E+003    1.1270000000000E+004
     318    1.0700000000000E+002    9.9885650000000E+006    7.0600000000000E+002    9.5470000000000E+003    1.0680000000000E+003    1.1321000000000E+004
     319    6.7000000000000E+001    9.9885610000000E+006    7.0300000000000E+002    9.5870000000000E+003    1.0750000000000E+003    1.1365000000000E+004
     320    7.9000000000000E+001    9.9885280000000E+006    6.7400000000000E+002    9.6340000000000E+003    1.0780000000000E+003    1.1386000000000E+004
     321    7.4000000000000E+001    9.9884990000000E+006    6.4600000000000E+002    9.6920000000000E+003    1.0820000000000E+003    1.1420000000000E+004
     322    1.0300000000000E+002    9.9884610000000E+006    6.3900000000000E+002    9.7020000000000E+003    1.0880000000000E+003    1.1429000000000E+004
     323    1.2800000000000E+002    9.9884320000000E+006    6.2700000000000E+002    9.7150000000000E+003    1.0910000000000E+003    1.1433000000000E+004
     324    1.2700000000000E+002    9.9884000000000E+006    6.0400000000000E+002    9.7710000000000E+003    1.0910000000000E+003    1.1466000000000E+004
     325    1.0300000000000E+002    9.9883950000000E+006    5.5300000000000E+002    9.8500000000000E+003    1.0920000000000E+003    1.1495000000000E+004
     326    7.0000000000000E+001    9.9883900000000E+006    5.2600000000000E+002    9.9150000000000E+003    1.0920000000000E+003    1.1533000000000E+004
     327    6.9000000000000E+001    9.9883620000000E+006    4.9300000000000E+002    9.9770000000000E+003    1.0920000000000E+003    1.1562000000000E+004
     328    5.9000000000000E+001    9.9883400000000E+006    4.4400000000000E+002    1.0054000000000E+004    1.0960000000000E+003    1.1594000000000E+004
     329    7.4000000000000E+001    9.9883200000000E+006    4.0900000000000E+002    1.0092000000000E+004    1.0980000000000E+003    1.1599000000000E+004
     330    1.0200000000000E+002    9.9882870000000E+006    3.7800000000000E+002    1.0126000000000E+004    1.1000000000000E+003    1.1604000000000E+004
     331    1.0200000000000E+002    9.9882590000000E+006    3.6600000000000E+002    1.0162000000000E+004    1.1040000000000E+003    1.1632000000000E+004
     332    8.5000000000000E+001    9.9882540000000E+006    3.3700000000000E+002    1.0213000000000E+004    1.1040000000000E+003    1.1654000000000E+004
     333    7.3000000000000E+001    9.9882460000000E+006    3.1300000000000E+002    1.0257000000000E+004    1.1040000000000E+003    1.1674000000000E+004
     334    7.1000000000000E+001    9.9882150000000E+006    3.2500000000000E+002    1.0278000000000E+004    1.1040000000000E+003    1.1707000000000E+004
     335    6.9000000000000E+001    9.9881890000000E+006    3.1900000000000E+002    1.0309000000000E+004    1.1070000000000E+003    1.1735000000000E+004
     336    7.9000000000000E+001    9.9881740000000E+006    3.1500000000000E+002    1.0316000000000E+004    1.1090000000000E+003    1.1740000000000E+004
     337    9.0000000000000E+001    9.9881550000000E+006    3.1900000000000E+002    1.0315000000000E+004    1.1140000000000E+003    1.1748000000000E+004
     338    8.2000000000000E+001    9.9881320000000E+006    3.1700000000000E+002    1.0346000000000E+004    1.1160000000000E+003    1.1779000000000E+004
     339    6.1000000000000E+001    9.9881270000000E+006    3.1400000000000E+002    1.0373000000000E+004    1.1180000000000E+003    1.1805000000000E+004
     340    4.8000000000000E+001    9.9881250000000E+006    2.9100000000000E+002    1.0411000000000E+004    1.1180000000000E+003    1.1820000000000E+004
     341    4.6000000000000E+001    9.9881080000000E+006    2.8100000000000E+002    1.0439000000000E+004    1.1190000000000E+003    1.1839000000000E+004
     342    4.0000000000000E+001    9.9880910000000E+006    2.7200000000000E+002    1.0468000000000E+004    1.1220000000000E+003    1.1862000000000E+004
     343    7.3000000000000E+001    9.9880530000000E+006    2.7200000000000E+002    1.0467000000000E+004    1.1280000000000E+003    1.1867000000000E+004
     344    8.9000000000000E+001    9.9880350000000E+006    2.6900000000000E+002    1.0472000000000E+004    1.1280000000000E+003    1.1869000000000E+004
     345    1.0100000000000E+002    9.9880060000000E+006    2.5800000000000E+002    1.0500000000000E+004    1.1280000000000E+003    1.1886000000000E+004
     346    8.7000000000000E+001    9.9880030000000E+006    2.5300000000000E+002    1.0518000000000E+004    1.1320000000000E+003    1.1903000000000E+004
     347    5.6000000000000E+001    9.9879960000000E+006    2.7100000000000E+002    1.0538000000000E+004    1.1320000000000E+003    1.1941000000000E+004
     348    7.5000000000000E+001    9.9879590000000E+006    2.5600000000000E+002    1.0571000000000E+004    1.1320000000000E+003    1.1959000000000E+004
     349    5.8000000000000E+001    9.9879470000000E+006    2.5700000000000E+002    1.0598000000000E+004    1.1330000000000E+003    1.1988000000000E+004
     350    1.0200000000000E+002    9.9879000000000E+006    2.5500000000000E+002    1.0601000000000E+004    1.1350000000000E+003    1.1991000000000E+004
     351    1.2700000000000E+002    9.9878680000000E+006    2.5400000000000E+002    1.0601000000000E+004    1.1430000000000E+003    1.1998000000000E+004
     352    1.1200000000000E+002    9.9878460000000E+006    2.6000000000000E+002    1.0630000000000E+004    1.1450000000000E+003    1.2035000000000E+004
     353    1.0500000000000E+002    9.9878410000000E+006    2.4600000000000E+002    1.0652000000000E+004    1.1490000000000E+003    1.2047000000000E+004
     354    7.0000000000000E+001    9.9878290000000E+006    2.7800000000000E+002    1.0665000000000E+004    1.1510000000000E+003    1.2094000000000E+004
     355    4.5000000000000E+001    9.9878220000000E+006    2.9100000000000E+002    1.0683000000000E+004    1.1520000000000E+003    1.2126000000000E+004
     356    4.2000000000000E+001    9.9878030000000E+006    2.9000000000000E+002    1.0702000000000E+004    1.1560000000000E+003    1.2148000000000E+004
     357    4.7000000000000E+001    9.9877930000000E+006    2.9000000000000E+002    1.0706000000000E+004    1.1570000000000E+003    1.2153000000000E+004
     358    5.5000000000000E+001    9.9877730000000E+006    3.0000000000000E+002    1.0706000000000E+004    1.1590000000000E+003    1.2165000000000E+004
     359    6.5000000000000E+001    9.9877560000000E+006    2.9000000000000E+002    1.0718000000000E+004    1.1640000000000E+003    1.2172000000000E+004
     360    5.1000000000000E+001    9.9877510000000E+006    2.9200000000000E+002    1.0734000000000E+004    1.1650000000000E+003    1.2191000000000E+004
     361    5.8000000000000E+001    9.9877340000000E+006    2.6400000000000E+002    1.0772000000000E+004    1.1650000000000E+003    1.2201000000000E+004
     362    5.1000000000000E+001    9.9877210000000E+006    2.6600000000000E+002    1.0789000000000E+004    1.1660000000000E+003    1.2221000000000E+004
     363    5.2000000000000E+001    9.9877030000000E+006    2.5400000000000E+002    1.0817000000000E+004    1.1670000000000E+003    1.2238000000000E+004
     364    5.6000000000000E+001    9.9876940000000E+006    2.5600000000000E+002    1.0818000000000E+004    1.1690000000000E+003    1.2243000000000E+004
     365    5.4000000000000E+001    9.9876790000000E+006    2.6600000000000E+002    1.0824000000000E+004    1.1700000000000E+003    1.2260000000000E+004
     366    6.2000000000000E+001    9.9876580000000E+006    2.4200000000000E+002    1.0858000000000E+004    1.1730000000000E+003    1.2273000000000E+004
     367    5.7000000000000E+001    9.9876450000000E+006    2.4800000000000E+002    1.0867000000000E+004    1.1760000000000E+003    1.2291000000000E+004
     368    4.8000000000000E+001    9.9876450000000E+006    2.1000000000000E+002    1.0914000000000E+004    1.1760000000000E+003    1.2300000000000E+004
     369    4.7000000000000E+001    9.9876310000000E+006    1.9300000000000E+002    1.0946000000000E+004    1.1760000000000E+003    1.2315000000000E+004
     370    4.4000000000000E+001    9.9876130000000E+006    1.9200000000000E+002    1.0968000000000E+004    1.1760000000000E+003    1.2336000000000E+004
     371    5.4000000000000E+001    9.9875900000000E+006    2.0000000000000E+002    1.0971000000000E+004    1.1780000000000E+003    1.2349000000000E+004
     372    6.0000000000000E+001    9.9875840000000E+006    1.8800000000000E+002    1.0982000000000E+004    1.1790000000000E+003    1.2349000000000E+004
     373    5.0000000000000E+001    9.9875800000000E+006    1.9500000000000E+002    1.0989000000000E+004    1.1790000000000E+003    1.2363000000000E+004
     374    3.3000000000000E+001    9.9875790000000E+006    1.9400000000000E+002    1.1006000000000E+004    1.1810000000000E+003    1.2381000000000E+004
     375    2.2000000000000E+001    9.9875670000000E+006    2.0700000000000E+002    1.1014000000000E+004    1.1830000000000E+003    1.2404000000000E+004
     376    4.2000000000000E+001    9.9875410000000E+006    1.9300000000000E+002    1.1034000000000E+004    1.1830000000000E+003    1.2410000000000E+004
     377    5.9000000000000E+001    9.9875200000000E+006    1.8000000000000E+002    1.1050000000000E+004    1.1840000000000E+003    1.2414000000000E+004
     378    9.9000000000000E+001    9.9874790000000E+006    1.7600000000000E+002    1.1052000000000E+004    1.1870000000000E+003    1.2415000000000E+004
     379    1.2100000000000E+002    9.9874450000000E+006    1.7100000000000E+002    1.1064000000000E+004    1.1920000000000E+003    1.2427000000000E+004
     380    1.2600000000000E+002    9.9874140000000E+006    1.8400000000000E+002    1.1077000000000E+004    1.1920000000000E+003    1.2453000000000E+004
     381    1.1700000000000E+002    9.9874020000000E+006    1.8700000000000E+002    1.1095000000000E+004    1.1920000000000E+003    1.2474000000000E+004
     382    8.2000000000000E+001    9.9873960000000E+006    2.1900000000000E+002    1.1104000000000E+004    1.1920000000000E+003    1.2515000000000E+004
     383    6.9000000000000E+001    9.9873750000000E+006    2.3800000000000E+002    1.1117000000000E+004    1.1940000000000E+003    1.2549000000000E+004
     384    5.1000000000000E+001    9.9873620000000E+006    2.4800000000000E+002    1.1133000000000E+004    1.1990000000000E+003    1.2580000000000E+004
     385    5.2000000000000E+001    9.9873490000000E+006    2.4700000000000E+002    1.1143000000000E+004    1.2020000000000E+003    1.2592000000000E+004
     386    7.2000000000000E+001    9.9873230000000E+006    2.5300000000000E+002    1.1138000000000E+004    1.2070000000000E+003    1.2598000000000E+004
     387    6.5000000000000E+001    9.9873090000000E+006    2.6000000000000E+002    1.1147000000000E+004    1.2120000000000E+003    1.2619000000000E+004
     388    6.2000000000000E+001    9.9872990000000E+006    2.5500000000000E+002    1.1162000000000E+004    1.2150000000000E+003    1.2632000000000E+004
     389    5.5000000000000E+001    9.9872930000000E+006    2.4500000000000E+002    1.1185000000000E+004    1.2150000000000E+003    1.2645000000000E+004
     390    5.1000000000000E+001    9.9872710000000E+006    2.6500000000000E+002    1.1191000000000E+004    1.2150000000000E+003    1.2671000000000E+004
     391    5.0000000000000E+001    9.9872580000000E+006    2.7500000000000E+002    1.1192000000000E+004    1.2180000000000E+003    1.2685000000000E+004
     392    5.7000000000000E+001    9.9872410000000E+006    2.8400000000000E+002    1.1193000000000E+004    1.2180000000000E+003    1.2695000000000E+004
     393    7.8000000000000E+001    9.9872140000000E+006    2.7800000000000E+002    1.1205000000000E+004    1.2180000000000E+003    1.2701000000000E+004
     394    8.2000000000000E+001    9.9871880000000E+006    2.7400000000000E+002    1.1230000000000E+004    1.2190000000000E+003    1.2723000000000E+004
     395    8.0000000000000E+001    9.9871770000000E+006    2.6600000000000E+002    1.1248000000000E+004    1.2220000000000E+003    1.2736000000000E+004
     396    6.4000000000000E+001    9.9871760000000E+006    2.4200000000000E+002    1.1288000000000E+004    1.2230000000000E+003    1.2753000000000E+004
     397    6.9000000000000E+001    9.9871440000000E+006    2.3500000000000E+002    1.1321000000000E+004    1.2240000000000E+003    1.2780000000000E+004
     398    7.4000000000000E+001    9.9871130000000E+006    2.3000000000000E+002    1.1352000000000E+004    1.2240000000000E+003    1.2806000000000E+004
     399    8.6000000000000E+001    9.9870900000000E+006    2.2900000000000E+002    1.1361000000000E+004    1.2270000000000E+003    1.2817000000000E+004
     400    9.5000000000000E+001    9.9870800000000E+006    2.2400000000000E+002    1.1366000000000E+004    1.2280000000000E+003    1.2818000000000E+004
     401    9.2000000000000E+001    9.9870510000000E+006    2.3500000000000E+002    1.1383000000000E+004    1.2320000000000E+003    1.2850000000000E+004
     402    6.6000000000000E+001    9.9870460000000E+006    2.5300000000000E+002    1.1392000000000E+004    1.2360000000000E+003    1.2881000000000E+004
     403    5.7000000000000E+001    9.9870320000000E+006    2.6300000000000E+002    1.1405000000000E+004    1.2360000000000E+003    1.2904000000000E+004
     404    7.9000000000000E+001    9.9870000000000E+006    2.4700000000000E+002    1.1431000000000E+004    1.2360000000000E+003    1.2914000000000E+004
     405    7.0000000000000E+001    9.9869800000000E+006    2.6200000000000E+002    1.1439000000000E+004    1.2420000000000E+003    1.2943000000000E+004
     406    9.7000000000000E+001    9.9869480000000E+006    2.5700000000000E+002    1.1442000000000E+004    1.2490000000000E+003    1.2948000000000E+004
     407    1.0500000000000E+002    9.9869260000000E+006    2.6500000000000E+002    1.1445000000000E+004    1.2520000000000E+003    1.2962000000000E+004
     408    8.4000000000000E+001    9.9869150000000E+006    2.7500000000000E+002    1.1465000000000E+004    1.2540000000000E+003    1.2994000000000E+004
     409    6.7000000000000E+001    9.9869120000000E+006    2.8200000000000E+002    1.1475000000000E+004    1.2570000000000E+003    1.3014000000000E+004
     410    4.2000000000000E+001    9.9869050000000E+006    2.9700000000000E+002    1.1489000000000E+004    1.2600000000000E+003    1.3046000000000E+004
     411    2.6000000000000E+001    9.9868990000000E+006    2.9200000000000E+002    1.1515000000000E+004    1.2610000000000E+003    1.3068000000000E+004
     412    4.8000000000000E+001    9.9868660000000E+006    2.7700000000000E+002    1.1539000000000E+004    1.2630000000000E+003    1.3079000000000E+004
     413    6.3000000000000E+001    9.9868480000000E+006    2.6900000000000E+002    1.1550000000000E+004    1.2630000000000E+003    1.3082000000000E+004
     414    7.4000000000000E+001    9.9868300000000E+006    2.7500000000000E+002    1.1549000000000E+004    1.2650000000000E+003    1.3089000000000E+004
     415    9.1000000000000E+001    9.9868070000000E+006    2.4900000000000E+002    1.1578000000000E+004    1.2680000000000E+003    1.3095000000000E+004
     416    6.1000000000000E+001    9.9868040000000E+006    2.5100000000000E+002    1.1609000000000E+004    1.2680000000000E+003    1.3128000000000E+004
     417    5.1000000000000E+001    9.9867960000000E+006    2.4600000000000E+002    1.1632000000000E+004    1.2680000000000E+003    1.3146000000000E+004
     418    6.1000000000000E+001    9.9867680000000E+006    2.5400000000000E+002    1.1642000000000E+004    1.2680000000000E+003    1.3164000000000E+004
     419    6.5000000000000E+001    9.9867410000000E+006    2.4800000000000E+002    1.1671000000000E+004    1.2680000000000E+003    1.3187000000000E+004
     420    8.0000000000000E+001    9.9867230000000E+006    2.4600000000000E+002    1.1673000000000E+004    1.2710000000000E+003    1.3190000000000E+004
     421    8.9000000000000E+001    9.9867060000000E+006    2.4000000000000E+002    1.1686000000000E+004    1.2720000000000E+003    1.3198000000000E+004
     422    8.1000000000000E+001    9.9866860000000E+006    2.3600000000000E+002    1.1715000000000E+004    1.2750000000000E+003    1.3226000000000E+004
     423    6.2000000000000E+001    9.9866780000000E+006    2.4300000000000E+002    1.1732000000000E+004    1.2780000000000E+003    1.3253000000000E+004
     424    5.8000000000000E+001    9.9866640000000E+006    2.2900000000000E+002    1.1764000000000E+004    1.2780000000000E+003    1.3271000000000E+004
     425    6.8000000000000E+001    9.9866370000000E+006    2.2400000000000E+002    1.1786000000000E+004    1.2780000000000E+003    1.3288000000000E+004
     426    6.8000000000000E+001    9.9866170000000E+006    2.3300000000000E+002    1.1792000000000E+004    1.2830000000000E+003    1.3308000000000E+004
     427    8.3000000000000E+001    9.9865940000000E+006    2.3800000000000E+002    1.1791000000000E+004    1.2870000000000E+003    1.3316000000000E+004
     428    1.1500000000000E+002    9.9865480000000E+006    2.4500000000000E+002    1.1796000000000E+004    1.2890000000000E+003    1.3330000000000E+004
     429    1.0800000000000E+002    9.9865280000000E+006    2.6600000000000E+002    1.1800000000000E+004    1.2910000000000E+003    1.3357000000000E+004
     430    1.1100000000000E+002    9.9865050000000E+006    2.5300000000000E+002    1.1830000000000E+004    1.2940000000000E+003    1.3377000000000E+004
     431    9.7000000000000E+001    9.9864960000000E+006    2.5800000000000E+002    1.1847000000000E+004    1.2950000000000E+003    1.3400000000000E+004
     432    9.6000000000000E+001    9.9864510000000E+006    2.8600000000000E+002    1.1862000000000E+004    1.2980000000000E+003    1.3446000000000E+004
     433    8.6000000000000E+001    9.9864410000000E+006    2.8300000000000E+002    1.1880000000000E+004    1.3030000000000E+003    1.3466000000000E+004
     434    9.7000000000000E+001    9.9864070000000E+006    3.0300000000000E+002    1.1877000000000E+004    1.3090000000000E+003    1.3489000000000E+004
     435    1.2200000000000E+002    9.9863730000000E+006    3.0400000000000E+002    1.1884000000000E+004    1.3100000000000E+003    1.3498000000000E+004
     436    1.1000000000000E+002    9.9863400000000E+006    3.2100000000000E+002    1.1905000000000E+004    1.3170000000000E+003    1.3543000000000E+004
     437    1.2000000000000E+002    9.9863200000000E+006    3.0400000000000E+002    1.1929000000000E+004    1.3200000000000E+003    1.3553000000000E+004
     438    9.7000000000000E+001    9.9863090000000E+006    3.2000000000000E+002    1.1946000000000E+004    1.3210000000000E+003    1.3587000000000E+004
     439    1.0800000000000E+002    9.9862640000000E+006    3.3700000000000E+002    1.1963000000000E+004    1.3210000000000E+003    1.3621000000000E+004
     440    1.2600000000000E+002    9.9862130000000E+006    3.5000000000000E+002    1.1981000000000E+004    1.3230000000000E+003    1.3654000000000E+004
     441    1.3500000000000E+002    9.9861840000000E+006    3.6200000000000E+002    1.1986000000000E+004    1.3260000000000E+003    1.3674000000000E+004
     442    1.6000000000000E+002    9.9861480000000E+006    3.5900000000000E+002    1.1999000000000E+004    1.3270000000000E+003    1.3685000000000E+004
     443    1.6700000000000E+002    9.9860960000000E+006    3.7700000000000E+002    1.2021000000000E+004    1.3320000000000E+003    1.3730000000000E+004
     444    1.3800000000000E+002    9.9860740000000E+006    4.0800000000000E+002    1.2039000000000E+004    1.3340000000000E+003    1.3781000000000E+004
     445    1.3900000000000E+002    9.9860440000000E+006    4.1400000000000E+002    1.2060000000000E+004    1.3360000000000E+003    1.3810000000000E+004
     446    1.8000000000000E+002    9.9859670000000E+006    4.0400000000000E+002    1.2104000000000E+004    1.3380000000000E+003    1.3846000000000E+004
     447    1.6800000000000E+002    9.9859270000000E+006    4.3600000000000E+002    1.2121000000000E+004    1.3410000000000E+003    1.3898000000000E+004
     448    1.8900000000000E+002    9.9858840000000E+006    4.3500000000000E+002    1.2140000000000E+004    1.3450000000000E+003    1.3920000000000E+004
     449    2.1400000000000E+002    9.9858290000000E+006    4.5600000000000E+002    1.2148000000000E+004    1.3460000000000E+003    1.3950000000000E+004
     450    1.9500000000000E+002    9.9857710000000E+006    4.8800000000000E+002    1.2190000000000E+004    1.3490000000000E+003    1.4027000000000E+004
     451    1.8400000000000E+002    9.9857420000000E+006    5.1800000000000E+002    1.2197000000000E+004    1.3520000000000E+003    1.4067000000000E+004
     452    1.6100000000000E+002    9.9857220000000E+006    5.2700000000000E+002    1.2229000000000E+004    1.3540000000000E+003    1.4110000000000E+004
     453    1.9000000000000E+002    9.9856380000000E+006    5.4800000000000E+002    1.2261000000000E+004    1.3560000000000E+003    1.4165000000000E+004
     454    2.0400000000000E+002    9.9855660000000E+006    5.7300000000000E+002    1.2289000000000E+004    1.3610000000000E+003    1.4223000000000E+004
     455    2.5900000000000E+002    9.9854820000000E+006    5.8200000000000E+002    1.2305000000000E+004    1.3650000000000E+003    1.4252000000000E+004
     456    3.1800000000000E+002    9.9854030000000E+006    5.9100000000000E+002    1.2311000000000E+004    1.3700000000000E+003    1.4272000000000E+004
     457    2.9000000000000E+002    9.9853470000000E+006    6.3000000000000E+002    1.2350000000000E+004    1.3760000000000E+003    1.4356000000000E+004
     458    2.3700000000000E+002    9.9853280000000E+006    6.5100000000000E+002    1.2396000000000E+004    1.3810000000000E+003    1.4428000000000E+004
     459    1.9200000000000E+002    9.9852890000000E+006    7.0600000000000E+002    1.2419000000000E+004    1.3870000000000E+003    1.4512000000000E+004
     460    1.8700000000000E+002    9.9852150000000E+006    7.4900000000000E+002    1.2453000000000E+004    1.3890000000000E+003    1.4591000000000E+004
     461    2.1700000000000E+002    9.9851290000000E+006    7.5300000000000E+002    1.2499000000000E+004    1.3950000000000E+003    1.4647000000000E+004
     462    2.7100000000000E+002    9.9850560000000E+006    7.5000000000000E+002    1.2513000000000E+004    1.4030000000000E+003    1.4666000000000E+004
     463    2.8500000000000E+002    9.9850030000000E+006    7.5900000000000E+002    1.2539000000000E+004    1.4070000000000E+003    1.4705000000000E+004
     464    2.7600000000000E+002    9.9849380000000E+006    7.5600000000000E+002    1.2608000000000E+004    1.4150000000000E+003    1.4779000000000E+004
     465    2.1200000000000E+002    9.9849160000000E+006    8.0200000000000E+002    1.2643000000000E+004    1.4200000000000E+003    1.4865000000000E+004
     466    1.5200000000000E+002    9.9849030000000E+006    8.3200000000000E+002    1.2685000000000E+004    1.4210000000000E+003    1.4938000000000E+004
     467    1.6000000000000E+002    9.9848420000000E+006    8.3000000000000E+002    1.2738000000000E+004    1.4230000000000E+003    1.4991000000000E+004
     468    1.7200000000000E+002    9.9847650000000E+006    8.3700000000000E+002    1.2786000000000E+004    1.4330000000000E+003    1.5056000000000E+004
     469    2.3800000000000E+002    9.9846770000000E+006    8.3000000000000E+002    1.2811000000000E+004    1.4370000000000E+003    1.5078000000000E+004
     470    3.0200000000000E+002    9.9846000000000E+006    8.2300000000000E+002    1.2830000000000E+004    1.4380000000000E+003    1.5091000000000E+004
     471    3.3700000000000E+002    9.9845040000000E+006    8.0000000000000E+002    1.2908000000000E+004    1.4440000000000E+003    1.5152000000000E+004
     472    3.1400000000000E+002    9.9844500000000E+006    8.0500000000000E+002    1.2971000000000E+004    1.4530000000000E+003    1.5229000000000E+004
     473    2.7700000000000E+002    9.9843990000000E+006    8.0900000000000E+002    1.3052000000000E+004    1.4560000000000E+003    1.5317000000000E+004
     474    3.0200000000000E+002    9.9842970000000E+006    8.0700000000000E+002    1.3129000000000E+004    1.4580000000000E+003    1.5394000000000E+004
     475    3.6200000000000E+002    9.9841410000000E+006    8.4700000000000E+002    1.3174000000000E+004    1.4690000000000E+003    1.5490000000000E+004
     476    4.4300000000000E+002    9.9840060000000E+006    8.8200000000000E+002    1.3186000000000E+004    1.4760000000000E+003    1.5544000000000E+004
     477    5.3800000000000E+002    9.9838600000000E+006    8.9400000000000E+002    1.3221000000000E+004    1.4800000000000E+003    1.5595000000000E+004
     478    5.9600000000000E+002    9.9837000000000E+006    9.2200000000000E+002    1.3293000000000E+004    1.4820000000000E+003    1.5697000000000E+004
     479    5.1900000000000E+002    9.9836210000000E+006    9.9200000000000E+002    1.3369000000000E+004    1.4920000000000E+003    1.5853000000000E+004
     480    4.5600000000000E+002    9.9835490000000E+006    1.0540000000000E+003    1.3436000000000E+004    1.4980000000000E+003    1.5988000000000E+004
     481    5.2400000000000E+002    9.9833350000000E+006    1.1470000000000E+003    1.3483000000000E+004    1.5040000000000E+003    1.6134000000000E+004
     482    5.5200000000000E+002    9.9831470000000E+006    1.2420000000000E+003    1.3537000000000E+004    1.5150000000000E+003    1.6294000000000E+004
     483    6.7400000000000E+002    9.9829460000000E+006    1.2990000000000E+003    1.3545000000000E+004    1.5290000000000E+003    1.6373000000000E+004
     484    8.0200000000000E+002    9.9827460000000E+006    1.3580000000000E+003    1.3542000000000E+004    1.5450000000000E+003    1.6445000000000E+004
     485    8.8400000000000E+002    9.9824500000000E+006    1.5110000000000E+003    1.3590000000000E+004    1.5580000000000E+003    1.6659000000000E+004
     486    8.5900000000000E+002    9.9822870000000E+006    1.6220000000000E+003    1.3657000000000E+004    1.5680000000000E+003    1.6847000000000E+004
     487    7.3800000000000E+002    9.9822070000000E+006    1.7350000000000E+003    1.3738000000000E+004    1.5750000000000E+003    1.7048000000000E+004
     488    8.0700000000000E+002    9.9819380000000E+006    1.8580000000000E+003    1.3811000000000E+004    1.5790000000000E+003    1.7248000000000E+004
     489    8.2200000000000E+002    9.9816270000000E+006    2.0580000000000E+003    1.3875000000000E+004    1.6110000000000E+003    1.7544000000000E+004
     490    8.9600000000000E+002    9.9813900000000E+006    2.1670000000000E+003    1.3916000000000E+004    1.6240000000000E+003    1.7707000000000E+004
     491    1.1260000000000E+003    9.9810800000000E+006    2.1960000000000E+003    1.3941000000000E+004    1.6500000000000E+003    1.7787000000000E+004
     492    1.1410000000000E+003    9.9807960000000E+006    2.3630000000000E+003    1.4024000000000E+004    1.6690000000000E+003    1.8056000000000E+004
     493    9.8000000000000E+002    9.9806460000000E+006    2.5180000000000E+003    1.4155000000000E+004    1.6940000000000E+003    1.8367000000000E+004
     494    8.6000000000000E+002    9.9805290000000E+006    2.6200000000000E+003    1.4273000000000E+004    1.7110000000000E+003    1.8604000000000E+004
     495    8.4600000000000E+002    9.9802330000000E+006    2.7840000000000E+003    1.4413000000000E+004    1.7170000000000E+003    1.8914000000000E+004
     496    8.7500000000000E+002    9.9799200000000E+006    2.9080000000000E+003    1.4550000000000E+004    1.7400000000000E+003    1.9198000000000E+004
     497    1.0280000000000E+003    9.9796170000000E+006    2.9790000000000E+003    1.4596000000000E+004    1.7730000000000E+003    1.9348000000000E+004
     498    1.1800000000000E+003    9.9793480000000E+006    3.0240000000000E+003    1.4634000000000E+004    1.8070000000000E+003    1.9465000000000E+004
     499    1.1700000000000E+003    9.9790620000000E+006    3.1060000000000E+003    1.4812000000000E+004    1.8430000000000E+003    1.9761000000000E+004
     500    1.0300000000000E+003    9.9788890000000E+006    3.2310000000000E+003    1.4971000000000E+004    1.8720000000000E+003    2.0074000000000E+004
     501    8.6800000000000E+002    9.9787480000000E+006    3.3330000000000E+003    1.5158000000000E+004    1.8860000000000E+003    2.0377000000000E+004
     502    9.0500000000000E+002    9.9784420000000E+006    3.4020000000000E+003    1.5350000000000E+004    1.8940000000000E+003    2.0646000000000E+004
     503    9.0000000000000E+002    9.9781610000000E+006    3.3920000000000E+003    1.5608000000000E+004    1.9320000000000E+003    2.0932000000000E+004
     504    7.2700000000000E+002    9.9781610000000E+006    3.4020000000000E+003    1.5734000000000E+004    1.9690000000000E+003    2.1105000000000E+004
     505    5.8600000000000E+002    9.9781610000000E+006    3.4630000000000E+003    1.5780000000000E+004    2.0030000000000E+003    2.1246000000000E+004
     506    2.8000000000000E+002    9.9781610000000E+006    3.5000000000000E+003    1.6029000000000E+004    2.0230000000000E+003    2.1552000000000E+004
     507   -1.0000000000000E+000    9.9781610000000E+006    3.4700000000000E+003    1.6311000000000E+004    2.0520000000000E+003    2.1833000000000E+004
     508   -1.0000000000000E+000    9.9781610000000E+006    3.2330000000000E+003    1.6532000000000E+004    2.0680000000000E+003    2.1833000000000E+004
     509   -1.0000000000000E+000    9.9781610000000E+006    2.9230000000000E+003    1.6828000000000E+004    2.0820000000000E+003    2.1833000000000E+004
     510   -1.0000000000000E+000    9.9781610000000E+006    2.6390000000000E+003    1.7083000000000E+004    2.1110000000000E+003    2.1833000000000E+004
     511   -1.0000000000000E+000    9.9781610000000E+006    2.4890000000000E+003    1.7209000000000E+004    2.1350000000000E+003    2.1833000000000E+004
     512   -1.0000000000000E+000    9.9781610000000E+006    2.3720000000000E+003    1.7326000000000E+004    2.1350000000000E+003    2.1833000000000E+004
     513   -1.0000000000000E+000    9.9781610000000E+006    2.0760000000000E+003    1.7622000000000E+004    2.1350000000000E+003    2.1833000000000E+004
     514   -1.0000000000000E+000    9.9781610000000E+006    1.7630000000000E+003    1.7935000000000E+004    2.1350000000000E+003    2.1833000000000E+004
     515   -1.0000000000000E+000    9.9781610000000E+006    1.4600000000000E+003    1.8238000000000E+004    2.1350000000000E+003    2.1833000000000E+004
     516   -1.0000000000000E+000    9.9781610000000E+006    1.1910000000000E+003    1.8507000000000E+004    2.1350000000000E+003    2.1833000000000E+004
     517   -1.0000000000000E+000    9.9781610000000E+006    9.0500000000000E+002    1.8793000000000E+004    2.1350000000000E+003    2.1833000000000E+004
     518   -1.0000000000000E+000    9.9781610000000E+006    7.3200000000000E+002    1.8966000000000E+004    2.1350000000000E+003    2.1833000000000E+004
     519   -1.0000000000000E+000    9.9781610000000E+006    5.9100000000000E+002    1.9107000000000E+004    2.1350000000000E+003    2.1833000000000E+004
     520   -1.0000000000000E+000    9.9781610000000E+006    2.8500000000000E+002    1.9413000000000E+004    2.1350000000000E+003    2.1833000000000E+004
     521   -1.0000000000000E+000    9.9781610000000E+006    4.0000000000000E+000    1.9694000000000E+004    2.1350000000000E+003    2.1833000000000E+004
     522   -1.0000000000000E+000    9.9781610000000E+006    4.0000000000000E+000    1.9694000000000E+004    2.1350000000000E+003    2.1833000000000E+004
     523   -1.0000000000000E+000    9.9781610000000E+006    4.0000000000000E+000    1.9694000000000E+004    2.1350000000000E+003    2.1833000000000E+004
     524   -1.0000000000000E+000    9.9781610000000E+006    4.0000000000000E+000    1.9694000000000E+004    2.1350000000000E+003    2.1833000000000E+004
     525   -1.0000000000000E+000    9.9781610000000E+006    4.0000000000000E+000    1.9694000000000E+004    2.1350000000000E+003    2.1833000000000E+004
     526   -1.0000000000000E+000    9.9781610000000E+006    4.0000000000000E+000    1.9694000000000E+004    2.1350000000000E+003    2.1833000000000E+004
     527   -1.0000000000000E+000    9.9781610000000E+006    4.0000000000000E+000    1.9694000000000E+004    2.1350000000000E+003    2.1833000000000E+004
     528   -1.0000000000000E+000    9.9781610000000E+006    4.0000000000000E+000    1.9694000000000E+004    2.1350000000000E+003    2.1833000000000E+004
     529   -1.0000000000000E+000    9.9781610000000E+006    4.0000000000000E+000    1.9694000000000E+004    2.1350000000000E+003    2.1833000000000E+004
     530   -1.0000000000000E+000    9.9781610000000E+006    4.0000000000000E+000    1.9694000000000E+004    2.1350000000000E+003    2.1833000000000E+004
     531   -1.0000000000000E+000    9.9781610000000E+006    4.0000000000000E+000    1.9694000000000E+004    2.1350000000000E+003    2.1833000000000E+004
     532   -1.0000000000000E+000    9.9781610000000E+006    4.0000000000000E+000    1.9694000000000E+004    2.1350000000000E+003    2.1833000000000E+004
     533   -1.0000000000000E+000    9.9781610000000E+006    4.0000000000000E+000    1.9694000000000E+004    2.1350000000000E+003    2.1833000000000E+004
     534   -1.0000000000000E+000    9.9781610000000E+006    4.0000000000000E+000    1.9694000000000E+004    2.1350000000000E+003    2.1833000000000E+004
     535   -1.0000000000000E+000    9.9781610000000E+006    4.0000000000000E+000    1.9694000000000E+004    2.1350000000000E+003    2.1833000000000E+004
     536   -1.0000000000000E+000    9.9781610000000E+006    4.0000000000000E+000    1.9694000000000E+004    2.1350000000000E+003    2.1833000000000E+004
     537   -1.0000000000000E+000    9.9781610000000E+006    4.0000000000000E+000    1.9694000000000E+004    2.1350000000000E+003    2.1833000000000E+004
     538   -1.0000000000000E+000    9.9781610000000E+006    4.0000000000000E+000    1.9694000000000E+004    2.1350000000000E+003    2.1833000000000E+004
     539   -1.0000000000000E+000    9.9781610000000E+006    4.0000000000000E+000    1.9694000000000E+004    2.1350000000000E+003    2.1833000000000E+004
     540   -1.0000000000000E+000    9.9781610000000E+006    4.0000000000000E+000    1.9694000000000E+004    2.1350000000000E+003    2.1833000000000E+004
