       1    0.0000000000000E+000    0.0000000000000E+000    9.9999900000000E+005    1.0000000000000E+000    0.0000000000000E+000    0.0000000000000E+000    1.0000000000000E+000
       2    0.0000000000000E+000    0.0000000000000E+000    9.9999900000000E+005    1.0000000000000E+000    0.0000000000000E+000    0.0000000000000E+000    1.0000000000000E+000
       3    0.0000000000000E+000    0.0000000000000E+000    9.9999900000000E+005    1.0000000000000E+000    0.0000000000000E+000    0.0000000000000E+000    1.0000000000000E+000
       4    0.0000000000000E+000    2.0000000000000E+000    9.9999700000000E+005    1.0000000000000E+000    0.0000000000000E+000    0.0000000000000E+000    1.0000000000000E+000
       5    0.0000000000000E+000    2.0000000000000E+000    9.9999700000000E+005    1.0000000000000E+000    0.0000000000000E+000    0.0000000000000E+000    1.0000000000000E+000
       6    0.0000000000000E+000    2.0000000000000E+000    9.9999700000000E+005    1.0000000000000E+000    0.0000000000000E+000    0.0000000000000E+000    1.0000000000000E+000
       7    2.0000000000000E+000    2.0000000000000E+000    9.9999700000000E+005    1.0000000000000E+000    0.0000000000000E+000    0.0000000000000E+000    3.0000000000000E+000
       8    0.0000000000000E+000    0.0000000000000E+000    9.9999700000000E+005    3.0000000000000E+000    0.0000000000000E+000    0.0000000000000E+000    3.0000000000000E+000
       9    0.0000000000000E+000    1.0000000000000E+000    9.9999600000000E+005    3.0000000000000E+000    0.0000000000000E+000    0.0000000000000E+000    3.0000000000000E+000
      10    0.0000000000000E+000    1.0000000000000E+000    9.9999600000000E+005    3.0000000000000E+000    0.0000000000000E+000    0.0000000000000E+000    3.0000000000000E+000
      11    0.0000000000000E+000    1.0000000000000E+000    9.9999600000000E+005    3.0000000000000E+000    0.0000000000000E+000    0.0000000000000E+000    3.0000000000000E+000
      12    1.0000000000000E+000    3.0000000000000E+000    9.9999400000000E+005    3.0000000000000E+000    0.0000000000000E+000    0.0000000000000E+000    4.0000000000000E+000
      13    0.0000000000000E+000    4.0000000000000E+000    9.9999200000000E+005    4.0000000000000E+000    0.0000000000000E+000    0.0000000000000E+000    4.0000000000000E+000
      14    0.0000000000000E+000    5.0000000000000E+000    9.9999100000000E+005    4.0000000000000E+000    0.0000000000000E+000    0.0000000000000E+000    4.0000000000000E+000
      15    2.0000000000000E+000    5.0000000000000E+000    9.9999100000000E+005    4.0000000000000E+000    0.0000000000000E+000    0.0000000000000E+000    6.0000000000000E+000
      16    2.0000000000000E+000    6.0000000000000E+000    9.9998800000000E+005    6.0000000000000E+000    0.0000000000000E+000    0.0000000000000E+000    8.0000000000000E+000
      17    1.0000000000000E+000    8.0000000000000E+000    9.9998400000000E+005    8.0000000000000E+000    0.0000000000000E+000    0.0000000000000E+000    9.0000000000000E+000
      18    0.0000000000000E+000    9.0000000000000E+000    9.9998200000000E+005    9.0000000000000E+000    0.0000000000000E+000    0.0000000000000E+000    9.0000000000000E+000
      19    3.0000000000000E+000    1.6000000000000E+001    9.9997500000000E+005    8.0000000000000E+000    1.0000000000000E+000    0.0000000000000E+000    1.2000000000000E+001
      20    4.0000000000000E+000    1.9000000000000E+001    9.9996900000000E+005    1.1000000000000E+001    1.0000000000000E+000    0.0000000000000E+000    1.6000000000000E+001
      21    2.0000000000000E+000    1.7000000000000E+001    9.9996700000000E+005    1.5000000000000E+001    1.0000000000000E+000    0.0000000000000E+000    1.8000000000000E+001
      22    7.0000000000000E+000    1.8000000000000E+001    9.9996400000000E+005    1.5000000000000E+001    3.0000000000000E+000    0.0000000000000E+000    2.5000000000000E+001
      23    6.0000000000000E+000    1.1000000000000E+001    9.9996400000000E+005    2.2000000000000E+001    3.0000000000000E+000    0.0000000000000E+000    3.1000000000000E+001
      24    2.0000000000000E+000    9.0000000000000E+000    9.9996000000000E+005    2.8000000000000E+001    3.0000000000000E+000    0.0000000000000E+000    3.3000000000000E+001
      25    3.0000000000000E+000    9.0000000000000E+000    9.9995800000000E+005    3.0000000000000E+001    1.0000000000000E+000    2.0000000000000E+000    3.6000000000000E+001
      26    0.0000000000000E+000    1.0000000000000E+001    9.9995400000000E+005    3.3000000000000E+001    1.0000000000000E+000    2.0000000000000E+000    3.6000000000000E+001
      27    4.0000000000000E+000    1.4000000000000E+001    9.9995000000000E+005    3.2000000000000E+001    2.0000000000000E+000    2.0000000000000E+000    4.0000000000000E+001
      28    2.0000000000000E+000    1.5000000000000E+001    9.9994500000000E+005    3.6000000000000E+001    1.0000000000000E+000    3.0000000000000E+000    4.2000000000000E+001
      29    4.0000000000000E+000    2.0000000000000E+001    9.9993800000000E+005    3.8000000000000E+001    1.0000000000000E+000    3.0000000000000E+000    4.6000000000000E+001
      30    4.0000000000000E+000    4.0000000000000E+001    9.9991400000000E+005    4.0000000000000E+001    3.0000000000000E+000    3.0000000000000E+000    5.0000000000000E+001
      31    5.0000000000000E+000    4.7000000000000E+001    9.9990300000000E+005    4.2000000000000E+001    5.0000000000000E+000    3.0000000000000E+000    5.5000000000000E+001
      32    7.0000000000000E+000    6.3000000000000E+001    9.9988200000000E+005    4.6000000000000E+001    6.0000000000000E+000    3.0000000000000E+000    6.2000000000000E+001
      33    2.4000000000000E+001    6.3000000000000E+001    9.9987500000000E+005    5.3000000000000E+001    6.0000000000000E+000    3.0000000000000E+000    8.6000000000000E+001
      34    1.1000000000000E+001    5.3000000000000E+001    9.9986100000000E+005    7.4000000000000E+001    8.0000000000000E+000    4.0000000000000E+000    9.7000000000000E+001
      35    2.1000000000000E+001    6.4000000000000E+001    9.9983900000000E+005    8.1000000000000E+001    1.2000000000000E+001    4.0000000000000E+000    1.1800000000000E+002
      36    7.0000000000000E+000    7.2000000000000E+001    9.9981000000000E+005    1.0000000000000E+002    1.4000000000000E+001    4.0000000000000E+000    1.2500000000000E+002
      37    1.4000000000000E+001    8.7000000000000E+001    9.9978800000000E+005    1.0000000000000E+002    2.0000000000000E+001    5.0000000000000E+000    1.3900000000000E+002
      38    2.2000000000000E+001    9.9000000000000E+001    9.9976200000000E+005    1.0800000000000E+002    2.4000000000000E+001    7.0000000000000E+000    1.6100000000000E+002
      39    2.9000000000000E+001    1.1200000000000E+002    9.9972700000000E+005    1.2800000000000E+002    2.4000000000000E+001    9.0000000000000E+000    1.9000000000000E+002
      40    2.2000000000000E+001    1.2500000000000E+002    9.9968500000000E+005    1.5400000000000E+002    2.7000000000000E+001    9.0000000000000E+000    2.1200000000000E+002
      41    2.6000000000000E+001    1.5100000000000E+002    9.9963700000000E+005    1.7600000000000E+002    2.6000000000000E+001    1.0000000000000E+001    2.3800000000000E+002
      42    3.5000000000000E+001    1.7000000000000E+002    9.9959200000000E+005    1.9800000000000E+002    3.0000000000000E+001    1.0000000000000E+001    2.7300000000000E+002
      43    4.2000000000000E+001    1.9100000000000E+002    9.9953600000000E+005    2.3100000000000E+002    3.1000000000000E+001    1.1000000000000E+001    3.1500000000000E+002
      44    4.8000000000000E+001    2.2600000000000E+002    9.9945900000000E+005    2.6900000000000E+002    3.1000000000000E+001    1.5000000000000E+001    3.6300000000000E+002
      45    4.5000000000000E+001    2.6100000000000E+002    9.9937600000000E+005    3.1300000000000E+002    3.0000000000000E+001    2.0000000000000E+001    4.0800000000000E+002
      46    5.6000000000000E+001    2.8700000000000E+002    9.9930500000000E+005    3.5300000000000E+002    3.5000000000000E+001    2.0000000000000E+001    4.6400000000000E+002
      47    7.7000000000000E+001    3.2900000000000E+002    9.9920700000000E+005    4.0200000000000E+002    4.0000000000000E+001    2.2000000000000E+001    5.4100000000000E+002
      48    8.3000000000000E+001    3.7600000000000E+002    9.9908300000000E+005    4.5500000000000E+002    6.0000000000000E+001    2.6000000000000E+001    6.2400000000000E+002
      49    7.1000000000000E+001    4.4000000000000E+002    9.9893600000000E+005    5.2700000000000E+002    6.6000000000000E+001    3.1000000000000E+001    6.9500000000000E+002
      50    9.8000000000000E+001    5.0700000000000E+002    9.9879800000000E+005    5.7700000000000E+002    8.0000000000000E+001    3.8000000000000E+001    7.9300000000000E+002
      51    1.2400000000000E+002    5.4200000000000E+002    9.9866500000000E+005    6.6800000000000E+002    8.4000000000000E+001    4.1000000000000E+001    9.1700000000000E+002
      52    1.4700000000000E+002    6.0200000000000E+002    9.9848100000000E+005    7.7800000000000E+002    9.0000000000000E+001    4.9000000000000E+001    1.0640000000000E+003
      53    1.3800000000000E+002    6.3900000000000E+002    9.9829700000000E+005    9.0300000000000E+002    1.0100000000000E+002    6.0000000000000E+001    1.2020000000000E+003
      54    1.3300000000000E+002    7.4600000000000E+002    9.9805200000000E+005    1.0120000000000E+003    1.2100000000000E+002    6.9000000000000E+001    1.3350000000000E+003
      55    1.8400000000000E+002    8.8700000000000E+002    9.9777800000000E+005    1.1230000000000E+003    1.3400000000000E+002    7.8000000000000E+001    1.5190000000000E+003
      56    1.8400000000000E+002    1.0090000000000E+003    9.9747200000000E+005    1.2810000000000E+003    1.5000000000000E+002    8.8000000000000E+001    1.7030000000000E+003
      57    2.4500000000000E+002    1.1420000000000E+003    9.9715500000000E+005    1.4300000000000E+003    1.7300000000000E+002    1.0000000000000E+002    1.9480000000000E+003
      58    2.7400000000000E+002    1.3020000000000E+003    9.9675000000000E+005    1.6330000000000E+003    2.0100000000000E+002    1.1400000000000E+002    2.2220000000000E+003
      59    3.0600000000000E+002    1.4470000000000E+003    9.9633100000000E+005    1.8590000000000E+003    2.3700000000000E+002    1.2600000000000E+002    2.5280000000000E+003
      60    3.1700000000000E+002    1.6780000000000E+003    9.9579400000000E+005    2.1200000000000E+003    2.6800000000000E+002    1.4000000000000E+002    2.8450000000000E+003
      61    4.0500000000000E+002    1.9380000000000E+003    9.9521700000000E+005    2.3810000000000E+003    3.0000000000000E+002    1.6400000000000E+002    3.2500000000000E+003
      62    4.1900000000000E+002    2.1580000000000E+003    9.9459200000000E+005    2.7090000000000E+003    3.5200000000000E+002    1.8900000000000E+002    3.6690000000000E+003
      63    5.3700000000000E+002    2.5280000000000E+003    9.9380300000000E+005    3.0450000000000E+003    4.1500000000000E+002    2.0900000000000E+002    4.2060000000000E+003
      64    5.7700000000000E+002    2.7940000000000E+003    9.9300000000000E+005    3.5110000000000E+003    4.6100000000000E+002    2.3400000000000E+002    4.7830000000000E+003
      65    6.2500000000000E+002    3.2200000000000E+003    9.9199700000000E+005    3.9900000000000E+003    5.2000000000000E+002    2.7300000000000E+002    5.4080000000000E+003
      66    7.8900000000000E+002    3.6200000000000E+003    9.9097200000000E+005    4.4910000000000E+003    6.0700000000000E+002    3.1000000000000E+002    6.1970000000000E+003
      67    8.0300000000000E+002    4.0650000000000E+003    9.8973800000000E+005    5.1330000000000E+003    7.1900000000000E+002    3.4500000000000E+002    7.0000000000000E+003
      68    1.0030000000000E+003    4.6620000000000E+003    9.8833800000000E+005    5.7980000000000E+003    8.1000000000000E+002    3.9200000000000E+002    8.0030000000000E+003
      69    1.0250000000000E+003    5.2340000000000E+003    9.8676300000000E+005    6.6680000000000E+003    8.8900000000000E+002    4.4600000000000E+002    9.0280000000000E+003
      70    1.2340000000000E+003    6.1700000000000E+003    9.8480200000000E+005    7.5090000000000E+003    1.0090000000000E+003    5.1000000000000E+002    1.0262000000000E+004
      71    1.4000000000000E+003    6.9960000000000E+003    9.8274200000000E+005    8.5590000000000E+003    1.1080000000000E+003    5.9500000000000E+002    1.1662000000000E+004
      72    1.5750000000000E+003    7.9400000000000E+003    9.8039800000000E+005    9.7140000000000E+003    1.2750000000000E+003    6.7300000000000E+002    1.3237000000000E+004
      73    1.9610000000000E+003    9.1070000000000E+003    9.7765600000000E+005    1.1015000000000E+004    1.4440000000000E+003    7.7800000000000E+002    1.5198000000000E+004
      74    2.0600000000000E+003    1.0154000000000E+004    9.7464800000000E+005    1.2670000000000E+004    1.6610000000000E+003    8.6700000000000E+002    1.7258000000000E+004
      75    2.3440000000000E+003    1.1530000000000E+004    9.7121200000000E+005    1.4413000000000E+004    1.8660000000000E+003    9.7900000000000E+002    1.9602000000000E+004
      76    2.7420000000000E+003    1.3187000000000E+004    9.6721100000000E+005    1.6352000000000E+004    2.1130000000000E+003    1.1370000000000E+003    2.2344000000000E+004
      77    3.0080000000000E+003    1.4737000000000E+004    9.6291900000000E+005    1.8675000000000E+004    2.3890000000000E+003    1.2800000000000E+003    2.5352000000000E+004
      78    3.4360000000000E+003    1.6828000000000E+004    9.5782000000000E+005    2.1146000000000E+004    2.7410000000000E+003    1.4650000000000E+003    2.8788000000000E+004
      79    4.0010000000000E+003    1.9408000000000E+004    9.5180400000000E+005    2.4005000000000E+004    3.0970000000000E+003    1.6860000000000E+003    3.2789000000000E+004
      80    4.2920000000000E+003    2.1892000000000E+004    9.4531900000000E+005    2.7381000000000E+004    3.4510000000000E+003    1.9570000000000E+003    3.7081000000000E+004
      81    5.0990000000000E+003    2.4897000000000E+004    9.3802200000000E+005    3.0884000000000E+004    3.9580000000000E+003    2.2390000000000E+003    4.2180000000000E+004
      82    6.0160000000000E+003    2.8047000000000E+004    9.2977300000000E+005    3.5180000000000E+004    4.4500000000000E+003    2.5500000000000E+003    4.8196000000000E+004
      83    6.4850000000000E+003    3.1158000000000E+004    9.2064600000000E+005    4.0193000000000E+004    5.0940000000000E+003    2.9090000000000E+003    5.4681000000000E+004
      84    7.2970000000000E+003    3.4912000000000E+004    9.1040700000000E+005    4.5653000000000E+004    5.7200000000000E+003    3.3080000000000E+003    6.1978000000000E+004
      85    8.2490000000000E+003    3.9093000000000E+004    8.9892900000000E+005    5.1716000000000E+004    6.5190000000000E+003    3.7430000000000E+003    7.0227000000000E+004
      86    9.1270000000000E+003    3.5234000000000E+004    8.9453900000000E+005    5.8565000000000E+004    7.4170000000000E+003    4.2450000000000E+003    7.9354000000000E+004
      87    1.0239000000000E+004    2.9634000000000E+004    8.9101200000000E+005    6.6117000000000E+004    8.3440000000000E+003    4.8930000000000E+003    8.9593000000000E+004
      88    1.1478000000000E+004    2.2091000000000E+004    8.8831600000000E+005    7.4395000000000E+004    9.6710000000000E+003    5.5270000000000E+003    1.0107100000000E+005
      89    4.3900000000000E+003    1.2433000000000E+004    8.8649600000000E+005    8.3813000000000E+004    1.1018000000000E+004    6.2400000000000E+003    1.0546100000000E+005
      90    3.5270000000000E+003    9.1670000000000E+003    8.8537200000000E+005    8.5859000000000E+004    1.2552000000000E+004    7.0500000000000E+003    1.0898800000000E+005
      91    2.6960000000000E+003    6.6090000000000E+003    8.8440300000000E+005    8.6644000000000E+004    1.4325000000000E+004    8.0190000000000E+003    1.1168400000000E+005
      92    1.8200000000000E+003    4.8510000000000E+003    8.8346500000000E+005    8.6332000000000E+004    1.6308000000000E+004    9.0440000000000E+003    1.1350400000000E+005
      93    1.1240000000000E+003    3.9540000000000E+003    8.8254200000000E+005    8.4716000000000E+004    1.8617000000000E+004    1.0171000000000E+004    1.1462800000000E+005
      94    9.6900000000000E+002    3.8690000000000E+003    8.8150300000000E+005    8.1839000000000E+004    2.2180000000000E+004    1.0609000000000E+004    1.1559700000000E+005
      95    9.3800000000000E+002    4.1470000000000E+003    8.8025600000000E+005    7.8516000000000E+004    2.6117000000000E+004    1.0964000000000E+004    1.1653500000000E+005
      96    9.2300000000000E+002    4.6050000000000E+003    8.7886000000000E+005    7.4355000000000E+004    3.0932000000000E+004    1.1248000000000E+004    1.1745800000000E+005
      97    1.0390000000000E+003    5.4170000000000E+003    8.7712500000000E+005    6.9262000000000E+004    3.6740000000000E+004    1.1456000000000E+004    1.1849700000000E+005
      98    1.2470000000000E+003    6.5430000000000E+003    8.7496000000000E+005    6.3816000000000E+004    4.3121000000000E+004    1.1560000000000E+004    1.1974400000000E+005
      99    1.3960000000000E+003    8.0010000000000E+003    8.7225500000000E+005    5.7766000000000E+004    5.0329000000000E+004    1.1649000000000E+004    1.2114000000000E+005
     100    1.7350000000000E+003    1.0000000000000E+004    8.6886000000000E+005    5.0913000000000E+004    5.8478000000000E+004    1.1749000000000E+004    1.2287500000000E+005
     101    2.1650000000000E+003    1.2033000000000E+004    8.6509200000000E+005    4.3521000000000E+004    6.7518000000000E+004    1.1836000000000E+004    1.2504000000000E+005
     102    2.7050000000000E+003    1.4139000000000E+004    8.6082100000000E+005    3.5447000000000E+004    7.7663000000000E+004    1.1930000000000E+004    1.2774500000000E+005
     103    3.3950000000000E+003    1.5956000000000E+004    8.5629900000000E+005    2.6674000000000E+004    8.9031000000000E+004    1.2040000000000E+004    1.3114000000000E+005
     104    3.7680000000000E+003    1.6642000000000E+004    8.5221800000000E+005    2.5679000000000E+004    9.3272000000000E+004    1.2189000000000E+004    1.3490800000000E+005
     105    4.2710000000000E+003    1.6877000000000E+004    8.4821500000000E+005    2.5920000000000E+004    9.6644000000000E+004    1.2344000000000E+004    1.3917900000000E+005
     106    4.5220000000000E+003    1.6618000000000E+004    8.4420300000000E+005    2.7495000000000E+004    9.9143000000000E+004    1.2541000000000E+004    1.4370100000000E+005
     107    4.0810000000000E+003    1.6166000000000E+004    8.4013300000000E+005    3.0197000000000E+004    1.0068500000000E+005    1.2819000000000E+004    1.4778200000000E+005
     108    4.0030000000000E+003    1.6155000000000E+004    8.3606300000000E+005    3.3154000000000E+004    1.0147900000000E+005    1.3149000000000E+004    1.5178500000000E+005
     109    4.0120000000000E+003    1.6236000000000E+004    8.3197900000000E+005    3.6188000000000E+004    1.0204600000000E+005    1.3551000000000E+004    1.5579700000000E+005
     110    4.0700000000000E+003    1.6315000000000E+004    8.2788800000000E+005    3.9262000000000E+004    1.0256800000000E+005    1.3967000000000E+004    1.5986700000000E+005
     111    4.0700000000000E+003    1.6180000000000E+004    8.2395300000000E+005    4.2409000000000E+004    1.0304600000000E+005    1.4412000000000E+004    1.6393700000000E+005
     112    4.0840000000000E+003    1.6014000000000E+004    8.2004900000000E+005    4.5440000000000E+004    1.0367600000000E+005    1.4821000000000E+004    1.6802100000000E+005
     113    4.0910000000000E+003    1.5603000000000E+004    8.1637600000000E+005    4.8277000000000E+004    1.0454300000000E+005    1.5201000000000E+004    1.7211200000000E+005
     114    3.9350000000000E+003    1.5000000000000E+004    8.1288800000000E+005    5.0972000000000E+004    1.0556700000000E+005    1.5573000000000E+004    1.7604700000000E+005
     115    3.9040000000000E+003    1.4242000000000E+004    8.0971100000000E+005    5.3172000000000E+004    1.0691000000000E+005    1.5965000000000E+004    1.7995100000000E+005
     116    3.6730000000000E+003    1.3341000000000E+004    8.0670800000000E+005    5.4911000000000E+004    1.0864500000000E+005    1.6395000000000E+004    1.8362400000000E+005
     117    3.4880000000000E+003    1.2583000000000E+004    8.0379300000000E+005    5.5879000000000E+004    1.1089300000000E+005    1.6852000000000E+004    1.8711200000000E+005
     118    3.1770000000000E+003    1.1938000000000E+004    8.0095000000000E+005    5.5972000000000E+004    1.1386000000000E+005    1.7280000000000E+004    1.9028900000000E+005
     119    3.0030000000000E+003    1.1572000000000E+004    7.9813900000000E+005    5.5381000000000E+004    1.1723900000000E+005    1.7669000000000E+004    1.9329200000000E+005
     120    2.9150000000000E+003    1.1254000000000E+004    7.9545400000000E+005    5.4113000000000E+004    1.2110100000000E+005    1.8078000000000E+004    1.9620700000000E+005
     121    2.8430000000000E+003    1.1138000000000E+004    7.9265500000000E+005    5.2506000000000E+004    1.2522700000000E+005    1.8474000000000E+004    1.9905000000000E+005
     122    2.8110000000000E+003    1.1255000000000E+004    7.8969500000000E+005    5.1268000000000E+004    1.2894800000000E+005    1.8834000000000E+004    2.0186100000000E+005
     123    2.6850000000000E+003    1.1466000000000E+004    7.8667300000000E+005    5.0076000000000E+004    1.3264100000000E+005    1.9144000000000E+004    2.0454600000000E+005
     124    2.7990000000000E+003    1.1837000000000E+004    7.8361700000000E+005    4.8749000000000E+004    1.3630400000000E+005    1.9493000000000E+004    2.0734500000000E+005
     125    2.9600000000000E+003    1.2050000000000E+004    7.8060500000000E+005    4.7478000000000E+004    1.4008900000000E+005    1.9778000000000E+004    2.1030500000000E+005
     126    3.0220000000000E+003    1.2147000000000E+004    7.7754800000000E+005    4.6368000000000E+004    1.4389600000000E+005    2.0041000000000E+004    2.1332700000000E+005
     127    3.0560000000000E+003    1.2274000000000E+004    7.7439900000000E+005    4.5306000000000E+004    1.4769000000000E+005    2.0331000000000E+004    2.1638300000000E+005
     128    3.0120000000000E+003    1.2289000000000E+004    7.7132800000000E+005    4.4271000000000E+004    1.5151000000000E+005    2.0602000000000E+004    2.1939500000000E+005
     129    3.0570000000000E+003    1.2520000000000E+004    7.6808500000000E+005    4.3348000000000E+004    1.5515000000000E+005    2.0897000000000E+004    2.2245200000000E+005
     130    3.1490000000000E+003    1.2602000000000E+004    7.6494600000000E+005    4.2501000000000E+004    1.5874600000000E+005    2.1205000000000E+004    2.2560100000000E+005
     131    3.0710000000000E+003    1.2682000000000E+004    7.6171700000000E+005    4.1977000000000E+004    1.6213100000000E+005    2.1493000000000E+004    2.2867200000000E+005
     132    3.2430000000000E+003    1.2789000000000E+004    7.5853900000000E+005    4.1560000000000E+004    1.6532400000000E+005    2.1788000000000E+004    2.3191500000000E+005
     133    3.1390000000000E+003    1.2752000000000E+004    7.5533300000000E+005    4.1626000000000E+004    1.6820100000000E+005    2.2088000000000E+004    2.3505400000000E+005
     134    3.2290000000000E+003    1.2765000000000E+004    7.5218100000000E+005    4.1762000000000E+004    1.7089200000000E+005    2.2400000000000E+004    2.3828300000000E+005
     135    3.1780000000000E+003    1.2607000000000E+004    7.4911000000000E+005    4.2076000000000E+004    1.7350400000000E+005    2.2703000000000E+004    2.4146100000000E+005
     136    3.2060000000000E+003    1.2481000000000E+004    7.4605800000000E+005    4.2411000000000E+004    1.7603500000000E+005    2.3015000000000E+004    2.4466700000000E+005
     137    3.1520000000000E+003    1.2160000000000E+004    7.4317300000000E+005    4.2806000000000E+004    1.7852200000000E+005    2.3339000000000E+004    2.4781900000000E+005
     138    3.0710000000000E+003    1.1968000000000E+004    7.4021300000000E+005    4.3273000000000E+004    1.8088800000000E+005    2.3658000000000E+004    2.5089000000000E+005
     139    3.0520000000000E+003    1.1839000000000E+004    7.3727100000000E+005    4.3545000000000E+004    1.8338100000000E+005    2.3964000000000E+004    2.5394200000000E+005
     140    2.8850000000000E+003    1.1631000000000E+004    7.3442700000000E+005    4.3637000000000E+004    1.8603000000000E+005    2.4275000000000E+004    2.5682700000000E+005
     141    2.9600000000000E+003    1.1522000000000E+004    7.3165100000000E+005    4.3500000000000E+004    1.8874900000000E+005    2.4578000000000E+004    2.5978700000000E+005
     142    2.9420000000000E+003    1.1342000000000E+004    7.2887100000000E+005    4.3404000000000E+004    1.9148400000000E+005    2.4899000000000E+004    2.6272900000000E+005
     143    2.8440000000000E+003    1.1149000000000E+004    7.2612200000000E+005    4.3334000000000E+004    1.9419400000000E+005    2.5201000000000E+004    2.6557300000000E+005
     144    2.7760000000000E+003    1.0981000000000E+004    7.2344600000000E+005    4.3121000000000E+004    1.9695700000000E+005    2.5495000000000E+004    2.6834900000000E+005
     145    2.7800000000000E+003    1.0851000000000E+004    7.2080000000000E+005    4.2748000000000E+004    1.9980000000000E+005    2.5801000000000E+004    2.7112900000000E+005
     146    2.7490000000000E+003    1.0831000000000E+004    7.1804000000000E+005    4.2457000000000E+004    2.0255300000000E+005    2.6119000000000E+004    2.7387800000000E+005
     147    2.6760000000000E+003    1.0775000000000E+004    7.1534700000000E+005    4.1963000000000E+004    2.0549000000000E+005    2.6425000000000E+004    2.7655400000000E+005
     148    2.6460000000000E+003    1.0710000000000E+004    7.1273600000000E+005    4.1500000000000E+004    2.0833900000000E+005    2.6715000000000E+004    2.7920000000000E+005
     149    2.7600000000000E+003    1.0714000000000E+004    7.1008600000000E+005    4.0917000000000E+004    2.1128400000000E+005    2.6999000000000E+004    2.8196000000000E+005
     150    2.6930000000000E+003    1.0619000000000E+004    7.0742100000000E+005    4.0499000000000E+004    2.1416600000000E+005    2.7295000000000E+004    2.8465300000000E+005
     151    2.6110000000000E+003    1.0581000000000E+004    7.0476600000000E+005    3.9986000000000E+004    2.1709500000000E+005    2.7572000000000E+004    2.8726400000000E+005
     152    2.6500000000000E+003    1.0601000000000E+004    7.0213500000000E+005    3.9445000000000E+004    2.1993900000000E+005    2.7880000000000E+004    2.8991400000000E+005
     153    2.6650000000000E+003    1.0488000000000E+004    6.9959800000000E+005    3.9024000000000E+004    2.2272300000000E+005    2.8167000000000E+004    2.9257900000000E+005
     154    2.6550000000000E+003    1.0501000000000E+004    6.9692000000000E+005    3.8637000000000E+004    2.2551600000000E+005    2.8426000000000E+004    2.9523400000000E+005
     155    2.6310000000000E+003    1.0492000000000E+004    6.9427400000000E+005    3.8407000000000E+004    2.2810600000000E+005    2.8721000000000E+004    2.9786500000000E+005
     156    2.5370000000000E+003    1.0393000000000E+004    6.9174200000000E+005    3.8078000000000E+004    2.3078800000000E+005    2.8999000000000E+004    3.0040200000000E+005
     157    2.6780000000000E+003    1.0346000000000E+004    6.8925200000000E+005    3.7673000000000E+004    2.3346700000000E+005    2.9262000000000E+004    3.0308000000000E+005
     158    2.6460000000000E+003    1.0229000000000E+004    6.8669100000000E+005    3.7507000000000E+004    2.3606800000000E+005    2.9505000000000E+004    3.0572600000000E+005
     159    2.5320000000000E+003    1.0065000000000E+004    6.8420900000000E+005    3.7377000000000E+004    2.3860100000000E+005    2.9748000000000E+004    3.0825800000000E+005
     160    2.4900000000000E+003    1.0030000000000E+004    6.8171200000000E+005    3.7129000000000E+004    2.4113600000000E+005    2.9993000000000E+004    3.1074800000000E+005
     161    2.5610000000000E+003    1.0109000000000E+004    6.7914300000000E+005    3.6870000000000E+004    2.4362500000000E+005    3.0253000000000E+004    3.1330900000000E+005
     162    2.4820000000000E+003    1.0040000000000E+004    6.7665100000000E+005    3.6755000000000E+004    2.4600700000000E+005    3.0547000000000E+004    3.1579100000000E+005
     163    2.4970000000000E+003    9.9540000000000E+003    6.7425500000000E+005    3.6591000000000E+004    2.4842200000000E+005    3.0778000000000E+004    3.1828800000000E+005
     164    2.5690000000000E+003    9.8500000000000E+003    6.7186200000000E+005    3.6328000000000E+004    2.5090400000000E+005    3.1056000000000E+004    3.2085700000000E+005
     165    2.4920000000000E+003    9.7520000000000E+003    6.6939100000000E+005    3.6204000000000E+004    2.5334800000000E+005    3.1305000000000E+004    3.2334900000000E+005
     166    2.3960000000000E+003    9.6440000000000E+003    6.6700700000000E+005    3.6085000000000E+004    2.5567900000000E+005    3.1585000000000E+004    3.2574500000000E+005
     167    2.3930000000000E+003    9.5850000000000E+003    6.6467000000000E+005    3.5831000000000E+004    2.5810400000000E+005    3.1810000000000E+004    3.2813800000000E+005
     168    2.4710000000000E+003    9.4490000000000E+003    6.6241300000000E+005    3.5559000000000E+004    2.6054400000000E+005    3.2035000000000E+004    3.3060900000000E+005
     169    2.3840000000000E+003    9.2490000000000E+003    6.6014200000000E+005    3.5375000000000E+004    2.6293800000000E+005    3.2296000000000E+004    3.3299300000000E+005
     170    2.3370000000000E+003    9.1720000000000E+003    6.5783500000000E+005    3.5128000000000E+004    2.6533200000000E+005    3.2533000000000E+004    3.3533000000000E+005
     171    2.2570000000000E+003    9.0330000000000E+003    6.5563700000000E+005    3.4928000000000E+004    2.6761800000000E+005    3.2784000000000E+004    3.3758700000000E+005
     172    2.2710000000000E+003    8.9760000000000E+003    6.5343700000000E+005    3.4507000000000E+004    2.7006800000000E+005    3.3012000000000E+004    3.3985800000000E+005
     173    2.3070000000000E+003    8.8830000000000E+003    6.5125900000000E+005    3.4132000000000E+004    2.7247400000000E+005    3.3252000000000E+004    3.4216500000000E+005
     174    2.1980000000000E+003    8.7690000000000E+003    6.4906600000000E+005    3.3907000000000E+004    2.7475900000000E+005    3.3499000000000E+004    3.4436300000000E+005
     175    2.2000000000000E+003    8.7670000000000E+003    6.4687000000000E+005    3.3615000000000E+004    2.7700900000000E+005    3.3739000000000E+004    3.4656300000000E+005
     176    2.1780000000000E+003    8.7260000000000E+003    6.4471100000000E+005    3.3254000000000E+004    2.7933100000000E+005    3.3978000000000E+004    3.4874100000000E+005
     177    2.1930000000000E+003    8.7010000000000E+003    6.4255800000000E+005    3.2950000000000E+004    2.8158500000000E+005    3.4206000000000E+004    3.5093400000000E+005
     178    2.1960000000000E+003    8.6840000000000E+003    6.4038200000000E+005    3.2646000000000E+004    2.8384000000000E+005    3.4448000000000E+004    3.5313000000000E+005
     179    2.1590000000000E+003    8.5600000000000E+003    6.3831000000000E+005    3.2273000000000E+004    2.8620200000000E+005    3.4655000000000E+004    3.5528900000000E+005
     180    2.1530000000000E+003    8.5250000000000E+003    6.3618600000000E+005    3.1940000000000E+004    2.8845200000000E+005    3.4897000000000E+004    3.5744200000000E+005
     181    2.1760000000000E+003    8.4180000000000E+003    6.3414000000000E+005    3.1697000000000E+004    2.9062000000000E+005    3.5125000000000E+004    3.5961800000000E+005
     182    2.0720000000000E+003    8.3000000000000E+003    6.3208200000000E+005    3.1480000000000E+004    2.9279000000000E+005    3.5348000000000E+004    3.6169000000000E+005
     183    2.1240000000000E+003    8.1950000000000E+003    6.3011500000000E+005    3.1081000000000E+004    2.9500600000000E+005    3.5603000000000E+004    3.6381400000000E+005
     184    2.0460000000000E+003    8.0440000000000E+003    6.2814200000000E+005    3.0821000000000E+004    2.9715100000000E+005    3.5842000000000E+004    3.6586000000000E+005
     185    2.0580000000000E+003    7.9190000000000E+003    6.2622100000000E+005    3.0530000000000E+004    2.9928200000000E+005    3.6048000000000E+004    3.6791800000000E+005
     186    1.9670000000000E+003    7.8270000000000E+003    6.2425500000000E+005    3.0331000000000E+004    3.0132900000000E+005    3.6258000000000E+004    3.6988500000000E+005
     187    1.9730000000000E+003    7.7610000000000E+003    6.2235400000000E+005    3.0027000000000E+004    3.0340300000000E+005    3.6455000000000E+004    3.7185800000000E+005
     188    1.9210000000000E+003    7.6660000000000E+003    6.2047600000000E+005    2.9693000000000E+004    3.0551500000000E+005    3.6650000000000E+004    3.7377900000000E+005
     189    1.9660000000000E+003    7.6250000000000E+003    6.1859600000000E+005    2.9416000000000E+004    3.0750500000000E+005    3.6858000000000E+004    3.7574500000000E+005
     190    1.9010000000000E+003    7.5150000000000E+003    6.1674000000000E+005    2.9182000000000E+004    3.0947800000000E+005    3.7085000000000E+004    3.7764600000000E+005
     191    1.8780000000000E+003    7.4750000000000E+003    6.1487900000000E+005    2.8905000000000E+004    3.1147400000000E+005    3.7267000000000E+004    3.7952400000000E+005
     192    1.8800000000000E+003    7.4830000000000E+003    6.1299300000000E+005    2.8590000000000E+004    3.1347300000000E+005    3.7461000000000E+004    3.8140400000000E+005
     193    1.8560000000000E+003    7.4020000000000E+003    6.1119400000000E+005    2.8274000000000E+004    3.1548800000000E+005    3.7642000000000E+004    3.8326000000000E+005
     194    1.8610000000000E+003    7.2150000000000E+003    6.0952500000000E+005    2.7971000000000E+004    3.1744400000000E+005    3.7845000000000E+004    3.8512100000000E+005
     195    1.8860000000000E+003    7.1140000000000E+003    6.0776500000000E+005    2.7679000000000E+004    3.1940400000000E+005    3.8038000000000E+004    3.8700700000000E+005
     196    1.7990000000000E+003    6.9650000000000E+003    6.0602800000000E+005    2.7389000000000E+004    3.2137600000000E+005    3.8242000000000E+004    3.8880600000000E+005
     197    1.6690000000000E+003    6.8750000000000E+003    6.0431900000000E+005    2.7116000000000E+004    3.2324500000000E+005    3.8445000000000E+004    3.9047500000000E+005
     198    1.7600000000000E+003    6.9090000000000E+003    6.0261600000000E+005    2.6661000000000E+004    3.2515300000000E+005    3.8661000000000E+004    3.9223500000000E+005
     199    1.7370000000000E+003    6.8860000000000E+003    6.0087900000000E+005    2.6375000000000E+004    3.2701400000000E+005    3.8846000000000E+004    3.9397200000000E+005
     200    1.7090000000000E+003    6.8250000000000E+003    5.9920300000000E+005    2.6054000000000E+004    3.2889000000000E+005    3.9028000000000E+004    3.9568100000000E+005
     201    1.7030000000000E+003    6.8370000000000E+003    5.9748200000000E+005    2.5796000000000E+004    3.3066800000000E+005    3.9217000000000E+004    3.9738400000000E+005
     202    1.7370000000000E+003    6.8010000000000E+003    5.9581500000000E+005    2.5526000000000E+004    3.3247500000000E+005    3.9383000000000E+004    3.9912100000000E+005
     203    1.6760000000000E+003    6.7700000000000E+003    5.9410900000000E+005    2.5342000000000E+004    3.3419700000000E+005    3.9582000000000E+004    4.0079700000000E+005
     204    1.7210000000000E+003    6.6650000000000E+003    5.9253800000000E+005    2.5052000000000E+004    3.3599100000000E+005    3.9754000000000E+004    4.0251800000000E+005
     205    1.6670000000000E+003    6.5010000000000E+003    5.9098100000000E+005    2.4872000000000E+004    3.3771200000000E+005    3.9934000000000E+004    4.0418500000000E+005
     206    1.7060000000000E+003    6.4380000000000E+003    5.8937700000000E+005    2.4661000000000E+004    3.3943000000000E+005    4.0094000000000E+004    4.0589100000000E+005
     207    1.5710000000000E+003    6.2750000000000E+003    5.8783400000000E+005    2.4487000000000E+004    3.4112800000000E+005    4.0276000000000E+004    4.0746200000000E+005
     208    1.5570000000000E+003    6.2430000000000E+003    5.8629500000000E+005    2.4202000000000E+004    3.4281200000000E+005    4.0448000000000E+004    4.0901900000000E+005
     209    1.6040000000000E+003    6.1640000000000E+003    5.8481700000000E+005    2.3898000000000E+004    3.4450100000000E+005    4.0620000000000E+004    4.1062300000000E+005
     210    1.5430000000000E+003    6.0430000000000E+003    5.8333400000000E+005    2.3616000000000E+004    3.4622200000000E+005    4.0785000000000E+004    4.1216600000000E+005
     211    1.5390000000000E+003    6.0080000000000E+003    5.8182600000000E+005    2.3360000000000E+004    3.4785300000000E+005    4.0953000000000E+004    4.1370500000000E+005
     212    1.4780000000000E+003    5.9460000000000E+003    5.8034900000000E+005    2.3230000000000E+004    3.4938300000000E+005    4.1092000000000E+004    4.1518300000000E+005
     213    1.4830000000000E+003    5.9330000000000E+003    5.7888400000000E+005    2.2948000000000E+004    3.5099700000000E+005    4.1238000000000E+004    4.1666600000000E+005
     214    1.5080000000000E+003    5.9270000000000E+003    5.7740700000000E+005    2.2694000000000E+004    3.5255700000000E+005    4.1415000000000E+004    4.1817400000000E+005
     215    1.4770000000000E+003    5.8960000000000E+003    5.7593000000000E+005    2.2493000000000E+004    3.5411800000000E+005    4.1563000000000E+004    4.1965100000000E+005
     216    1.4650000000000E+003    5.8520000000000E+003    5.7449700000000E+005    2.2267000000000E+004    3.5568100000000E+005    4.1703000000000E+004    4.2111600000000E+005
     217    1.4770000000000E+003    5.8160000000000E+003    5.7306800000000E+005    2.1995000000000E+004    3.5726600000000E+005    4.1855000000000E+004    4.2259300000000E+005
     218    1.4770000000000E+003    5.7340000000000E+003    5.7167300000000E+005    2.1796000000000E+004    3.5880500000000E+005    4.1992000000000E+004    4.2407000000000E+005
     219    1.4330000000000E+003    5.6040000000000E+003    5.7032600000000E+005    2.1552000000000E+004    3.6036700000000E+005    4.2151000000000E+004    4.2550300000000E+005
     220    1.4290000000000E+003    5.5000000000000E+003    5.6899700000000E+005    2.1318000000000E+004    3.6190200000000E+005    4.2283000000000E+004    4.2693200000000E+005
     221    1.3950000000000E+003    5.4640000000000E+003    5.6760400000000E+005    2.1041000000000E+004    3.6347400000000E+005    4.2417000000000E+004    4.2832700000000E+005
     222    1.3470000000000E+003    5.4160000000000E+003    5.6625700000000E+005    2.0865000000000E+004    3.6490400000000E+005    4.2558000000000E+004    4.2967400000000E+005
     223    1.3290000000000E+003    5.3190000000000E+003    5.6500700000000E+005    2.0655000000000E+004    3.6629600000000E+005    4.2723000000000E+004    4.3100300000000E+005
     224    1.3930000000000E+003    5.1750000000000E+003    5.6382200000000E+005    2.0380000000000E+004    3.6775400000000E+005    4.2869000000000E+004    4.3239600000000E+005
     225    1.3470000000000E+003    5.0170000000000E+003    5.6258700000000E+005    2.0230000000000E+004    3.6917700000000E+005    4.2989000000000E+004    4.3374300000000E+005
     226    1.2500000000000E+003    4.9920000000000E+003    5.6126500000000E+005    2.0038000000000E+004    3.7058700000000E+005    4.3118000000000E+004    4.3499300000000E+005
     227    1.1850000000000E+003    4.9530000000000E+003    5.6005400000000E+005    1.9810000000000E+004    3.7192100000000E+005    4.3262000000000E+004    4.3617800000000E+005
     228    1.2350000000000E+003    4.9840000000000E+003    5.5883800000000E+005    1.9512000000000E+004    3.7328400000000E+005    4.3382000000000E+004    4.3741300000000E+005
     229    1.3220000000000E+003    4.9870000000000E+003    5.5760000000000E+005    1.9239000000000E+004    3.7465500000000E+005    4.3519000000000E+004    4.3873500000000E+005
     230    1.2110000000000E+003    4.8160000000000E+003    5.5644900000000E+005    1.9084000000000E+004    3.7600500000000E+005    4.3646000000000E+004    4.3994600000000E+005
     231    1.2160000000000E+003    4.7880000000000E+003    5.5526600000000E+005    1.8830000000000E+004    3.7736500000000E+005    4.3751000000000E+004    4.4116200000000E+005
     232    1.2380000000000E+003    4.6790000000000E+003    5.5415900000000E+005    1.8569000000000E+004    3.7871600000000E+005    4.3877000000000E+004    4.4240000000000E+005
     233    1.1510000000000E+003    4.5460000000000E+003    5.5305400000000E+005    1.8330000000000E+004    3.8007300000000E+005    4.3997000000000E+004    4.4355100000000E+005
     234    1.1830000000000E+003    4.5290000000000E+003    5.5192000000000E+005    1.8048000000000E+004    3.8138100000000E+005    4.4122000000000E+004    4.4473400000000E+005
     235    1.1070000000000E+003    4.4570000000000E+003    5.5080900000000E+005    1.7802000000000E+004    3.8269400000000E+005    4.4238000000000E+004    4.4584100000000E+005
     236    1.1050000000000E+003    4.4070000000000E+003    5.4975200000000E+005    1.7514000000000E+004    3.8396500000000E+005    4.4362000000000E+004    4.4694600000000E+005
     237    1.1340000000000E+003    4.3670000000000E+003    5.4868700000000E+005    1.7272000000000E+004    3.8518800000000E+005    4.4486000000000E+004    4.4808000000000E+005
     238    1.1110000000000E+003    4.2490000000000E+003    5.4767100000000E+005    1.7077000000000E+004    3.8639500000000E+005    4.4608000000000E+004    4.4919100000000E+005
     239    1.0570000000000E+003    4.1120000000000E+003    5.4669700000000E+005    1.6795000000000E+004    3.8766400000000E+005    4.4732000000000E+004    4.5024800000000E+005
     240    1.0650000000000E+003    4.0790000000000E+003    5.4567300000000E+005    1.6505000000000E+004    3.8892100000000E+005    4.4822000000000E+004    4.5131300000000E+005
     241    1.0160000000000E+003    4.0510000000000E+003    5.4463600000000E+005    1.6320000000000E+004    3.9005000000000E+005    4.4943000000000E+004    4.5232900000000E+005
     242    9.7400000000000E+002    4.0590000000000E+003    5.4361200000000E+005    1.6151000000000E+004    3.9111300000000E+005    4.5065000000000E+004    4.5330300000000E+005
     243    1.0240000000000E+003    4.0940000000000E+003    5.4260300000000E+005    1.5890000000000E+004    3.9222800000000E+005    4.5185000000000E+004    4.5432700000000E+005
     244    1.0370000000000E+003    3.9860000000000E+003    5.4168700000000E+005    1.5592000000000E+004    3.9343500000000E+005    4.5300000000000E+004    4.5536400000000E+005
     245    1.0240000000000E+003    3.8550000000000E+003    5.4078100000000E+005    1.5418000000000E+004    3.9453400000000E+005    4.5412000000000E+004    4.5638800000000E+005
     246    1.0090000000000E+003    3.7530000000000E+003    5.3985900000000E+005    1.5226000000000E+004    3.9564800000000E+005    4.5514000000000E+004    4.5739700000000E+005
     247    9.1600000000000E+002    3.6530000000000E+003    5.3895000000000E+005    1.4997000000000E+004    3.9677700000000E+005    4.5623000000000E+004    4.5831300000000E+005
     248    9.0600000000000E+002    3.6350000000000E+003    5.3805200000000E+005    1.4762000000000E+004    3.9784300000000E+005    4.5708000000000E+004    4.5921900000000E+005
     249    9.2200000000000E+002    3.6020000000000E+003    5.3717900000000E+005    1.4485000000000E+004    3.9894100000000E+005    4.5793000000000E+004    4.6014100000000E+005
     250    9.0900000000000E+002    3.5560000000000E+003    5.3630300000000E+005    1.4300000000000E+004    3.9994800000000E+005    4.5893000000000E+004    4.6105000000000E+005
     251    8.9800000000000E+002    3.4950000000000E+003    5.3545500000000E+005    1.4104000000000E+004    4.0094600000000E+005    4.6000000000000E+004    4.6194800000000E+005
     252    8.7300000000000E+002    3.4480000000000E+003    5.3460400000000E+005    1.3868000000000E+004    4.0197600000000E+005    4.6104000000000E+004    4.6282100000000E+005
     253    8.7600000000000E+002    3.4490000000000E+003    5.3373000000000E+005    1.3630000000000E+004    4.0300200000000E+005    4.6189000000000E+004    4.6369700000000E+005
     254    8.4800000000000E+002    3.4250000000000E+003    5.3287800000000E+005    1.3449000000000E+004    4.0396900000000E+005    4.6279000000000E+004    4.6454500000000E+005
     255    8.5100000000000E+002    3.4110000000000E+003    5.3204400000000E+005    1.3232000000000E+004    4.0494700000000E+005    4.6366000000000E+004    4.6539600000000E+005
     256    8.7400000000000E+002    3.3290000000000E+003    5.3127500000000E+005    1.3067000000000E+004    4.0586900000000E+005    4.6460000000000E+004    4.6627000000000E+005
     257    8.5200000000000E+002    3.2120000000000E+003    5.3051800000000E+005    1.2967000000000E+004    4.0675400000000E+005    4.6549000000000E+004    4.6712200000000E+005
     258    8.3400000000000E+002    3.1030000000000E+003    5.2977500000000E+005    1.2795000000000E+004    4.0768400000000E+005    4.6643000000000E+004    4.6795600000000E+005
     259    7.6900000000000E+002    3.0810000000000E+003    5.2896300000000E+005    1.2592000000000E+004    4.0863500000000E+005    4.6729000000000E+004    4.6872500000000E+005
     260    7.5700000000000E+002    3.0470000000000E+003    5.2822800000000E+005    1.2337000000000E+004    4.0956800000000E+005    4.6820000000000E+004    4.6948200000000E+005
     261    7.4300000000000E+002    2.9950000000000E+003    5.2752300000000E+005    1.2085000000000E+004    4.1049000000000E+005    4.6907000000000E+004    4.7022500000000E+005
     262    8.1200000000000E+002    2.9600000000000E+003    5.2681500000000E+005    1.1912000000000E+004    4.1132100000000E+005    4.6992000000000E+004    4.7103700000000E+005
     263    7.3500000000000E+002    2.8250000000000E+003    5.2613800000000E+005    1.1818000000000E+004    4.1213000000000E+005    4.7089000000000E+004    4.7177200000000E+005
     264    7.0500000000000E+002    2.7780000000000E+003    5.2545000000000E+005    1.1631000000000E+004    4.1297200000000E+005    4.7169000000000E+004    4.7247700000000E+005
     265    7.0800000000000E+002    2.7470000000000E+003    5.2477600000000E+005    1.1427000000000E+004    4.1381100000000E+005    4.7239000000000E+004    4.7318500000000E+005
     266    6.7700000000000E+002    2.7210000000000E+003    5.2409400000000E+005    1.1237000000000E+004    4.1462800000000E+005    4.7320000000000E+004    4.7386200000000E+005
     267    6.8800000000000E+002    2.7820000000000E+003    5.2335600000000E+005    1.1041000000000E+004    4.1542400000000E+005    4.7397000000000E+004    4.7455000000000E+005
     268    6.7400000000000E+002    2.7660000000000E+003    5.2268400000000E+005    1.0853000000000E+004    4.1622300000000E+005    4.7474000000000E+004    4.7522400000000E+005
     269    6.8200000000000E+002    2.7170000000000E+003    5.2205900000000E+005    1.0679000000000E+004    4.1701200000000E+005    4.7533000000000E+004    4.7590600000000E+005
     270    7.3800000000000E+002    2.6600000000000E+003    5.2143400000000E+005    1.0510000000000E+004    4.1778800000000E+005    4.7608000000000E+004    4.7664400000000E+005
     271    6.7200000000000E+002    2.5170000000000E+003    5.2083900000000E+005    1.0374000000000E+004    4.1859100000000E+005    4.7679000000000E+004    4.7731600000000E+005
     272    6.2500000000000E+002    2.4870000000000E+003    5.2019700000000E+005    1.0194000000000E+004    4.1937500000000E+005    4.7747000000000E+004    4.7794100000000E+005
     273    6.2500000000000E+002    2.4840000000000E+003    5.1957500000000E+005    9.9850000000000E+003    4.2014200000000E+005    4.7814000000000E+004    4.7856600000000E+005
     274    5.9500000000000E+002    2.4480000000000E+003    5.1898600000000E+005    9.8410000000000E+003    4.2083400000000E+005    4.7891000000000E+004    4.7916100000000E+005
     275    6.4200000000000E+002    2.4370000000000E+003    5.1840200000000E+005    9.6790000000000E+003    4.2151100000000E+005    4.7971000000000E+004    4.7980300000000E+005
     276    6.2200000000000E+002    2.3340000000000E+003    5.1786300000000E+005    9.5780000000000E+003    4.2218400000000E+005    4.8041000000000E+004    4.8042500000000E+005
     277    5.8900000000000E+002    2.2790000000000E+003    5.1729600000000E+005    9.3880000000000E+003    4.2292900000000E+005    4.8108000000000E+004    4.8101400000000E+005
     278    5.8400000000000E+002    2.2170000000000E+003    5.1676900000000E+005    9.2420000000000E+003    4.2359900000000E+005    4.8173000000000E+004    4.8159800000000E+005
     279    5.3900000000000E+002    2.1540000000000E+003    5.1624800000000E+005    9.1210000000000E+003    4.2425000000000E+005    4.8227000000000E+004    4.8213700000000E+005
     280    5.6700000000000E+002    2.1260000000000E+003    5.1573700000000E+005    8.9520000000000E+003    4.2489800000000E+005    4.8287000000000E+004    4.8270400000000E+005
     281    5.2700000000000E+002    2.0820000000000E+003    5.1521400000000E+005    8.8420000000000E+003    4.2551600000000E+005    4.8346000000000E+004    4.8323100000000E+005
     282    5.2100000000000E+002    2.0680000000000E+003    5.1470100000000E+005    8.6810000000000E+003    4.2615000000000E+005    4.8400000000000E+004    4.8375200000000E+005
     283    5.1100000000000E+002    2.0390000000000E+003    5.1420900000000E+005    8.5280000000000E+003    4.2676800000000E+005    4.8456000000000E+004    4.8426300000000E+005
     284    5.2300000000000E+002    1.9940000000000E+003    5.1374300000000E+005    8.3570000000000E+003    4.2740300000000E+005    4.8503000000000E+004    4.8478600000000E+005
     285    5.1300000000000E+002    1.9270000000000E+003    5.1328700000000E+005    8.1420000000000E+003    4.2808200000000E+005    4.8562000000000E+004    4.8529900000000E+005
     286    4.9200000000000E+002    1.8810000000000E+003    5.1282000000000E+005    7.9830000000000E+003    4.2871100000000E+005    4.8605000000000E+004    4.8579100000000E+005
     287    4.6600000000000E+002    1.8480000000000E+003    5.1236100000000E+005    7.8500000000000E+003    4.2929400000000E+005    4.8647000000000E+004    4.8625700000000E+005
     288    4.5600000000000E+002    1.8140000000000E+003    5.1192900000000E+005    7.6910000000000E+003    4.2987100000000E+005    4.8695000000000E+004    4.8671300000000E+005
     289    4.6700000000000E+002    1.7900000000000E+003    5.1149700000000E+005    7.5520000000000E+003    4.3042000000000E+005    4.8741000000000E+004    4.8718000000000E+005
     290    4.5900000000000E+002    1.7890000000000E+003    5.1103100000000E+005    7.3770000000000E+003    4.3100700000000E+005    4.8796000000000E+004    4.8763900000000E+005
     291    4.3200000000000E+002    1.7400000000000E+003    5.1062100000000E+005    7.2140000000000E+003    4.3158600000000E+005    4.8839000000000E+004    4.8807100000000E+005
     292    4.3200000000000E+002    1.7360000000000E+003    5.1019300000000E+005    7.0570000000000E+003    4.3213200000000E+005    4.8882000000000E+004    4.8850300000000E+005
     293    4.6600000000000E+002    1.7760000000000E+003    5.0972100000000E+005    6.9050000000000E+003    4.3267600000000E+005    4.8922000000000E+004    4.8896900000000E+005
     294    4.1000000000000E+002    1.7400000000000E+003    5.0929100000000E+005    6.8320000000000E+003    4.3317100000000E+005    4.8966000000000E+004    4.8937900000000E+005
     295    4.2800000000000E+002    1.7430000000000E+003    5.0887800000000E+005    6.6750000000000E+003    4.3369500000000E+005    4.9009000000000E+004    4.8980700000000E+005
     296    4.7200000000000E+002    1.7090000000000E+003    5.0848400000000E+005    6.5760000000000E+003    4.3417700000000E+005    4.9054000000000E+004    4.9027900000000E+005
     297    4.3000000000000E+002    1.5950000000000E+003    5.0812600000000E+005    6.5270000000000E+003    4.3465700000000E+005    4.9095000000000E+004    4.9070900000000E+005
     298    4.1300000000000E+002    1.5260000000000E+003    5.0776500000000E+005    6.4460000000000E+003    4.3511400000000E+005    4.9149000000000E+004    4.9112200000000E+005
     299    3.9400000000000E+002    1.4560000000000E+003    5.0742200000000E+005    6.3360000000000E+003    4.3560300000000E+005    4.9183000000000E+004    4.9151600000000E+005
     300    3.5800000000000E+002    1.4020000000000E+003    5.0708200000000E+005    6.2170000000000E+003    4.3607600000000E+005    4.9223000000000E+004    4.9187400000000E+005
