       1    1.3000000000000E+001    1.3000000000000E+001
       2    1.4000000000000E+001    1.4000000000000E+001
       3    1.6000000000000E+001    1.6000000000000E+001
       4    1.9000000000000E+001    1.9000000000000E+001
       5    1.9000000000000E+001    1.9000000000000E+001
       6    2.9000000000000E+001    3.3000000000000E+001
       7    3.2000000000000E+001    3.8000000000000E+001
       8    4.1000000000000E+001    4.7000000000000E+001
       9    4.7000000000000E+001    5.4000000000000E+001
      10    5.3000000000000E+001    6.2000000000000E+001
      11    5.7000000000000E+001    6.7000000000000E+001
      12    7.9000000000000E+001    9.3000000000000E+001
      13    1.0100000000000E+002    1.1900000000000E+002
      14    1.1200000000000E+002    1.3200000000000E+002
      15    1.2700000000000E+002    1.4900000000000E+002
      16    1.4900000000000E+002    1.7400000000000E+002
      17    1.9100000000000E+002    2.2400000000000E+002
      18    2.2300000000000E+002    2.6400000000000E+002
      19    2.6500000000000E+002    3.1300000000000E+002
      20    3.1700000000000E+002    3.7500000000000E+002
      21    3.5250000000000E+002    4.1600000000000E+002
      22    3.7700000000000E+002    4.4650000000000E+002
      23    4.3100000000000E+002    5.1000000000000E+002
      24    4.6450000000000E+002    5.5200000000000E+002
      25    5.3000000000000E+002    6.3000000000000E+002
      26    5.8000000000000E+002    6.9050000000000E+002
      27    6.4200000000000E+002    7.6450000000000E+002
      28    6.8300000000000E+002    8.1300000000000E+002
      29    7.3400000000000E+002    8.7600000000000E+002
      30    8.3400000000000E+002    9.9400000000000E+002
      31    9.1350000000000E+002    1.0880000000000E+003
      32    1.0095000000000E+003    1.2045000000000E+003
      33    1.0915000000000E+003    1.3010000000000E+003
      34    1.1900000000000E+003    1.4225000000000E+003
      35    1.2730000000000E+003    1.5190000000000E+003
      36    1.3595000000000E+003    1.6260000000000E+003
      37    1.5235000000000E+003    1.8330000000000E+003
      38    1.6990000000000E+003    2.0405000000000E+003
      39    1.8970000000000E+003    2.2780000000000E+003
      40    2.1005000000000E+003    2.5175000000000E+003
      41    2.2690000000000E+003    2.7210000000000E+003
      42    2.4335000000000E+003    2.9165000000000E+003
      43    2.6050000000000E+003    3.1240000000000E+003
      44    2.8700000000000E+003    3.4470000000000E+003
      45    3.1545000000000E+003    3.7915000000000E+003
      46    3.4090000000000E+003    4.1030000000000E+003
      47    3.6905000000000E+003    4.4480000000000E+003
      48    4.0305000000000E+003    4.8485000000000E+003
      49    4.2590000000000E+003    5.1180000000000E+003
      50    4.4985000000000E+003    5.4090000000000E+003
      51    4.8870000000000E+003    5.8970000000000E+003
      52    5.2730000000000E+003    6.3515000000000E+003
      53    5.6410000000000E+003    6.7880000000000E+003
      54    5.9525000000000E+003    7.1745000000000E+003
      55    6.2845000000000E+003    7.5625000000000E+003
      56    6.5590000000000E+003    7.8915000000000E+003
      57    6.8385000000000E+003    8.2490000000000E+003
      58    7.3515000000000E+003    8.8650000000000E+003
      59    7.7420000000000E+003    9.3375000000000E+003
      60    8.1210000000000E+003    9.7760000000000E+003
      61    8.5955000000000E+003    1.0336500000000E+004
      62    9.0545000000000E+003    1.0903500000000E+004
      63    9.3475000000000E+003    1.1274000000000E+004
      64    9.6525000000000E+003    1.1640000000000E+004
      65    1.0284500000000E+004    1.2379500000000E+004
      66    1.0886000000000E+004    1.3131000000000E+004
      67    1.1494500000000E+004    1.3849000000000E+004
      68    1.2070000000000E+004    1.4554500000000E+004
      69    1.2774000000000E+004    1.5429500000000E+004
      70    1.3168000000000E+004    1.5891500000000E+004
      71    1.3510500000000E+004    1.6307500000000E+004
      72    1.4239500000000E+004    1.7195500000000E+004
      73    1.4828000000000E+004    1.7917000000000E+004
      74    1.5512500000000E+004    1.8767000000000E+004
      75    1.6192000000000E+004    1.9576000000000E+004
      76    1.6919000000000E+004    2.0451000000000E+004
      77    1.7283000000000E+004    2.0901500000000E+004
      78    1.7677500000000E+004    2.1393500000000E+004
      79    1.8504500000000E+004    2.2378500000000E+004
      80    1.9193500000000E+004    2.3217500000000E+004
      81    1.9953000000000E+004    2.4145000000000E+004
      82    2.0626500000000E+004    2.4978500000000E+004
      83    2.1336000000000E+004    2.5824500000000E+004
      84    2.1755500000000E+004    2.6336000000000E+004
      85    2.2106000000000E+004    2.6778000000000E+004
      86    2.2956500000000E+004    2.7791500000000E+004
      87    2.3767500000000E+004    2.8759000000000E+004
      88    2.4688500000000E+004    2.9869500000000E+004
      89    2.5491500000000E+004    3.0840500000000E+004
      90    2.6301500000000E+004    3.1825000000000E+004
      91    2.6742000000000E+004    3.2342500000000E+004
      92    2.7197000000000E+004    3.2877500000000E+004
      93    2.8220000000000E+004    3.4093500000000E+004
      94    2.9101500000000E+004    3.5183000000000E+004
      95    3.0012500000000E+004    3.6282500000000E+004
      96    3.0738000000000E+004    3.7154000000000E+004
      97    3.1504500000000E+004    3.8062000000000E+004
      98    3.1883500000000E+004    3.8532000000000E+004
      99    3.2294000000000E+004    3.8995000000000E+004
     100    3.3174500000000E+004    4.0050500000000E+004
     101    3.3980500000000E+004    4.1027000000000E+004
     102    3.4717500000000E+004    4.1945000000000E+004
     103    3.5440500000000E+004    4.2840000000000E+004
     104    3.6202000000000E+004    4.3724000000000E+004
     105    3.6590500000000E+004    4.4224000000000E+004
     106    3.6875000000000E+004    4.4576000000000E+004
     107    3.7613000000000E+004    4.5493000000000E+004
     108    3.8225000000000E+004    4.6244500000000E+004
     109    3.8873500000000E+004    4.7044500000000E+004
     110    3.9454000000000E+004    4.7722000000000E+004
     111    4.0104000000000E+004    4.8540000000000E+004
     112    4.0413000000000E+004    4.8916000000000E+004
     113    4.0685500000000E+004    4.9283000000000E+004
     114    4.1479000000000E+004    5.0221500000000E+004
     115    4.2105500000000E+004    5.0965500000000E+004
     116    4.2875000000000E+004    5.1895500000000E+004
     117    4.3510500000000E+004    5.2688000000000E+004
     118    4.4174500000000E+004    5.3464500000000E+004
     119    4.4517000000000E+004    5.3892000000000E+004
     120    4.4780500000000E+004    5.4216500000000E+004
     121    4.5443000000000E+004    5.5043000000000E+004
     122    4.6047000000000E+004    5.5780000000000E+004
     123    4.6679000000000E+004    5.6545000000000E+004
     124    4.7140000000000E+004    5.7102500000000E+004
     125    4.7827500000000E+004    5.7921500000000E+004
     126    4.8083500000000E+004    5.8239500000000E+004
     127    4.8321000000000E+004    5.8531500000000E+004
     128    4.9020500000000E+004    5.9422000000000E+004
     129    4.9626500000000E+004    6.0141000000000E+004
     130    5.0330500000000E+004    6.1032500000000E+004
     131    5.0951500000000E+004    6.1782500000000E+004
     132    5.1580000000000E+004    6.2566000000000E+004
     133    5.1887000000000E+004    6.2952500000000E+004
     134    5.2187000000000E+004    6.3296000000000E+004
     135    5.2980000000000E+004    6.4251000000000E+004
     136    5.3759500000000E+004    6.5181500000000E+004
     137    5.4485000000000E+004    6.6085000000000E+004
     138    5.5058500000000E+004    6.6790500000000E+004
     139    5.5670000000000E+004    6.7563000000000E+004
     140    5.5943000000000E+004    6.7918000000000E+004
     141    5.6178500000000E+004    6.8155000000000E+004
     142    5.6870500000000E+004    6.8971500000000E+004
     143    5.7486500000000E+004    6.9681500000000E+004
     144    5.8124000000000E+004    7.0509000000000E+004
     145    5.8730000000000E+004    7.1255500000000E+004
     146    5.9308500000000E+004    7.1943000000000E+004
     147    5.9610000000000E+004    7.2302000000000E+004
     148    5.9824000000000E+004    7.2559000000000E+004
     149    6.0533000000000E+004    7.3421000000000E+004
     150    6.1162500000000E+004    7.4198500000000E+004
     151    6.1851000000000E+004    7.5021500000000E+004
     152    6.2386000000000E+004    7.5680500000000E+004
     153    6.2944000000000E+004    7.6370500000000E+004
     154    6.3221500000000E+004    7.6689000000000E+004
     155    6.3436000000000E+004    7.6950500000000E+004
     156    6.4122000000000E+004    7.7815500000000E+004
     157    6.4677500000000E+004    7.8492000000000E+004
     158    6.5280000000000E+004    7.9190500000000E+004
     159    6.5860500000000E+004    7.9881000000000E+004
     160    6.6381500000000E+004    8.0531500000000E+004
     161    6.6644500000000E+004    8.0850500000000E+004
     162    6.6790000000000E+004    8.1064000000000E+004
     163    6.7426000000000E+004    8.1842000000000E+004
     164    6.8013000000000E+004    8.2536000000000E+004
     165    6.8466500000000E+004    8.3121500000000E+004
     166    6.8980500000000E+004    8.3706000000000E+004
     167    6.9561500000000E+004    8.4380500000000E+004
     168    6.9763000000000E+004    8.4653000000000E+004
     169    6.9957500000000E+004    8.4907500000000E+004
     170    7.0543000000000E+004    8.5613000000000E+004
     171    7.1165500000000E+004    8.6314500000000E+004
     172    7.1679000000000E+004    8.6916000000000E+004
     173    7.2260000000000E+004    8.7617000000000E+004
     174    7.2803500000000E+004    8.8252000000000E+004
     175    7.3018500000000E+004    8.8530000000000E+004
     176    7.3179000000000E+004    8.8726500000000E+004
     177    7.3856500000000E+004    8.9519500000000E+004
     178    7.4436000000000E+004    9.0235000000000E+004
     179    7.5048000000000E+004    9.0983000000000E+004
     180    7.5598500000000E+004    9.1600000000000E+004
     181    7.6138500000000E+004    9.2248000000000E+004
     182    7.6385500000000E+004    9.2543000000000E+004
     183    7.6556000000000E+004    9.2744000000000E+004
     184    7.7209000000000E+004    9.3513500000000E+004
     185    7.7832000000000E+004    9.4257000000000E+004
     186    7.8391500000000E+004    9.4905000000000E+004
     187    7.9003500000000E+004    9.5652000000000E+004
     188    7.9528000000000E+004    9.6268000000000E+004
     189    7.9755000000000E+004    9.6538500000000E+004
     190    7.9932500000000E+004    9.6755500000000E+004
     191    8.0559000000000E+004    9.7519500000000E+004
     192    8.0967500000000E+004    9.8019000000000E+004
     193    8.1149500000000E+004    9.8230500000000E+004
     194    8.1842500000000E+004    9.9016000000000E+004
     195    8.2481000000000E+004    9.9716500000000E+004
     196    8.2686000000000E+004    9.9964000000000E+004
     197    8.2885000000000E+004    1.0022700000000E+005
     198    8.3534500000000E+004    1.0100400000000E+005
     199    8.4070000000000E+004    1.0162650000000E+005
     200    8.4644000000000E+004    1.0236000000000E+005
     201    8.5121000000000E+004    1.0296650000000E+005
     202    8.5677500000000E+004    1.0365650000000E+005
     203    8.5883000000000E+004    1.0391500000000E+005
     204    8.6044000000000E+004    1.0411050000000E+005
     205    8.6579000000000E+004    1.0476000000000E+005
     206    8.7090500000000E+004    1.0539600000000E+005
     207    8.7562500000000E+004    1.0598500000000E+005
     208    8.8055000000000E+004    1.0659000000000E+005
     209    8.8464500000000E+004    1.0711200000000E+005
     210    8.8629500000000E+004    1.0734950000000E+005
     211    8.8774500000000E+004    1.0754000000000E+005
     212    8.9193500000000E+004    1.0803950000000E+005
     213    8.9580500000000E+004    1.0848450000000E+005
     214    9.0005500000000E+004    1.0897000000000E+005
     215    9.0390000000000E+004    1.0940600000000E+005
     216    9.0730000000000E+004    1.0983250000000E+005
     217    9.0938000000000E+004    1.1008550000000E+005
     218    9.1087000000000E+004    1.1026650000000E+005
     219    9.1537000000000E+004    1.1078300000000E+005
     220    9.1979500000000E+004    1.1132000000000E+005
     221    9.2386000000000E+004    1.1180800000000E+005
     222    9.2789000000000E+004    1.1230850000000E+005
     223    9.3205500000000E+004    1.1281700000000E+005
     224    9.3416000000000E+004    1.1306500000000E+005
     225    9.3571500000000E+004    1.1327300000000E+005
     226    9.4071000000000E+004    1.1384000000000E+005
     227    9.4600500000000E+004    1.1450250000000E+005
     228    9.5000500000000E+004    1.1497500000000E+005
     229    9.5482500000000E+004    1.1554900000000E+005
     230    9.5953500000000E+004    1.1612800000000E+005
     231    9.6131500000000E+004    1.1633500000000E+005
     232    9.6308000000000E+004    1.1655250000000E+005
     233    9.6833000000000E+004    1.1719050000000E+005
     234    9.7367000000000E+004    1.1782600000000E+005
     235    9.7875000000000E+004    1.1842000000000E+005
     236    9.8377500000000E+004    1.1903450000000E+005
     237    9.8844500000000E+004    1.1964050000000E+005
     238    9.9044500000000E+004    1.1986300000000E+005
     239    9.9212500000000E+004    1.2007550000000E+005
     240    9.9551000000000E+004    1.2049100000000E+005
     241    1.0009950000000E+005    1.2118600000000E+005
     242    1.0059100000000E+005    1.2177550000000E+005
     243    1.0107050000000E+005    1.2237450000000E+005
     244    1.0157550000000E+005    1.2297300000000E+005
     245    1.0182250000000E+005    1.2330150000000E+005
     246    1.0204250000000E+005    1.2357550000000E+005
     247    1.0266300000000E+005    1.2431150000000E+005
     248    1.0332500000000E+005    1.2508800000000E+005
     249    1.0397000000000E+005    1.2587750000000E+005
     250    1.0449050000000E+005    1.2654050000000E+005
     251    1.0501850000000E+005    1.2719700000000E+005
     252    1.0529700000000E+005    1.2752300000000E+005
     253    1.0551100000000E+005    1.2777800000000E+005
     254    1.0578600000000E+005    1.2807400000000E+005
     255    1.0656200000000E+005    1.2900200000000E+005
     256    1.0724600000000E+005    1.2981600000000E+005
     257    1.0782250000000E+005    1.3049500000000E+005
     258    1.0852800000000E+005    1.3131950000000E+005
     259    1.0886700000000E+005    1.3171200000000E+005
     260    1.0912200000000E+005    1.3202150000000E+005
     261    1.0995450000000E+005    1.3304450000000E+005
     262    1.1078600000000E+005    1.3404250000000E+005
     263    1.1159950000000E+005    1.3503350000000E+005
     264    1.1240450000000E+005    1.3602050000000E+005
     265    1.1326050000000E+005    1.3709650000000E+005
     266    1.1370050000000E+005    1.3760950000000E+005
     267    1.1397250000000E+005    1.3793200000000E+005
     268    1.1487050000000E+005    1.3909800000000E+005
     269    1.1592750000000E+005    1.4037650000000E+005
     270    1.1699750000000E+005    1.4170250000000E+005
     271    1.1811050000000E+005    1.4306100000000E+005
     272    1.1924600000000E+005    1.4447700000000E+005
     273    1.1982550000000E+005    1.4519400000000E+005
     274    1.2018850000000E+005    1.4561850000000E+005
     275    1.2162400000000E+005    1.4746200000000E+005
     276    1.2311350000000E+005    1.4927200000000E+005
     277    1.2437300000000E+005    1.5093550000000E+005
     278    1.2567200000000E+005    1.5249250000000E+005
     279    1.2701950000000E+005    1.5408300000000E+005
     280    1.2782350000000E+005    1.5500300000000E+005
     281    1.2817350000000E+005    1.5543500000000E+005
     282    1.2977750000000E+005    1.5735600000000E+005
     283    1.3145750000000E+005    1.5929750000000E+005
     284    1.3296600000000E+005    1.6115550000000E+005
     285    1.3435700000000E+005    1.6285700000000E+005
     286    1.3583050000000E+005    1.6457200000000E+005
     287    1.3647150000000E+005    1.6535850000000E+005
     288    1.3688850000000E+005    1.6583550000000E+005
     289    1.3848500000000E+005    1.6772400000000E+005
     290    1.4009400000000E+005    1.6961150000000E+005
     291    1.4160400000000E+005    1.7133800000000E+005
     292    1.4290300000000E+005    1.7295600000000E+005
     293    1.4332150000000E+005    1.7343650000000E+005
     294    1.4386550000000E+005    1.7411300000000E+005
     295    1.4432650000000E+005    1.7467500000000E+005
     296    1.4622150000000E+005    1.7685200000000E+005
     297    1.4790100000000E+005    1.7894000000000E+005
     298    1.4949150000000E+005    1.8082000000000E+005
     299    1.5075650000000E+005    1.8236950000000E+005
     300    1.5118500000000E+005    1.8291000000000E+005
     301    1.5176300000000E+005    1.8360750000000E+005
     302    1.5225450000000E+005    1.8420650000000E+005
     303    1.5392700000000E+005    1.8625700000000E+005
     304    1.5574700000000E+005    1.8850450000000E+005
     305    1.5756100000000E+005    1.9064100000000E+005
     306    1.5941750000000E+005    1.9271600000000E+005
     307    1.6122600000000E+005    1.9476950000000E+005
     308    1.6199850000000E+005    1.9570450000000E+005
     309    1.6254750000000E+005    1.9631850000000E+005
     310    1.6455450000000E+005    1.9880100000000E+005
     311    1.6653050000000E+005    2.0113700000000E+005
     312    1.6839300000000E+005    2.0331500000000E+005
     313    1.7029900000000E+005    2.0555700000000E+005
     314    1.7197550000000E+005    2.0765050000000E+005
     315    1.7280950000000E+005    2.0866700000000E+005
     316    1.7339850000000E+005    2.0938250000000E+005
     317    1.7533850000000E+005    2.1160250000000E+005
     318    1.7720950000000E+005    2.1385350000000E+005
     319    1.7901700000000E+005    2.1598950000000E+005
     320    1.8083550000000E+005    2.1814950000000E+005
     321    1.8248350000000E+005    2.2017050000000E+005
     322    1.8324200000000E+005    2.2108800000000E+005
     323    1.8367350000000E+005    2.2163650000000E+005
     324    1.8552350000000E+005    2.2380900000000E+005
     325    1.8714600000000E+005    2.2571350000000E+005
     326    1.8872000000000E+005    2.2751200000000E+005
     327    1.9014950000000E+005    2.2928900000000E+005
     328    1.9147500000000E+005    2.3086100000000E+005
     329    1.9214250000000E+005    2.3165350000000E+005
     330    1.9256800000000E+005    2.3215650000000E+005
     331    1.9294600000000E+005    2.3260500000000E+005
     332    1.9441250000000E+005    2.3439600000000E+005
     333    1.9562800000000E+005    2.3586150000000E+005
     334    1.9675650000000E+005    2.3717800000000E+005
     335    1.9773650000000E+005    2.3837700000000E+005
     336    1.9824800000000E+005    2.3896300000000E+005
     337    1.9855200000000E+005    2.3931550000000E+005
     338    1.9969500000000E+005    2.4074000000000E+005
     339    2.0069900000000E+005    2.4192200000000E+005
     340    2.0165100000000E+005    2.4304500000000E+005
     341    2.0253100000000E+005    2.4410200000000E+005
     342    2.0332150000000E+005    2.4500500000000E+005
     343    2.0370200000000E+005    2.4545900000000E+005
     344    2.0391750000000E+005    2.4573550000000E+005
     345    2.0478750000000E+005    2.4674700000000E+005
     346    2.0572200000000E+005    2.4787050000000E+005
     347    2.0651900000000E+005    2.4881700000000E+005
     348    2.0732050000000E+005    2.4982450000000E+005
     349    2.0808250000000E+005    2.5073800000000E+005
     350    2.0843050000000E+005    2.5118550000000E+005
     351    2.0866150000000E+005    2.5148000000000E+005
     352    2.0966150000000E+005    2.5265200000000E+005
     353    2.1040450000000E+005    2.5357700000000E+005
     354    2.1110800000000E+005    2.5446350000000E+005
     355    2.1179650000000E+005    2.5528450000000E+005
     356    2.1255000000000E+005    2.5615450000000E+005
     357    2.1287050000000E+005    2.5652700000000E+005
     358    2.1312200000000E+005    2.5682550000000E+005
     359    2.1407500000000E+005    2.5797450000000E+005
     360    2.1482200000000E+005    2.5885700000000E+005
     361    2.1551150000000E+005    2.5973350000000E+005
     362    2.1613750000000E+005    2.6048050000000E+005
     363    2.1678700000000E+005    2.6129250000000E+005
     364    2.1705000000000E+005    2.6162200000000E+005
     365    2.1725700000000E+005    2.6188550000000E+005
     366    2.1799900000000E+005    2.6280750000000E+005
     367    2.1864950000000E+005    2.6356900000000E+005
     368    2.1923950000000E+005    2.6421450000000E+005
     369    2.1978550000000E+005    2.6483500000000E+005
     370    2.2030400000000E+005    2.6544900000000E+005
     371    2.2056600000000E+005    2.6576200000000E+005
     372    2.2069750000000E+005    2.6594250000000E+005
     373    2.2087100000000E+005    2.6612950000000E+005
     374    2.2160400000000E+005    2.6695200000000E+005
     375    2.2215950000000E+005    2.6758800000000E+005
     376    2.2268250000000E+005    2.6818550000000E+005
     377    2.2317150000000E+005    2.6877700000000E+005
     378    2.2337450000000E+005    2.6900400000000E+005
     379    2.2355350000000E+005    2.6921200000000E+005
     380    2.2418500000000E+005    2.6993600000000E+005
     381    2.2474550000000E+005    2.7054950000000E+005
     382    2.2522950000000E+005    2.7112050000000E+005
     383    2.2567350000000E+005    2.7165350000000E+005
     384    2.2607650000000E+005    2.7211550000000E+005
     385    2.2625350000000E+005    2.7230350000000E+005
     386    2.2636350000000E+005    2.7244600000000E+005
     387    2.2691800000000E+005    2.7306100000000E+005
     388    2.2737600000000E+005    2.7355650000000E+005
     389    2.2776100000000E+005    2.7399200000000E+005
     390    2.2793000000000E+005    2.7417500000000E+005
     391    2.2808500000000E+005    2.7436350000000E+005
     392    2.2823400000000E+005    2.7453800000000E+005
     393    2.2836000000000E+005    2.7470100000000E+005
     394    2.2896100000000E+005    2.7540450000000E+005
     395    2.2939150000000E+005    2.7591900000000E+005
     396    2.2972900000000E+005    2.7636000000000E+005
     397    2.3015100000000E+005    2.7687800000000E+005
     398    2.3059500000000E+005    2.7737650000000E+005
     399    2.3080300000000E+005    2.7760400000000E+005
     400    2.3092150000000E+005    2.7774500000000E+005
     401    2.3142350000000E+005    2.7829350000000E+005
     402    2.3183350000000E+005    2.7879500000000E+005
     403    2.3216800000000E+005    2.7919000000000E+005
     404    2.3250300000000E+005    2.7959800000000E+005
     405    2.3279950000000E+005    2.7994150000000E+005
     406    2.3294800000000E+005    2.8012150000000E+005
     407    2.3304550000000E+005    2.8023750000000E+005
     408    2.3342700000000E+005    2.8066650000000E+005
     409    2.3374450000000E+005    2.8106700000000E+005
     410    2.3402350000000E+005    2.8139500000000E+005
     411    2.3425900000000E+005    2.8172550000000E+005
     412    2.3446050000000E+005    2.8198650000000E+005
     413    2.3463150000000E+005    2.8216750000000E+005
     414    2.3471850000000E+005    2.8226150000000E+005
     415    2.3506200000000E+005    2.8266650000000E+005
     416    2.3533900000000E+005    2.8297850000000E+005
     417    2.3558600000000E+005    2.8329250000000E+005
     418    2.3584800000000E+005    2.8364300000000E+005
     419    2.3602850000000E+005    2.8386750000000E+005
     420    2.3611950000000E+005    2.8395900000000E+005
     421    2.3618300000000E+005    2.8404800000000E+005
     422    2.3641550000000E+005    2.8434350000000E+005
     423    2.3664200000000E+005    2.8463300000000E+005
     424    2.3681450000000E+005    2.8484550000000E+005
     425    2.3696250000000E+005    2.8505500000000E+005
     426    2.3713000000000E+005    2.8527500000000E+005
     427    2.3718500000000E+005    2.8536000000000E+005
     428    2.3724700000000E+005    2.8542650000000E+005
     429    2.3735450000000E+005    2.8556200000000E+005
     430    2.3755950000000E+005    2.8584650000000E+005
     431    2.3771450000000E+005    2.8603850000000E+005
     432    2.3784750000000E+005    2.8622500000000E+005
     433    2.3804750000000E+005    2.8644700000000E+005
     434    2.3816850000000E+005    2.8661300000000E+005
     435    2.3822650000000E+005    2.8669950000000E+005
     436    2.3838100000000E+005    2.8691150000000E+005
     437    2.3851400000000E+005    2.8708650000000E+005
     438    2.3864750000000E+005    2.8725500000000E+005
     439    2.3878100000000E+005    2.8744550000000E+005
     440    2.3889350000000E+005    2.8758750000000E+005
     441    2.3900750000000E+005    2.8773900000000E+005
     442    2.3905350000000E+005    2.8779350000000E+005
     443    2.3923000000000E+005    2.8799900000000E+005
     444    2.3937400000000E+005    2.8818400000000E+005
     445    2.3951900000000E+005    2.8834550000000E+005
     446    2.3965350000000E+005    2.8849100000000E+005
     447    2.3979000000000E+005    2.8864700000000E+005
     448    2.3985450000000E+005    2.8873100000000E+005
     449    2.3993600000000E+005    2.8882850000000E+005
     450    2.4009950000000E+005    2.8902000000000E+005
     451    2.4025600000000E+005    2.8919300000000E+005
     452    2.4039200000000E+005    2.8936650000000E+005
     453    2.4051600000000E+005    2.8952050000000E+005
     454    2.4066250000000E+005    2.8968950000000E+005
     455    2.4075000000000E+005    2.8978600000000E+005
     456    2.4081650000000E+005    2.8986450000000E+005
     457    2.4098700000000E+005    2.9007150000000E+005
     458    2.4117100000000E+005    2.9030050000000E+005
     459    2.4136750000000E+005    2.9053550000000E+005
     460    2.4151850000000E+005    2.9070700000000E+005
     461    2.4168300000000E+005    2.9088500000000E+005
     462    2.4181150000000E+005    2.9104050000000E+005
     463    2.4186650000000E+005    2.9110000000000E+005
     464    2.4208000000000E+005    2.9134850000000E+005
     465    2.4228900000000E+005    2.9158050000000E+005
     466    2.4250950000000E+005    2.9179850000000E+005
     467    2.4273650000000E+005    2.9206000000000E+005
     468    2.4296300000000E+005    2.9233050000000E+005
     469    2.4306500000000E+005    2.9244950000000E+005
     470    2.4311300000000E+005    2.9253650000000E+005
     471    2.4345100000000E+005    2.9291300000000E+005
     472    2.4378200000000E+005    2.9329350000000E+005
     473    2.4410800000000E+005    2.9367300000000E+005
     474    2.4444200000000E+005    2.9404600000000E+005
     475    2.4481600000000E+005    2.9449250000000E+005
     476    2.4503600000000E+005    2.9475400000000E+005
     477    2.4512000000000E+005    2.9485950000000E+005
     478    2.4561150000000E+005    2.9543250000000E+005
     479    2.4609700000000E+005    2.9598950000000E+005
     480    2.4656900000000E+005    2.9650750000000E+005
     481    2.4709250000000E+005    2.9703000000000E+005
     482    2.4773300000000E+005    2.9775300000000E+005
     483    2.4800250000000E+005    2.9804400000000E+005
     484    2.4816800000000E+005    2.9823950000000E+005
     485    2.4896150000000E+005    2.9912900000000E+005
     486    2.4978850000000E+005    3.0010550000000E+005
     487    2.5064750000000E+005    3.0109800000000E+005
     488    2.5156200000000E+005    3.0213000000000E+005
     489    2.5261150000000E+005    3.0331500000000E+005
     490    2.5296100000000E+005    3.0369600000000E+005
     491    2.5320350000000E+005    3.0395200000000E+005
     492    2.5470750000000E+005    3.0560100000000E+005
     493    2.5604500000000E+005    3.0720700000000E+005
     494    2.5735700000000E+005    3.0868400000000E+005
     495    2.5865050000000E+005    3.1019750000000E+005
     496    2.6024000000000E+005    3.1197050000000E+005
     497    2.6075950000000E+005    3.1256850000000E+005
     498    2.6111150000000E+005    3.1294650000000E+005
     499    2.6300550000000E+005    3.1515100000000E+005
     500    2.6492650000000E+005    3.1734750000000E+005
     501    2.6683350000000E+005    3.1963400000000E+005
     502    2.6896450000000E+005    3.2209300000000E+005
     503    2.7088150000000E+005    3.2435900000000E+005
     504    2.7152150000000E+005    3.2512500000000E+005
     505    2.7204750000000E+005    3.2576450000000E+005
     506    2.7447200000000E+005    3.2856750000000E+005
     507    2.7670800000000E+005    3.3133750000000E+005
     508    2.7856850000000E+005    3.3357750000000E+005
     509    2.8053800000000E+005    3.3615300000000E+005
     510    2.8238650000000E+005    3.3839350000000E+005
     511    2.8304800000000E+005    3.3922300000000E+005
     512    2.8356650000000E+005    3.3978100000000E+005
     513    2.8582300000000E+005    3.4232300000000E+005
     514    2.8790300000000E+005    3.4476150000000E+005
     515    2.8993000000000E+005    3.4704050000000E+005
     516    2.9166950000000E+005    3.4906550000000E+005
     517    2.9345350000000E+005    3.5115200000000E+005
     518    2.9406300000000E+005    3.5186950000000E+005
     519    2.9452650000000E+005    3.5242100000000E+005
     520    2.9647450000000E+005    3.5473250000000E+005
     521    2.9839850000000E+005    3.5707250000000E+005
     522    2.9839850000000E+005    3.5707250000000E+005
     523    2.9839850000000E+005    3.5707250000000E+005
     524    2.9839850000000E+005    3.5707250000000E+005
     525    2.9839850000000E+005    3.5707250000000E+005
     526    2.9839850000000E+005    3.5707250000000E+005
     527    2.9839850000000E+005    3.5707250000000E+005
     528    2.9839850000000E+005    3.5707250000000E+005
     529    2.9839850000000E+005    3.5707250000000E+005
     530    2.9839850000000E+005    3.5707250000000E+005
     531    2.9839850000000E+005    3.5707250000000E+005
     532    2.9839850000000E+005    3.5707250000000E+005
     533    2.9839850000000E+005    3.5707250000000E+005
     534    2.9839850000000E+005    3.5707250000000E+005
     535    2.9839850000000E+005    3.5707250000000E+005
     536    2.9839850000000E+005    3.5707250000000E+005
     537    2.9839850000000E+005    3.5707250000000E+005
     538    2.9839850000000E+005    3.5707250000000E+005
     539    2.9839850000000E+005    3.5707250000000E+005
     540    2.9839850000000E+005    3.5707250000000E+005
