         1         0         3         0        10         0         0
         2        11         1         0        13         0         0
         3         1         2         0        14         0         0
         4        11         3         0        16         0         0
         5         9         0         0        19         0         0
         6        10        11         0        19         0         2
         7         7         1         0        30         0         0
         8        28        11         0        31         0         1
         9        35         9         0        42         0         0
        10        12        10         0        51         2         1
        11        15         7         0        61         0         0
        12        33        28         0        68         1         3
        13        54        35         0        96         0         4
        14        44        12         0       131         1         0
        15        46        15         0       143         0         3
        16        70        33         0       158         3         3
        17        49        54         0       191         4         7
        18        18        44        10       245         0         1
        19        79        46         0       279         3         6
        20        51        70        11       325         3         7
        21        78        49         1       384         7         8
        22        84        18        11       432         1         1
        23        80        79         9       439         6         7
        24        56        51        10       509         7         6
        25        57        78         7       550         8        11
        26       139        84        28       621         1         7
        27       117        80        35       677         7        10
        28       139        56        12       722         6         6
        29       122        57        15       766        11         2
        30       144       139        33       808         7        15
        31       114       117        54       914        10        15
        32       123       139        44       977         6        16
        33       236       122        46      1072         2        11
        34       250       144        70      1148        15        14
        35       271       114        49      1222        15        10
        36       279       123        18      1287        16        20
        37       263       236        79      1392        11        21
        38       232       250        51      1549        14        31
        39       222       271        78      1748        10        25
        40       406       279        84      1941        20        22
        41       426       263        80      2136        21        16
        42       360       232        56      2319        31        19
        43       405       222        57      2495        25        26
        44       509       406       139      2660        22        42
        45       345       426       117      2927        16        48
        46       322       360       139      3236        19        33
        47       541       405       122      3457        26        50
        48       509       509       144      3740        42        53
        49       534       345       114      4105        48        41
        50       459       322       123      4336        33        34
        51       466       541       236      4535        50        56
        52       348       509       250      4840        53        46
        53       399       534       271      5099        41        45
        54       710       459       279      5362        34        45
        55       585       466       263      5542        56        55
        56       526       348       232      5745        46        33
        57       704       399       222      5861        45        43
        58       670       710       406      6038        45        68
        59       449       585       426      6342        55        54
        60       432       526       360      6501        33        45
        61       939       704       405      6667        43        75
        62       845       670       509      6966        68        78
        63       878       449       345      7127        54        36
        64       780       432       322      7231        45        37
        65       975       939       541      7341        75       100
        66       546       845       509      7739        78        80
        67       495       878       534      8075        36        86
        68      1056       780       459      8419        37        70
        69       846       975       466      8740       100        96
        70       984       546       348      9249        80        50
        71       895       495       399      9447        86        46
        72      1089      1056       710      9543        70       123
        73       524       846       585      9889        96        75
        74       569       984       526     10150        50       101
        75      1201       895       704     10608        46        90
        76      1005      1089       670     10799       123       114
        77      1107       524       449     11218        75        43
        78      1002       569       432     11293       101        55
        79      1012      1201       939     11430        90       108
        80       595      1005       845     11692       114       105
        81       538      1107       878     11852        43       113
        82      1195      1002       780     12081        55        99
        83      1148      1012       975     12303       108       113
        84      1336       595       546     12340       105        65
        85      1113       538       495     12389       113        60
        86      1145      1195      1056     12432        99       123
        87       613      1148       846     12571       113       124
        88       670      1336       984     12873        65       140
        89      1428      1113       895     13225        60       123
        90      1358      1145      1089     13443       123       118
        91      1253       613       524     13499       124        63
        92      1007       670       569     13588       140        72
        93      1055      1428      1201     13689       123       146
        94       538      1358      1005     13916       118       152
        95       567      1253      1107     14269        63       134
        96      1215      1007      1002     14415        72       110
        97      1153      1055      1012     14420       146        99
        98      1014       538       595     14463       152        46
        99      1042       567       538     14406       134        59
       100      1057      1215      1195     14435       110       123
       101       547      1153      1148     14455        99       116
       102       399      1014      1336     14460        46        81
       103      1046      1042      1113     14138        59       104
       104       861      1057      1145     14067       123       106
       105       979       547       613     13979       116        59
       106       821       399       670     13913        81        31
       107       935      1046      1428     13642       104       122
       108       434       861      1358     13260       106        85
       109       434       979      1253     12763        59       109
       110      1176       821      1007     12489        31        76
       111       840       935      1055     12303       122        94
       112      1169       434       538     12183        85        44
       113       923       434       567     12079       109        44
       114       928      1176      1215     11946        76       115
       115       461       840      1153     11907        94        80
       116       379      1169      1014     11594        44       109
       117       990       923      1042     11749        44       102
       118       766       928      1057     11630       115        85
       119       900       461       547     11501        80        44
       120       659       379       399     11415       109        34
       121       934       990      1046     11395       102        86
       122       393       766       861     11339        85        83
       123       336       900       979     11244        44        93
       124      1040       659       821     11165        34        73
       125       824       934       935     11003        86       103
       126      1039       393       434     11002        83        41
       127       900       336       434     10961        93        28
       128       926      1040      1176     10863        73       107
       129       439       824       840     10727       103        81
       130       426      1039      1169     10711        41       108
       131      1098       900       923     10581        28        83
       132      1149       926       928     10558       107        86
       133      1047       439       461     10556        81        38
       134       828       426       379     10534       108        38
       135       909      1098       990     10581        83       116
       136       404      1149       766     10689        86       132
       137       292      1047       900     11072        38       112
       138       989       828       659     11219        38        76
       139       893       909       934     11388       116        90
       140       969       404       393     11363       132        29
       141       851       292       336     11374       112        36
       142       796       989      1040     11330        76       112
       143       411       893       824     11279        90        85
       144       322       969      1039     11348        29        79
       145       998       851       900     11278        36        91
       146       888       796       926     11229       112        80
       147       917       411       439     11099        85        36
       148       829       322       426     11071        79        27
       149       864       998      1098     10967        91       102
       150       356       888      1149     10867        80       106
       151       313       917      1047     10606        36        91
       152       954       829       828     10476        27        83
       153       791       864       909     10477       102        94
       154       782       356       404     10432       106        43
       155       821       313       292     10384        91        33
       156       743       954       989     10405        83        96
       157       378       791       893     10370        94        70
       158       221       782       969     10268        43        60
       159       900       821       851     10081        33        79
       160       862       743       796     10051        96        76
       161       635       378       411      9998        70        34
       162       682       221       322      9965        60        25
       163       837       900       998      9864        79        87
       164       320       862       888      9766        76        92
       165       278       635       917      9740        34        61
       166       888       682       829      9458        25        60
       167       855       837       864      9311        87        85
       168       705       320       356      9284        92        21
       169       885       278       313      9248        61        27
       170       779       888       954      9213        60        91
       171       318       855       791      9147        85        99
       172       229       705       782      9211        21        75
       173       954       885       821      9134        27        80
       174       865       779       743      9198        91        69
       175       913       318       378      9234        99        30
       176       782       229       221      9174        75        30
       177       822       954       900      9182        80        86
       178       343       865       862      9236        69        89
       179       225       913       635      9239        30        92
       180       961       782       682      9517        30        65
       181       855       822       837      9617        86        80
       182       724       343       320      9602        89        34
       183       841       225       278      9625        92        41
       184       793       961       888      9572        65        93
       185       347       855       855      9645        80       100
       186       260       724       705      9645        34        69
       187       924       841       885      9664        41        84
       188       614       793       779      9620        93        87
       189       273       347       318      9634       100        31
       190       889       260       229      9663        69        27
       191       793       924       954      9694        84        85
       192       301       614       865      9664        87        48
       193       318       273       913      9413        31        18
       194       888       889       782      8773        27        93
       195       763       793       822      8880        85        69
       196       815       301       343      8851        48        36
       197       718       318       225      8809        18        25
       198       846       888       961      8902        93        79
       199       302       763       855      8829        69        68
       200       218       815       724      8737        36        79
       201       804       718       841      8828        25        62
       202       715       846       793      8705        79        76
       203       696       302       347      8758        68        35
       204       732       218       260      8713        79        15
       205       579       804       924      8671        62        64
       206       297       715       614      8551        76        68
       207       184       696       273      8652        35        86
       208       542       732       889      9075        15        76
       209       554       579       793      8918        64        57
       210       602       297       301      8704        68        29
       211       529       184       318      8700        86        28
       212       508       542       888      8566        76        65
       213       282       554       763      8220        57        59
       214       215       602       815      8011        29        52
       215       598       529       718      7798        28        57
       216       637       508       846      7609        65        52
       217       564       282       302      7271        59        35
       218       583       215       218      7251        52        21
       219       605       598       804      7248        57        50
       220       300       637       715      7042        52        58
       221       236       564       696      6964        35        57
       222       666       583       732      6832        21        65
       223       703       605       579      6683        50        64
       224       609       300       297      6709        58        28
       225       724       236       184      6712        57        26
       226       696       666       542      6764        65        65
       227       210       703       554      6888        64        73
       228       247       609       602      7037        28        48
       229       714       724       529      7044        26        63
       230       762       696       508      7239        65        66
       231       735       210       282      7427        73        25
       232       738       247       215      7355        48        24
       233       664       714       598      7387        63        70
       234       261       762       637      7503        66        77
       235       236       735       564      7628        25        63
       236       467       738       583      7799        24        68
       237       808       664       605      7954        70        58
       238       696       261       300      8013        77        22
       239       626       236       236      7974        63        28
       240       688       467       666      7974        68        49
       241       335       808       703      7775        58        71
       242       305       696       609      7880        22        73
       243       877       626       724      7967        28        58
       244       940       688       696      7869        49        70
       245       900       335       210      7861        71        39
       246       813       305       247      7986        73        25
       247       762       877       714      8044        58        73
       248       368       940       762      8207        70        98
       249       294       900       735      8385        39        75
       250       387       813       738      8550        25        89
       251      1042       762       664      8625        73        82
       252       998       368       261      8723        98        44
       253       837       294       236      8830        75        33
       254       931       387       467      8888        89        31
       255       443      1042       808      8808        82       107
       256       344       998       696      9042        44       111
       257      1128       837       626      9344        33        82
       258      1156       931       688      9555        31        91
       259      1135       443       335      9798       107        47
       260      1136       344       305      9906       111        37
       261      1250      1128       877      9945        82       113
       262       578      1156       940     10196        91       112
       263       386      1135       900     10412        47       121
       264      1326      1136       813     10647        37       123
       265      1480      1250       762     10970       113       124
       266      1504       578       368     11458       112        59
       267      1533       386       294     11668       121        41
       268      1635      1326       387     11760       123       131
       269       879      1480      1042     12699       124       133
       270       540      1504       998     13137        59       156
       271      2109      1533       837     13643        41       144
       272      2137      1635       931     14339       131       181
       273      1886       879       443     15043       133        85
       274      1856       540       344     15479       156        63
       275      2021      2109      1128     15675       144       214
       276      1095      2137      1156     16656       181       226
       277       495      1886      1135     17637        85       187
       278      2239      1856      1136     18388        63       191
       279      2286      2021      1250     19108       214       199
       280      2167      1095       578     19879       226       132
       281      2116       495       386     20396       187        56
       282      2043      2239      1326     20505       191       224
       283       945      2286      1480     21418       199       220
       284       565      2167      1504     22224       132       208
       285      2219      2116      1533     22887        56       219
       286      2200      2043      1635     23470       224       216
       287      2051       945       879     23878       220        86
       288      1854       565       540     23944       208        56
       289       525      2219      2109     23969       219       214
       290       804      2200      2137     24079       216       224
       291       663      2051      1886     24142        86       213
       292      2600      1854      1856     24307        56       172
       293      2422       525      2021     24305       214        42
       294      2218       804      1095     22809       224        82
       295      1757       663       495     22518       213        75
       296       625      2600      2239     22686       172       229
       297       789      2422      2286     23047        42       235
       298       718      2218      2167     23183        82       188
       299      2425      1757      2116     23234        75       164
       300      2492       625      2043     22875       229        60
       301      2389       789       945     21457       235        76
       302      2544       718       565     21301       188        79
       303      2502      2425      2219     21454       164       227
       304      1059      2492      2200     21660        60       261
       305       685      2389      2051     21952        76       240
       306      2948      2544      1854     22290        79       215
       307      2745      2502       525     22980       227       275
       308      2590      1059       804     24957       261       108
       309      2655       685       663     25212       240        77
       310      2324      2948      2600     25234       215       267
       311      1164      2745      2422     25582       275       284
       312       815      2590      2218     25905       108       248
       313      2560      2655      1757     26277        77       258
       314      2555      2324       625     27175       267       240
       315      2523      1164       789     28874       284       117
       316      2486       815       718     29249       248        84
       317      2367      2560      2425     29346       258       259
       318      1091      2555      2492     29481       240       275
       319       644      2523      2389     29544       117       266
       320      2444      2486      2544     29678        84       220
       321      2248      2367      2502     29620       259       246
       322      2143      1091      1059     29485       275       129
       323      2027       644       685     29517       266        69
       324      1871      2444      2948     29476       220       264
       325       887      2248      2745     28972       246       211
       326       601      2143      2590     28475       129       213
       327       551      2027      2655     28028        69       194
       328      2009      1871      2324     27400       264       215
       329      1720       887      1164     26947       211        95
       330      1582       601       815     26670       213        55
       331      1327       551      2560     26456       194        64
       332       722      2009      2555     24447       215       224
       333       414      1720      2523     23901        95       187
       334      1622      1582      2486     23098        55       155
       335      1416      1327      2367     22194        64       111
       336      1288       722      1091     21154       224        76
       337      1189       414       644     20785       187        50
       338      1112      1622      2444     20555       155       162
       339       558      1416      2248     19733       111       127
       340       325      1288      2143     18901        76       130
       341      1160      1189      2027     18046        50       128
       342      1281      1112      1871     17208       162       107
       343      1053       558       887     16449       127        62
       344      1131       325       601     16120       130        27
       345      1015      1160       551     15844       128       107
       346       485      1281      2009     16453       107       123
       347       330      1053      1720     15725        62        95
       348      1272      1131      1582     15058        27       113
       349      1047      1015      1327     14607       107        99
       350       992       485       722     14295       123        51
       351       913       330       414     14058        95        39
       352       941      1272      1622     13974       113       129
       353       502      1047      1416     13624        99       105
       354       322       992      1288     13255        51        91
       355      1380       913      1189     12959        39        96
       356      1013       941      1112     12683       129       102
       357       967       502       558     12512       105        47
       358       872       322       325     12456        91        39
       359       953      1380      1160     12453        96       146
       360       356      1013      1281     12673       102        98
       361       335       967      1053     12405        47        96
       362      1049       872      1131     12319        39        79
       363       928       953      1015     12060       146        94
       364       747       356       485     11998        98        29
       365       745       335       330     11869        96        27
       366       742      1049      1272     11874        79        93
       367       390       928      1047     11651        94        70
       368       206       747       992     11532        29        70
       369       235       745       913     11287        27        70
       370      1004       742       941     11119        93        72
       371       708       390       502     10920        70        43
       372       652       206       322     10808        70        20
       373       695       235      1380     10692        70        24
       374       267      1004      1013      9547        72        98
       375       267       708       967      9538        43        78
       376       831       652       872      9279        20        56
       377       719       695       953      9059        24        58
       378       677       267       356      8801        98        26
       379       671       267       335      8712        78        25
       380       504       831      1049      8644        56        97
       381       268       719       928      8426        58        75
       382       163       677       747      8217        26        66
       383       796       671       745      8147        25        56
       384       594       504       742      8073        97        54
       385       524       268       390      7835        75        23
       386       227       163       206      7713        66        15
       387       194       796       235      7670        56        96
       388       207       594      1004      8231        54        56
       389       186       524       708      7821        23        51
       390       840       227       652      7637        15        19
       391       576       194       695      7212        96        19
       392       522       207       267      6711        56        21
       393       548       186       267      6651        51        14
       394       559       840       831      6570        19        67
       395       318       576       719      6579        19        54
       396       136       522       677      6436        21        49
       397       684       548       671      6281        14        48
       398       555       559       504      6158        67        58
       399       455       318       268      6213        54        37
       400       461       136       163      6263        49        16
       401       382       684       796      6236        48        67
       402       183       555       594      6124        58        63
       403       135       455       524      6085        37        38
       404       482       461       227      6016        16        40
       405       444       382       194      6250        67        46
       406       339       183       207      6438        63        23
       407       326       135       186      6414        38        17
       408       281       482       840      6363        40        55
       409       210       444       576      6005        46        43
       410       137       339       522      5873        23        32
       411       433       326       548      5690        17        26
       412       369       281       559      5468        55        30
       413       339       210       318      5190        43        26
       414       378       137       136      5082        32        18
       415       244       433       684      5083        26        34
       416       105       369       555      4832        30        42
       417        94       339       455      4646        26        32
       418       360       378       461      4530        18        41
       419       327       244       382      4447        34        25
       420       246       105       183      4309        42        10
       421       224        94       135      4231        32         6
       422       210       360       482      4190        41        33
       423        86       327       444      4068        25        25
       424        84       246       339      3951        10        26
       425       151       224       326      3858         6        26
       426       321       210       281      3756        33        22
       427       194        86       210      3685        25        10
       428       243        84       137      3561        26         5
       429       249       151       433      3508        26        17
       430       203       321       369      3226        22        27
       431        89       194       339      3178        10        23
       432       269       243       378      3033         5        26
       433       176       249       244      2898        17        17
       434       161       203       105      2903        27        20
       435       231        89        94      3001        23         8
       436       140       269       360      2996        26        30
       437       189       176       327      2905        17        27
       438        73       161       246      2754        20        26
       439       242       231       224      2669         8        19
       440       242       140       210      2676        30        13
       441       166       189        86      2606        27        22
       442       180        73        84      2709        26         9
       443       176       242       151      2698        19        24
       444        89       242       321      2789        13        12
       445       103       166       194      2710        22        22
       446       226       180       243      2682         9        21
       447       191       176       249      2619        24        22
       448       203        89       203      2546        12         8
       449       185       103        89      2432        22        13
       450       186       226       269      2446        21        25
       451       116       191       176      2403        22        29
       452        63       203       161      2418         8        16
       453       231       185       231      2460        13        22
       454       280       186       140      2414        25        18
       455       246       116       189      2460        29         9
       456       220        63        73      2387        16         3
       457       231       231       242      2377        22        25
       458       158       280       242      2366        18        27
       459        78       246       166      2404         9        32
       460       286       220       180      2484         3        23
       461       270       231       176      2524        25        22
       462       271       158        89      2579        27        19
       463       298        78       103      2648        32         9
       464       291       286       226      2623        23        31
       465       136       270       191      2683        22        26
       466        93       271       203      2762        19        26
       467       458       298       185      2830         9        28
       468       420       291       186      2943        31        26
       469       454       136       116      3048        26        13
       470       461        93        63      3068        26         7
       471       504       458       231      3098        28        54
       472       298       420       280      3325        26        46
       473       103       454       246      3465        13        56
       474       671       461       220      3673         7        41
       475       659       504       231      3914        54        51
       476       641       298       158      4187        46        28
       477       652       103        78      4327        56        12
       478       813       671       286      4352        41        62
       479       351       659       270      4737        51        62
       480       229       641       271      5126        28        54
       481      1124       652       298      5496        12        78
       482      1108       813       291      5850        62        91
       483      1152       351       136      6372        62        33
       484      1232       229        93      6587        54        22
       485      1411      1124       458      6723        78       121
       486       494      1108       420      7389        91        99
       487       310      1152       454      8077        33       104
       488      1878      1232       461      8775        22       131
       489      1784      1411       504      9546       121       142
       490      1857       494       298     10453        99        51
       491      1774       310       103     10649       104        28
       492      2156      1878       671     10856       131       213
       493       695      1784       659     12063       142       207
       494       492      1857       641     13188        51       195
       495      2663      1774       652     14404        28       167
       496      2471      2156       813     15526       213       215
       497      2554       695       351     16869       207        63
       498      2779       492       229     17213       195        52
       499      2718      2663      1124     17476       167       280
       500       913      2471      1108     19015       215       233
       501       722      2554      1152     20378        63       235
       502      3268      2779      1232     21780        52       285
       503      3010      2718      1411     23327       280       272
       504      2684       913       494     24634       233        85
       505      2848       722       310     25053       235        83
       506      2476      3268      1878     25465       285       318
       507       927      3010      1784     26855       272       285
       508       690      2684      1857     28081        85       264
       509      3035      2848      1774     28908        83       275
       510      2801      2476      2156     29982       318       253
       511      2636       927       695     30302       285        94
       512      2424       690       492     30534       264        67
       513      2486      3035      2663     30732       275       300
       514       859      2801      2471     31104       253       284
       515       700      2636      2554     31434        94       269
       516      2722      2424      2779     31516        67       239
       517      2642      2486      2718     31161       300       253
       518         0       859       913     30929       284        75
       519         0       700       722     30875       269        68
       520         0      2722      3268     30853       239       261
       521         0      2642      3010     30307       253       271
       522         0         0      2684     29939        75         0
       523         0         0      2848     27255        68         0
       524         0         0      2476     24407       261         0
       525         0         0       927     21931       271         0
       526         0         0       690     21004         0         0
       527         0         0      3035     20314         0         0
       528         0         0      2801     17279         0         0
       529         0         0      2636     14478         0         0
       530         0         0      2424     11842         0         0
       531         0         0      2486      9418         0         0
       532         0         0       859      6932         0         0
       533         0         0       700      6073         0         0
       534         0         0      2722      5373         0         0
       535         0         0      2642      2651         0         0
       536         0         0         0         9         0         0
       537         0         0         0         9         0         0
       538         0         0         0         9         0         0
       539         0         0         0         9         0         0
       540         0         0         0         9         0         0
