       1    1.0000000000000E+001    1.0000000000000E+001
       2    1.0000000000000E+001    1.0000000000000E+001
       3    1.0000000000000E+001    1.0000000000000E+001
       4    1.0000000000000E+001    1.0000000000000E+001
       5    1.0000000000000E+001    1.0000000000000E+001
       6    1.2000000000000E+001    1.4000000000000E+001
       7    1.4000000000000E+001    1.7500000000000E+001
       8    1.7000000000000E+001    2.1000000000000E+001
       9    2.0000000000000E+001    2.5000000000000E+001
      10    2.3000000000000E+001    2.8000000000000E+001
      11    2.5000000000000E+001    3.1000000000000E+001
      12    2.8000000000000E+001    3.5000000000000E+001
      13    3.3000000000000E+001    4.1000000000000E+001
      14    3.9000000000000E+001    4.9000000000000E+001
      15    4.5000000000000E+001    5.7000000000000E+001
      16    5.1000000000000E+001    6.6000000000000E+001
      17    6.0000000000000E+001    7.7000000000000E+001
      18    7.0000000000000E+001    8.9000000000000E+001
      19    8.1000000000000E+001    1.0300000000000E+002
      20    9.3000000000000E+001    1.2000000000000E+002
      21    1.0800000000000E+002    1.4000000000000E+002
      22    1.2600000000000E+002    1.6200000000000E+002
      23    1.4300000000000E+002    1.8500000000000E+002
      24    1.6300000000000E+002    2.1100000000000E+002
      25    1.8500000000000E+002    2.4100000000000E+002
      26    2.1200000000000E+002    2.7600000000000E+002
      27    2.4300000000000E+002    3.1500000000000E+002
      28    2.7700000000000E+002    3.5800000000000E+002
      29    3.1600000000000E+002    4.1000000000000E+002
      30    3.5950000000000E+002    4.6900000000000E+002
      31    4.1200000000000E+002    5.3900000000000E+002
      32    4.7100000000000E+002    6.1800000000000E+002
      33    5.4000000000000E+002    7.0400000000000E+002
      34    6.1600000000000E+002    8.0100000000000E+002
      35    7.0100000000000E+002    9.1800000000000E+002
      36    7.9900000000000E+002    1.0540000000000E+003
      37    9.1000000000000E+002    1.2020000000000E+003
      38    1.0380000000000E+003    1.3640000000000E+003
      39    1.1720000000000E+003    1.5390000000000E+003
      40    1.3250000000000E+003    1.7290000000000E+003
      41    1.4875000000000E+003    1.9430000000000E+003
      42    1.6580000000000E+003    2.1860000000000E+003
      43    1.8570000000000E+003    2.4440000000000E+003
      44    2.0735000000000E+003    2.7285000000000E+003
      45    2.3050000000000E+003    3.0260000000000E+003
      46    2.5500000000000E+003    3.3485000000000E+003
      47    2.8130000000000E+003    3.7025000000000E+003
      48    3.0930000000000E+003    3.9790000000000E+003
      49    3.3880000000000E+003    4.2280000000000E+003
      50    3.6980000000000E+003    4.8215000000000E+003
      51    4.1275000000000E+003    5.3920000000000E+003
      52    4.5420000000000E+003    5.9400000000000E+003
      53    4.9245000000000E+003    6.4360000000000E+003
      54    5.4555000000000E+003    7.0935000000000E+003
      55    5.7315000000000E+003    7.4580000000000E+003
      56    5.9855000000000E+003    7.7955000000000E+003
      57    6.4840000000000E+003    8.4350000000000E+003
      58    7.0370000000000E+003    9.1585000000000E+003
      59    7.6230000000000E+003    9.9280000000000E+003
      60    8.1735000000000E+003    1.0633000000000E+004
      61    8.5340000000000E+003    1.1097500000000E+004
      62    8.8730000000000E+003    1.1542500000000E+004
      63    9.1845000000000E+003    1.1952000000000E+004
      64    9.8925000000000E+003    1.2875000000000E+004
      65    1.0475000000000E+004    1.3628000000000E+004
      66    1.1147500000000E+004    1.4494500000000E+004
      67    1.1853000000000E+004    1.5401000000000E+004
      68    1.2612000000000E+004    1.6406000000000E+004
      69    1.3003500000000E+004    1.6931500000000E+004
      70    1.3378000000000E+004    1.7412500000000E+004
      71    1.4174500000000E+004    1.8441500000000E+004
      72    1.4963500000000E+004    1.9468500000000E+004
      73    1.5789500000000E+004    2.0544000000000E+004
      74    1.6564000000000E+004    2.1548500000000E+004
      75    1.7466000000000E+004    2.2735000000000E+004
      76    1.8026000000000E+004    2.3472000000000E+004
      77    1.8407500000000E+004    2.3956500000000E+004
      78    1.9427000000000E+004    2.5280000000000E+004
      79    2.0386000000000E+004    2.6545500000000E+004
      80    2.1376000000000E+004    2.7825000000000E+004
      81    2.2277500000000E+004    2.9011500000000E+004
      82    2.3143500000000E+004    3.0153000000000E+004
      83    2.3616500000000E+004    3.0759000000000E+004
      84    2.3976000000000E+004    3.1220500000000E+004
      85    2.4957500000000E+004    3.2507500000000E+004
      86    2.5808500000000E+004    3.3630000000000E+004
      87    2.6715500000000E+004    3.4821500000000E+004
      88    2.7476000000000E+004    3.5839500000000E+004
      89    2.8340500000000E+004    3.6985000000000E+004
      90    2.8842000000000E+004    3.7659000000000E+004
      91    2.9249000000000E+004    3.8167000000000E+004
      92    3.0267000000000E+004    3.9468000000000E+004
      93    3.1117500000000E+004    4.0575000000000E+004
      94    3.2021000000000E+004    4.1754500000000E+004
      95    3.2880000000000E+004    4.2876500000000E+004
      96    3.3761000000000E+004    4.4003500000000E+004
      97    3.4256500000000E+004    4.4664000000000E+004
      98    3.4613500000000E+004    4.5130000000000E+004
      99    3.5571000000000E+004    4.6371500000000E+004
     100    3.6477500000000E+004    4.7567000000000E+004
     101    3.7332500000000E+004    4.8704500000000E+004
     102    3.8136000000000E+004    4.9752500000000E+004
     103    3.8994000000000E+004    5.0861500000000E+004
     104    3.9375500000000E+004    5.1357500000000E+004
     105    3.9699500000000E+004    5.1784000000000E+004
     106    4.0527000000000E+004    5.2877000000000E+004
     107    4.1426000000000E+004    5.4061500000000E+004
     108    4.2327000000000E+004    5.5189500000000E+004
     109    4.3179000000000E+004    5.6333500000000E+004
     110    4.3995500000000E+004    5.7378000000000E+004
     111    4.4405000000000E+004    5.7906500000000E+004
     112    4.4654500000000E+004    5.8248000000000E+004
     113    4.5468500000000E+004    5.9295500000000E+004
     114    4.6288000000000E+004    6.0362500000000E+004
     115    4.7038500000000E+004    6.1337000000000E+004
     116    4.7794500000000E+004    6.2327500000000E+004
     117    4.8631500000000E+004    6.3440000000000E+004
     118    4.8957500000000E+004    6.3870000000000E+004
     119    4.9265500000000E+004    6.4290000000000E+004
     120    5.0137500000000E+004    6.5428000000000E+004
     121    5.0975500000000E+004    6.6497500000000E+004
     122    5.1869000000000E+004    6.7717000000000E+004
     123    5.2664000000000E+004    6.8746500000000E+004
     124    5.3532000000000E+004    6.9862000000000E+004
     125    5.3867500000000E+004    7.0319500000000E+004
     126    5.4099500000000E+004    7.0619000000000E+004
     127    5.4998500000000E+004    7.1799500000000E+004
     128    5.5849500000000E+004    7.2908500000000E+004
     129    5.6675500000000E+004    7.4037000000000E+004
     130    5.7348500000000E+004    7.4913000000000E+004
     131    5.8140000000000E+004    7.5965500000000E+004
     132    5.8519000000000E+004    7.6464000000000E+004
     133    5.8753000000000E+004    7.6776500000000E+004
     134    5.9741000000000E+004    7.8032500000000E+004
     135    6.0572500000000E+004    7.9103000000000E+004
     136    6.1659500000000E+004    8.0555500000000E+004
     137    6.2689000000000E+004    8.1886000000000E+004
     138    6.3742000000000E+004    8.3278500000000E+004
     139    6.4352000000000E+004    8.4074500000000E+004
     140    6.4614000000000E+004    8.4397000000000E+004
     141    6.5672000000000E+004    8.5788500000000E+004
     142    6.6763500000000E+004    8.7166000000000E+004
     143    6.7850000000000E+004    8.8592000000000E+004
     144    6.8844000000000E+004    8.9904500000000E+004
     145    6.9789500000000E+004    9.1145000000000E+004
     146    7.0307000000000E+004    9.1815000000000E+004
     147    7.0534500000000E+004    9.2131000000000E+004
     148    7.1509000000000E+004    9.3395500000000E+004
     149    7.2484000000000E+004    9.4651500000000E+004
     150    7.3470500000000E+004    9.5903500000000E+004
     151    7.4407500000000E+004    9.7124000000000E+004
     152    7.5261000000000E+004    9.8266500000000E+004
     153    7.5778500000000E+004    9.8908500000000E+004
     154    7.6019500000000E+004    9.9230500000000E+004
     155    7.6793500000000E+004    1.0026250000000E+005
     156    7.7728000000000E+004    1.0148400000000E+005
     157    7.8652000000000E+004    1.0272300000000E+005
     158    7.9502500000000E+004    1.0378750000000E+005
     159    8.0385000000000E+004    1.0497050000000E+005
     160    8.0815500000000E+004    1.0552250000000E+005
     161    8.0997000000000E+004    1.0577150000000E+005
     162    8.1806500000000E+004    1.0682000000000E+005
     163    8.2742000000000E+004    1.0805900000000E+005
     164    8.3676500000000E+004    1.0931300000000E+005
     165    8.4586500000000E+004    1.1049000000000E+005
     166    8.5499000000000E+004    1.1173000000000E+005
     167    8.5929500000000E+004    1.1228850000000E+005
     168    8.6098000000000E+004    1.1251400000000E+005
     169    8.7009000000000E+004    1.1372050000000E+005
     170    8.8084500000000E+004    1.1511600000000E+005
     171    8.9111500000000E+004    1.1645800000000E+005
     172    8.9980500000000E+004    1.1761250000000E+005
     173    9.0975000000000E+004    1.1890250000000E+005
     174    9.1444500000000E+004    1.1952100000000E+005
     175    9.1697500000000E+004    1.1986450000000E+005
     176    9.2691500000000E+004    1.2115350000000E+005
     177    9.3653500000000E+004    1.2242450000000E+005
     178    9.4978000000000E+004    1.2413400000000E+005
     179    9.6107500000000E+004    1.2564250000000E+005
     180    9.7279500000000E+004    1.2718150000000E+005
     181    9.7974500000000E+004    1.2808100000000E+005
     182    9.8202500000000E+004    1.2839500000000E+005
     183    9.9126500000000E+004    1.2965500000000E+005
     184    1.0040850000000E+005    1.3135800000000E+005
     185    1.0176850000000E+005    1.3310250000000E+005
     186    1.0299550000000E+005    1.3471250000000E+005
     187    1.0412300000000E+005    1.3620800000000E+005
     188    1.0471450000000E+005    1.3700050000000E+005
     189    1.0494650000000E+005    1.3730850000000E+005
     190    1.0588100000000E+005    1.3849600000000E+005
     191    1.0713200000000E+005    1.4012600000000E+005
     192    1.0832250000000E+005    1.4168900000000E+005
     193    1.0944400000000E+005    1.4314200000000E+005
     194    1.1052250000000E+005    1.4457450000000E+005
     195    1.1118300000000E+005    1.4544650000000E+005
     196    1.1140400000000E+005    1.4573150000000E+005
     197    1.1225900000000E+005    1.4691750000000E+005
     198    1.1298450000000E+005    1.4787900000000E+005
     199    1.1319950000000E+005    1.4814500000000E+005
     200    1.1436350000000E+005    1.4970100000000E+005
     201    1.1540250000000E+005    1.5107400000000E+005
     202    1.1602250000000E+005    1.5188200000000E+005
     203    1.1626300000000E+005    1.5219450000000E+005
     204    1.1717700000000E+005    1.5336050000000E+005
     205    1.1831800000000E+005    1.5486050000000E+005
     206    1.1943300000000E+005    1.5633450000000E+005
     207    1.2049400000000E+005    1.5773800000000E+005
     208    1.2151000000000E+005    1.5913200000000E+005
     209    1.2221350000000E+005    1.6002150000000E+005
     210    1.2251800000000E+005    1.6037950000000E+005
     211    1.2354800000000E+005    1.6175300000000E+005
     212    1.2461600000000E+005    1.6322200000000E+005
     213    1.2572850000000E+005    1.6468550000000E+005
     214    1.2678550000000E+005    1.6608100000000E+005
     215    1.2777300000000E+005    1.6734300000000E+005
     216    1.2829700000000E+005    1.6800300000000E+005
     217    1.2851300000000E+005    1.6828750000000E+005
     218    1.2941700000000E+005    1.6951600000000E+005
     219    1.3051750000000E+005    1.7097550000000E+005
     220    1.3165550000000E+005    1.7244050000000E+005
     221    1.3272500000000E+005    1.7383150000000E+005
     222    1.3379950000000E+005    1.7528500000000E+005
     223    1.3429400000000E+005    1.7594200000000E+005
     224    1.3455850000000E+005    1.7630000000000E+005
     225    1.3569050000000E+005    1.7778600000000E+005
     226    1.3693250000000E+005    1.7941550000000E+005
     227    1.3806600000000E+005    1.8088200000000E+005
     228    1.3925850000000E+005    1.8248300000000E+005
     229    1.4064350000000E+005    1.8425500000000E+005
     230    1.4122750000000E+005    1.8506950000000E+005
     231    1.4152500000000E+005    1.8547150000000E+005
     232    1.4321900000000E+005    1.8768950000000E+005
     233    1.4502800000000E+005    1.9007150000000E+005
     234    1.4663800000000E+005    1.9211500000000E+005
     235    1.4823150000000E+005    1.9420400000000E+005
     236    1.4989000000000E+005    1.9639750000000E+005
     237    1.5059550000000E+005    1.9730150000000E+005
     238    1.5086500000000E+005    1.9767900000000E+005
     239    1.5265600000000E+005    1.9998500000000E+005
     240    1.5443450000000E+005    2.0222050000000E+005
     241    1.5617750000000E+005    2.0458050000000E+005
     242    1.5770950000000E+005    2.0661050000000E+005
     243    1.5908400000000E+005    2.0843600000000E+005
     244    1.5969950000000E+005    2.0924800000000E+005
     245    1.5998800000000E+005    2.0963050000000E+005
     246    1.6057650000000E+005    2.1043100000000E+005
     247    1.6246450000000E+005    2.1296850000000E+005
     248    1.6426100000000E+005    2.1533850000000E+005
     249    1.6607450000000E+005    2.1760600000000E+005
     250    1.6764450000000E+005    2.1970900000000E+005
     251    1.6837400000000E+005    2.2069350000000E+005
     252    1.6869650000000E+005    2.2111400000000E+005
     253    1.7085300000000E+005    2.2394500000000E+005
     254    1.7292550000000E+005    2.2670750000000E+005
     255    1.7486000000000E+005    2.2923600000000E+005
     256    1.7665100000000E+005    2.3166650000000E+005
     257    1.7843750000000E+005    2.3404050000000E+005
     258    1.7926900000000E+005    2.3513350000000E+005
     259    1.7965700000000E+005    2.3565500000000E+005
     260    1.8006950000000E+005    2.3619200000000E+005
     261    1.8232350000000E+005    2.3915600000000E+005
     262    1.8430050000000E+005    2.4171450000000E+005
     263    1.8607550000000E+005    2.4407300000000E+005
     264    1.8796100000000E+005    2.4660400000000E+005
     265    1.8910450000000E+005    2.4805000000000E+005
     266    1.8952600000000E+005    2.4858250000000E+005
     267    1.9207800000000E+005    2.5195900000000E+005
     268    1.9475350000000E+005    2.5543650000000E+005
     269    1.9727150000000E+005    2.5868400000000E+005
     270    1.9976900000000E+005    2.6201750000000E+005
     271    2.0253200000000E+005    2.6567500000000E+005
     272    2.0399650000000E+005    2.6760750000000E+005
     273    2.0451150000000E+005    2.6834400000000E+005
     274    2.0788050000000E+005    2.7277750000000E+005
     275    2.1148350000000E+005    2.7754350000000E+005
     276    2.1534050000000E+005    2.8272250000000E+005
     277    2.1934050000000E+005    2.8798200000000E+005
     278    2.2340950000000E+005    2.9341600000000E+005
     279    2.2587450000000E+005    2.9671450000000E+005
     280    2.2657500000000E+005    2.9759800000000E+005
     281    2.3139650000000E+005    3.0386800000000E+005
     282    2.3590000000000E+005    3.0984900000000E+005
     283    2.4051800000000E+005    3.1587600000000E+005
     284    2.4517600000000E+005    3.2207000000000E+005
     285    2.4980100000000E+005    3.2823200000000E+005
     286    2.5236900000000E+005    3.3160150000000E+005
     287    2.5299950000000E+005    3.3242600000000E+005
     288    2.5790650000000E+005    3.3877250000000E+005
     289    2.6269500000000E+005    3.4523550000000E+005
     290    2.6734150000000E+005    3.5132500000000E+005
     291    2.7200400000000E+005    3.5739750000000E+005
     292    2.7694500000000E+005    3.6395200000000E+005
     293    2.7961150000000E+005    3.6745850000000E+005
     294    2.8036250000000E+005    3.6844950000000E+005
     295    2.8529700000000E+005    3.7502600000000E+005
     296    2.9010900000000E+005    3.8122800000000E+005
     297    2.9471250000000E+005    3.8737400000000E+005
     298    2.9873650000000E+005    3.9272650000000E+005
     299    2.9927150000000E+005    3.9344900000000E+005
     300    3.0107250000000E+005    3.9581400000000E+005
     301    3.0200950000000E+005    3.9704050000000E+005
     302    3.0740500000000E+005    4.0416650000000E+005
     303    3.1298700000000E+005    4.1148850000000E+005
     304    3.1798400000000E+005    4.1816800000000E+005
     305    3.2242000000000E+005    4.2390600000000E+005
     306    3.2304750000000E+005    4.2472750000000E+005
     307    3.2472150000000E+005    4.2694950000000E+005
     308    3.2572400000000E+005    4.2823600000000E+005
     309    3.3180900000000E+005    4.3622100000000E+005
     310    3.3787050000000E+005    4.4412150000000E+005
     311    3.4385150000000E+005    4.5197450000000E+005
     312    3.4983800000000E+005    4.5999950000000E+005
     313    3.5580950000000E+005    4.6793700000000E+005
     314    3.5932250000000E+005    4.7256600000000E+005
     315    3.6049350000000E+005    4.7411250000000E+005
     316    3.6706050000000E+005    4.8276850000000E+005
     317    3.7317700000000E+005    4.9088000000000E+005
     318    3.7922050000000E+005    4.9896450000000E+005
     319    3.8507050000000E+005    5.0676650000000E+005
     320    3.9077050000000E+005    5.1413050000000E+005
     321    3.9416950000000E+005    5.1860000000000E+005
     322    3.9517400000000E+005    5.1985300000000E+005
     323    4.0109550000000E+005    5.2764250000000E+005
     324    4.0681650000000E+005    5.3524200000000E+005
     325    4.1197850000000E+005    5.4196100000000E+005
     326    4.1690350000000E+005    5.4854150000000E+005
     327    4.2196700000000E+005    5.5518600000000E+005
     328    4.2476750000000E+005    5.5891250000000E+005
     329    4.2573750000000E+005    5.6015000000000E+005
     330    4.3098900000000E+005    5.6696350000000E+005
     331    4.3617850000000E+005    5.7386750000000E+005
     332    4.4066350000000E+005    5.7985450000000E+005
     333    4.4483500000000E+005    5.8533700000000E+005
     334    4.4868850000000E+005    5.9038950000000E+005
     335    4.5077600000000E+005    5.9319000000000E+005
     336    4.5151550000000E+005    5.9410000000000E+005
     337    4.5253850000000E+005    5.9541700000000E+005
     338    4.5659500000000E+005    6.0074950000000E+005
     339    4.6011450000000E+005    6.0528800000000E+005
     340    4.6344450000000E+005    6.0973250000000E+005
     341    4.6666600000000E+005    6.1388550000000E+005
     342    4.6840700000000E+005    6.1615250000000E+005
     343    4.6892450000000E+005    6.1682300000000E+005
     344    4.7244500000000E+005    6.2143250000000E+005
     345    4.7521950000000E+005    6.2507550000000E+005
     346    4.7787050000000E+005    6.2859900000000E+005
     347    4.8026500000000E+005    6.3168200000000E+005
     348    4.8292250000000E+005    6.3515450000000E+005
     349    4.8448700000000E+005    6.3720700000000E+005
     350    4.8491700000000E+005    6.3781200000000E+005
     351    4.8758950000000E+005    6.4132650000000E+005
     352    4.9004450000000E+005    6.4460300000000E+005
     353    4.9223100000000E+005    6.4754250000000E+005
     354    4.9437750000000E+005    6.5034600000000E+005
     355    4.9650250000000E+005    6.5322500000000E+005
     356    4.9770750000000E+005    6.5489350000000E+005
     357    4.9815450000000E+005    6.5548200000000E+005
     358    5.0095950000000E+005    6.5908950000000E+005
     359    5.0337550000000E+005    6.6228850000000E+005
     360    5.0552800000000E+005    6.6506350000000E+005
     361    5.0774850000000E+005    6.6789400000000E+005
     362    5.1004800000000E+005    6.7093750000000E+005
     363    5.1138900000000E+005    6.7273150000000E+005
     364    5.1188750000000E+005    6.7334500000000E+005
     365    5.1458550000000E+005    6.7686700000000E+005
     366    5.1694550000000E+005    6.7996450000000E+005
     367    5.1916300000000E+005    6.8287350000000E+005
     368    5.2117200000000E+005    6.8559350000000E+005
     369    5.2314250000000E+005    6.8826050000000E+005
     370    5.2429400000000E+005    6.8982450000000E+005
     371    5.2474350000000E+005    6.9039150000000E+005
     372    5.2695200000000E+005    6.9346350000000E+005
     373    5.2882600000000E+005    6.9598600000000E+005
     374    5.3037300000000E+005    6.9797850000000E+005
     375    5.3204050000000E+005    7.0019350000000E+005
     376    5.3371550000000E+005    7.0241050000000E+005
     377    5.3464750000000E+005    7.0363800000000E+005
     378    5.3505400000000E+005    7.0418750000000E+005
     379    5.3554300000000E+005    7.0485800000000E+005
     380    5.3774150000000E+005    7.0768550000000E+005
     381    5.3949050000000E+005    7.0995650000000E+005
     382    5.4114150000000E+005    7.1210900000000E+005
     383    5.4260450000000E+005    7.1396150000000E+005
     384    5.4343950000000E+005    7.1509500000000E+005
     385    5.4377200000000E+005    7.1550250000000E+005
     386    5.4557150000000E+005    7.1789150000000E+005
     387    5.4720750000000E+005    7.2012650000000E+005
     388    5.4855400000000E+005    7.2198400000000E+005
     389    5.4993350000000E+005    7.2383650000000E+005
     390    5.5117450000000E+005    7.2549600000000E+005
     391    5.5198850000000E+005    7.2660900000000E+005
     392    5.5228500000000E+005    7.2702250000000E+005
     393    5.5373500000000E+005    7.2901700000000E+005
     394    5.5511150000000E+005    7.3086550000000E+005
     395    5.5641300000000E+005    7.3255100000000E+005
     396    5.5696050000000E+005    7.3327050000000E+005
     397    5.5737000000000E+005    7.3379700000000E+005
     398    5.5766950000000E+005    7.3419350000000E+005
     399    5.5792000000000E+005    7.3453800000000E+005
     400    5.5939700000000E+005    7.3647050000000E+005
     401    5.6067050000000E+005    7.3816450000000E+005
     402    5.6193250000000E+005    7.3979900000000E+005
     403    5.6304650000000E+005    7.4130200000000E+005
     404    5.6416550000000E+005    7.4285300000000E+005
     405    5.6490400000000E+005    7.4385800000000E+005
     406    5.6509100000000E+005    7.4415800000000E+005
     407    5.6635350000000E+005    7.4588400000000E+005
     408    5.6746500000000E+005    7.4742850000000E+005
     409    5.6850300000000E+005    7.4886750000000E+005
     410    5.6956500000000E+005    7.5024100000000E+005
     411    5.7041100000000E+005    7.5142450000000E+005
     412    5.7092600000000E+005    7.5211650000000E+005
     413    5.7111300000000E+005    7.5237250000000E+005
     414    5.7212600000000E+005    7.5385450000000E+005
     415    5.7307850000000E+005    7.5512800000000E+005
     416    5.7403750000000E+005    7.5639850000000E+005
     417    5.7482300000000E+005    7.5744800000000E+005
     418    5.7557850000000E+005    7.5849450000000E+005
     419    5.7606600000000E+005    7.5917100000000E+005
     420    5.7621450000000E+005    7.5937250000000E+005
     421    5.7714500000000E+005    7.6053200000000E+005
     422    5.7800550000000E+005    7.6168850000000E+005
     423    5.7876650000000E+005    7.6275350000000E+005
     424    5.7947800000000E+005    7.6366150000000E+005
     425    5.8015350000000E+005    7.6453600000000E+005
     426    5.8036550000000E+005    7.6479350000000E+005
     427    5.8052650000000E+005    7.6500550000000E+005
     428    5.8119400000000E+005    7.6593450000000E+005
     429    5.8176100000000E+005    7.6669800000000E+005
     430    5.8232350000000E+005    7.6749350000000E+005
     431    5.8286150000000E+005    7.6820800000000E+005
     432    5.8339500000000E+005    7.6893500000000E+005
     433    5.8371800000000E+005    7.6938600000000E+005
     434    5.8380750000000E+005    7.6949450000000E+005
     435    5.8411000000000E+005    7.6990450000000E+005
     436    5.8468900000000E+005    7.7069850000000E+005
     437    5.8523300000000E+005    7.7143750000000E+005
     438    5.8566050000000E+005    7.7200850000000E+005
     439    5.8616950000000E+005    7.7270850000000E+005
     440    5.8642200000000E+005    7.7306850000000E+005
     441    5.8651200000000E+005    7.7318700000000E+005
     442    5.8704150000000E+005    7.7392200000000E+005
     443    5.8758150000000E+005    7.7465350000000E+005
     444    5.8802100000000E+005    7.7528150000000E+005
     445    5.8851450000000E+005    7.7592850000000E+005
     446    5.8903800000000E+005    7.7664050000000E+005
     447    5.8929100000000E+005    7.7699850000000E+005
     448    5.8939600000000E+005    7.7714100000000E+005
     449    5.8996050000000E+005    7.7786600000000E+005
     450    5.9051400000000E+005    7.7864300000000E+005
     451    5.9109100000000E+005    7.7942350000000E+005
     452    5.9156550000000E+005    7.8007050000000E+005
     453    5.9214650000000E+005    7.8082050000000E+005
     454    5.9240450000000E+005    7.8115800000000E+005
     455    5.9249600000000E+005    7.8129950000000E+005
     456    5.9308100000000E+005    7.8205200000000E+005
     457    5.9365700000000E+005    7.8287150000000E+005
     458    5.9423250000000E+005    7.8366700000000E+005
     459    5.9472600000000E+005    7.8437500000000E+005
     460    5.9530500000000E+005    7.8513250000000E+005
     461    5.9556900000000E+005    7.8549700000000E+005
     462    5.9567500000000E+005    7.8562350000000E+005
     463    5.9642000000000E+005    7.8660450000000E+005
     464    5.9720950000000E+005    7.8760850000000E+005
     465    5.9800700000000E+005    7.8867700000000E+005
     466    5.9868200000000E+005    7.8962900000000E+005
     467    5.9936500000000E+005    7.9059500000000E+005
     468    5.9975400000000E+005    7.9112300000000E+005
     469    5.9988800000000E+005    7.9130400000000E+005
     470    6.0078200000000E+005    7.9245500000000E+005
     471    6.0164800000000E+005    7.9360650000000E+005
     472    6.0253650000000E+005    7.9475900000000E+005
     473    6.0346450000000E+005    7.9598300000000E+005
     474    6.0437850000000E+005    7.9726100000000E+005
     475    6.0492200000000E+005    7.9797100000000E+005
     476    6.0512300000000E+005    7.9822050000000E+005
     477    6.0631450000000E+005    7.9980900000000E+005
     478    6.0766850000000E+005    8.0160650000000E+005
     479    6.0903050000000E+005    8.0338750000000E+005
     480    6.1044400000000E+005    8.0524750000000E+005
     481    6.1185100000000E+005    8.0704000000000E+005
     482    6.1271500000000E+005    8.0816450000000E+005
     483    6.1305900000000E+005    8.0860800000000E+005
     484    6.1486100000000E+005    8.1088950000000E+005
     485    6.1663900000000E+005    8.1313250000000E+005
     486    6.1835250000000E+005    8.1535850000000E+005
     487    6.2027400000000E+005    8.1801000000000E+005
     488    6.2233250000000E+005    8.2062200000000E+005
     489    6.2353350000000E+005    8.2221100000000E+005
     490    6.2402450000000E+005    8.2284600000000E+005
     491    6.2661500000000E+005    8.2639300000000E+005
     492    6.2925700000000E+005    8.3012300000000E+005
     493    6.3233850000000E+005    8.3407100000000E+005
     494    6.3538000000000E+005    8.3809300000000E+005
     495    6.3824350000000E+005    8.4196000000000E+005
     496    6.3999250000000E+005    8.4435400000000E+005
     497    6.4072650000000E+005    8.4532050000000E+005
     498    6.4441550000000E+005    8.5013800000000E+005
     499    6.4860650000000E+005    8.5552900000000E+005
     500    6.5261550000000E+005    8.6081100000000E+005
     501    6.5611300000000E+005    8.6559850000000E+005
     502    6.5959750000000E+005    8.7042300000000E+005
     503    6.6167150000000E+005    8.7313600000000E+005
     504    6.6249200000000E+005    8.7414700000000E+005
     505    6.6725300000000E+005    8.8017200000000E+005
     506    6.7197850000000E+005    8.8620150000000E+005
     507    6.7636900000000E+005    8.9196850000000E+005
     508    6.8095400000000E+005    8.9801050000000E+005
     509    6.8490650000000E+005    9.0339050000000E+005
     510    6.8740900000000E+005    9.0678750000000E+005
     511    6.8860050000000E+005    9.0830800000000E+005
     512    6.9352600000000E+005    9.1482600000000E+005
     513    6.9811550000000E+005    9.2098500000000E+005
     514    7.0245100000000E+005    9.2691050000000E+005
     515    7.0710350000000E+005    9.3321750000000E+005
     516    7.1127450000000E+005    9.3875350000000E+005
     517    7.1342300000000E+005    9.4162400000000E+005
     518    7.1442250000000E+005    9.4296300000000E+005
     519    7.1904400000000E+005    9.4910350000000E+005
     520    7.2350550000000E+005    9.5512500000000E+005
     521    7.2753800000000E+005    9.6034700000000E+005
     522    7.3171050000000E+005    9.6580400000000E+005
     523    7.3553900000000E+005    9.7066500000000E+005
     524    7.3771850000000E+005    9.7364150000000E+005
     525    7.3880050000000E+005    9.7503500000000E+005
     526    7.4304500000000E+005    9.8065000000000E+005
     527    7.4745450000000E+005    9.8643850000000E+005
     528    7.4745450000000E+005    9.8643850000000E+005
     529    7.4745450000000E+005    9.8643850000000E+005
     530    7.4745450000000E+005    9.8643850000000E+005
     531    7.4745450000000E+005    9.8643850000000E+005
     532    7.4745450000000E+005    9.8643850000000E+005
     533    7.4745450000000E+005    9.8643850000000E+005
     534    7.4745450000000E+005    9.8643850000000E+005
     535    7.4745450000000E+005    9.8643850000000E+005
     536    7.4745450000000E+005    9.8643850000000E+005
     537    7.4745450000000E+005    9.8643850000000E+005
     538    7.4745450000000E+005    9.8643850000000E+005
     539    7.4745450000000E+005    9.8643850000000E+005
     540    7.4745450000000E+005    9.8643850000000E+005
