       1    1.0000000000000E+000    9.9999900000000E+006    1.0000000000000E+000    0.0000000000000E+000    0.0000000000000E+000    1.0000000000000E+000
       2    0.0000000000000E+000    9.9999900000000E+006    2.0000000000000E+000    0.0000000000000E+000    0.0000000000000E+000    2.0000000000000E+000
       3    0.0000000000000E+000    9.9999880000000E+006    4.0000000000000E+000    0.0000000000000E+000    0.0000000000000E+000    4.0000000000000E+000
       4   -1.0000000000000E+000    9.9999870000000E+006    6.0000000000000E+000    0.0000000000000E+000    0.0000000000000E+000    6.0000000000000E+000
       5    2.0000000000000E+000    9.9999840000000E+006    6.0000000000000E+000    0.0000000000000E+000    0.0000000000000E+000    6.0000000000000E+000
       6    3.0000000000000E+000    9.9999830000000E+006    6.0000000000000E+000    0.0000000000000E+000    0.0000000000000E+000    6.0000000000000E+000
       7    1.0000000000000E+000    9.9999830000000E+006    8.0000000000000E+000    0.0000000000000E+000    0.0000000000000E+000    8.0000000000000E+000
       8    2.0000000000000E+000    9.9999810000000E+006    9.0000000000000E+000    0.0000000000000E+000    0.0000000000000E+000    9.0000000000000E+000
       9    5.0000000000000E+000    9.9999750000000E+006    1.2000000000000E+001    0.0000000000000E+000    0.0000000000000E+000    1.2000000000000E+001
      10    7.0000000000000E+000    9.9999720000000E+006    1.3000000000000E+001    0.0000000000000E+000    0.0000000000000E+000    1.3000000000000E+001
      11    1.0000000000000E+001    9.9999690000000E+006    1.3000000000000E+001    0.0000000000000E+000    0.0000000000000E+000    1.3000000000000E+001
      12    8.0000000000000E+000    9.9999690000000E+006    1.5000000000000E+001    0.0000000000000E+000    0.0000000000000E+000    1.5000000000000E+001
      13    2.0000000000000E+000    9.9999690000000E+006    2.1000000000000E+001    0.0000000000000E+000    0.0000000000000E+000    2.1000000000000E+001
      14    0.0000000000000E+000    9.9999680000000E+006    2.4000000000000E+001    0.0000000000000E+000    0.0000000000000E+000    2.4000000000000E+001
      15    0.0000000000000E+000    9.9999650000000E+006    2.7000000000000E+001    0.0000000000000E+000    0.0000000000000E+000    2.7000000000000E+001
      16    2.0000000000000E+000    9.9999630000000E+006    2.7000000000000E+001    0.0000000000000E+000    0.0000000000000E+000    2.7000000000000E+001
      17    3.0000000000000E+000    9.9999620000000E+006    2.7000000000000E+001    0.0000000000000E+000    0.0000000000000E+000    2.7000000000000E+001
      18    5.0000000000000E+000    9.9999590000000E+006    2.8000000000000E+001   -1.0000000000000E+000    1.0000000000000E+000    2.8000000000000E+001
      19    6.0000000000000E+000    9.9999550000000E+006    3.1000000000000E+001   -1.0000000000000E+000    1.0000000000000E+000    3.1000000000000E+001
      20    6.0000000000000E+000    9.9999530000000E+006    3.3000000000000E+001   -1.0000000000000E+000    1.0000000000000E+000    3.3000000000000E+001
      21    1.0000000000000E+001    9.9999480000000E+006    3.2000000000000E+001    1.0000000000000E+000    1.0000000000000E+000    3.4000000000000E+001
      22    7.0000000000000E+000    9.9999480000000E+006    3.4000000000000E+001    2.0000000000000E+000    1.0000000000000E+000    3.7000000000000E+001
      23    1.1000000000000E+001    9.9999400000000E+006    3.5000000000000E+001    5.0000000000000E+000    1.0000000000000E+000    4.1000000000000E+001
      24    1.8000000000000E+001    9.9999310000000E+006    3.6000000000000E+001    6.0000000000000E+000    1.0000000000000E+000    4.3000000000000E+001
      25    2.3000000000000E+001    9.9999210000000E+006    4.1000000000000E+001    6.0000000000000E+000    1.0000000000000E+000    4.8000000000000E+001
      26    2.7000000000000E+001    9.9999170000000E+006    3.9000000000000E+001    7.0000000000000E+000    2.0000000000000E+000    4.8000000000000E+001
      27    2.5000000000000E+001    9.9999110000000E+006    4.1000000000000E+001    1.2000000000000E+001    3.0000000000000E+000    5.6000000000000E+001
      28    1.9000000000000E+001    9.9999080000000E+006    4.7000000000000E+001    1.5000000000000E+001    3.0000000000000E+000    6.5000000000000E+001
      29    2.2000000000000E+001    9.9998950000000E+006    5.4000000000000E+001    1.8000000000000E+001    3.0000000000000E+000    7.5000000000000E+001
      30    3.1000000000000E+001    9.9998820000000E+006    5.8000000000000E+001    1.8000000000000E+001    3.0000000000000E+000    7.9000000000000E+001
      31    3.7000000000000E+001    9.9998700000000E+006    6.4000000000000E+001    1.7000000000000E+001    4.0000000000000E+000    8.5000000000000E+001
      32    4.7000000000000E+001    9.9998570000000E+006    6.6000000000000E+001    1.7000000000000E+001    5.0000000000000E+000    8.8000000000000E+001
      33    4.5000000000000E+001    9.9998460000000E+006    7.6000000000000E+001    1.7000000000000E+001    8.0000000000000E+000    1.0100000000000E+002
      34    4.3000000000000E+001    9.9998350000000E+006    8.7000000000000E+001    1.9000000000000E+001    8.0000000000000E+000    1.1400000000000E+002
      35    3.4000000000000E+001    9.9998320000000E+006    9.8000000000000E+001    2.0000000000000E+001    8.0000000000000E+000    1.2600000000000E+002
      36    2.7000000000000E+001    9.9998260000000E+006    1.0800000000000E+002    2.3000000000000E+001    8.0000000000000E+000    1.3900000000000E+002
      37    2.2000000000000E+001    9.9998200000000E+006    1.1500000000000E+002    2.6000000000000E+001    9.0000000000000E+000    1.5000000000000E+002
      38    2.5000000000000E+001    9.9998060000000E+006    1.2400000000000E+002    2.7000000000000E+001    1.0000000000000E+001    1.6100000000000E+002
      39    3.8000000000000E+001    9.9997900000000E+006    1.2200000000000E+002    3.1000000000000E+001    1.1000000000000E+001    1.6400000000000E+002
      40    4.9000000000000E+001    9.9997730000000E+006    1.2800000000000E+002    2.9000000000000E+001    1.3000000000000E+001    1.7000000000000E+002
      41    5.3000000000000E+001    9.9997630000000E+006    1.2600000000000E+002    3.6000000000000E+001    1.4000000000000E+001    1.7600000000000E+002
      42    5.1000000000000E+001    9.9997510000000E+006    1.3100000000000E+002    4.5000000000000E+001    1.4000000000000E+001    1.9000000000000E+002
      43    3.5000000000000E+001    9.9997510000000E+006    1.3700000000000E+002    5.5000000000000E+001    1.4000000000000E+001    2.0600000000000E+002
      44    2.4000000000000E+001    9.9997450000000E+006    1.5000000000000E+002    5.8000000000000E+001    1.5000000000000E+001    2.2300000000000E+002
      45    2.4000000000000E+001    9.9997350000000E+006    1.5400000000000E+002    6.2000000000000E+001    1.7000000000000E+001    2.3300000000000E+002
      46    3.5000000000000E+001    9.9997120000000E+006    1.6300000000000E+002    6.5000000000000E+001    1.7000000000000E+001    2.4500000000000E+002
      47    5.1000000000000E+001    9.9996960000000E+006    1.5000000000000E+002    7.8000000000000E+001    1.7000000000000E+001    2.4500000000000E+002
      48    6.0000000000000E+001    9.9996810000000E+006    1.4300000000000E+002    8.9000000000000E+001    1.9000000000000E+001    2.5100000000000E+002
      49    6.4000000000000E+001    9.9996670000000E+006    1.4100000000000E+002    1.0100000000000E+002    1.9000000000000E+001    2.6100000000000E+002
      50    4.7000000000000E+001    9.9996610000000E+006    1.5100000000000E+002    1.1100000000000E+002    2.2000000000000E+001    2.8400000000000E+002
      51    3.3000000000000E+001    9.9996590000000E+006    1.5600000000000E+002    1.2200000000000E+002    2.2000000000000E+001    3.0000000000000E+002
      52    3.2000000000000E+001    9.9996450000000E+006    1.6000000000000E+002    1.3300000000000E+002    2.2000000000000E+001    3.1500000000000E+002
      53    3.9000000000000E+001    9.9996240000000E+006    1.7100000000000E+002    1.3600000000000E+002    2.2000000000000E+001    3.2900000000000E+002
      54    6.1000000000000E+001    9.9995960000000E+006    1.7100000000000E+002    1.3800000000000E+002    2.6000000000000E+001    3.3500000000000E+002
      55    7.7000000000000E+001    9.9995780000000E+006    1.6700000000000E+002    1.4300000000000E+002    2.7000000000000E+001    3.3700000000000E+002
      56    8.3000000000000E+001    9.9995580000000E+006    1.6700000000000E+002    1.5500000000000E+002    2.9000000000000E+001    3.5100000000000E+002
      57    7.5000000000000E+001    9.9995450000000E+006    1.7200000000000E+002    1.6800000000000E+002    3.2000000000000E+001    3.7200000000000E+002
      58    5.4000000000000E+001    9.9995380000000E+006    1.8300000000000E+002    1.8300000000000E+002    3.4000000000000E+001    4.0000000000000E+002
      59    5.2000000000000E+001    9.9995220000000E+006    1.9100000000000E+002    1.9300000000000E+002    3.4000000000000E+001    4.1800000000000E+002
      60    6.3000000000000E+001    9.9994910000000E+006    1.9900000000000E+002    2.0200000000000E+002    3.7000000000000E+001    4.3800000000000E+002
      61    6.6000000000000E+001    9.9994750000000E+006    2.1200000000000E+002    1.9800000000000E+002    4.1000000000000E+001    4.5100000000000E+002
      62    7.3000000000000E+001    9.9994610000000E+006    2.1300000000000E+002    2.0200000000000E+002    4.3000000000000E+001    4.5800000000000E+002
      63    8.3000000000000E+001    9.9994350000000E+006    2.1900000000000E+002    2.1000000000000E+002    4.5000000000000E+001    4.7400000000000E+002
      64    6.8000000000000E+001    9.9994190000000E+006    2.2700000000000E+002    2.3300000000000E+002    4.5000000000000E+001    5.0500000000000E+002
      65    6.0000000000000E+001    9.9994110000000E+006    2.2700000000000E+002    2.4800000000000E+002    4.6000000000000E+001    5.2100000000000E+002
      66    7.3000000000000E+001    9.9993840000000E+006    2.2600000000000E+002    2.6200000000000E+002    4.7000000000000E+001    5.3500000000000E+002
      67    7.2000000000000E+001    9.9993590000000E+006    2.3800000000000E+002    2.7400000000000E+002    4.9000000000000E+001    5.6100000000000E+002
      68    7.4000000000000E+001    9.9993410000000E+006    2.4800000000000E+002    2.7700000000000E+002    5.2000000000000E+001    5.7700000000000E+002
      69    1.0400000000000E+002    9.9993030000000E+006    2.5400000000000E+002    2.7600000000000E+002    5.5000000000000E+001    5.8500000000000E+002
      70    1.0900000000000E+002    9.9992710000000E+006    2.6700000000000E+002    2.8900000000000E+002    5.6000000000000E+001    6.1200000000000E+002
      71    9.8000000000000E+001    9.9992570000000E+006    2.7100000000000E+002    3.0700000000000E+002    5.9000000000000E+001    6.3700000000000E+002
      72    9.2000000000000E+001    9.9992450000000E+006    2.6100000000000E+002    3.3100000000000E+002    6.3000000000000E+001    6.5500000000000E+002
      73    8.9000000000000E+001    9.9992100000000E+006    2.8100000000000E+002    3.4700000000000E+002    6.5000000000000E+001    6.9300000000000E+002
      74    9.1000000000000E+001    9.9991760000000E+006    2.9300000000000E+002    3.6500000000000E+002    6.7000000000000E+001    7.2500000000000E+002
      75    1.0000000000000E+002    9.9991530000000E+006    2.9400000000000E+002    3.7600000000000E+002    6.9000000000000E+001    7.3900000000000E+002
      76    1.1500000000000E+002    9.9991260000000E+006    2.9900000000000E+002    3.8300000000000E+002    6.9000000000000E+001    7.5100000000000E+002
      77    1.1300000000000E+002    9.9990930000000E+006    3.1800000000000E+002    3.9400000000000E+002    7.4000000000000E+001    7.8600000000000E+002
      78    9.8000000000000E+001    9.9990740000000E+006    3.2100000000000E+002    4.2400000000000E+002    7.5000000000000E+001    8.2000000000000E+002
      79    9.5000000000000E+001    9.9990540000000E+006    3.2800000000000E+002    4.4000000000000E+002    7.5000000000000E+001    8.4300000000000E+002
      80    1.1100000000000E+002    9.9990110000000E+006    3.4100000000000E+002    4.5400000000000E+002    7.5000000000000E+001    8.7000000000000E+002
      81    1.1000000000000E+002    9.9989790000000E+006    3.4800000000000E+002    4.7400000000000E+002    8.1000000000000E+001    9.0300000000000E+002
      82    1.2000000000000E+002    9.9989500000000E+006    3.5100000000000E+002    4.8900000000000E+002    8.2000000000000E+001    9.2200000000000E+002
      83    1.3700000000000E+002    9.9989130000000E+006    3.6300000000000E+002    4.9600000000000E+002    8.3000000000000E+001    9.4200000000000E+002
      84    1.2100000000000E+002    9.9988860000000E+006    3.7900000000000E+002    5.2300000000000E+002    8.3000000000000E+001    9.8500000000000E+002
      85    1.2200000000000E+002    9.9988530000000E+006    3.8600000000000E+002    5.4400000000000E+002    8.7000000000000E+001    1.0170000000000E+003
      86    1.1800000000000E+002    9.9988280000000E+006    3.9700000000000E+002    5.6200000000000E+002    8.7000000000000E+001    1.0460000000000E+003
      87    1.2200000000000E+002    9.9987870000000E+006    3.9600000000000E+002    5.9900000000000E+002    8.8000000000000E+001    1.0830000000000E+003
      88    1.3100000000000E+002    9.9987510000000E+006    3.9100000000000E+002    6.2800000000000E+002    9.1000000000000E+001    1.1100000000000E+003
      89    1.5400000000000E+002    9.9986950000000E+006    4.1000000000000E+002    6.3600000000000E+002    9.7000000000000E+001    1.1430000000000E+003
      90    1.6500000000000E+002    9.9986590000000E+006    4.2300000000000E+002    6.4400000000000E+002    1.0100000000000E+002    1.1680000000000E+003
      91    1.6200000000000E+002    9.9986210000000E+006    4.2900000000000E+002    6.7600000000000E+002    1.0400000000000E+002    1.2090000000000E+003
      92    1.6500000000000E+002    9.9985820000000E+006    4.3100000000000E+002    7.0500000000000E+002    1.0900000000000E+002    1.2450000000000E+003
      93    1.2600000000000E+002    9.9985650000000E+006    4.6400000000000E+002    7.2700000000000E+002    1.1000000000000E+002    1.3010000000000E+003
      94    1.3400000000000E+002    9.9985210000000E+006    4.7300000000000E+002    7.5200000000000E+002    1.1200000000000E+002    1.3370000000000E+003
      95    1.4900000000000E+002    9.9984680000000E+006    4.7800000000000E+002    7.8000000000000E+002    1.1700000000000E+002    1.3750000000000E+003
      96    1.4200000000000E+002    9.9984360000000E+006    4.9800000000000E+002    7.9500000000000E+002    1.2100000000000E+002    1.4140000000000E+003
      97    1.8200000000000E+002    9.9983790000000E+006    4.9500000000000E+002    8.1000000000000E+002    1.2600000000000E+002    1.4310000000000E+003
      98    1.9900000000000E+002    9.9983180000000E+006    4.9600000000000E+002    8.4800000000000E+002    1.3100000000000E+002    1.4750000000000E+003
      99    1.8600000000000E+002    9.9982780000000E+006    5.1700000000000E+002    8.7700000000000E+002    1.3400000000000E+002    1.5280000000000E+003
     100    1.7400000000000E+002    9.9982580000000E+006    5.2000000000000E+002    9.0400000000000E+002    1.3600000000000E+002    1.5600000000000E+003
     101    1.6200000000000E+002    9.9982130000000E+006    5.4000000000000E+002    9.3900000000000E+002    1.3800000000000E+002    1.6170000000000E+003
     102    1.3800000000000E+002    9.9981760000000E+006    5.7400000000000E+002    9.6000000000000E+002    1.4400000000000E+002    1.6780000000000E+003
     103    1.4800000000000E+002    9.9981260000000E+006    5.8100000000000E+002    9.8600000000000E+002    1.5100000000000E+002    1.7180000000000E+003
     104    1.8500000000000E+002    9.9980690000000E+006    5.7600000000000E+002    1.0080000000000E+003    1.5400000000000E+002    1.7380000000000E+003
     105    1.9400000000000E+002    9.9980150000000E+006    5.8000000000000E+002    1.0440000000000E+003    1.5900000000000E+002    1.7830000000000E+003
     106    1.9800000000000E+002    9.9979740000000E+006    5.8100000000000E+002    1.0720000000000E+003    1.6700000000000E+002    1.8200000000000E+003
     107    1.8500000000000E+002    9.9979370000000E+006    5.7500000000000E+002    1.1250000000000E+003    1.7000000000000E+002    1.8700000000000E+003
     108    1.9600000000000E+002    9.9978690000000E+006    5.9600000000000E+002    1.1590000000000E+003    1.7200000000000E+002    1.9270000000000E+003
     109    1.8700000000000E+002    9.9978240000000E+006    6.1200000000000E+002    1.1890000000000E+003    1.8000000000000E+002    1.9810000000000E+003
     110    2.3300000000000E+002    9.9977370000000E+006    6.1400000000000E+002    1.2270000000000E+003    1.8100000000000E+002    2.0220000000000E+003
     111    2.5100000000000E+002    9.9976820000000E+006    6.3400000000000E+002    1.2390000000000E+003    1.8600000000000E+002    2.0590000000000E+003
     112    2.5500000000000E+002    9.9976100000000E+006    6.5800000000000E+002    1.2770000000000E+003    1.9200000000000E+002    2.1270000000000E+003
     113    2.3900000000000E+002    9.9975810000000E+006    6.5000000000000E+002    1.3260000000000E+003    1.9600000000000E+002    2.1720000000000E+003
     114    1.8200000000000E+002    9.9975510000000E+006    7.0500000000000E+002    1.3560000000000E+003    1.9800000000000E+002    2.2590000000000E+003
     115    1.9900000000000E+002    9.9974790000000E+006    7.0300000000000E+002    1.4120000000000E+003    1.9900000000000E+002    2.3140000000000E+003
     116    1.7400000000000E+002    9.9974320000000E+006    7.1400000000000E+002    1.4630000000000E+003    2.0900000000000E+002    2.3860000000000E+003
     117    1.7600000000000E+002    9.9974010000000E+006    7.0300000000000E+002    1.5000000000000E+003    2.1200000000000E+002    2.4150000000000E+003
     118    1.9500000000000E+002    9.9973520000000E+006    7.1300000000000E+002    1.5120000000000E+003    2.2000000000000E+002    2.4450000000000E+003
     119    1.8100000000000E+002    9.9972940000000E+006    7.4000000000000E+002    1.5520000000000E+003    2.2500000000000E+002    2.5170000000000E+003
     120    1.6200000000000E+002    9.9972660000000E+006    7.5000000000000E+002    1.5820000000000E+003    2.3200000000000E+002    2.5640000000000E+003
     121    1.5800000000000E+002    9.9972390000000E+006    7.3100000000000E+002    1.6270000000000E+003    2.3700000000000E+002    2.5950000000000E+003
     122    1.7100000000000E+002    9.9971770000000E+006    7.2300000000000E+002    1.6820000000000E+003    2.3900000000000E+002    2.6440000000000E+003
     123    1.6700000000000E+002    9.9971230000000E+006    7.2700000000000E+002    1.7310000000000E+003    2.4400000000000E+002    2.7020000000000E+003
     124    1.8900000000000E+002    9.9970730000000E+006    7.1400000000000E+002    1.7700000000000E+003    2.4600000000000E+002    2.7300000000000E+003
     125    1.9800000000000E+002    9.9970370000000E+006    7.0400000000000E+002    1.8000000000000E+003    2.5300000000000E+002    2.7570000000000E+003
     126    1.7800000000000E+002    9.9969950000000E+006    6.9800000000000E+002    1.8660000000000E+003    2.5500000000000E+002    2.8190000000000E+003
     127    1.6100000000000E+002    9.9969580000000E+006    7.0700000000000E+002    1.9040000000000E+003    2.6200000000000E+002    2.8730000000000E+003
     128    1.4500000000000E+002    9.9969240000000E+006    6.7000000000000E+002    1.9870000000000E+003    2.6600000000000E+002    2.9230000000000E+003
     129    1.6100000000000E+002    9.9968720000000E+006    6.5100000000000E+002    2.0390000000000E+003    2.6900000000000E+002    2.9590000000000E+003
     130    1.7200000000000E+002    9.9968190000000E+006    6.2100000000000E+002    2.1040000000000E+003    2.7600000000000E+002    3.0010000000000E+003
     131    1.7900000000000E+002    9.9967750000000E+006    6.2900000000000E+002    2.1280000000000E+003    2.8100000000000E+002    3.0380000000000E+003
     132    2.1100000000000E+002    9.9967090000000E+006    6.3300000000000E+002    2.1520000000000E+003    2.8700000000000E+002    3.0720000000000E+003
     133    2.1000000000000E+002    9.9966580000000E+006    6.1300000000000E+002    2.2190000000000E+003    2.9200000000000E+002    3.1240000000000E+003
     134    1.8200000000000E+002    9.9966330000000E+006    6.1900000000000E+002    2.2620000000000E+003    2.9600000000000E+002    3.1770000000000E+003
     135    1.5200000000000E+002    9.9966190000000E+006    6.3200000000000E+002    2.2890000000000E+003    3.0000000000000E+002    3.2210000000000E+003
     136    1.2200000000000E+002    9.9965830000000E+006    6.4900000000000E+002    2.3340000000000E+003    3.0400000000000E+002    3.2870000000000E+003
     137    1.1100000000000E+002    9.9965430000000E+006    6.4200000000000E+002    2.3880000000000E+003    3.0800000000000E+002    3.3380000000000E+003
     138    1.2800000000000E+002    9.9965010000000E+006    6.3900000000000E+002    2.4110000000000E+003    3.1300000000000E+002    3.3630000000000E+003
     139    1.4400000000000E+002    9.9964710000000E+006    6.2600000000000E+002    2.4330000000000E+003    3.1800000000000E+002    3.3770000000000E+003
     140    1.4800000000000E+002    9.9964310000000E+006    6.0000000000000E+002    2.4900000000000E+003    3.2300000000000E+002    3.4130000000000E+003
     141    1.2800000000000E+002    9.9964110000000E+006    5.8600000000000E+002    2.5420000000000E+003    3.2500000000000E+002    3.4530000000000E+003
     142    1.1000000000000E+002    9.9963870000000E+006    5.7800000000000E+002    2.5880000000000E+003    3.2900000000000E+002    3.4950000000000E+003
     143    1.5100000000000E+002    9.9963160000000E+006    5.7200000000000E+002    2.6230000000000E+003    3.3000000000000E+002    3.5250000000000E+003
     144    1.5800000000000E+002    9.9962690000000E+006    5.7000000000000E+002    2.6620000000000E+003    3.3300000000000E+002    3.5650000000000E+003
     145    1.7600000000000E+002    9.9962310000000E+006    5.5300000000000E+002    2.6940000000000E+003    3.3800000000000E+002    3.5850000000000E+003
     146    1.8300000000000E+002    9.9962000000000E+006    5.4300000000000E+002    2.7230000000000E+003    3.4300000000000E+002    3.6090000000000E+003
     147    1.4300000000000E+002    9.9961690000000E+006    5.6200000000000E+002    2.7710000000000E+003    3.4700000000000E+002    3.6800000000000E+003
     148    1.1500000000000E+002    9.9961500000000E+006    5.5600000000000E+002    2.8240000000000E+003    3.4700000000000E+002    3.7270000000000E+003
     149    1.0900000000000E+002    9.9961180000000E+006    5.5000000000000E+002    2.8680000000000E+003    3.4700000000000E+002    3.7650000000000E+003
     150    1.0600000000000E+002    9.9960900000000E+006    5.1500000000000E+002    2.9320000000000E+003    3.4900000000000E+002    3.7960000000000E+003
     151    1.1800000000000E+002    9.9960470000000E+006    4.9500000000000E+002    2.9740000000000E+003    3.5800000000000E+002    3.8270000000000E+003
     152    1.2800000000000E+002    9.9960180000000E+006    4.8900000000000E+002    2.9890000000000E+003    3.6800000000000E+002    3.8460000000000E+003
     153    1.4000000000000E+002    9.9959740000000E+006    5.0700000000000E+002    3.0010000000000E+003    3.7000000000000E+002    3.8780000000000E+003
     154    1.3800000000000E+002    9.9959480000000E+006    4.9900000000000E+002    3.0360000000000E+003    3.7100000000000E+002    3.9060000000000E+003
     155    1.0800000000000E+002    9.9959350000000E+006    5.0200000000000E+002    3.0710000000000E+003    3.7600000000000E+002    3.9490000000000E+003
     156    9.7000000000000E+001    9.9959170000000E+006    4.8900000000000E+002    3.1100000000000E+003    3.7900000000000E+002    3.9780000000000E+003
     157    9.3000000000000E+001    9.9958770000000E+006    5.0300000000000E+002    3.1400000000000E+003    3.7900000000000E+002    4.0220000000000E+003
     158    1.0700000000000E+002    9.9958370000000E+006    4.8900000000000E+002    3.1790000000000E+003    3.8000000000000E+002    4.0480000000000E+003
     159    1.2900000000000E+002    9.9958020000000E+006    4.8200000000000E+002    3.1970000000000E+003    3.8200000000000E+002    4.0610000000000E+003
     160    1.3900000000000E+002    9.9957740000000E+006    4.7600000000000E+002    3.2190000000000E+003    3.8400000000000E+002    4.0790000000000E+003
     161    1.2100000000000E+002    9.9957520000000E+006    4.4500000000000E+002    3.2850000000000E+003    3.8900000000000E+002    4.1190000000000E+003
     162    9.5000000000000E+001    9.9957380000000E+006    4.3800000000000E+002    3.3300000000000E+003    3.9100000000000E+002    4.1590000000000E+003
     163    8.3000000000000E+001    9.9957150000000E+006    4.3500000000000E+002    3.3660000000000E+003    3.9300000000000E+002    4.1940000000000E+003
     164    9.6000000000000E+001    9.9956740000000E+006    4.3200000000000E+002    3.3960000000000E+003    3.9400000000000E+002    4.2220000000000E+003
     165    9.0000000000000E+001    9.9956580000000E+006    4.2300000000000E+002    3.4200000000000E+003    4.0100000000000E+002    4.2440000000000E+003
     166    9.1000000000000E+001    9.9956430000000E+006    4.1800000000000E+002    3.4320000000000E+003    4.0800000000000E+002    4.2580000000000E+003
     167    1.0600000000000E+002    9.9956050000000E+006    4.0900000000000E+002    3.4600000000000E+003    4.1200000000000E+002    4.2810000000000E+003
     168    1.0300000000000E+002    9.9955670000000E+006    4.2200000000000E+002    3.4850000000000E+003    4.1500000000000E+002    4.3220000000000E+003
     169    1.0000000000000E+002    9.9955540000000E+006    3.9500000000000E+002    3.5250000000000E+003    4.1800000000000E+002    4.3380000000000E+003
     170    1.0200000000000E+002    9.9955370000000E+006    3.8100000000000E+002    3.5530000000000E+003    4.1900000000000E+002    4.3530000000000E+003
     171    1.0000000000000E+002    9.9955010000000E+006    3.7500000000000E+002    3.5950000000000E+003    4.2100000000000E+002    4.3910000000000E+003
     172    1.0400000000000E+002    9.9954590000000E+006    3.8700000000000E+002    3.6150000000000E+003    4.2700000000000E+002    4.4290000000000E+003
     173    1.1300000000000E+002    9.9954370000000E+006    3.8700000000000E+002    3.6270000000000E+003    4.2800000000000E+002    4.4420000000000E+003
     174    1.3400000000000E+002    9.9953990000000E+006    3.8600000000000E+002    3.6430000000000E+003    4.3000000000000E+002    4.4590000000000E+003
     175    1.1700000000000E+002    9.9953800000000E+006    3.8200000000000E+002    3.6800000000000E+003    4.3300000000000E+002    4.4950000000000E+003
     176    9.0000000000000E+001    9.9953650000000E+006    3.8400000000000E+002    3.7150000000000E+003    4.3800000000000E+002    4.5370000000000E+003
     177    7.4000000000000E+001    9.9953590000000E+006    3.7100000000000E+002    3.7480000000000E+003    4.4000000000000E+002    4.5590000000000E+003
     178    5.9000000000000E+001    9.9953360000000E+006    3.8100000000000E+002    3.7750000000000E+003    4.4100000000000E+002    4.5970000000000E+003
     179    6.8000000000000E+001    9.9953080000000E+006    3.7800000000000E+002    3.7940000000000E+003    4.4400000000000E+002    4.6160000000000E+003
     180    7.1000000000000E+001    9.9952900000000E+006    3.7900000000000E+002    3.8040000000000E+003    4.4800000000000E+002    4.6310000000000E+003
     181    1.0100000000000E+002    9.9952540000000E+006    3.6200000000000E+002    3.8240000000000E+003    4.5100000000000E+002    4.6370000000000E+003
     182    9.4000000000000E+001    9.9952380000000E+006    3.4400000000000E+002    3.8610000000000E+003    4.5500000000000E+002    4.6600000000000E+003
     183    7.5000000000000E+001    9.9952290000000E+006    3.5600000000000E+002    3.8770000000000E+003    4.5500000000000E+002    4.6880000000000E+003
     184    6.4000000000000E+001    9.9952220000000E+006    3.5900000000000E+002    3.8910000000000E+003    4.5600000000000E+002    4.7060000000000E+003
     185    5.3000000000000E+001    9.9951970000000E+006    3.5700000000000E+002    3.9290000000000E+003    4.5600000000000E+002    4.7420000000000E+003
     186    4.4000000000000E+001    9.9951900000000E+006    3.3500000000000E+002    3.9640000000000E+003    4.5900000000000E+002    4.7580000000000E+003
     187    5.5000000000000E+001    9.9951700000000E+006    3.3100000000000E+002    3.9760000000000E+003    4.6000000000000E+002    4.7670000000000E+003
     188    7.1000000000000E+001    9.9951470000000E+006    3.2100000000000E+002    3.9920000000000E+003    4.6100000000000E+002    4.7740000000000E+003
     189    7.4000000000000E+001    9.9951190000000E+006    3.1000000000000E+002    4.0280000000000E+003    4.6100000000000E+002    4.7990000000000E+003
     190    7.8000000000000E+001    9.9951080000000E+006    2.7500000000000E+002    4.0700000000000E+003    4.6100000000000E+002    4.8060000000000E+003
     191    6.7000000000000E+001    9.9950990000000E+006    2.7300000000000E+002    4.0910000000000E+003    4.6200000000000E+002    4.8260000000000E+003
     192    6.1000000000000E+001    9.9950820000000E+006    2.5800000000000E+002    4.1280000000000E+003    4.6300000000000E+002    4.8490000000000E+003
     193    5.3000000000000E+001    9.9950620000000E+006    2.6700000000000E+002    4.1440000000000E+003    4.6600000000000E+002    4.8770000000000E+003
     194    5.5000000000000E+001    9.9950490000000E+006    2.6300000000000E+002    4.1580000000000E+003    4.6700000000000E+002    4.8880000000000E+003
     195    6.1000000000000E+001    9.9950340000000E+006    2.6600000000000E+002    4.1620000000000E+003    4.6900000000000E+002    4.8970000000000E+003
     196    6.3000000000000E+001    9.9950150000000E+006    2.6000000000000E+002    4.1840000000000E+003    4.7000000000000E+002    4.9140000000000E+003
     197    5.3000000000000E+001    9.9950050000000E+006    2.5200000000000E+002    4.2100000000000E+003    4.7200000000000E+002    4.9340000000000E+003
     198    5.1000000000000E+001    9.9949940000000E+006    2.4700000000000E+002    4.2270000000000E+003    4.7300000000000E+002    4.9470000000000E+003
     199    6.4000000000000E+001    9.9949660000000E+006    2.2600000000000E+002    4.2630000000000E+003    4.7300000000000E+002    4.9620000000000E+003
     200    7.5000000000000E+001    9.9949360000000E+006    2.2900000000000E+002    4.2790000000000E+003    4.7300000000000E+002    4.9810000000000E+003
     201    8.0000000000000E+001    9.9949210000000E+006    2.3000000000000E+002    4.2860000000000E+003    4.7500000000000E+002    4.9910000000000E+003
     202    7.8000000000000E+001    9.9949120000000E+006    2.3400000000000E+002    4.2910000000000E+003    4.7700000000000E+002    5.0020000000000E+003
     203    5.6000000000000E+001    9.9949060000000E+006    2.3700000000000E+002    4.3140000000000E+003    4.7900000000000E+002    5.0300000000000E+003
     204    3.0000000000000E+001    9.9949020000000E+006    2.6000000000000E+002    4.3200000000000E+003    4.8000000000000E+002    5.0600000000000E+003
     205    2.4000000000000E+001    9.9948930000000E+006    2.5500000000000E+002    4.3380000000000E+003    4.8200000000000E+002    5.0750000000000E+003
     206    2.9000000000000E+001    9.9948790000000E+006    2.4100000000000E+002    4.3610000000000E+003    4.8200000000000E+002    5.0840000000000E+003
     207    4.8000000000000E+001    9.9948540000000E+006    2.1900000000000E+002    4.3850000000000E+003    4.8600000000000E+002    5.0900000000000E+003
     208    5.5000000000000E+001    9.9948430000000E+006    2.1200000000000E+002    4.3920000000000E+003    4.9000000000000E+002    5.0940000000000E+003
     209    5.6000000000000E+001    9.9948330000000E+006    2.1200000000000E+002    4.4000000000000E+003    4.9100000000000E+002    5.1030000000000E+003
     210    5.3000000000000E+001    9.9948220000000E+006    2.0900000000000E+002    4.4170000000000E+003    4.9100000000000E+002    5.1170000000000E+003
     211    3.3000000000000E+001    9.9948170000000E+006    2.1400000000000E+002    4.4350000000000E+003    4.9300000000000E+002    5.1420000000000E+003
     212    3.0000000000000E+001    9.9948090000000E+006    2.1200000000000E+002    4.4480000000000E+003    4.9300000000000E+002    5.1530000000000E+003
     213    3.6000000000000E+001    9.9947930000000E+006    2.0700000000000E+002    4.4610000000000E+003    4.9500000000000E+002    5.1630000000000E+003
     214    5.1000000000000E+001    9.9947670000000E+006    1.9900000000000E+002    4.4790000000000E+003    4.9600000000000E+002    5.1740000000000E+003
     215    5.4000000000000E+001    9.9947590000000E+006    1.9400000000000E+002    4.4870000000000E+003    4.9800000000000E+002    5.1790000000000E+003
     216    6.4000000000000E+001    9.9947410000000E+006    1.9100000000000E+002    4.4980000000000E+003    4.9800000000000E+002    5.1870000000000E+003
     217    6.2000000000000E+001    9.9947270000000E+006    1.7900000000000E+002    4.5250000000000E+003    4.9900000000000E+002    5.2030000000000E+003
     218    4.8000000000000E+001    9.9947150000000E+006    1.7500000000000E+002    4.5540000000000E+003    5.0000000000000E+002    5.2290000000000E+003
     219    4.9000000000000E+001    9.9947060000000E+006    1.6800000000000E+002    4.5680000000000E+003    5.0100000000000E+002    5.2370000000000E+003
     220    4.4000000000000E+001    9.9946930000000E+006    1.7700000000000E+002    4.5760000000000E+003    5.0200000000000E+002    5.2550000000000E+003
     221    5.4000000000000E+001    9.9946690000000E+006    1.8500000000000E+002    4.5800000000000E+003    5.0400000000000E+002    5.2690000000000E+003
     222    5.3000000000000E+001    9.9946580000000E+006    1.9300000000000E+002    4.5830000000000E+003    5.0500000000000E+002    5.2810000000000E+003
     223    5.6000000000000E+001    9.9946460000000E+006    1.9300000000000E+002    4.5920000000000E+003    5.0500000000000E+002    5.2900000000000E+003
     224    6.4000000000000E+001    9.9946250000000E+006    1.9200000000000E+002    4.6040000000000E+003    5.0700000000000E+002    5.3030000000000E+003
     225    4.3000000000000E+001    9.9946220000000E+006    1.9100000000000E+002    4.6280000000000E+003    5.0800000000000E+002    5.3270000000000E+003
     226    3.7000000000000E+001    9.9946170000000E+006    1.9100000000000E+002    4.6390000000000E+003    5.0800000000000E+002    5.3380000000000E+003
     227    3.5000000000000E+001    9.9946070000000E+006    1.9300000000000E+002    4.6490000000000E+003    5.0800000000000E+002    5.3500000000000E+003
     228    3.0000000000000E+001    9.9945910000000E+006    2.0300000000000E+002    4.6590000000000E+003    5.0900000000000E+002    5.3710000000000E+003
     229    4.2000000000000E+001    9.9945760000000E+006    2.0100000000000E+002    4.6630000000000E+003    5.1000000000000E+002    5.3740000000000E+003
     230    5.4000000000000E+001    9.9945590000000E+006    1.9800000000000E+002    4.6680000000000E+003    5.1300000000000E+002    5.3790000000000E+003
     231    5.2000000000000E+001    9.9945510000000E+006    1.9200000000000E+002    4.6840000000000E+003    5.1300000000000E+002    5.3890000000000E+003
     232    3.9000000000000E+001    9.9945480000000E+006    1.8200000000000E+002    4.7080000000000E+003    5.1500000000000E+002    5.4050000000000E+003
     233    4.4000000000000E+001    9.9945280000000E+006    1.8900000000000E+002    4.7160000000000E+003    5.1500000000000E+002    5.4200000000000E+003
     234    4.4000000000000E+001    9.9945110000000E+006    1.8800000000000E+002    4.7340000000000E+003    5.1500000000000E+002    5.4370000000000E+003
     235    7.4000000000000E+001    9.9944730000000E+006    1.8200000000000E+002    4.7480000000000E+003    5.1500000000000E+002    5.4450000000000E+003
     236    8.7000000000000E+001    9.9944570000000E+006    1.7300000000000E+002    4.7580000000000E+003    5.1700000000000E+002    5.4480000000000E+003
     237    8.3000000000000E+001    9.9944410000000E+006    1.8400000000000E+002    4.7660000000000E+003    5.1800000000000E+002    5.4680000000000E+003
     238    9.2000000000000E+001    9.9944150000000E+006    1.8800000000000E+002    4.7780000000000E+003    5.1900000000000E+002    5.4850000000000E+003
     239    7.0000000000000E+001    9.9943990000000E+006    2.0200000000000E+002    4.8020000000000E+003    5.1900000000000E+002    5.5230000000000E+003
     240    6.4000000000000E+001    9.9943890000000E+006    2.0700000000000E+002    4.8120000000000E+003    5.2000000000000E+002    5.5390000000000E+003
     241    7.2000000000000E+001    9.9943650000000E+006    2.1100000000000E+002    4.8240000000000E+003    5.2000000000000E+002    5.5550000000000E+003
     242    6.8000000000000E+001    9.9943430000000E+006    2.1600000000000E+002    4.8440000000000E+003    5.2100000000000E+002    5.5810000000000E+003
     243    8.9000000000000E+001    9.9943060000000E+006    2.2900000000000E+002    4.8460000000000E+003    5.2200000000000E+002    5.5970000000000E+003
     244    1.1300000000000E+002    9.9942720000000E+006    2.3400000000000E+002    4.8500000000000E+003    5.2300000000000E+002    5.6070000000000E+003
     245    1.0300000000000E+002    9.9942580000000E+006    2.4800000000000E+002    4.8600000000000E+003    5.2300000000000E+002    5.6310000000000E+003
     246    9.6000000000000E+001    9.9942430000000E+006    2.5400000000000E+002    4.8750000000000E+003    5.2400000000000E+002    5.6530000000000E+003
     247    7.2000000000000E+001    9.9942300000000E+006    2.7600000000000E+002    4.8880000000000E+003    5.2600000000000E+002    5.6900000000000E+003
     248    6.9000000000000E+001    9.9941990000000E+006    2.9300000000000E+002    4.9040000000000E+003    5.2700000000000E+002    5.7240000000000E+003
     249    6.9000000000000E+001    9.9941850000000E+006    2.9900000000000E+002    4.9080000000000E+003    5.3100000000000E+002    5.7380000000000E+003
     250    8.8000000000000E+001    9.9941510000000E+006    3.1100000000000E+002    4.9110000000000E+003    5.3100000000000E+002    5.7530000000000E+003
     251    9.1000000000000E+001    9.9941350000000E+006    3.0400000000000E+002    4.9240000000000E+003    5.3800000000000E+002    5.7660000000000E+003
     252    8.4000000000000E+001    9.9941110000000E+006    3.1800000000000E+002    4.9370000000000E+003    5.4200000000000E+002    5.7970000000000E+003
     253    8.4000000000000E+001    9.9940970000000E+006    2.9400000000000E+002    4.9720000000000E+003    5.4500000000000E+002    5.8110000000000E+003
     254    6.1000000000000E+001    9.9940860000000E+006    3.1200000000000E+002    4.9880000000000E+003    5.4500000000000E+002    5.8450000000000E+003
     255    8.1000000000000E+001    9.9940500000000E+006    3.1200000000000E+002    5.0030000000000E+003    5.4600000000000E+002    5.8610000000000E+003
     256    8.8000000000000E+001    9.9940190000000E+006    3.1000000000000E+002    5.0250000000000E+003    5.5000000000000E+002    5.8850000000000E+003
     257    9.5000000000000E+001    9.9939980000000E+006    3.0800000000000E+002    5.0410000000000E+003    5.5000000000000E+002    5.8990000000000E+003
     258    1.0300000000000E+002    9.9939790000000E+006    3.0900000000000E+002    5.0480000000000E+003    5.5300000000000E+002    5.9100000000000E+003
     259    1.0300000000000E+002    9.9939430000000E+006    3.2100000000000E+002    5.0710000000000E+003    5.5400000000000E+002    5.9460000000000E+003
     260    8.4000000000000E+001    9.9939310000000E+006    3.3000000000000E+002    5.0900000000000E+003    5.5700000000000E+002    5.9770000000000E+003
     261    7.2000000000000E+001    9.9939220000000E+006    3.1400000000000E+002    5.1270000000000E+003    5.5700000000000E+002    5.9980000000000E+003
     262    9.3000000000000E+001    9.9938820000000E+006    2.9900000000000E+002    5.1580000000000E+003    5.6000000000000E+002    6.0170000000000E+003
     263    7.8000000000000E+001    9.9938610000000E+006    3.2100000000000E+002    5.1710000000000E+003    5.6100000000000E+002    6.0530000000000E+003
     264    9.3000000000000E+001    9.9938340000000E+006    3.1800000000000E+002    5.1810000000000E+003    5.6600000000000E+002    6.0650000000000E+003
     265    1.1400000000000E+002    9.9938040000000E+006    3.1400000000000E+002    5.1930000000000E+003    5.6700000000000E+002    6.0740000000000E+003
     266    8.4000000000000E+001    9.9937940000000E+006    3.2300000000000E+002    5.2240000000000E+003    5.6700000000000E+002    6.1140000000000E+003
     267    8.1000000000000E+001    9.9937760000000E+006    3.3000000000000E+002    5.2360000000000E+003    5.6900000000000E+002    6.1350000000000E+003
     268    7.5000000000000E+001    9.9937550000000E+006    3.2300000000000E+002    5.2700000000000E+003    5.6900000000000E+002    6.1620000000000E+003
     269    1.1000000000000E+002    9.9936900000000E+006    3.3700000000000E+002    5.2850000000000E+003    5.7000000000000E+002    6.1920000000000E+003
     270    1.4500000000000E+002    9.9936450000000E+006    3.2300000000000E+002    5.3060000000000E+003    5.7300000000000E+002    6.2020000000000E+003
     271    1.7300000000000E+002    9.9935990000000E+006    3.2700000000000E+002    5.3180000000000E+003    5.7500000000000E+002    6.2200000000000E+003
     272    1.7700000000000E+002    9.9935740000000E+006    3.3700000000000E+002    5.3270000000000E+003    5.7700000000000E+002    6.2410000000000E+003
     273    1.3000000000000E+002    9.9935560000000E+006    3.6600000000000E+002    5.3590000000000E+003    5.8100000000000E+002    6.3060000000000E+003
     274    1.2200000000000E+002    9.9935190000000E+006    3.8000000000000E+002    5.3890000000000E+003    5.8200000000000E+002    6.3510000000000E+003
     275    1.0700000000000E+002    9.9934880000000E+006    4.0500000000000E+002    5.4080000000000E+003    5.8400000000000E+002    6.3970000000000E+003
     276    1.7800000000000E+002    9.9933920000000E+006    4.1100000000000E+002    5.4250000000000E+003    5.8600000000000E+002    6.4220000000000E+003
     277    2.5000000000000E+002    9.9933020000000E+006    3.9300000000000E+002    5.4570000000000E+003    5.9000000000000E+002    6.4400000000000E+003
     278    2.8800000000000E+002    9.9932270000000E+006    4.1800000000000E+002    5.4600000000000E+003    5.9900000000000E+002    6.4770000000000E+003
     279    3.3500000000000E+002    9.9931490000000E+006    4.4000000000000E+002    5.4620000000000E+003    6.0600000000000E+002    6.5080000000000E+003
     280    3.2000000000000E+002    9.9930680000000E+006    4.9600000000000E+002    5.5010000000000E+003    6.0700000000000E+002    6.6040000000000E+003
     281    2.8700000000000E+002    9.9930110000000E+006    5.6500000000000E+002    5.5160000000000E+003    6.1300000000000E+002    6.6940000000000E+003
     282    2.6100000000000E+002    9.9929620000000E+006    6.1300000000000E+002    5.5420000000000E+003    6.1400000000000E+002    6.7690000000000E+003
     283    3.2400000000000E+002    9.9928210000000E+006    6.6100000000000E+002    5.5710000000000E+003    6.1500000000000E+002    6.8470000000000E+003
     284    3.5100000000000E+002    9.9927130000000E+006    7.3200000000000E+002    5.5710000000000E+003    6.2500000000000E+002    6.9280000000000E+003
     285    4.2900000000000E+002    9.9925780000000E+006    7.7100000000000E+002    5.5840000000000E+003    6.3000000000000E+002    6.9850000000000E+003
     286    5.0200000000000E+002    9.9924560000000E+006    7.9900000000000E+002    5.5950000000000E+003    6.4000000000000E+002    7.0340000000000E+003
     287    4.5700000000000E+002    9.9923600000000E+006    8.7500000000000E+002    5.6520000000000E+003    6.4800000000000E+002    7.1750000000000E+003
     288    4.3300000000000E+002    9.9922760000000E+006    9.3800000000000E+002    5.6890000000000E+003    6.5600000000000E+002    7.2830000000000E+003
     289    3.5300000000000E+002    9.9922210000000E+006    1.0270000000000E+003    5.7260000000000E+003    6.6500000000000E+002    7.4180000000000E+003
     290    3.5000000000000E+002    9.9921020000000E+006    1.1240000000000E+003    5.7450000000000E+003    6.7100000000000E+002    7.5400000000000E+003
     291    4.0600000000000E+002    9.9919500000000E+006    1.2020000000000E+003    5.7460000000000E+003    6.8800000000000E+002    7.6360000000000E+003
     292    4.7700000000000E+002    9.9917950000000E+006    1.2490000000000E+003    5.7730000000000E+003    6.9800000000000E+002    7.7200000000000E+003
     293    5.6200000000000E+002    9.9916550000000E+006    1.2730000000000E+003    5.7940000000000E+003    7.0800000000000E+002    7.7750000000000E+003
     294    5.5800000000000E+002    9.9915400000000E+006    1.2960000000000E+003    5.8800000000000E+003    7.1800000000000E+002    7.8940000000000E+003
     295    4.9600000000000E+002    9.9914500000000E+006    1.3580000000000E+003    5.9620000000000E+003    7.2600000000000E+002    8.0460000000000E+003
     296    3.8200000000000E+002    9.9914090000000E+006    1.4380000000000E+003    6.0270000000000E+003    7.3600000000000E+002    8.2010000000000E+003
     297    4.0000000000000E+002    9.9912510000000E+006    1.5000000000000E+003    6.0990000000000E+003    7.4200000000000E+002    8.3410000000000E+003
     298    4.0700000000000E+002    9.9911290000000E+006    1.5340000000000E+003    6.1670000000000E+003    7.5500000000000E+002    8.4560000000000E+003
     299    4.6000000000000E+002    9.9909860000000E+006    1.5670000000000E+003    6.2090000000000E+003    7.7000000000000E+002    8.5460000000000E+003
     300    5.3000000000000E+002    9.9908750000000E+006    1.5590000000000E+003    6.2440000000000E+003    7.8400000000000E+002    8.5870000000000E+003
     301    4.4100000000000E+002    9.9908060000000E+006    1.5760000000000E+003    6.3740000000000E+003    7.9500000000000E+002    8.7450000000000E+003
     302    3.7500000000000E+002    9.9907500000000E+006    1.5900000000000E+003    6.4680000000000E+003    8.0900000000000E+002    8.8670000000000E+003
     303    2.6700000000000E+002    9.9907150000000E+006    1.5980000000000E+003    6.5960000000000E+003    8.1600000000000E+002    9.0100000000000E+003
     304    1.8600000000000E+002    9.9906850000000E+006    1.5870000000000E+003    6.7150000000000E+003    8.1900000000000E+002    9.1210000000000E+003
     305    1.7600000000000E+002    9.9906260000000E+006    1.5600000000000E+003    6.7950000000000E+003    8.3500000000000E+002    9.1900000000000E+003
     306    2.0500000000000E+002    9.9905410000000E+006    1.5320000000000E+003    6.8690000000000E+003    8.4500000000000E+002    9.2460000000000E+003
     307    2.1700000000000E+002    9.9904940000000E+006    1.5120000000000E+003    6.9090000000000E+003    8.6000000000000E+002    9.2810000000000E+003
     308    2.3400000000000E+002    9.9904470000000E+006    1.4230000000000E+003    7.0150000000000E+003    8.7300000000000E+002    9.3110000000000E+003
     309    2.0700000000000E+002    9.9904150000000E+006    1.3300000000000E+003    7.1580000000000E+003    8.8200000000000E+002    9.3700000000000E+003
     310    1.4800000000000E+002    9.9903890000000E+006    1.2600000000000E+003    7.3060000000000E+003    8.8900000000000E+002    9.4550000000000E+003
     311    1.7100000000000E+002    9.9903190000000E+006    1.1670000000000E+003    7.4460000000000E+003    8.8900000000000E+002    9.5020000000000E+003
     312    1.8300000000000E+002    9.9902600000000E+006    1.0990000000000E+003    7.5570000000000E+003    8.9300000000000E+002    9.5490000000000E+003
     313    2.0700000000000E+002    9.9902040000000E+006    1.0410000000000E+003    7.6410000000000E+003    8.9900000000000E+002    9.5810000000000E+003
     314    2.1700000000000E+002    9.9901680000000E+006    1.0260000000000E+003    7.6690000000000E+003    9.1200000000000E+002    9.6070000000000E+003
     315    1.9900000000000E+002    9.9901160000000E+006    9.3800000000000E+002    7.8230000000000E+003    9.1600000000000E+002    9.6770000000000E+003
     316    1.6100000000000E+002    9.9900950000000E+006    8.7500000000000E+002    7.9430000000000E+003    9.1800000000000E+002    9.7360000000000E+003
     317    1.2700000000000E+002    9.9900730000000E+006    7.8800000000000E+002    8.0840000000000E+003    9.2000000000000E+002    9.7920000000000E+003
     318    1.2200000000000E+002    9.9900420000000E+006    7.1300000000000E+002    8.1920000000000E+003    9.2300000000000E+002    9.8280000000000E+003
     319    9.9000000000000E+001    9.9900130000000E+006    6.9600000000000E+002    8.2530000000000E+003    9.3100000000000E+002    9.8800000000000E+003
     320    1.1200000000000E+002    9.9899790000000E+006    6.6100000000000E+002    8.3060000000000E+003    9.3400000000000E+002    9.9010000000000E+003
     321    1.2300000000000E+002    9.9899460000000E+006    6.4800000000000E+002    8.3350000000000E+003    9.4000000000000E+002    9.9230000000000E+003
     322    1.2400000000000E+002    9.9899140000000E+006    6.4900000000000E+002    8.3630000000000E+003    9.4200000000000E+002    9.9540000000000E+003
     323    1.0600000000000E+002    9.9899030000000E+006    6.1900000000000E+002    8.4160000000000E+003    9.4800000000000E+002    9.9830000000000E+003
     324    8.4000000000000E+001    9.9898910000000E+006    5.6800000000000E+002    8.4990000000000E+003    9.5000000000000E+002    1.0017000000000E+004
     325    9.6000000000000E+001    9.9898460000000E+006    5.5400000000000E+002    8.5450000000000E+003    9.5100000000000E+002    1.0050000000000E+004
     326    1.1000000000000E+002    9.9898000000000E+006    5.3900000000000E+002    8.5890000000000E+003    9.5400000000000E+002    1.0082000000000E+004
     327    1.3300000000000E+002    9.9897660000000E+006    5.1800000000000E+002    8.6200000000000E+003    9.5500000000000E+002    1.0093000000000E+004
     328    1.8600000000000E+002    9.9897010000000E+006    5.0400000000000E+002    8.6430000000000E+003    9.5800000000000E+002    1.0105000000000E+004
     329    1.7000000000000E+002    9.9896720000000E+006    4.7900000000000E+002    8.7100000000000E+003    9.6100000000000E+002    1.0150000000000E+004
     330    1.3600000000000E+002    9.9896600000000E+006    4.6600000000000E+002    8.7670000000000E+003    9.6300000000000E+002    1.0196000000000E+004
     331    1.1000000000000E+002    9.9896520000000E+006    4.4400000000000E+002    8.8230000000000E+003    9.6300000000000E+002    1.0230000000000E+004
     332    8.9000000000000E+001    9.9896080000000E+006    4.7300000000000E+002    8.8580000000000E+003    9.6400000000000E+002    1.0295000000000E+004
     333    9.9000000000000E+001    9.9895690000000E+006    4.5000000000000E+002    8.9060000000000E+003    9.6800000000000E+002    1.0324000000000E+004
     334    1.0100000000000E+002    9.9895550000000E+006    4.4100000000000E+002    8.9200000000000E+003    9.7500000000000E+002    1.0336000000000E+004
     335    1.0900000000000E+002    9.9895390000000E+006    4.2700000000000E+002    8.9390000000000E+003    9.7800000000000E+002    1.0344000000000E+004
     336    1.1300000000000E+002    9.9894910000000E+006    4.4000000000000E+002    8.9630000000000E+003    9.8500000000000E+002    1.0388000000000E+004
     337    9.0000000000000E+001    9.9894750000000E+006    4.5000000000000E+002    8.9870000000000E+003    9.9000000000000E+002    1.0427000000000E+004
     338    9.3000000000000E+001    9.9894580000000E+006    4.3000000000000E+002    9.0190000000000E+003    9.9200000000000E+002    1.0441000000000E+004
     339    1.0900000000000E+002    9.9894260000000E+006    4.1300000000000E+002    9.0520000000000E+003    9.9200000000000E+002    1.0457000000000E+004
     340    9.1000000000000E+001    9.9893960000000E+006    4.2900000000000E+002    9.0800000000000E+003    9.9600000000000E+002    1.0505000000000E+004
     341    1.0500000000000E+002    9.9893660000000E+006    4.3400000000000E+002    9.0830000000000E+003    1.0040000000000E+003    1.0521000000000E+004
     342    1.2600000000000E+002    9.9893280000000E+006    4.3900000000000E+002    9.0930000000000E+003    1.0060000000000E+003    1.0538000000000E+004
     343    1.2300000000000E+002    9.9892990000000E+006    4.2600000000000E+002    9.1370000000000E+003    1.0070000000000E+003    1.0570000000000E+004
     344    1.1000000000000E+002    9.9892820000000E+006    4.1000000000000E+002    9.1780000000000E+003    1.0120000000000E+003    1.0600000000000E+004
     345    1.1000000000000E+002    9.9892520000000E+006    4.0600000000000E+002    9.2120000000000E+003    1.0120000000000E+003    1.0630000000000E+004
     346    7.4000000000000E+001    9.9892500000000E+006    3.7900000000000E+002    9.2760000000000E+003    1.0130000000000E+003    1.0668000000000E+004
     347    8.5000000000000E+001    9.9892100000000E+006    3.7900000000000E+002    9.3040000000000E+003    1.0140000000000E+003    1.0697000000000E+004
     348    1.0900000000000E+002    9.9891690000000E+006    3.8400000000000E+002    9.3140000000000E+003    1.0160000000000E+003    1.0714000000000E+004
     349    9.9000000000000E+001    9.9891490000000E+006    4.0600000000000E+002    9.3200000000000E+003    1.0180000000000E+003    1.0744000000000E+004
     350    1.1900000000000E+002    9.9891270000000E+006    3.6400000000000E+002    9.3620000000000E+003    1.0200000000000E+003    1.0746000000000E+004
     351    9.4000000000000E+001    9.9891120000000E+006    3.6500000000000E+002    9.3970000000000E+003    1.0240000000000E+003    1.0786000000000E+004
     352    5.9000000000000E+001    9.9891060000000E+006    3.9200000000000E+002    9.4100000000000E+003    1.0250000000000E+003    1.0827000000000E+004
     353    7.5000000000000E+001    9.9890700000000E+006    3.9600000000000E+002    9.4240000000000E+003    1.0270000000000E+003    1.0847000000000E+004
     354    6.5000000000000E+001    9.9890580000000E+006    3.7000000000000E+002    9.4720000000000E+003    1.0270000000000E+003    1.0869000000000E+004
     355    7.2000000000000E+001    9.9890360000000E+006    3.6900000000000E+002    9.4850000000000E+003    1.0300000000000E+003    1.0884000000000E+004
     356    7.6000000000000E+001    9.9890260000000E+006    3.5800000000000E+002    9.4950000000000E+003    1.0370000000000E+003    1.0890000000000E+004
     357    4.5000000000000E+001    9.9890210000000E+006    3.6200000000000E+002    9.5250000000000E+003    1.0390000000000E+003    1.0926000000000E+004
     358    3.7000000000000E+001    9.9890170000000E+006    3.4400000000000E+002    9.5510000000000E+003    1.0430000000000E+003    1.0938000000000E+004
     359    2.2000000000000E+001    9.9890100000000E+006    3.3600000000000E+002    9.5810000000000E+003    1.0430000000000E+003    1.0960000000000E+004
     360    3.5000000000000E+001    9.9889870000000E+006    3.0800000000000E+002    9.6190000000000E+003    1.0430000000000E+003    1.0970000000000E+004
     361    4.9000000000000E+001    9.9889680000000E+006    2.8400000000000E+002    9.6430000000000E+003    1.0480000000000E+003    1.0975000000000E+004
     362    5.9000000000000E+001    9.9889540000000E+006    2.7100000000000E+002    9.6570000000000E+003    1.0510000000000E+003    1.0979000000000E+004
     363    6.3000000000000E+001    9.9889430000000E+006    2.4800000000000E+002    9.6840000000000E+003    1.0540000000000E+003    1.0986000000000E+004
     364    6.0000000000000E+001    9.9889230000000E+006    2.6900000000000E+002    9.6860000000000E+003    1.0540000000000E+003    1.1009000000000E+004
     365    5.0000000000000E+001    9.9889140000000E+006    2.4800000000000E+002    9.7250000000000E+003    1.0550000000000E+003    1.1028000000000E+004
     366    5.3000000000000E+001    9.9888970000000E+006    2.2100000000000E+002    9.7660000000000E+003    1.0550000000000E+003    1.1042000000000E+004
     367    7.2000000000000E+001    9.9888670000000E+006    2.1200000000000E+002    9.7850000000000E+003    1.0560000000000E+003    1.1053000000000E+004
     368    8.4000000000000E+001    9.9888350000000E+006    2.1000000000000E+002    9.8030000000000E+003    1.0600000000000E+003    1.1073000000000E+004
     369    1.0100000000000E+002    9.9888090000000E+006    2.0400000000000E+002    9.8160000000000E+003    1.0620000000000E+003    1.1082000000000E+004
     370    1.2300000000000E+002    9.9887700000000E+006    2.1500000000000E+002    9.8220000000000E+003    1.0620000000000E+003    1.1099000000000E+004
     371    1.2100000000000E+002    9.9887420000000E+006    2.0900000000000E+002    9.8580000000000E+003    1.0620000000000E+003    1.1129000000000E+004
     372    1.1000000000000E+002    9.9887210000000E+006    2.2900000000000E+002    9.8670000000000E+003    1.0650000000000E+003    1.1161000000000E+004
     373    1.0300000000000E+002    9.9887020000000E+006    2.3300000000000E+002    9.8880000000000E+003    1.0660000000000E+003    1.1187000000000E+004
     374    8.8000000000000E+001    9.9886780000000E+006    2.6200000000000E+002    9.8980000000000E+003    1.0660000000000E+003    1.1226000000000E+004
     375    8.3000000000000E+001    9.9886550000000E+006    2.8500000000000E+002    9.9020000000000E+003    1.0670000000000E+003    1.1254000000000E+004
     376    1.0000000000000E+002    9.9886170000000E+006    3.0200000000000E+002    9.9000000000000E+003    1.0730000000000E+003    1.1275000000000E+004
     377    1.1200000000000E+002    9.9885860000000E+006    3.1400000000000E+002    9.9040000000000E+003    1.0760000000000E+003    1.1294000000000E+004
     378    1.0900000000000E+002    9.9885650000000E+006    3.1500000000000E+002    9.9240000000000E+003    1.0790000000000E+003    1.1318000000000E+004
     379    9.6000000000000E+001    9.9885550000000E+006    3.1900000000000E+002    9.9410000000000E+003    1.0810000000000E+003    1.1341000000000E+004
     380    7.3000000000000E+001    9.9885400000000E+006    3.4300000000000E+002    9.9530000000000E+003    1.0830000000000E+003    1.1379000000000E+004
     381    9.5000000000000E+001    9.9884870000000E+006    3.6300000000000E+002    9.9630000000000E+003    1.0840000000000E+003    1.1410000000000E+004
     382    1.0300000000000E+002    9.9884580000000E+006    3.6400000000000E+002    9.9800000000000E+003    1.0870000000000E+003    1.1431000000000E+004
     383    1.1100000000000E+002    9.9884400000000E+006    3.6500000000000E+002    9.9870000000000E+003    1.0890000000000E+003    1.1441000000000E+004
     384    1.2800000000000E+002    9.9884080000000E+006    3.6300000000000E+002    1.0003000000000E+004    1.0900000000000E+003    1.1456000000000E+004
     385    9.6000000000000E+001    9.9883870000000E+006    3.8600000000000E+002    1.0030000000000E+004    1.0930000000000E+003    1.1509000000000E+004
     386    8.1000000000000E+001    9.9883730000000E+006    3.8300000000000E+002    1.0059000000000E+004    1.0960000000000E+003    1.1538000000000E+004
     387    6.9000000000000E+001    9.9883670000000E+006    3.7500000000000E+002    1.0084000000000E+004    1.0970000000000E+003    1.1556000000000E+004
     388    7.0000000000000E+001    9.9883340000000E+006    3.6800000000000E+002    1.0123000000000E+004    1.0970000000000E+003    1.1588000000000E+004
     389    7.0000000000000E+001    9.9883130000000E+006    3.6100000000000E+002    1.0144000000000E+004    1.1040000000000E+003    1.1609000000000E+004
     390    9.3000000000000E+001    9.9882760000000E+006    3.5400000000000E+002    1.0161000000000E+004    1.1080000000000E+003    1.1623000000000E+004
     391    1.1000000000000E+002    9.9882530000000E+006    3.4100000000000E+002    1.0179000000000E+004    1.1090000000000E+003    1.1629000000000E+004
     392    1.3200000000000E+002    9.9881980000000E+006    3.5000000000000E+002    1.0202000000000E+004    1.1100000000000E+003    1.1662000000000E+004
     393    1.2800000000000E+002    9.9881810000000E+006    3.4800000000000E+002    1.0222000000000E+004    1.1130000000000E+003    1.1683000000000E+004
     394    1.1800000000000E+002    9.9881540000000E+006    3.4700000000000E+002    1.0259000000000E+004    1.1140000000000E+003    1.1720000000000E+004
     395    1.2300000000000E+002    9.9881260000000E+006    3.3900000000000E+002    1.0290000000000E+004    1.1140000000000E+003    1.1743000000000E+004
     396    1.0100000000000E+002    9.9880930000000E+006    3.7300000000000E+002    1.0308000000000E+004    1.1170000000000E+003    1.1798000000000E+004
     397    1.2000000000000E+002    9.9880570000000E+006    3.8000000000000E+002    1.0316000000000E+004    1.1190000000000E+003    1.1815000000000E+004
     398    1.3800000000000E+002    9.9880120000000E+006    3.9200000000000E+002    1.0327000000000E+004    1.1230000000000E+003    1.1842000000000E+004
     399    1.5300000000000E+002    9.9879690000000E+006    3.6700000000000E+002    1.0379000000000E+004    1.1240000000000E+003    1.1870000000000E+004
     400    1.3200000000000E+002    9.9879570000000E+006    3.7100000000000E+002    1.0406000000000E+004    1.1260000000000E+003    1.1903000000000E+004
     401    1.0000000000000E+002    9.9879530000000E+006    3.8900000000000E+002    1.0421000000000E+004    1.1290000000000E+003    1.1939000000000E+004
     402    7.2000000000000E+001    9.9879360000000E+006    4.0200000000000E+002    1.0451000000000E+004    1.1310000000000E+003    1.1984000000000E+004
     403    5.6000000000000E+001    9.9879090000000E+006    4.2400000000000E+002    1.0466000000000E+004    1.1370000000000E+003    1.2027000000000E+004
     404    6.8000000000000E+001    9.9878850000000E+006    4.2200000000000E+002    1.0479000000000E+004    1.1380000000000E+003    1.2039000000000E+004
     405    8.3000000000000E+001    9.9878660000000E+006    4.2000000000000E+002    1.0483000000000E+004    1.1400000000000E+003    1.2043000000000E+004
     406    9.9000000000000E+001    9.9878330000000E+006    4.0400000000000E+002    1.0509000000000E+004    1.1470000000000E+003    1.2060000000000E+004
     407    8.4000000000000E+001    9.9878210000000E+006    4.1000000000000E+002    1.0522000000000E+004    1.1550000000000E+003    1.2087000000000E+004
     408    6.2000000000000E+001    9.9878190000000E+006    3.9700000000000E+002    1.0557000000000E+004    1.1570000000000E+003    1.2111000000000E+004
     409    7.9000000000000E+001    9.9877830000000E+006    3.9300000000000E+002    1.0578000000000E+004    1.1590000000000E+003    1.2130000000000E+004
     410    7.8000000000000E+001    9.9877510000000E+006    3.7100000000000E+002    1.0631000000000E+004    1.1610000000000E+003    1.2163000000000E+004
     411    1.1300000000000E+002    9.9877040000000E+006    3.6600000000000E+002    1.0646000000000E+004    1.1630000000000E+003    1.2175000000000E+004
     412    1.4700000000000E+002    9.9876680000000E+006    3.4100000000000E+002    1.0668000000000E+004    1.1680000000000E+003    1.2177000000000E+004
     413    1.4400000000000E+002    9.9876350000000E+006    3.4900000000000E+002    1.0692000000000E+004    1.1720000000000E+003    1.2213000000000E+004
     414    1.2800000000000E+002    9.9876190000000E+006    3.4800000000000E+002    1.0719000000000E+004    1.1780000000000E+003    1.2245000000000E+004
     415    9.2000000000000E+001    9.9876080000000E+006    3.5900000000000E+002    1.0754000000000E+004    1.1790000000000E+003    1.2292000000000E+004
     416    9.9000000000000E+001    9.9875650000000E+006    3.5000000000000E+002    1.0798000000000E+004    1.1800000000000E+003    1.2328000000000E+004
     417    8.6000000000000E+001    9.9875450000000E+006    3.4000000000000E+002    1.0837000000000E+004    1.1840000000000E+003    1.2361000000000E+004
     418    8.6000000000000E+001    9.9875290000000E+006    3.4400000000000E+002    1.0846000000000E+004    1.1870000000000E+003    1.2377000000000E+004
     419    9.6000000000000E+001    9.9875080000000E+006    3.5100000000000E+002    1.0846000000000E+004    1.1910000000000E+003    1.2388000000000E+004
     420    6.9000000000000E+001    9.9874920000000E+006    3.7700000000000E+002    1.0859000000000E+004    1.1950000000000E+003    1.2431000000000E+004
     421    5.8000000000000E+001    9.9874830000000E+006    3.7000000000000E+002    1.0883000000000E+004    1.1980000000000E+003    1.2451000000000E+004
     422    6.5000000000000E+001    9.9874600000000E+006    3.6200000000000E+002    1.0905000000000E+004    1.2000000000000E+003    1.2467000000000E+004
     423    8.2000000000000E+001    9.9874220000000E+006    3.6400000000000E+002    1.0923000000000E+004    1.2010000000000E+003    1.2488000000000E+004
     424    8.4000000000000E+001    9.9874040000000E+006    3.4700000000000E+002    1.0951000000000E+004    1.2060000000000E+003    1.2504000000000E+004
     425    1.0500000000000E+002    9.9873740000000E+006    3.4400000000000E+002    1.0961000000000E+004    1.2080000000000E+003    1.2513000000000E+004
     426    1.0700000000000E+002    9.9873490000000E+006    3.6500000000000E+002    1.0961000000000E+004    1.2100000000000E+003    1.2536000000000E+004
     427    9.3000000000000E+001    9.9873250000000E+006    3.6700000000000E+002    1.0995000000000E+004    1.2120000000000E+003    1.2574000000000E+004
     428    8.7000000000000E+001    9.9873130000000E+006    3.5300000000000E+002    1.1027000000000E+004    1.2120000000000E+003    1.2592000000000E+004
     429    5.8000000000000E+001    9.9873120000000E+006    3.3600000000000E+002    1.1073000000000E+004    1.2130000000000E+003    1.2622000000000E+004
     430    9.0000000000000E+001    9.9872550000000E+006    3.2500000000000E+002    1.1108000000000E+004    1.2140000000000E+003    1.2647000000000E+004
     431    9.9000000000000E+001    9.9872220000000E+006    3.1600000000000E+002    1.1138000000000E+004    1.2170000000000E+003    1.2671000000000E+004
     432    1.2800000000000E+002    9.9871810000000E+006    3.1200000000000E+002    1.1154000000000E+004    1.2170000000000E+003    1.2683000000000E+004
     433    1.5500000000000E+002    9.9871530000000E+006    3.0200000000000E+002    1.1162000000000E+004    1.2200000000000E+003    1.2684000000000E+004
     434    1.5500000000000E+002    9.9870960000000E+006    3.1600000000000E+002    1.1204000000000E+004    1.2210000000000E+003    1.2741000000000E+004
     435    1.3600000000000E+002    9.9870820000000E+006    3.2900000000000E+002    1.1221000000000E+004    1.2240000000000E+003    1.2774000000000E+004
     436    1.0200000000000E+002    9.9870750000000E+006    3.5400000000000E+002    1.1236000000000E+004    1.2250000000000E+003    1.2815000000000E+004
     437    1.2800000000000E+002    9.9870210000000E+006    3.6100000000000E+002    1.1257000000000E+004    1.2250000000000E+003    1.2843000000000E+004
     438    1.3200000000000E+002    9.9869600000000E+006    4.0200000000000E+002    1.1270000000000E+004    1.2280000000000E+003    1.2900000000000E+004
     439    1.4300000000000E+002    9.9869350000000E+006    4.0700000000000E+002    1.1275000000000E+004    1.2320000000000E+003    1.2914000000000E+004
     440    1.6600000000000E+002    9.9869050000000E+006    3.9100000000000E+002    1.1292000000000E+004    1.2380000000000E+003    1.2921000000000E+004
     441    1.6200000000000E+002    9.9868550000000E+006    4.0700000000000E+002    1.1324000000000E+004    1.2440000000000E+003    1.2975000000000E+004
     442    1.2800000000000E+002    9.9868280000000E+006    4.5000000000000E+002    1.1339000000000E+004    1.2470000000000E+003    1.3036000000000E+004
     443    1.0500000000000E+002    9.9868260000000E+006    4.4500000000000E+002    1.1368000000000E+004    1.2480000000000E+003    1.3061000000000E+004
     444    1.4900000000000E+002    9.9867520000000E+006    4.5000000000000E+002    1.1393000000000E+004    1.2480000000000E+003    1.3091000000000E+004
     445    1.3200000000000E+002    9.9867190000000E+006    4.7600000000000E+002    1.1412000000000E+004    1.2530000000000E+003    1.3141000000000E+004
     446    1.4700000000000E+002    9.9866770000000E+006    4.9100000000000E+002    1.1415000000000E+004    1.2620000000000E+003    1.3168000000000E+004
     447    1.8600000000000E+002    9.9866360000000E+006    4.9200000000000E+002    1.1415000000000E+004    1.2630000000000E+003    1.3170000000000E+004
     448    1.7800000000000E+002    9.9865700000000E+006    5.0900000000000E+002    1.1470000000000E+004    1.2650000000000E+003    1.3244000000000E+004
     449    1.6700000000000E+002    9.9865480000000E+006    5.0900000000000E+002    1.1496000000000E+004    1.2720000000000E+003    1.3277000000000E+004
     450    1.4100000000000E+002    9.9865320000000E+006    5.1000000000000E+002    1.1535000000000E+004    1.2740000000000E+003    1.3319000000000E+004
     451    1.7400000000000E+002    9.9864580000000E+006    5.2300000000000E+002    1.1563000000000E+004    1.2740000000000E+003    1.3360000000000E+004
     452    2.3900000000000E+002    9.9863270000000E+006    5.3200000000000E+002    1.1612000000000E+004    1.2820000000000E+003    1.3426000000000E+004
     453    3.0700000000000E+002    9.9862370000000E+006    5.4000000000000E+002    1.1622000000000E+004    1.2860000000000E+003    1.3448000000000E+004
     454    3.6400000000000E+002    9.9861640000000E+006    5.4900000000000E+002    1.1626000000000E+004    1.2890000000000E+003    1.3464000000000E+004
     455    4.1900000000000E+002    9.9860350000000E+006    5.6900000000000E+002    1.1675000000000E+004    1.2940000000000E+003    1.3538000000000E+004
     456    3.7000000000000E+002    9.9859530000000E+006    6.3900000000000E+002    1.1731000000000E+004    1.2990000000000E+003    1.3669000000000E+004
     457    3.2000000000000E+002    9.9859130000000E+006    7.0400000000000E+002    1.1752000000000E+004    1.3030000000000E+003    1.3759000000000E+004
     458    4.1600000000000E+002    9.9857440000000E+006    7.4700000000000E+002    1.1780000000000E+004    1.3050000000000E+003    1.3832000000000E+004
     459    4.9900000000000E+002    9.9855320000000E+006    8.2600000000000E+002    1.1822000000000E+004    1.3130000000000E+003    1.3961000000000E+004
     460    6.4600000000000E+002    9.9853030000000E+006    8.8100000000000E+002    1.1836000000000E+004    1.3260000000000E+003    1.4043000000000E+004
     461    8.2900000000000E+002    9.9850800000000E+006    9.1900000000000E+002    1.1829000000000E+004    1.3350000000000E+003    1.4083000000000E+004
     462    8.9800000000000E+002    9.9848420000000E+006    1.0140000000000E+003    1.1895000000000E+004    1.3430000000000E+003    1.4252000000000E+004
     463    7.8200000000000E+002    9.9847460000000E+006    1.1930000000000E+003    1.1918000000000E+004    1.3530000000000E+003    1.4464000000000E+004
     464    6.4900000000000E+002    9.9846500000000E+006    1.3800000000000E+003    1.1950000000000E+004    1.3630000000000E+003    1.4693000000000E+004
     465    7.1900000000000E+002    9.9843570000000E+006    1.5620000000000E+003    1.1987000000000E+004    1.3670000000000E+003    1.4916000000000E+004
     466    8.1300000000000E+002    9.9840250000000E+006    1.7340000000000E+003    1.2022000000000E+004    1.3980000000000E+003    1.5154000000000E+004
     467    1.1870000000000E+003    9.9835550000000E+006    1.8080000000000E+003    1.2019000000000E+004    1.4230000000000E+003    1.5250000000000E+004
     468    1.5860000000000E+003    9.9830600000000E+006    1.8880000000000E+003    1.2013000000000E+004    1.4450000000000E+003    1.5346000000000E+004
     469    1.7630000000000E+003    9.9825900000000E+006    2.1070000000000E+003    1.2055000000000E+004    1.4770000000000E+003    1.5639000000000E+004
     470    1.6290000000000E+003    9.9823920000000E+006    2.3080000000000E+003    1.2163000000000E+004    1.5000000000000E+003    1.5971000000000E+004
     471    1.3740000000000E+003    9.9821770000000E+006    2.6880000000000E+003    1.2249000000000E+004    1.5040000000000E+003    1.6441000000000E+004
     472    1.7080000000000E+003    9.9813480000000E+006    3.1100000000000E+003    1.2313000000000E+004    1.5130000000000E+003    1.6936000000000E+004
     473    2.1140000000000E+003    9.9804720000000E+006    3.4510000000000E+003    1.2416000000000E+004    1.5390000000000E+003    1.7406000000000E+004
     474    2.7300000000000E+003    9.9796580000000E+006    3.5670000000000E+003    1.2453000000000E+004    1.5840000000000E+003    1.7604000000000E+004
     475    3.4040000000000E+003    9.9787690000000E+006    3.7420000000000E+003    1.2453000000000E+004    1.6240000000000E+003    1.7819000000000E+004
     476    3.5650000000000E+003    9.9777790000000E+006    4.4020000000000E+003    1.2582000000000E+004    1.6640000000000E+003    1.8648000000000E+004
     477    3.1260000000000E+003    9.9773420000000E+006    5.0660000000000E+003    1.2749000000000E+004    1.7090000000000E+003    1.9524000000000E+004
     478    2.7280000000000E+003    9.9769260000000E+006    5.6510000000000E+003    1.2955000000000E+004    1.7320000000000E+003    2.0338000000000E+004
     479    2.9470000000000E+003    9.9758180000000E+006    6.3170000000000E+003    1.3148000000000E+004    1.7620000000000E+003    2.1227000000000E+004
     480    3.0800000000000E+003    9.9746950000000E+006    7.0690000000000E+003    1.3301000000000E+004    1.8470000000000E+003    2.2217000000000E+004
     481    3.5060000000000E+003    9.9738320000000E+006    7.4100000000000E+003    1.3316000000000E+004    1.9280000000000E+003    2.2654000000000E+004
     482    3.9140000000000E+003    9.9730080000000E+006    7.7300000000000E+003    1.3324000000000E+004    2.0160000000000E+003    2.3070000000000E+004
     483    3.4910000000000E+003    9.9723230000000E+006    8.5450000000000E+003    1.3523000000000E+004    2.1100000000000E+003    2.4178000000000E+004
     484    2.7230000000000E+003    9.9719680000000E+006    9.3360000000000E+003    1.3746000000000E+004    2.2190000000000E+003    2.5301000000000E+004
     485    2.2000000000000E+003    9.9716280000000E+006    9.7290000000000E+003    1.4169000000000E+004    2.2660000000000E+003    2.6164000000000E+004
     486    2.4120000000000E+003    9.9705920000000E+006    1.0058000000000E+004    1.4625000000000E+004    2.3050000000000E+003    2.6988000000000E+004
     487    2.9380000000000E+003    9.9693810000000E+006    1.0273000000000E+004    1.4994000000000E+004    2.4060000000000E+003    2.7673000000000E+004
     488    3.5700000000000E+003    9.9683940000000E+006    1.0430000000000E+004    1.5079000000000E+004    2.5190000000000E+003    2.8028000000000E+004
     489    4.2270000000000E+003    9.9673970000000E+006    1.0555000000000E+004    1.5202000000000E+004    2.6110000000000E+003    2.8368000000000E+004
     490    4.0720000000000E+003    9.9665160000000E+006    1.0762000000000E+004    1.5982000000000E+004    2.6600000000000E+003    2.9404000000000E+004
     491    3.1600000000000E+003    9.9662170000000E+006    1.1097000000000E+004    1.6802000000000E+004    2.7160000000000E+003    3.0615000000000E+004
     492    2.6130000000000E+003    9.9657770000000E+006    1.1270000000000E+004    1.7581000000000E+004    2.7510000000000E+003    3.1602000000000E+004
     493    2.7560000000000E+003    9.9646370000000E+006    1.1378000000000E+004    1.8434000000000E+004    2.7870000000000E+003    3.2599000000000E+004
     494    2.7290000000000E+003    9.9637830000000E+006    1.1269000000000E+004    1.9337000000000E+004    2.8740000000000E+003    3.3480000000000E+004
     495    2.4300000000000E+003    9.9637830000000E+006    1.1131000000000E+004    1.9641000000000E+004    3.0070000000000E+003    3.3779000000000E+004
     496    1.9900000000000E+003    9.9637830000000E+006    1.1155000000000E+004    1.9973000000000E+004    3.0910000000000E+003    3.4219000000000E+004
     497    8.5000000000000E+002    9.9637830000000E+006    1.1187000000000E+004    2.0996000000000E+004    3.1760000000000E+003    3.5359000000000E+004
     498   -4.0000000000000E+000    9.9637830000000E+006    1.0918000000000E+004    2.2040000000000E+004    3.2550000000000E+003    3.6213000000000E+004
     499   -4.0000000000000E+000    9.9637830000000E+006    1.0055000000000E+004    2.2873000000000E+004    3.2850000000000E+003    3.6213000000000E+004
     500   -4.0000000000000E+000    9.9637830000000E+006    9.2310000000000E+003    2.3661000000000E+004    3.3210000000000E+003    3.6213000000000E+004
     501   -4.0000000000000E+000    9.9637830000000E+006    8.5460000000000E+003    2.4235000000000E+004    3.4320000000000E+003    3.6213000000000E+004
     502   -4.0000000000000E+000    9.9637830000000E+006    8.1910000000000E+003    2.4517000000000E+004    3.5050000000000E+003    3.6213000000000E+004
     503   -4.0000000000000E+000    9.9637830000000E+006    7.8510000000000E+003    2.4857000000000E+004    3.5050000000000E+003    3.6213000000000E+004
     504   -4.0000000000000E+000    9.9637830000000E+006    6.8150000000000E+003    2.5893000000000E+004    3.5050000000000E+003    3.6213000000000E+004
     505   -4.0000000000000E+000    9.9637830000000E+006    5.6040000000000E+003    2.7104000000000E+004    3.5050000000000E+003    3.6213000000000E+004
     506   -4.0000000000000E+000    9.9637830000000E+006    4.6170000000000E+003    2.8091000000000E+004    3.5050000000000E+003    3.6213000000000E+004
     507   -4.0000000000000E+000    9.9637830000000E+006    3.6200000000000E+003    2.9088000000000E+004    3.5050000000000E+003    3.6213000000000E+004
     508   -4.0000000000000E+000    9.9637830000000E+006    2.7390000000000E+003    2.9969000000000E+004    3.5050000000000E+003    3.6213000000000E+004
     509   -4.0000000000000E+000    9.9637830000000E+006    2.4400000000000E+003    3.0268000000000E+004    3.5050000000000E+003    3.6213000000000E+004
     510   -4.0000000000000E+000    9.9637830000000E+006    2.0000000000000E+003    3.0708000000000E+004    3.5050000000000E+003    3.6213000000000E+004
     511   -4.0000000000000E+000    9.9637830000000E+006    8.6000000000000E+002    3.1848000000000E+004    3.5050000000000E+003    3.6213000000000E+004
     512   -4.0000000000000E+000    9.9637830000000E+006    6.0000000000000E+000    3.2702000000000E+004    3.5050000000000E+003    3.6213000000000E+004
     513   -4.0000000000000E+000    9.9637830000000E+006    6.0000000000000E+000    3.2702000000000E+004    3.5050000000000E+003    3.6213000000000E+004
     514   -4.0000000000000E+000    9.9637830000000E+006    6.0000000000000E+000    3.2702000000000E+004    3.5050000000000E+003    3.6213000000000E+004
     515   -4.0000000000000E+000    9.9637830000000E+006    6.0000000000000E+000    3.2702000000000E+004    3.5050000000000E+003    3.6213000000000E+004
     516   -4.0000000000000E+000    9.9637830000000E+006    6.0000000000000E+000    3.2702000000000E+004    3.5050000000000E+003    3.6213000000000E+004
     517   -4.0000000000000E+000    9.9637830000000E+006    6.0000000000000E+000    3.2702000000000E+004    3.5050000000000E+003    3.6213000000000E+004
     518   -4.0000000000000E+000    9.9637830000000E+006    6.0000000000000E+000    3.2702000000000E+004    3.5050000000000E+003    3.6213000000000E+004
     519   -4.0000000000000E+000    9.9637830000000E+006    6.0000000000000E+000    3.2702000000000E+004    3.5050000000000E+003    3.6213000000000E+004
     520   -4.0000000000000E+000    9.9637830000000E+006    6.0000000000000E+000    3.2702000000000E+004    3.5050000000000E+003    3.6213000000000E+004
     521   -4.0000000000000E+000    9.9637830000000E+006    6.0000000000000E+000    3.2702000000000E+004    3.5050000000000E+003    3.6213000000000E+004
     522   -4.0000000000000E+000    9.9637830000000E+006    6.0000000000000E+000    3.2702000000000E+004    3.5050000000000E+003    3.6213000000000E+004
     523   -4.0000000000000E+000    9.9637830000000E+006    6.0000000000000E+000    3.2702000000000E+004    3.5050000000000E+003    3.6213000000000E+004
     524   -4.0000000000000E+000    9.9637830000000E+006    6.0000000000000E+000    3.2702000000000E+004    3.5050000000000E+003    3.6213000000000E+004
     525   -4.0000000000000E+000    9.9637830000000E+006    6.0000000000000E+000    3.2702000000000E+004    3.5050000000000E+003    3.6213000000000E+004
     526   -4.0000000000000E+000    9.9637830000000E+006    6.0000000000000E+000    3.2702000000000E+004    3.5050000000000E+003    3.6213000000000E+004
     527   -4.0000000000000E+000    9.9637830000000E+006    6.0000000000000E+000    3.2702000000000E+004    3.5050000000000E+003    3.6213000000000E+004
     528   -4.0000000000000E+000    9.9637830000000E+006    6.0000000000000E+000    3.2702000000000E+004    3.5050000000000E+003    3.6213000000000E+004
     529   -4.0000000000000E+000    9.9637830000000E+006    6.0000000000000E+000    3.2702000000000E+004    3.5050000000000E+003    3.6213000000000E+004
     530   -4.0000000000000E+000    9.9637830000000E+006    6.0000000000000E+000    3.2702000000000E+004    3.5050000000000E+003    3.6213000000000E+004
     531   -4.0000000000000E+000    9.9637830000000E+006    6.0000000000000E+000    3.2702000000000E+004    3.5050000000000E+003    3.6213000000000E+004
     532   -4.0000000000000E+000    9.9637830000000E+006    6.0000000000000E+000    3.2702000000000E+004    3.5050000000000E+003    3.6213000000000E+004
     533   -4.0000000000000E+000    9.9637830000000E+006    6.0000000000000E+000    3.2702000000000E+004    3.5050000000000E+003    3.6213000000000E+004
     534   -4.0000000000000E+000    9.9637830000000E+006    6.0000000000000E+000    3.2702000000000E+004    3.5050000000000E+003    3.6213000000000E+004
     535   -4.0000000000000E+000    9.9637830000000E+006    6.0000000000000E+000    3.2702000000000E+004    3.5050000000000E+003    3.6213000000000E+004
     536   -4.0000000000000E+000    9.9637830000000E+006    6.0000000000000E+000    3.2702000000000E+004    3.5050000000000E+003    3.6213000000000E+004
     537   -4.0000000000000E+000    9.9637830000000E+006    6.0000000000000E+000    3.2702000000000E+004    3.5050000000000E+003    3.6213000000000E+004
     538   -4.0000000000000E+000    9.9637830000000E+006    6.0000000000000E+000    3.2702000000000E+004    3.5050000000000E+003    3.6213000000000E+004
     539   -4.0000000000000E+000    9.9637830000000E+006    6.0000000000000E+000    3.2702000000000E+004    3.5050000000000E+003    3.6213000000000E+004
     540   -4.0000000000000E+000    9.9637830000000E+006    6.0000000000000E+000    3.2702000000000E+004    3.5050000000000E+003    3.6213000000000E+004
