       1    1.3000000000000E+001    1.3000000000000E+001
       2    1.3000000000000E+001    1.3000000000000E+001
       3    1.3000000000000E+001    1.3000000000000E+001
       4    1.3000000000000E+001    1.3000000000000E+001
       5    1.3000000000000E+001    1.3000000000000E+001
       6    1.6000000000000E+001    1.7000000000000E+001
       7    1.7000000000000E+001    2.3000000000000E+001
       8    2.1000000000000E+001    2.8000000000000E+001
       9    2.5000000000000E+001    3.2000000000000E+001
      10    3.0000000000000E+001    3.6000000000000E+001
      11    3.4000000000000E+001    4.1000000000000E+001
      12    3.9000000000000E+001    5.0000000000000E+001
      13    4.6000000000000E+001    6.0000000000000E+001
      14    5.5000000000000E+001    6.9000000000000E+001
      15    6.2000000000000E+001    8.2000000000000E+001
      16    6.8000000000000E+001    8.7000000000000E+001
      17    7.3000000000000E+001    9.2000000000000E+001
      18    7.6000000000000E+001    9.8000000000000E+001
      19    8.2000000000000E+001    1.0700000000000E+002
      20    8.6000000000000E+001    1.1600000000000E+002
      21    9.1000000000000E+001    1.2100000000000E+002
      22    1.0100000000000E+002    1.3600000000000E+002
      23    1.1100000000000E+002    1.4500000000000E+002
      24    1.1700000000000E+002    1.5500000000000E+002
      25    1.2300000000000E+002    1.6300000000000E+002
      26    1.3200000000000E+002    1.7100000000000E+002
      27    1.4100000000000E+002    1.8200000000000E+002
      28    1.5300000000000E+002    1.9100000000000E+002
      29    1.6200000000000E+002    2.0800000000000E+002
      30    1.6900000000000E+002    2.2000000000000E+002
      31    1.7700000000000E+002    2.3200000000000E+002
      32    1.8700000000000E+002    2.4800000000000E+002
      33    2.0100000000000E+002    2.6500000000000E+002
      34    2.1000000000000E+002    2.8300000000000E+002
      35    2.1800000000000E+002    2.9800000000000E+002
      36    2.3100000000000E+002    3.1000000000000E+002
      37    2.4700000000000E+002    3.2300000000000E+002
      38    2.6000000000000E+002    3.3600000000000E+002
      39    2.6700000000000E+002    3.5300000000000E+002
      40    2.8600000000000E+002    3.6500000000000E+002
      41    3.0200000000000E+002    3.8400000000000E+002
      42    3.1900000000000E+002    4.0300000000000E+002
      43    3.3900000000000E+002    4.2100000000000E+002
      44    3.5000000000000E+002    4.4200000000000E+002
      45    3.7100000000000E+002    4.7000000000000E+002
      46    3.8600000000000E+002    4.9200000000000E+002
      47    4.0600000000000E+002    5.1700000000000E+002
      48    4.2600000000000E+002    5.4100000000000E+002
      49    4.4800000000000E+002    5.6700000000000E+002
      50    4.6500000000000E+002    5.9700000000000E+002
      51    4.9000000000000E+002    6.2400000000000E+002
      52    5.1300000000000E+002    6.5200000000000E+002
      53    5.4200000000000E+002    6.8600000000000E+002
      54    5.7200000000000E+002    7.1400000000000E+002
      55    5.9700000000000E+002    7.4700000000000E+002
      56    6.1800000000000E+002    7.8700000000000E+002
      57    6.4100000000000E+002    8.2100000000000E+002
      58    6.6800000000000E+002    8.4300000000000E+002
      59    6.9700000000000E+002    8.8600000000000E+002
      60    7.3300000000000E+002    9.3100000000000E+002
      61    7.6800000000000E+002    9.7600000000000E+002
      62    8.0700000000000E+002    1.0150000000000E+003
      63    8.3400000000000E+002    1.0520000000000E+003
      64    8.6500000000000E+002    1.0890000000000E+003
      65    9.0100000000000E+002    1.1360000000000E+003
      66    9.2800000000000E+002    1.1960000000000E+003
      67    9.7900000000000E+002    1.2530000000000E+003
      68    1.0230000000000E+003    1.3070000000000E+003
      69    1.0730000000000E+003    1.3690000000000E+003
      70    1.1200000000000E+003    1.4250000000000E+003
      71    1.1670000000000E+003    1.4780000000000E+003
      72    1.2050000000000E+003    1.5350000000000E+003
      73    1.2550000000000E+003    1.5950000000000E+003
      74    1.3110000000000E+003    1.6660000000000E+003
      75    1.3640000000000E+003    1.7260000000000E+003
      76    1.4180000000000E+003    1.8070000000000E+003
      77    1.4690000000000E+003    1.8620000000000E+003
      78    1.5180000000000E+003    1.9320000000000E+003
      79    1.5750000000000E+003    2.0080000000000E+003
      80    1.6310000000000E+003    2.0840000000000E+003
      81    1.6880000000000E+003    2.1590000000000E+003
      82    1.7390000000000E+003    2.2350000000000E+003
      83    1.7930000000000E+003    2.3210000000000E+003
      84    1.8550000000000E+003    2.3990000000000E+003
      85    1.9220000000000E+003    2.4880000000000E+003
      86    1.9930000000000E+003    2.5560000000000E+003
      87    2.0590000000000E+003    2.6360000000000E+003
      88    2.1220000000000E+003    2.7130000000000E+003
      89    2.1860000000000E+003    2.7990000000000E+003
      90    2.2420000000000E+003    2.8890000000000E+003
      91    2.3020000000000E+003    2.9350000000000E+003
      92    2.3700000000000E+003    3.0380000000000E+003
      93    2.4300000000000E+003    3.1130000000000E+003
      94    2.4830000000000E+003    3.2320000000000E+003
      95    2.5410000000000E+003    3.3100000000000E+003
      96    2.5910000000000E+003    3.4260000000000E+003
      97    2.6610000000000E+003    3.5090000000000E+003
      98    2.7400000000000E+003    3.5430000000000E+003
      99    2.8020000000000E+003    3.6730000000000E+003
     100    2.8550000000000E+003    3.7840000000000E+003
     101    2.9370000000000E+003    3.8610000000000E+003
     102    3.0040000000000E+003    3.9630000000000E+003
     103    3.0690000000000E+003    4.1020000000000E+003
     104    3.1470000000000E+003    4.1760000000000E+003
     105    3.2030000000000E+003    4.2360000000000E+003
     106    3.2620000000000E+003    4.3780000000000E+003
     107    3.2910000000000E+003    4.4630000000000E+003
     108    3.3200000000000E+003    4.5660000000000E+003
     109    3.3580000000000E+003    4.6780000000000E+003
     110    3.4110000000000E+003    4.7850000000000E+003
     111    3.4590000000000E+003    4.8790000000000E+003
     112    3.5050000000000E+003    4.9370000000000E+003
     113    3.5840000000000E+003    5.0710000000000E+003
     114    3.6580000000000E+003    5.1930000000000E+003
     115    3.7440000000000E+003    5.3000000000000E+003
     116    3.8050000000000E+003    5.4120000000000E+003
     117    3.8670000000000E+003    5.5530000000000E+003
     118    3.9240000000000E+003    5.5970000000000E+003
     119    3.9880000000000E+003    5.6440000000000E+003
     120    4.0670000000000E+003    5.7780000000000E+003
     121    4.1410000000000E+003    5.8700000000000E+003
     122    4.2070000000000E+003    5.9410000000000E+003
     123    4.2680000000000E+003    6.0440000000000E+003
     124    4.3330000000000E+003    6.1420000000000E+003
     125    4.3910000000000E+003    6.1840000000000E+003
     126    4.4680000000000E+003    6.2290000000000E+003
     127    4.5370000000000E+003    6.3360000000000E+003
     128    4.6150000000000E+003    6.4450000000000E+003
     129    4.6920000000000E+003    6.5410000000000E+003
     130    4.7670000000000E+003    6.6080000000000E+003
     131    4.8450000000000E+003    6.6890000000000E+003
     132    4.9220000000000E+003    6.7630000000000E+003
     133    4.9920000000000E+003    6.8200000000000E+003
     134    5.0610000000000E+003    6.9430000000000E+003
     135    5.1320000000000E+003    7.0300000000000E+003
     136    5.2120000000000E+003    7.1490000000000E+003
     137    5.2960000000000E+003    7.2740000000000E+003
     138    5.3620000000000E+003    7.3630000000000E+003
     139    5.4110000000000E+003    7.4310000000000E+003
     140    5.4350000000000E+003    7.4780000000000E+003
     141    5.5200000000000E+003    7.5680000000000E+003
     142    5.6040000000000E+003    7.6610000000000E+003
     143    5.6760000000000E+003    7.7460000000000E+003
     144    5.7290000000000E+003    7.8020000000000E+003
     145    5.7930000000000E+003    7.8850000000000E+003
     146    5.8440000000000E+003    7.9410000000000E+003
     147    5.8710000000000E+003    7.9700000000000E+003
     148    5.9860000000000E+003    8.1180000000000E+003
     149    6.0590000000000E+003    8.1980000000000E+003
     150    6.1300000000000E+003    8.2960000000000E+003
     151    6.2010000000000E+003    8.3650000000000E+003
     152    6.2300000000000E+003    8.4010000000000E+003
     153    6.2660000000000E+003    8.4380000000000E+003
     154    6.2950000000000E+003    8.4760000000000E+003
     155    6.3770000000000E+003    8.5400000000000E+003
     156    6.4550000000000E+003    8.6450000000000E+003
     157    6.5060000000000E+003    8.7020000000000E+003
     158    6.5690000000000E+003    8.7750000000000E+003
     159    6.6130000000000E+003    8.8250000000000E+003
     160    6.6130000000000E+003    8.8250000000000E+003
     161    6.6130000000000E+003    8.8250000000000E+003
     162    6.6130000000000E+003    8.8250000000000E+003
     163    6.6130000000000E+003    8.8250000000000E+003
     164    6.6130000000000E+003    8.8250000000000E+003
     165    6.6130000000000E+003    8.8250000000000E+003
     166    6.6130000000000E+003    8.8250000000000E+003
     167    6.6130000000000E+003    8.8250000000000E+003
     168    6.6130000000000E+003    8.8250000000000E+003
     169    6.6130000000000E+003    8.8250000000000E+003
     170    6.6130000000000E+003    8.8250000000000E+003
     171    6.6130000000000E+003    8.8250000000000E+003
     172    6.6130000000000E+003    8.8250000000000E+003
     173    6.6130000000000E+003    8.8250000000000E+003
     174    6.6130000000000E+003    8.8250000000000E+003
     175    6.6130000000000E+003    8.8250000000000E+003
     176    6.6130000000000E+003    8.8250000000000E+003
     177    6.6130000000000E+003    8.8250000000000E+003
     178    6.6130000000000E+003    8.8250000000000E+003
     179    6.6130000000000E+003    8.8250000000000E+003
     180    6.6130000000000E+003    8.8250000000000E+003
     181    6.6130000000000E+003    8.8250000000000E+003
     182    6.6130000000000E+003    8.8250000000000E+003
     183    6.6130000000000E+003    8.8250000000000E+003
     184    6.6130000000000E+003    8.8250000000000E+003
     185    6.6130000000000E+003    8.8250000000000E+003
     186    6.6130000000000E+003    8.8250000000000E+003
     187    6.6130000000000E+003    8.8250000000000E+003
     188    6.6130000000000E+003    8.8250000000000E+003
     189    6.6130000000000E+003    8.8250000000000E+003
     190    6.6130000000000E+003    8.8250000000000E+003
     191    6.6130000000000E+003    8.8250000000000E+003
     192    6.6130000000000E+003    8.8250000000000E+003
     193    6.6130000000000E+003    8.8250000000000E+003
     194    6.6130000000000E+003    8.8250000000000E+003
     195    6.6130000000000E+003    8.8250000000000E+003
     196    6.6130000000000E+003    8.8250000000000E+003
     197    6.6130000000000E+003    8.8250000000000E+003
     198    6.6130000000000E+003    8.8250000000000E+003
     199    6.6130000000000E+003    8.8250000000000E+003
     200    6.6130000000000E+003    8.8250000000000E+003
