       0    0.0000000000000E+000    9.9999900000000E+006    1.0000000000000E+001    0.0000000000000E+000    0.0000000000000E+000    1.0000000000000E+001
       1    0.0000000000000E+000    9.9999900000000E+006    1.0000000000000E+001    0.0000000000000E+000    0.0000000000000E+000    1.0000000000000E+001
       2    0.0000000000000E+000    9.9999900000000E+006    1.0000000000000E+001    0.0000000000000E+000    0.0000000000000E+000    1.0000000000000E+001
       3    3.0000000000000E+000    9.9999870000000E+006    1.0000000000000E+001    0.0000000000000E+000    0.0000000000000E+000    1.0000000000000E+001
       4    6.0000000000000E+000    9.9999840000000E+006    1.0000000000000E+001    0.0000000000000E+000    0.0000000000000E+000    1.0000000000000E+001
       5    7.0000000000000E+000    9.9999830000000E+006    1.0000000000000E+001   -2.0000000000000E+000    2.0000000000000E+000    1.0000000000000E+001
       6    7.0000000000000E+000    9.9999830000000E+006    1.0000000000000E+001   -2.0000000000000E+000    2.0000000000000E+000    1.0000000000000E+001
       7    8.0000000000000E+000    9.9999790000000E+006    1.3000000000000E+001   -2.0000000000000E+000    2.0000000000000E+000    1.3000000000000E+001
       8    7.0000000000000E+000    9.9999770000000E+006    1.6000000000000E+001   -2.0000000000000E+000    2.0000000000000E+000    1.6000000000000E+001
       9    1.2000000000000E+001    9.9999710000000E+006    1.7000000000000E+001   -2.0000000000000E+000    2.0000000000000E+000    1.7000000000000E+001
      10    1.4000000000000E+001    9.9999690000000E+006    1.7000000000000E+001   -2.0000000000000E+000    2.0000000000000E+000    1.7000000000000E+001
      11    1.4000000000000E+001    9.9999650000000E+006    2.1000000000000E+001   -3.0000000000000E+000    3.0000000000000E+000    2.1000000000000E+001
      12    1.6000000000000E+001    9.9999610000000E+006    2.3000000000000E+001   -4.0000000000000E+000    4.0000000000000E+000    2.3000000000000E+001
      13    1.8000000000000E+001    9.9999530000000E+006    2.9000000000000E+001   -4.0000000000000E+000    4.0000000000000E+000    2.9000000000000E+001
      14    2.4000000000000E+001    9.9999450000000E+006    3.1000000000000E+001   -4.0000000000000E+000    4.0000000000000E+000    3.1000000000000E+001
      15    2.9000000000000E+001    9.9999360000000E+006    3.5000000000000E+001   -4.0000000000000E+000    4.0000000000000E+000    3.5000000000000E+001
      16    3.2000000000000E+001    9.9999290000000E+006    3.9000000000000E+001   -4.0000000000000E+000    4.0000000000000E+000    3.9000000000000E+001
      17    3.3000000000000E+001    9.9999200000000E+006    4.7000000000000E+001   -4.0000000000000E+000    4.0000000000000E+000    4.7000000000000E+001
      18    3.5000000000000E+001    9.9999100000000E+006    4.5000000000000E+001    6.0000000000000E+000    4.0000000000000E+000    5.5000000000000E+001
      19    3.6000000000000E+001    9.9999000000000E+006    5.4000000000000E+001    6.0000000000000E+000    4.0000000000000E+000    6.4000000000000E+001
      20    4.8000000000000E+001    9.9998810000000E+006    6.1000000000000E+001    6.0000000000000E+000    4.0000000000000E+000    7.1000000000000E+001
      21    5.6000000000000E+001    9.9998640000000E+006    6.7000000000000E+001    9.0000000000000E+000    4.0000000000000E+000    8.0000000000000E+001
      22    6.5000000000000E+001    9.9998450000000E+006    7.4000000000000E+001    1.1000000000000E+001    5.0000000000000E+000    9.0000000000000E+001
      23    6.7000000000000E+001    9.9998330000000E+006    8.3000000000000E+001    1.1000000000000E+001    6.0000000000000E+000    1.0000000000000E+002
      24    7.1000000000000E+001    9.9998100000000E+006    1.0200000000000E+002    1.1000000000000E+001    6.0000000000000E+000    1.1900000000000E+002
      25    8.3000000000000E+001    9.9997810000000E+006    1.1500000000000E+002    1.5000000000000E+001    6.0000000000000E+000    1.3600000000000E+002
      26    9.6000000000000E+001    9.9997490000000E+006    1.3200000000000E+002    1.7000000000000E+001    6.0000000000000E+000    1.5500000000000E+002
      27    1.1700000000000E+002    9.9997160000000E+006    1.3800000000000E+002    2.3000000000000E+001    6.0000000000000E+000    1.6700000000000E+002
      28    1.3700000000000E+002    9.9996730000000E+006    1.5900000000000E+002    2.4000000000000E+001    7.0000000000000E+000    1.9000000000000E+002
      29    1.4700000000000E+002    9.9996340000000E+006    1.8400000000000E+002    2.6000000000000E+001    9.0000000000000E+000    2.1900000000000E+002
      30    1.8900000000000E+002    9.9995600000000E+006    2.1200000000000E+002    2.7000000000000E+001    1.2000000000000E+001    2.5100000000000E+002
      31    2.1400000000000E+002    9.9995020000000E+006    2.3700000000000E+002    3.5000000000000E+001    1.2000000000000E+001    2.8400000000000E+002
      32    2.2900000000000E+002    9.9994440000000E+006    2.7200000000000E+002    3.8000000000000E+001    1.7000000000000E+001    3.2700000000000E+002
      33    2.6500000000000E+002    9.9993690000000E+006    3.0200000000000E+002    4.6000000000000E+001    1.8000000000000E+001    3.6600000000000E+002
      34    2.7500000000000E+002    9.9992850000000E+006    3.6900000000000E+002    4.9000000000000E+001    2.2000000000000E+001    4.4000000000000E+002
      35    3.0300000000000E+002    9.9991990000000E+006    4.1800000000000E+002    5.6000000000000E+001    2.4000000000000E+001    4.9800000000000E+002
      36    3.5400000000000E+002    9.9990900000000E+006    4.6600000000000E+002    5.8000000000000E+001    3.2000000000000E+001    5.5600000000000E+002
      37    3.8100000000000E+002    9.9989880000000E+006    5.3100000000000E+002    6.7000000000000E+001    3.3000000000000E+001    6.3100000000000E+002
      38    4.2700000000000E+002    9.9988580000000E+006    5.9600000000000E+002    7.5000000000000E+001    4.4000000000000E+001    7.1500000000000E+002
      39    4.9900000000000E+002    9.9987000000000E+006    6.6500000000000E+002    8.2000000000000E+001    5.4000000000000E+001    8.0100000000000E+002
      40    5.2500000000000E+002    9.9985650000000E+006    7.5500000000000E+002    9.8000000000000E+001    5.7000000000000E+001    9.1000000000000E+002
      41    5.7400000000000E+002    9.9984140000000E+006    8.4500000000000E+002    1.0600000000000E+002    6.1000000000000E+001    1.0120000000000E+003
      42    5.9500000000000E+002    9.9982630000000E+006    9.5200000000000E+002    1.1800000000000E+002    7.2000000000000E+001    1.1420000000000E+003
      43    6.3600000000000E+002    9.9980640000000E+006    1.0810000000000E+003    1.3600000000000E+002    8.3000000000000E+001    1.3000000000000E+003
      44    6.4000000000000E+002    9.9979250000000E+006    1.1840000000000E+003    1.5600000000000E+002    9.5000000000000E+001    1.4350000000000E+003
      45    6.1700000000000E+002    9.9977970000000E+006    1.3020000000000E+003    1.8000000000000E+002    1.0400000000000E+002    1.5860000000000E+003
      46    7.5500000000000E+002    9.9975080000000E+006    1.4100000000000E+003    2.1400000000000E+002    1.1300000000000E+002    1.7370000000000E+003
      47    8.5100000000000E+002    9.9972130000000E+006    1.5700000000000E+003    2.3400000000000E+002    1.3200000000000E+002    1.9360000000000E+003
      48    9.9400000000000E+002    9.9969310000000E+006    1.6350000000000E+003    2.9700000000000E+002    1.4300000000000E+002    2.0750000000000E+003
      49    1.1210000000000E+003    9.9966760000000E+006    1.7050000000000E+003    3.4400000000000E+002    1.5400000000000E+002    2.2030000000000E+003
      50    1.1780000000000E+003    9.9963300000000E+006    1.9360000000000E+003    3.8100000000000E+002    1.7500000000000E+002    2.4920000000000E+003
      51    1.0790000000000E+003    9.9961340000000E+006    2.1560000000000E+003    4.4100000000000E+002    1.9000000000000E+002    2.7870000000000E+003
      52    9.7100000000000E+002    9.9959600000000E+006    2.3540000000000E+003    5.0800000000000E+002    2.0700000000000E+002    3.0690000000000E+003
      53    1.0820000000000E+003    9.9955940000000E+006    2.5230000000000E+003    5.8500000000000E+002    2.1600000000000E+002    3.3240000000000E+003
      54    1.1120000000000E+003    9.9952180000000E+006    2.7600000000000E+003    6.6200000000000E+002    2.4800000000000E+002    3.6700000000000E+003
      55    1.3230000000000E+003    9.9948110000000E+006    2.8540000000000E+003    7.4100000000000E+002    2.7100000000000E+002    3.8660000000000E+003
      56    1.5240000000000E+003    9.9944360000000E+006    2.8980000000000E+003    8.4000000000000E+002    3.0200000000000E+002    4.0400000000000E+003
      57    1.3940000000000E+003    9.9942000000000E+006    3.1060000000000E+003    9.7600000000000E+002    3.2400000000000E+002    4.4060000000000E+003
      58    1.2540000000000E+003    9.9939640000000E+006    3.3470000000000E+003    1.0690000000000E+003    3.6600000000000E+002    4.7820000000000E+003
      59    1.0820000000000E+003    9.9937290000000E+006    3.6030000000000E+003    1.2020000000000E+003    3.8400000000000E+002    5.1890000000000E+003
      60    1.1980000000000E+003    9.9932380000000E+006    3.8270000000000E+003    1.3360000000000E+003    4.0100000000000E+002    5.5640000000000E+003
      61    1.3390000000000E+003    9.9928610000000E+006    3.8640000000000E+003    1.4940000000000E+003    4.4200000000000E+002    5.8000000000000E+003
      62    1.5630000000000E+003    9.9924010000000E+006    3.9610000000000E+003    1.5940000000000E+003    4.8100000000000E+002    6.0360000000000E+003
      63    1.7830000000000E+003    9.9919460000000E+006    4.0680000000000E+003    1.6760000000000E+003    5.2700000000000E+002    6.2710000000000E+003
      64    1.8680000000000E+003    9.9913700000000E+006    4.2700000000000E+003    1.9230000000000E+003    5.6900000000000E+002    6.7620000000000E+003
      65    1.7460000000000E+003    9.9911150000000E+006    4.3520000000000E+003    2.1900000000000E+003    5.9700000000000E+002    7.1390000000000E+003
      66    1.5140000000000E+003    9.9908870000000E+006    4.5300000000000E+003    2.4510000000000E+003    6.1800000000000E+002    7.5990000000000E+003
      67    1.6080000000000E+003    9.9903380000000E+006    4.7300000000000E+003    2.6840000000000E+003    6.4000000000000E+002    8.0540000000000E+003
      68    1.5820000000000E+003    9.9897880000000E+006    4.9600000000000E+003    2.9770000000000E+003    6.9300000000000E+002    8.6300000000000E+003
      69    1.9290000000000E+003    9.9891860000000E+006    5.0190000000000E+003    3.1390000000000E+003    7.2700000000000E+002    8.8850000000000E+003
      70    2.2740000000000E+003    9.9886130000000E+006    5.0730000000000E+003    3.2600000000000E+003    7.8000000000000E+002    9.1130000000000E+003
      71    2.3500000000000E+003    9.9879880000000E+006    5.2560000000000E+003    3.5840000000000E+003    8.2200000000000E+002    9.6620000000000E+003
      72    2.1760000000000E+003    9.9876120000000E+006    5.4300000000000E+003    3.9060000000000E+003    8.7600000000000E+002    1.0212000000000E+004
      73    1.8390000000000E+003    9.9873470000000E+006    5.6250000000000E+003    4.2820000000000E+003    9.0700000000000E+002    1.0814000000000E+004
      74    1.9810000000000E+003    9.9866320000000E+006    5.8230000000000E+003    4.6270000000000E+003    9.3700000000000E+002    1.1387000000000E+004
      75    2.0340000000000E+003    9.9859540000000E+006    6.2120000000000E+003    4.8040000000000E+003    9.9600000000000E+002    1.2012000000000E+004
      76    2.3540000000000E+003    9.9852580000000E+006    6.3520000000000E+003    4.9940000000000E+003    1.0420000000000E+003    1.2388000000000E+004
      77    2.7560000000000E+003    9.9845910000000E+006    6.3820000000000E+003    5.1630000000000E+003    1.1080000000000E+003    1.2653000000000E+004
      78    2.6820000000000E+003    9.9839500000000E+006    6.6060000000000E+003    5.6030000000000E+003    1.1590000000000E+003    1.3368000000000E+004
      79    2.3080000000000E+003    9.9836460000000E+006    6.9070000000000E+003    5.9190000000000E+003    1.2200000000000E+003    1.4046000000000E+004
      80    1.8540000000000E+003    9.9834040000000E+006    7.1430000000000E+003    6.3360000000000E+003    1.2630000000000E+003    1.4742000000000E+004
      81    1.8540000000000E+003    9.9827370000000E+006    7.3550000000000E+003    6.7590000000000E+003    1.2950000000000E+003    1.5409000000000E+004
      82    1.8650000000000E+003    9.9820850000000E+006    7.4200000000000E+003    7.2620000000000E+003    1.3680000000000E+003    1.6050000000000E+004
      83    2.2110000000000E+003    9.9814350000000E+006    7.4690000000000E+003    7.4530000000000E+003    1.4320000000000E+003    1.6354000000000E+004
      84    2.5690000000000E+003    9.9808350000000E+006    7.4830000000000E+003    7.6150000000000E+003    1.4980000000000E+003    1.6596000000000E+004
      85    2.5510000000000E+003    9.9801860000000E+006    7.6010000000000E+003    8.0950000000000E+003    1.5670000000000E+003    1.7263000000000E+004
      86    2.2700000000000E+003    9.9798150000000E+006    7.7030000000000E+003    8.5810000000000E+003    1.6310000000000E+003    1.7915000000000E+004
      87    1.9070000000000E+003    9.9795280000000E+006    7.7510000000000E+003    9.1530000000000E+003    1.6610000000000E+003    1.8565000000000E+004
      88    2.0230000000000E+003    9.9788120000000E+006    7.7780000000000E+003    9.7030000000000E+003    1.6840000000000E+003    1.9165000000000E+004
      89    1.9920000000000E+003    9.9781940000000E+006    7.8020000000000E+003    1.0266000000000E+004    1.7460000000000E+003    1.9814000000000E+004
      90    2.2440000000000E+003    9.9775710000000E+006    7.7970000000000E+003    1.0589000000000E+004    1.7990000000000E+003    2.0185000000000E+004
      91    2.5730000000000E+003    9.9769550000000E+006    7.8190000000000E+003    1.0783000000000E+004    1.8700000000000E+003    2.0472000000000E+004
      92    2.4940000000000E+003    9.9763180000000E+006    7.8200000000000E+003    1.1441000000000E+004    1.9270000000000E+003    2.1188000000000E+004
      93    2.2180000000000E+003    9.9759760000000E+006    7.7600000000000E+003    1.2060000000000E+004    1.9860000000000E+003    2.1806000000000E+004
      94    1.8470000000000E+003    9.9757240000000E+006    7.6870000000000E+003    1.2714000000000E+004    2.0280000000000E+003    2.2429000000000E+004
      95    1.9010000000000E+003    9.9750540000000E+006    7.6360000000000E+003    1.3351000000000E+004    2.0580000000000E+003    2.3045000000000E+004
      96    1.9420000000000E+003    9.9743760000000E+006    7.6320000000000E+003    1.3922000000000E+004    2.1280000000000E+003    2.3682000000000E+004
      97    2.2080000000000E+003    9.9737680000000E+006    7.6700000000000E+003    1.4165000000000E+004    2.1890000000000E+003    2.4024000000000E+004
      98    2.5260000000000E+003    9.9731980000000E+006    7.6800000000000E+003    1.4340000000000E+004    2.2560000000000E+003    2.4276000000000E+004
      99    2.4770000000000E+003    9.9725770000000E+006    7.6830000000000E+003    1.4943000000000E+004    2.3200000000000E+003    2.4946000000000E+004
     100    2.0640000000000E+003    9.9723120000000E+006    7.7090000000000E+003    1.5536000000000E+004    2.3790000000000E+003    2.5624000000000E+004
     101    1.6820000000000E+003    9.9720860000000E+006    7.6670000000000E+003    1.6147000000000E+004    2.4180000000000E+003    2.6232000000000E+004
     102    1.6900000000000E+003    9.9715080000000E+006    7.6370000000000E+003    1.6716000000000E+004    2.4490000000000E+003    2.6802000000000E+004
     103    1.6770000000000E+003    9.9709000000000E+006    7.6090000000000E+003    1.7297000000000E+004    2.5170000000000E+003    2.7423000000000E+004
     104    2.0280000000000E+003    9.9702840000000E+006    7.5030000000000E+003    1.7612000000000E+004    2.5730000000000E+003    2.7688000000000E+004
     105    2.3770000000000E+003    9.9697090000000E+006    7.4420000000000E+003    1.7847000000000E+004    2.6250000000000E+003    2.7914000000000E+004
     106    2.3880000000000E+003    9.9691200000000E+006    7.3040000000000E+003    1.8500000000000E+004    2.6880000000000E+003    2.8492000000000E+004
     107    2.0660000000000E+003    9.9688340000000E+006    7.2940000000000E+003    1.9049000000000E+004    2.7570000000000E+003    2.9100000000000E+004
     108    1.6370000000000E+003    9.9686470000000E+006    7.2870000000000E+003    1.9644000000000E+004    2.7850000000000E+003    2.9716000000000E+004
     109    1.6510000000000E+003    9.9680580000000E+006    7.2460000000000E+003    2.0235000000000E+004    2.8100000000000E+003    3.0291000000000E+004
     110    1.6350000000000E+003    9.9674850000000E+006    7.1980000000000E+003    2.0806000000000E+004    2.8760000000000E+003    3.0880000000000E+004
     111    1.8640000000000E+003    9.9669700000000E+006    7.1420000000000E+003    2.1093000000000E+004    2.9310000000000E+003    3.1166000000000E+004
     112    2.2130000000000E+003    9.9664340000000E+006    7.0770000000000E+003    2.1271000000000E+004    3.0050000000000E+003    3.1353000000000E+004
     113    2.1780000000000E+003    9.9658800000000E+006    6.9960000000000E+003    2.1881000000000E+004    3.0650000000000E+003    3.1942000000000E+004
     114    1.8730000000000E+003    9.9656120000000E+006    6.8910000000000E+003    2.2501000000000E+004    3.1230000000000E+003    3.2515000000000E+004
     115    1.5830000000000E+003    9.9653870000000E+006    6.7980000000000E+003    2.3087000000000E+004    3.1450000000000E+003    3.3030000000000E+004
     116    1.6410000000000E+003    9.9647930000000E+006    6.7640000000000E+003    2.3641000000000E+004    3.1610000000000E+003    3.3566000000000E+004
     117    1.6950000000000E+003    9.9641850000000E+006    6.6970000000000E+003    2.4201000000000E+004    3.2220000000000E+003    3.4120000000000E+004
     118    2.0630000000000E+003    9.9635490000000E+006    6.7000000000000E+003    2.4413000000000E+004    3.2750000000000E+003    3.4388000000000E+004
     119    2.3710000000000E+003    9.9630160000000E+006    6.6990000000000E+003    2.4593000000000E+004    3.3210000000000E+003    3.4613000000000E+004
     120    2.3730000000000E+003    9.9624200000000E+006    6.7150000000000E+003    2.5117000000000E+004    3.3750000000000E+003    3.5207000000000E+004
     121    2.0150000000000E+003    9.9621700000000E+006    6.7150000000000E+003    2.5670000000000E+004    3.4300000000000E+003    3.5815000000000E+004
     122    1.5340000000000E+003    9.9620150000000E+006    6.7350000000000E+003    2.6256000000000E+004    3.4600000000000E+003    3.6451000000000E+004
     123    1.6380000000000E+003    9.9613780000000E+006    6.6930000000000E+003    2.6807000000000E+004    3.4840000000000E+003    3.6984000000000E+004
     124    1.6940000000000E+003    9.9607260000000E+006    6.7000000000000E+003    2.7333000000000E+004    3.5470000000000E+003    3.7580000000000E+004
     125    2.0630000000000E+003    9.9601070000000E+006    6.6640000000000E+003    2.7560000000000E+004    3.6060000000000E+003    3.7830000000000E+004
     126    2.3770000000000E+003    9.9596380000000E+006    6.6320000000000E+003    2.7691000000000E+004    3.6620000000000E+003    3.7985000000000E+004
     127    2.2610000000000E+003    9.9591170000000E+006    6.6800000000000E+003    2.8238000000000E+004    3.7040000000000E+003    3.8622000000000E+004
     128    1.9200000000000E+003    9.9588060000000E+006    6.7590000000000E+003    2.8754000000000E+004    3.7610000000000E+003    3.9274000000000E+004
     129    1.4750000000000E+003    9.9586320000000E+006    6.8630000000000E+003    2.9249000000000E+004    3.7810000000000E+003    3.9893000000000E+004
     130    1.6730000000000E+003    9.9579650000000E+006    6.7960000000000E+003    2.9768000000000E+004    3.7980000000000E+003    4.0362000000000E+004
     131    1.7990000000000E+003    9.9573180000000E+006    6.7630000000000E+003    3.0256000000000E+004    3.8640000000000E+003    4.0883000000000E+004
     132    2.2290000000000E+003    9.9565770000000E+006    6.8060000000000E+003    3.0456000000000E+004    3.9320000000000E+003    4.1194000000000E+004
     133    2.7990000000000E+003    9.9558330000000E+006    6.7550000000000E+003    3.0622000000000E+004    3.9910000000000E+003    4.1368000000000E+004
     134    2.9480000000000E+003    9.9550170000000E+006    6.8280000000000E+003    3.1163000000000E+004    4.0440000000000E+003    4.2035000000000E+004
     135    2.6710000000000E+003    9.9546470000000E+006    6.8670000000000E+003    3.1712000000000E+004    4.1030000000000E+003    4.2682000000000E+004
     136    2.1210000000000E+003    9.9544560000000E+006    6.9720000000000E+003    3.2323000000000E+004    4.1280000000000E+003    4.3423000000000E+004
     137    2.0740000000000E+003    9.9537590000000E+006    7.1830000000000E+003    3.2843000000000E+004    4.1410000000000E+003    4.4167000000000E+004
     138    2.0300000000000E+003    9.9529870000000E+006    7.4030000000000E+003    3.3383000000000E+004    4.1970000000000E+003    4.4983000000000E+004
     139    2.4810000000000E+003    9.9521660000000E+006    7.5230000000000E+003    3.3570000000000E+004    4.2600000000000E+003    4.5353000000000E+004
     140    2.9910000000000E+003    9.9514650000000E+006    7.5590000000000E+003    3.3643000000000E+004    4.3420000000000E+003    4.5544000000000E+004
     141    3.0100000000000E+003    9.9507490000000E+006    7.6190000000000E+003    3.4201000000000E+004    4.4210000000000E+003    4.6241000000000E+004
     142    2.6020000000000E+003    9.9503850000000E+006    7.7390000000000E+003    3.4759000000000E+004    4.5150000000000E+003    4.7013000000000E+004
     143    1.9500000000000E+003    9.9502160000000E+006    7.9410000000000E+003    3.5352000000000E+004    4.5410000000000E+003    4.7834000000000E+004
     144    1.9380000000000E+003    9.9495270000000E+006    8.1730000000000E+003    3.5799000000000E+004    4.5630000000000E+003    4.8535000000000E+004
     145    1.9400000000000E+003    9.9488090000000E+006    8.3680000000000E+003    3.6266000000000E+004    4.6170000000000E+003    4.9251000000000E+004
     146    2.2490000000000E+003    9.9481360000000E+006    8.4210000000000E+003    3.6498000000000E+004    4.6960000000000E+003    4.9615000000000E+004
     147    2.7540000000000E+003    9.9474620000000E+006    8.4160000000000E+003    3.6589000000000E+004    4.7790000000000E+003    4.9784000000000E+004
     148    2.6760000000000E+003    9.9468510000000E+006    8.4380000000000E+003    3.7182000000000E+004    4.8530000000000E+003    5.0473000000000E+004
     149    2.3270000000000E+003    9.9464820000000E+006    8.5090000000000E+003    3.7763000000000E+004    4.9190000000000E+003    5.1191000000000E+004
     150    1.8370000000000E+003    9.9462990000000E+006    8.4410000000000E+003    3.8462000000000E+004    4.9610000000000E+003    5.1864000000000E+004
     151    1.7350000000000E+003    9.9457270000000E+006    8.3710000000000E+003    3.9191000000000E+004    4.9760000000000E+003    5.2538000000000E+004
     152    1.8250000000000E+003    9.9450260000000E+006    8.1660000000000E+003    3.9938000000000E+004    5.0450000000000E+003    5.3149000000000E+004
     153    2.1190000000000E+003    9.9443630000000E+006    8.1650000000000E+003    4.0251000000000E+004    5.1020000000000E+003    5.3518000000000E+004
     154    2.5360000000000E+003    9.9437630000000E+006    8.1570000000000E+003    4.0363000000000E+004    5.1810000000000E+003    5.3701000000000E+004
     155    2.5870000000000E+003    9.9431400000000E+006    8.0320000000000E+003    4.1002000000000E+004    5.2390000000000E+003    5.4273000000000E+004
     156    2.1660000000000E+003    9.9428600000000E+006    7.9610000000000E+003    4.1715000000000E+004    5.2980000000000E+003    5.4974000000000E+004
     157    1.6160000000000E+003    9.9427470000000E+006    7.8030000000000E+003    4.2495000000000E+004    5.3390000000000E+003    5.5637000000000E+004
     158    1.5540000000000E+003    9.9422090000000E+006    7.7020000000000E+003    4.3183000000000E+004    5.3520000000000E+003    5.6237000000000E+004
     159    1.6310000000000E+003    9.9415090000000E+006    7.6090000000000E+003    4.3841000000000E+004    5.4100000000000E+003    5.6860000000000E+004
     160    2.0210000000000E+003    9.9408390000000E+006    7.5250000000000E+003    4.4137000000000E+004    5.4780000000000E+003    5.7140000000000E+004
     161    2.5800000000000E+003    9.9401670000000E+006    7.4690000000000E+003    4.4243000000000E+004    5.5410000000000E+003    5.7253000000000E+004
     162    2.7570000000000E+003    9.9394520000000E+006    7.3180000000000E+003    4.4879000000000E+004    5.5940000000000E+003    5.7791000000000E+004
     163    2.3740000000000E+003    9.9391350000000E+006    7.3000000000000E+003    4.5546000000000E+004    5.6450000000000E+003    5.8491000000000E+004
     164    1.8260000000000E+003    9.9390130000000E+006    7.2970000000000E+003    4.6198000000000E+004    5.6660000000000E+003    5.9161000000000E+004
     165    1.8360000000000E+003    9.9383310000000E+006    7.2950000000000E+003    4.6859000000000E+004    5.6790000000000E+003    5.9833000000000E+004
     166    1.9220000000000E+003    9.9375300000000E+006    7.3990000000000E+003    4.7414000000000E+004    5.7350000000000E+003    6.0548000000000E+004
     167    2.3230000000000E+003    9.9368120000000E+006    7.3470000000000E+003    4.7718000000000E+004    5.8000000000000E+003    6.0865000000000E+004
     168    2.8590000000000E+003    9.9361540000000E+006    7.2860000000000E+003    4.7843000000000E+004    5.8580000000000E+003    6.0987000000000E+004
     169    2.9220000000000E+003    9.9354090000000E+006    7.3960000000000E+003    4.8348000000000E+004    5.9250000000000E+003    6.1669000000000E+004
     170    2.4410000000000E+003    9.9350890000000E+006    7.4960000000000E+003    4.8982000000000E+004    5.9920000000000E+003    6.2470000000000E+004
     171    1.9030000000000E+003    9.9349090000000E+006    7.5510000000000E+003    4.9616000000000E+004    6.0210000000000E+003    6.3188000000000E+004
     172    1.9410000000000E+003    9.9342130000000E+006    7.6090000000000E+003    5.0196000000000E+004    6.0410000000000E+003    6.3846000000000E+004
     173    1.8370000000000E+003    9.9335720000000E+006    7.7310000000000E+003    5.0756000000000E+004    6.1040000000000E+003    6.4591000000000E+004
     174    2.4720000000000E+003    9.9326170000000E+006    7.7710000000000E+003    5.0954000000000E+004    6.1860000000000E+003    6.4911000000000E+004
     175    3.1090000000000E+003    9.9318000000000E+006    7.8380000000000E+003    5.0999000000000E+004    6.2540000000000E+003    6.5091000000000E+004
     176    3.2980000000000E+003    9.9309150000000E+006    7.9960000000000E+003    5.1462000000000E+004    6.3290000000000E+003    6.5787000000000E+004
     177    3.1720000000000E+003    9.9304000000000E+006    7.9370000000000E+003    5.2089000000000E+004    6.4020000000000E+003    6.6428000000000E+004
     178    2.4080000000000E+003    9.9302090000000E+006    8.2220000000000E+003    5.2717000000000E+004    6.4440000000000E+003    6.7383000000000E+004
     179    2.3020000000000E+003    9.9294980000000E+006    8.3670000000000E+003    5.3365000000000E+004    6.4680000000000E+003    6.8200000000000E+004
     180    2.4020000000000E+003    9.9285130000000E+006    8.5370000000000E+003    5.4020000000000E+004    6.5280000000000E+003    6.9085000000000E+004
     181    2.8530000000000E+003    9.9275470000000E+006    8.7350000000000E+003    5.4265000000000E+004    6.6000000000000E+003    6.9600000000000E+004
     182    3.5200000000000E+003    9.9266890000000E+006    8.8040000000000E+003    5.4285000000000E+004    6.7020000000000E+003    6.9791000000000E+004
     183    3.6460000000000E+003    9.9258520000000E+006    8.8330000000000E+003    5.4875000000000E+004    6.7940000000000E+003    7.0502000000000E+004
     184    3.1150000000000E+003    9.9253980000000E+006    9.0170000000000E+003    5.5577000000000E+004    6.8930000000000E+003    7.1487000000000E+004
     185    2.3000000000000E+003    9.9252470000000E+006    9.2650000000000E+003    5.6245000000000E+004    6.9430000000000E+003    7.2453000000000E+004
     186    2.1170000000000E+003    9.9245720000000E+006    9.4650000000000E+003    5.6888000000000E+004    6.9580000000000E+003    7.3311000000000E+004
     187    2.1880000000000E+003    9.9236640000000E+006    9.5570000000000E+003    5.7554000000000E+004    7.0370000000000E+003    7.4148000000000E+004
     188    2.6230000000000E+003    9.9227750000000E+006    9.6910000000000E+003    5.7766000000000E+004    7.1450000000000E+003    7.4602000000000E+004
     189    3.2510000000000E+003    9.9219960000000E+006    9.6620000000000E+003    5.7840000000000E+004    7.2510000000000E+003    7.4753000000000E+004
     190    3.3830000000000E+003    9.9211890000000E+006    9.6410000000000E+003    5.8449000000000E+004    7.3380000000000E+003    7.5428000000000E+004
     191    2.9900000000000E+003    9.9206740000000E+006    9.9080000000000E+003    5.8992000000000E+004    7.4360000000000E+003    7.6336000000000E+004
     192    2.2620000000000E+003    9.9205130000000E+006    9.8420000000000E+003    5.9897000000000E+004    7.4860000000000E+003    7.7225000000000E+004
     193    2.1460000000000E+003    9.9198500000000E+006    9.8040000000000E+003    6.0699000000000E+004    7.5010000000000E+003    7.8004000000000E+004
     194    1.8980000000000E+003    9.9192910000000E+006    9.7260000000000E+003    6.1508000000000E+004    7.5770000000000E+003    7.8811000000000E+004
     195    1.5350000000000E+003    9.9191390000000E+006    9.7260000000000E+003    6.1926000000000E+004    7.6740000000000E+003    7.9326000000000E+004
     196    2.2550000000000E+003    9.9182580000000E+006    9.6960000000000E+003    6.2024000000000E+004    7.7670000000000E+003    7.9487000000000E+004
     197    2.3920000000000E+003    9.9174580000000E+006    9.6480000000000E+003    6.2653000000000E+004    7.8490000000000E+003    8.0150000000000E+004
     198    2.2720000000000E+003    9.9170190000000E+006    9.2220000000000E+003    6.3552000000000E+004    7.9350000000000E+003    8.0709000000000E+004
     199    2.3040000000000E+003    9.9168350000000E+006    8.4080000000000E+003    6.4462000000000E+004    7.9910000000000E+003    8.0861000000000E+004
     200    2.0950000000000E+003    9.9161630000000E+006    8.4310000000000E+003    6.5311000000000E+004    8.0000000000000E+003    8.1742000000000E+004
     201    2.1450000000000E+003    9.9153130000000E+006    8.3940000000000E+003    6.6078000000000E+004    8.0700000000000E+003    8.2542000000000E+004
     202    2.5040000000000E+003    9.9145150000000E+006    8.3790000000000E+003    6.6483000000000E+004    8.1190000000000E+003    8.2981000000000E+004
     203    3.0840000000000E+003    9.9137510000000E+006    8.4120000000000E+003    6.6622000000000E+004    8.1310000000000E+003    8.3165000000000E+004
     204    3.1990000000000E+003    9.9129640000000E+006    8.4090000000000E+003    6.7208000000000E+004    8.2200000000000E+003    8.3837000000000E+004
     205    2.8540000000000E+003    9.9124590000000E+006    8.3510000000000E+003    6.8045000000000E+004    8.2910000000000E+003    8.4687000000000E+004
     206    2.2740000000000E+003    9.9122410000000E+006    8.2600000000000E+003    6.8894000000000E+004    8.3310000000000E+003    8.5485000000000E+004
     207    2.3050000000000E+003    9.9114460000000E+006    8.2450000000000E+003    6.9651000000000E+004    8.3530000000000E+003    8.6249000000000E+004
     208    2.3880000000000E+003    9.9105760000000E+006    8.2250000000000E+003    7.0387000000000E+004    8.4240000000000E+003    8.7036000000000E+004
     209    2.7080000000000E+003    9.9097510000000E+006    8.2150000000000E+003    7.0804000000000E+004    8.5220000000000E+003    8.7541000000000E+004
     210    3.3050000000000E+003    9.9089360000000E+006    8.2720000000000E+003    7.0903000000000E+004    8.5840000000000E+003    8.7759000000000E+004
     211    3.2410000000000E+003    9.9082050000000E+006    8.4040000000000E+003    7.1496000000000E+004    8.6540000000000E+003    8.8554000000000E+004
     212    2.7410000000000E+003    9.9078350000000E+006    8.7150000000000E+003    7.1979000000000E+004    8.7300000000000E+003    8.9424000000000E+004
     213    2.0890000000000E+003    9.9076620000000E+006    9.3880000000000E+003    7.2067000000000E+004    8.7940000000000E+003    9.0249000000000E+004
     214    1.9880000000000E+003    9.9069480000000E+006    9.3220000000000E+003    7.2926000000000E+004    8.8160000000000E+003    9.1064000000000E+004
     215    2.1330000000000E+003    9.9060720000000E+006    9.2530000000000E+003    7.3639000000000E+004    8.9030000000000E+003    9.1795000000000E+004
     216    2.5980000000000E+003    9.9052370000000E+006    9.1840000000000E+003    7.3968000000000E+004    9.0130000000000E+003    9.2165000000000E+004
     217    3.2600000000000E+003    9.9044020000000E+006    9.1730000000000E+003    7.4084000000000E+004    9.0810000000000E+003    9.2338000000000E+004
     218    3.3500000000000E+003    9.9035980000000E+006    9.2150000000000E+003    7.4667000000000E+004    9.1700000000000E+003    9.3052000000000E+004
     219    2.8330000000000E+003    9.9032390000000E+006    9.2410000000000E+003    7.5451000000000E+004    9.2360000000000E+003    9.3928000000000E+004
     220    2.2070000000000E+003    9.9030300000000E+006    9.2780000000000E+003    7.6218000000000E+004    9.2670000000000E+003    9.4763000000000E+004
     221    2.2160000000000E+003    9.9021860000000E+006    9.3490000000000E+003    7.6967000000000E+004    9.2820000000000E+003    9.5598000000000E+004
     222    2.3400000000000E+003    9.9012580000000E+006    9.3660000000000E+003    7.7682000000000E+004    9.3540000000000E+003    9.6402000000000E+004
     223    2.8930000000000E+003    9.9003460000000E+006    9.2200000000000E+003    7.8110000000000E+004    9.4310000000000E+003    9.6761000000000E+004
     224    3.6270000000000E+003    9.8994030000000E+006    9.2110000000000E+003    7.8255000000000E+004    9.5040000000000E+003    9.6970000000000E+004
     225    3.8510000000000E+003    9.8983350000000E+006    9.2600000000000E+003    7.8976000000000E+004    9.5780000000000E+003    9.7814000000000E+004
     226    3.4130000000000E+003    9.8978450000000E+006    9.3180000000000E+003    7.9768000000000E+004    9.6560000000000E+003    9.8742000000000E+004
     227    2.7130000000000E+003    9.8976330000000E+006    9.4050000000000E+003    8.0558000000000E+004    9.6910000000000E+003    9.9654000000000E+004
     228    3.0760000000000E+003    9.8963270000000E+006    9.5330000000000E+003    8.1362000000000E+004    9.7020000000000E+003    1.0059700000000E+005
     229    3.4060000000000E+003    9.8949290000000E+006    9.8700000000000E+003    8.2012000000000E+004    9.7830000000000E+003    1.0166500000000E+005
     230    4.1110000000000E+003    9.8937340000000E+006    9.9900000000000E+003    8.2301000000000E+004    9.8640000000000E+003    1.0215500000000E+005
     231    5.1210000000000E+003    9.8925120000000E+006    1.0029000000000E+004    8.2365000000000E+004    9.9730000000000E+003    1.0236700000000E+005
     232    5.0980000000000E+003    9.8912290000000E+006    1.0621000000000E+004    8.2977000000000E+004    1.0075000000000E+004    1.0367300000000E+005
     233    4.2200000000000E+003    9.8907090000000E+006    1.1143000000000E+004    8.3755000000000E+004    1.0173000000000E+004    1.0507100000000E+005
     234    3.2690000000000E+003    9.8904650000000E+006    1.1503000000000E+004    8.4545000000000E+004    1.0218000000000E+004    1.0626600000000E+005
     235    3.3800000000000E+003    9.8891320000000E+006    1.1890000000000E+004    8.5364000000000E+004    1.0234000000000E+004    1.0748800000000E+005
     236    3.3910000000000E+003    9.8878380000000E+006    1.2369000000000E+004    8.6030000000000E+004    1.0372000000000E+004    1.0877100000000E+005
     237    4.2880000000000E+003    9.8864210000000E+006    1.2530000000000E+004    8.6255000000000E+004    1.0506000000000E+004    1.0929100000000E+005
     238    5.2590000000000E+003    9.8852060000000E+006    1.2565000000000E+004    8.6350000000000E+004    1.0620000000000E+004    1.0953500000000E+005
     239    4.9890000000000E+003    9.8841430000000E+006    1.3054000000000E+004    8.7066000000000E+004    1.0748000000000E+004    1.1086800000000E+005
     240    4.1740000000000E+003    9.8836640000000E+006    1.3420000000000E+004    8.7875000000000E+004    1.0867000000000E+004    1.1216200000000E+005
     241    2.9680000000000E+003    9.8834530000000E+006    1.3925000000000E+004    8.8736000000000E+004    1.0918000000000E+004    1.1357900000000E+005
     242    2.2370000000000E+003    9.8829690000000E+006    1.4197000000000E+004    8.9658000000000E+004    1.0939000000000E+004    1.1479400000000E+005
     243    2.6710000000000E+003    9.8814720000000E+006    1.4192000000000E+004    9.0601000000000E+004    1.1064000000000E+004    1.1585700000000E+005
     244    3.5820000000000E+003    9.8800820000000E+006    1.4181000000000E+004    9.0968000000000E+004    1.1187000000000E+004    1.1633600000000E+005
     245    4.7030000000000E+003    9.8787500000000E+006    1.4180000000000E+004    9.1028000000000E+004    1.1339000000000E+004    1.1654700000000E+005
     246    5.3840000000000E+003    9.8775850000000E+006    1.3358000000000E+004    9.2199000000000E+004    1.1474000000000E+004    1.1703100000000E+005
     247    4.4140000000000E+003    9.8770580000000E+006    1.3457000000000E+004    9.3475000000000E+004    1.1596000000000E+004    1.1852800000000E+005
     248    3.2900000000000E+003    9.8767920000000E+006    1.3652000000000E+004    9.4626000000000E+004    1.1640000000000E+004    1.1991800000000E+005
     249    3.6340000000000E+003    9.8751160000000E+006    1.3762000000000E+004    9.5829000000000E+004    1.1659000000000E+004    1.2125000000000E+005
     250    3.9860000000000E+003    9.8735990000000E+006    1.3644000000000E+004    9.7066000000000E+004    1.1705000000000E+004    1.2241500000000E+005
     251    4.9570000000000E+003    9.8721010000000E+006    1.3651000000000E+004    9.7417000000000E+004    1.1874000000000E+004    1.2294200000000E+005
     252    6.0870000000000E+003    9.8707050000000E+006    1.3673000000000E+004    9.7497000000000E+004    1.2038000000000E+004    1.2320800000000E+005
     253    5.8730000000000E+003    9.8692430000000E+006    1.4016000000000E+004    9.8695000000000E+004    1.2173000000000E+004    1.2488400000000E+005
     254    5.0030000000000E+003    9.8685960000000E+006    1.4239000000000E+004    9.9883000000000E+004    1.2279000000000E+004    1.2640100000000E+005
     255    3.7990000000000E+003    9.8683020000000E+006    1.4320000000000E+004    1.0124700000000E+005    1.2332000000000E+004    1.2789900000000E+005
     256    2.7150000000000E+003    9.8679900000000E+006    1.4501000000000E+004    1.0243900000000E+005    1.2355000000000E+004    1.2929500000000E+005
     257    2.9940000000000E+003    9.8662490000000E+006    1.4900000000000E+004    1.0332400000000E+005    1.2533000000000E+004    1.3075700000000E+005
     258    3.8450000000000E+003    9.8647510000000E+006    1.5068000000000E+004    1.0362600000000E+005    1.2710000000000E+004    1.3140400000000E+005
     259    4.9520000000000E+003    9.8633500000000E+006    1.5151000000000E+004    1.0368800000000E+005    1.2859000000000E+004    1.3169800000000E+005
     260    6.1570000000000E+003    9.8618330000000E+006    1.4979000000000E+004    1.0403800000000E+005    1.2993000000000E+004    1.3201000000000E+005
     261    5.2560000000000E+003    9.8609930000000E+006    1.5223000000000E+004    1.0540700000000E+005    1.3121000000000E+004    1.3375100000000E+005
     262    4.0840000000000E+003    9.8606670000000E+006    1.5331000000000E+004    1.0672800000000E+005    1.3190000000000E+004    1.3524900000000E+005
     263    4.6480000000000E+003    9.8587020000000E+006    1.5400000000000E+004    1.0802000000000E+005    1.3230000000000E+004    1.3665000000000E+005
     264    5.2050000000000E+003    9.8566280000000E+006    1.5752000000000E+004    1.0914100000000E+005    1.3274000000000E+004    1.3816700000000E+005
     265    6.2870000000000E+003    9.8547060000000E+006    1.6065000000000E+004    1.0949200000000E+005    1.3450000000000E+004    1.3900700000000E+005
     266    7.9840000000000E+003    9.8526830000000E+006    1.6125000000000E+004    1.0961000000000E+005    1.3598000000000E+004    1.3933300000000E+005
     267    8.2190000000000E+003    9.8504830000000E+006    1.6414000000000E+004    1.1114200000000E+005    1.3742000000000E+004    1.4129800000000E+005
     268    7.3600000000000E+003    9.8492680000000E+006    1.6971000000000E+004    1.1251700000000E+005    1.3884000000000E+004    1.4337200000000E+005
     269    5.8740000000000E+003    9.8488320000000E+006    1.7395000000000E+004    1.1392300000000E+005    1.3976000000000E+004    1.4529400000000E+005
     270    6.5470000000000E+003    9.8461360000000E+006    1.8022000000000E+004    1.1528800000000E+005    1.4007000000000E+004    1.4731700000000E+005
     271    7.1270000000000E+003    9.8433560000000E+006    1.8760000000000E+004    1.1655800000000E+005    1.4199000000000E+004    1.4951700000000E+005
     272    8.8640000000000E+003    9.8404040000000E+006    1.9328000000000E+004    1.1697100000000E+005    1.4433000000000E+004    1.5073200000000E+005
     273    1.1444000000000E+004    9.8373880000000E+006    1.9470000000000E+004    1.1708000000000E+005    1.4618000000000E+004    1.5116800000000E+005
     274    1.1922000000000E+004    9.8342140000000E+006    2.1854000000000E+004    1.1720300000000E+005    1.4807000000000E+004    1.5386400000000E+005
     275    1.1107000000000E+004    9.8322490000000E+006    2.2893000000000E+004    1.1872600000000E+005    1.5025000000000E+004    1.5664400000000E+005
     276    8.6640000000000E+003    9.8317400000000E+006    2.4347000000000E+004    1.2010500000000E+005    1.5144000000000E+004    1.5959600000000E+005
     277    9.3500000000000E+003    9.8280380000000E+006    2.5962000000000E+004    1.2146300000000E+005    1.5187000000000E+004    1.6261200000000E+005
     278    9.6420000000000E+003    9.8245720000000E+006    2.7619000000000E+004    1.2270100000000E+005    1.5466000000000E+004    1.6578600000000E+005
     279    1.1089000000000E+004    9.8211600000000E+006    2.8744000000000E+004    1.2324400000000E+005    1.5763000000000E+004    1.6775100000000E+005
     280    1.4285000000000E+004    9.8174550000000E+006    2.8927000000000E+004    1.2325500000000E+005    1.6078000000000E+004    1.6826000000000E+005
     281    1.4118000000000E+004    9.8139200000000E+006    3.0664000000000E+004    1.2491200000000E+005    1.6386000000000E+004    1.7196200000000E+005
     282    1.2666000000000E+004    9.8119060000000E+006    3.2056000000000E+004    1.2667400000000E+005    1.6698000000000E+004    1.7542800000000E+005
     283    9.7230000000000E+003    9.8114370000000E+006    3.3546000000000E+004    1.2837900000000E+005    1.6915000000000E+004    1.7884000000000E+005
     284    9.6760000000000E+003    9.8077790000000E+006    3.5228000000000E+004    1.3034300000000E+005    1.6974000000000E+004    1.8254500000000E+005
     285    9.8490000000000E+003    9.8040710000000E+006    3.6563000000000E+004    1.3214700000000E+005    1.7370000000000E+004    1.8608000000000E+005
     286    1.1455000000000E+004    9.8004510000000E+006    3.7362000000000E+004    1.3296200000000E+005    1.7770000000000E+004    1.8809400000000E+005
     287    1.4466000000000E+004    9.7969710000000E+006    3.7395000000000E+004    1.3305200000000E+005    1.8116000000000E+004    1.8856300000000E+005
     288    1.4605000000000E+004    9.7931740000000E+006    3.8357000000000E+004    1.3535000000000E+005    1.8514000000000E+004    1.9222100000000E+005
     289    1.2883000000000E+004    9.7911880000000E+006    3.9285000000000E+004    1.3778100000000E+005    1.8863000000000E+004    1.9592900000000E+005
     290    9.8310000000000E+003    9.7906200000000E+006    3.9953000000000E+004    1.4050700000000E+005    1.9089000000000E+004    1.9954900000000E+005
     291    1.0130000000000E+004    9.7868410000000E+006    4.0417000000000E+004    1.4347000000000E+005    1.9142000000000E+004    2.0302900000000E+005
     292    1.0001000000000E+004    9.7831730000000E+006    4.1040000000000E+004    1.4631300000000E+005    1.9473000000000E+004    2.0682600000000E+005
     293    1.1528000000000E+004    9.7796600000000E+006    4.1061000000000E+004    1.4791000000000E+005    1.9841000000000E+004    2.0881200000000E+005
     294    1.3990000000000E+004    9.7766300000000E+006    4.1120000000000E+004    1.4803100000000E+005    2.0229000000000E+004    2.0938000000000E+005
     295    1.0611000000000E+004    9.7762300000000E+006    4.1197000000000E+004    1.5139200000000E+005    2.0570000000000E+004    2.1315900000000E+005
     296    8.2450000000000E+003    9.7749280000000E+006    4.1399000000000E+004    1.5446000000000E+005    2.0968000000000E+004    2.1682700000000E+005
     297    5.4430000000000E+003    9.7742170000000E+006    4.1500000000000E+004    1.5766500000000E+005    2.1175000000000E+004    2.2034000000000E+005
     298    6.5930000000000E+003    9.7700370000000E+006    4.0825000000000E+004    1.6131000000000E+005    2.1235000000000E+004    2.2337000000000E+005
     299    1.0438000000000E+004    9.7657920000000E+006    3.7690000000000E+004    1.6449700000000E+005    2.1583000000000E+004    2.2377000000000E+005
     300    1.2981000000000E+004    9.7619470000000E+006    3.6978000000000E+004    1.6615100000000E+005    2.1943000000000E+004    2.2507200000000E+005
     301    1.5685000000000E+004    9.7585320000000E+006    3.7220000000000E+004    1.6627700000000E+005    2.2286000000000E+004    2.2578300000000E+005
     302    1.2006000000000E+004    9.7580310000000E+006    3.7742000000000E+004    1.6962000000000E+005    2.2601000000000E+004    2.2996300000000E+005
     303    8.9910000000000E+003    9.7568010000000E+006    3.8279000000000E+004    1.7328800000000E+005    2.2641000000000E+004    2.3420800000000E+005
     304    5.8960000000000E+003    9.7560510000000E+006    3.8504000000000E+004    1.7677200000000E+005    2.2777000000000E+004    2.3805300000000E+005
     305    7.0710000000000E+003    9.7514610000000E+006    3.8439000000000E+004    1.8018400000000E+005    2.2845000000000E+004    2.4146800000000E+005
     306    1.1187000000000E+004    9.7468440000000E+006    3.5143000000000E+004    1.8356000000000E+005    2.3266000000000E+004    2.4196900000000E+005
     307    1.4481000000000E+004    9.7423200000000E+006    3.4387000000000E+004    1.8512700000000E+005    2.3685000000000E+004    2.4319900000000E+005
     308    1.8328000000000E+004    9.7377230000000E+006    3.4569000000000E+004    1.8528500000000E+005    2.4095000000000E+004    2.4394900000000E+005
     309    1.8333000000000E+004    9.7331280000000E+006    3.5380000000000E+004    1.8870500000000E+005    2.4454000000000E+004    2.4853900000000E+005
     310    1.6392000000000E+004    9.7304520000000E+006    3.6329000000000E+004    1.9232000000000E+005    2.4507000000000E+004    2.5315600000000E+005
     311    1.2790000000000E+004    9.7295300000000E+006    3.7340000000000E+004    1.9571100000000E+005    2.4629000000000E+004    2.5768000000000E+005
     312    1.3143000000000E+004    9.7245800000000E+006    3.8907000000000E+004    1.9867100000000E+005    2.4699000000000E+004    2.6227700000000E+005
     313    1.3272000000000E+004    9.7198560000000E+006    4.3102000000000E+004    1.9861700000000E+005    2.5153000000000E+004    2.6687200000000E+005
     314    1.5233000000000E+004    9.7152190000000E+006    4.4476000000000E+004    1.9943500000000E+005    2.5637000000000E+004    2.6954800000000E+005
     315    1.8771000000000E+004    9.7107590000000E+006    4.4687000000000E+004    1.9964700000000E+005    2.6136000000000E+004    2.7047000000000E+005
     316    1.8077000000000E+004    9.7065030000000E+006    4.5457000000000E+004    2.0336500000000E+005    2.6598000000000E+004    2.7542000000000E+005
     317    1.5983000000000E+004    9.7038730000000E+006    4.5936000000000E+004    2.0712900000000E+005    2.7079000000000E+004    2.8014400000000E+005
     318    1.2066000000000E+004    9.7031530000000E+006    4.6728000000000E+004    2.1072700000000E+005    2.7326000000000E+004    2.8478100000000E+005
     319    1.2045000000000E+004    9.6987140000000E+006    4.7773000000000E+004    2.1403500000000E+005    2.7433000000000E+004    2.8924100000000E+005
     320    1.2272000000000E+004    9.6942310000000E+006    5.1528000000000E+004    2.1402600000000E+005    2.7943000000000E+004    2.9349700000000E+005
     321    1.3614000000000E+004    9.6902590000000E+006    5.2928000000000E+004    2.1479800000000E+005    2.8401000000000E+004    2.9612700000000E+005
     322    1.6671000000000E+004    9.6864820000000E+006    5.2898000000000E+004    2.1508000000000E+005    2.8869000000000E+004    2.9684700000000E+005
     323    1.5906000000000E+004    9.6828080000000E+006    5.2747000000000E+004    2.1925500000000E+005    2.9284000000000E+004    3.0128600000000E+005
     324    1.3491000000000E+004    9.6807400000000E+006    5.2613000000000E+004    2.2341700000000E+005    2.9739000000000E+004    3.0576900000000E+005
     325    1.0252000000000E+004    9.6800070000000E+006    5.2061000000000E+004    2.2768200000000E+005    2.9998000000000E+004    3.0974100000000E+005
     326    1.0482000000000E+004    9.6760000000000E+006    5.1241000000000E+004    2.3221900000000E+005    3.0058000000000E+004    3.1351800000000E+005
     327    1.0748000000000E+004    9.6720600000000E+006    5.0320000000000E+004    2.3636500000000E+005    3.0507000000000E+004    3.1719200000000E+005
     328    1.2120000000000E+004    9.6686200000000E+006    4.9712000000000E+004    2.3857200000000E+005    3.0976000000000E+004    3.1926000000000E+005
     329    1.4490000000000E+004    9.6655170000000E+006    4.9523000000000E+004    2.3907700000000E+005    3.1393000000000E+004    3.1999300000000E+005
     330    1.3395000000000E+004    9.6626050000000E+006    4.8580000000000E+004    2.4364800000000E+005    3.1772000000000E+004    3.2400000000000E+005
     331    1.1027000000000E+004    9.6610330000000E+006    4.7796000000000E+004    2.4800600000000E+005    3.2138000000000E+004    3.2794000000000E+005
     332    8.1380000000000E+003    9.6604820000000E+006    4.6599000000000E+004    2.5242200000000E+005    3.2359000000000E+004    3.3138000000000E+005
     333    5.7830000000000E+003    9.6597340000000E+006    4.5242000000000E+004    2.5682700000000E+005    3.2414000000000E+004    3.3448300000000E+005
     334    5.9120000000000E+003    9.6566930000000E+006    4.3898000000000E+004    2.6070900000000E+005    3.2788000000000E+004    3.3739500000000E+005
     335    7.0540000000000E+003    9.6539790000000E+006    4.2840000000000E+004    2.6294200000000E+005    3.3185000000000E+004    3.3896700000000E+005
     336    9.0330000000000E+003    9.6514490000000E+006    4.2671000000000E+004    2.6334600000000E+005    3.3501000000000E+004    3.3951800000000E+005
     337    1.0677000000000E+004    9.6490570000000E+006    3.8980000000000E+004    2.6746300000000E+005    3.3823000000000E+004    3.4026600000000E+005
     338    9.0100000000000E+003    9.6476830000000E+006    3.7538000000000E+004    2.7165100000000E+005    3.4118000000000E+004    3.4330700000000E+005
     339    6.6570000000000E+003    9.6473220000000E+006    3.6280000000000E+004    2.7546500000000E+005    3.4276000000000E+004    3.4602100000000E+005
     340    6.8110000000000E+003    9.6446380000000E+006    3.5033000000000E+004    2.7919300000000E+005    3.4325000000000E+004    3.4855100000000E+005
     341    6.5220000000000E+003    9.6425350000000E+006    3.3751000000000E+004    2.8279400000000E+005    3.4398000000000E+004    3.5094300000000E+005
     342    7.2160000000000E+003    9.6404670000000E+006    3.3057000000000E+004    2.8455800000000E+005    3.4702000000000E+004    3.5231700000000E+005
     343    8.6600000000000E+003    9.6386620000000E+006    3.2685000000000E+004    2.8501300000000E+005    3.4980000000000E+004    3.5267800000000E+005
     344    7.9160000000000E+003    9.6367220000000E+006    3.1362000000000E+004    2.8875400000000E+005    3.5246000000000E+004    3.5536200000000E+005
     345    7.0040000000000E+003    9.6355310000000E+006    2.9525000000000E+004    2.9244800000000E+005    3.5492000000000E+004    3.5746500000000E+005
     346    5.2580000000000E+003    9.6352090000000E+006    2.8153000000000E+004    2.9574900000000E+005    3.5631000000000E+004    3.5953300000000E+005
     347    5.4270000000000E+003    9.6332350000000E+006    2.6855000000000E+004    2.9881200000000E+005    3.5671000000000E+004    3.6133800000000E+005
     348    5.3770000000000E+003    9.6313450000000E+006    2.5883000000000E+004    3.0146200000000E+005    3.5933000000000E+004    3.6327800000000E+005
     349    5.8560000000000E+003    9.6296750000000E+006    2.5502000000000E+004    3.0278500000000E+005    3.6182000000000E+004    3.6446900000000E+005
     350    7.2610000000000E+003    9.6279480000000E+006    2.5273000000000E+004    3.0314300000000E+005    3.6375000000000E+004    3.6479100000000E+005
     351    6.9600000000000E+003    9.6262750000000E+006    2.6499000000000E+004    3.0371500000000E+005    3.6551000000000E+004    3.6676500000000E+005
     352    5.9710000000000E+003    9.6253740000000E+006    2.5348000000000E+004    3.0655500000000E+005    3.6752000000000E+004    3.6865500000000E+005
     353    4.6060000000000E+003    9.6250690000000E+006    2.4304000000000E+004    3.0914700000000E+005    3.6874000000000E+004    3.7032500000000E+005
     354    5.0300000000000E+003    9.6229180000000E+006    2.3501000000000E+004    3.1164200000000E+005    3.6909000000000E+004    3.7205200000000E+005
     355    5.1470000000000E+003    9.6211280000000E+006    2.2782000000000E+004    3.1384000000000E+005    3.7103000000000E+004    3.7372500000000E+005
     356    5.8860000000000E+003    9.6194880000000E+006    2.2309000000000E+004    3.1504600000000E+005    3.7271000000000E+004    3.7462600000000E+005
     357    7.2570000000000E+003    9.6178120000000E+006    2.2253000000000E+004    3.1524000000000E+005    3.7438000000000E+004    3.7493100000000E+005
     358    6.8630000000000E+003    9.6160550000000E+006    2.1720000000000E+004    3.1774500000000E+005    3.7617000000000E+004    3.7708200000000E+005
     359    6.1430000000000E+003    9.6149850000000E+006    2.1407000000000E+004    3.1969300000000E+005    3.7772000000000E+004    3.7887200000000E+005
     360    4.8700000000000E+003    9.6146180000000E+006    2.0979000000000E+004    3.2167000000000E+005    3.7863000000000E+004    3.8051200000000E+005
     361    5.1920000000000E+003    9.6126200000000E+006    2.0850000000000E+004    3.2344300000000E+005    3.7895000000000E+004    3.8218800000000E+005
     362    5.1970000000000E+003    9.6108580000000E+006    2.0667000000000E+004    3.2514900000000E+005    3.8129000000000E+004    3.8394500000000E+005
     363    5.7660000000000E+003    9.6092190000000E+006    2.0546000000000E+004    3.2615100000000E+005    3.8318000000000E+004    3.8501500000000E+005
     364    6.9890000000000E+003    9.6076290000000E+006    2.0591000000000E+004    3.2631200000000E+005    3.8479000000000E+004    3.8538200000000E+005
     365    6.4640000000000E+003    9.6061560000000E+006    2.0615000000000E+004    3.2812400000000E+005    3.8641000000000E+004    3.8738000000000E+005
     366    5.5630000000000E+003    9.6052950000000E+006    2.0487000000000E+004    3.2983700000000E+005    3.8818000000000E+004    3.8914200000000E+005
     367    4.2480000000000E+003    9.6049710000000E+006    2.0456000000000E+004    3.3139800000000E+005    3.8927000000000E+004    3.9078100000000E+005
     368    4.3710000000000E+003    9.6032580000000E+006    2.0319000000000E+004    3.3308500000000E+005    3.8967000000000E+004    3.9237100000000E+005
     369    4.2480000000000E+003    9.6019080000000E+006    2.0119000000000E+004    3.3456100000000E+005    3.9164000000000E+004    3.9384400000000E+005
     370    4.6030000000000E+003    9.6006920000000E+006    2.0079000000000E+004    3.3528100000000E+005    3.9345000000000E+004    3.9470500000000E+005
     371    5.5770000000000E+003    9.5993940000000E+006    2.0098000000000E+004    3.3541400000000E+005    3.9517000000000E+004    3.9502900000000E+005
     372    5.1720000000000E+003    9.5980860000000E+006    1.9660000000000E+004    3.3740200000000E+005    3.9680000000000E+004    3.9674200000000E+005
     373    4.5230000000000E+003    9.5973850000000E+006    1.9220000000000E+004    3.3904100000000E+005    3.9831000000000E+004    3.9809200000000E+005
     374    3.5900000000000E+003    9.5971020000000E+006    1.8796000000000E+004    3.4059600000000E+005    3.9916000000000E+004    3.9930800000000E+005
     375    2.6360000000000E+003    9.5967580000000E+006    1.8418000000000E+004    3.4224300000000E+005    3.9945000000000E+004    4.0060600000000E+005
     376    2.9390000000000E+003    9.5951470000000E+006    1.7969000000000E+004    3.4381900000000E+005    4.0126000000000E+004    4.0191400000000E+005
     377    3.5160000000000E+003    9.5938690000000E+006    1.7600000000000E+004    3.4476100000000E+005    4.0254000000000E+004    4.0261500000000E+005
     378    4.5040000000000E+003    9.5925980000000E+006    1.7516000000000E+004    3.4501000000000E+005    4.0372000000000E+004    4.0289800000000E+005
     379    5.2630000000000E+003    9.5914950000000E+006    1.5862000000000E+004    3.4687300000000E+005    4.0507000000000E+004    4.0324200000000E+005
     380    4.3310000000000E+003    9.5908160000000E+006    1.5711000000000E+004    3.4850000000000E+005    4.0642000000000E+004    4.0485300000000E+005
     381    3.3030000000000E+003    9.5905660000000E+006    1.5350000000000E+004    3.5006700000000E+005    4.0714000000000E+004    4.0613100000000E+005
     382    3.3620000000000E+003    9.5892360000000E+006    1.5031000000000E+004    3.5162400000000E+005    4.0747000000000E+004    4.0740200000000E+005
     383    3.4940000000000E+003    9.5880010000000E+006    1.4661000000000E+004    3.5306100000000E+005    4.0783000000000E+004    4.0850500000000E+005
     384    3.8500000000000E+003    9.5869660000000E+006    1.4479000000000E+004    3.5376000000000E+005    4.0945000000000E+004    4.0918400000000E+005
     385    4.6270000000000E+003    9.5859390000000E+006    1.4405000000000E+004    3.5396700000000E+005    4.1062000000000E+004    4.0943400000000E+005
     386    4.1500000000000E+003    9.5850860000000E+006    1.4022000000000E+004    3.5554400000000E+005    4.1198000000000E+004    4.1076400000000E+005
     387    3.5010000000000E+003    9.5845000000000E+006    1.3907000000000E+004    3.5678700000000E+005    4.1305000000000E+004    4.1199900000000E+005
     388    2.6810000000000E+003    9.5842850000000E+006    1.3726000000000E+004    3.5792600000000E+005    4.1382000000000E+004    4.1303400000000E+005
     389    2.8000000000000E+003    9.5831390000000E+006    1.3455000000000E+004    3.5920100000000E+005    4.1405000000000E+004    4.1406100000000E+005
     390    2.9990000000000E+003    9.5820870000000E+006    1.3000000000000E+004    3.6037800000000E+005    4.1536000000000E+004    4.1491400000000E+005
     391    3.3750000000000E+003    9.5811250000000E+006    1.2885000000000E+004    3.6096200000000E+005    4.1653000000000E+004    4.1550000000000E+005
     392    3.5710000000000E+003    9.5807140000000E+006    1.2817000000000E+004    3.6113400000000E+005    4.1764000000000E+004    4.1571500000000E+005
     393    2.7020000000000E+003    9.5804370000000E+006    1.3619000000000E+004    3.6137400000000E+005    4.1868000000000E+004    4.1686100000000E+005
     394    1.8760000000000E+003    9.5802110000000E+006    1.3060000000000E+004    3.6289600000000E+005    4.1957000000000E+004    4.1791300000000E+005
     395    1.1180000000000E+003    9.5800070000000E+006    1.2744000000000E+004    3.6411900000000E+005    4.2012000000000E+004    4.1887500000000E+005
     396    1.7910000000000E+003    9.5789230000000E+006    1.1884000000000E+004    3.6537400000000E+005    4.2028000000000E+004    4.1928600000000E+005
     397    2.4600000000000E+003    9.5779770000000E+006    1.1058000000000E+004    3.6635600000000E+005    4.2149000000000E+004    4.1956300000000E+005
     398    3.2030000000000E+003    9.5770080000000E+006    1.0605000000000E+004    3.6694400000000E+005    4.2240000000000E+004    4.1978900000000E+005
     399    3.8270000000000E+003    9.5761800000000E+006    1.0559000000000E+004    3.6710100000000E+005    4.2333000000000E+004    4.1999300000000E+005
     400    3.6180000000000E+003    9.5753050000000E+006    1.0313000000000E+004    3.6839100000000E+005    4.2373000000000E+004    4.2107700000000E+005
     401    3.2680000000000E+003    9.5747090000000E+006    1.0024000000000E+004    3.6960100000000E+005    4.2398000000000E+004    4.2202300000000E+005
     402    2.4400000000000E+003    9.5745680000000E+006    9.9580000000000E+003    3.7061500000000E+005    4.2419000000000E+004    4.2299200000000E+005
     403    2.6100000000000E+003    9.5735700000000E+006    9.7590000000000E+003    3.7162700000000E+005    4.2434000000000E+004    4.2382000000000E+005
     404    2.6070000000000E+003    9.5726980000000E+006    9.7810000000000E+003    3.7237100000000E+005    4.2543000000000E+004    4.2469500000000E+005
     405    2.7960000000000E+003    9.5719130000000E+006    9.7910000000000E+003    3.7286400000000E+005    4.2636000000000E+004    4.2529100000000E+005
     406    3.4310000000000E+003    9.5711370000000E+006    9.7170000000000E+003    3.7297800000000E+005    4.2737000000000E+004    4.2543200000000E+005
     407    3.1050000000000E+003    9.5704650000000E+006    9.5690000000000E+003    3.7404200000000E+005    4.2819000000000E+004    4.2643000000000E+005
     408    2.6450000000000E+003    9.5700530000000E+006    9.3890000000000E+003    3.7500400000000E+005    4.2909000000000E+004    4.2730200000000E+005
     409    1.9960000000000E+003    9.5699170000000E+006    9.2120000000000E+003    3.7590400000000E+005    4.2971000000000E+004    4.2808700000000E+005
     410    2.1070000000000E+003    9.5690300000000E+006    9.5770000000000E+003    3.7630300000000E+005    4.2983000000000E+004    4.2886300000000E+005
     411    2.1950000000000E+003    9.5682700000000E+006    9.9720000000000E+003    3.7647400000000E+005    4.3089000000000E+004    4.2953500000000E+005
     412    2.5060000000000E+003    9.5675470000000E+006    1.0158000000000E+004    3.7661700000000E+005    4.3172000000000E+004    4.2994700000000E+005
     413    2.9770000000000E+003    9.5669400000000E+006    1.0090000000000E+004    3.7672500000000E+005    4.3268000000000E+004    4.3008300000000E+005
     414    2.6990000000000E+003    9.5663310000000E+006    9.8930000000000E+003    3.7773200000000E+005    4.3345000000000E+004    4.3097000000000E+005
     415    2.3070000000000E+003    9.5659630000000E+006    9.7070000000000E+003    3.7861500000000E+005    4.3408000000000E+004    4.3173000000000E+005
     416    1.6960000000000E+003    9.5658510000000E+006    9.4610000000000E+003    3.7954400000000E+005    4.3448000000000E+004    4.3245300000000E+005
     417    1.7290000000000E+003    9.5652110000000E+006    9.2400000000000E+003    3.8035500000000E+005    4.3465000000000E+004    4.3306000000000E+005
     418    1.7530000000000E+003    9.5645780000000E+006    8.9740000000000E+003    3.8114300000000E+005    4.3552000000000E+004    4.3366900000000E+005
     419    1.9690000000000E+003    9.5639940000000E+006    8.7460000000000E+003    3.8165300000000E+005    4.3638000000000E+004    4.3403700000000E+005
     420    2.4070000000000E+003    9.5634440000000E+006    8.7170000000000E+003    3.8172000000000E+005    4.3712000000000E+004    4.3414900000000E+005
     421    2.2960000000000E+003    9.5629150000000E+006    8.3590000000000E+003    3.8267000000000E+005    4.3760000000000E+004    4.3478900000000E+005
     422    1.8190000000000E+003    9.5627590000000E+006    8.1200000000000E+003    3.8348000000000E+005    4.3822000000000E+004    4.3542200000000E+005
     423    1.3610000000000E+003    9.5626330000000E+006    7.9190000000000E+003    3.8423600000000E+005    4.3851000000000E+004    4.3600600000000E+005
     424    1.3710000000000E+003    9.5620730000000E+006    7.6930000000000E+003    3.8500300000000E+005    4.3860000000000E+004    4.3655600000000E+005
     425    1.2810000000000E+003    9.5616340000000E+006    7.5500000000000E+003    3.8560800000000E+005    4.3927000000000E+004    4.3708500000000E+005
     426    1.5640000000000E+003    9.5611950000000E+006    7.2940000000000E+003    3.8595800000000E+005    4.3989000000000E+004    4.3724100000000E+005
     427    1.8480000000000E+003    9.5607850000000E+006    7.2840000000000E+003    3.8603000000000E+005    4.4053000000000E+004    4.3736700000000E+005
     428    1.7180000000000E+003    9.5603550000000E+006    6.9570000000000E+003    3.8686100000000E+005    4.4109000000000E+004    4.3792700000000E+005
     429    1.5410000000000E+003    9.5600930000000E+006    6.6360000000000E+003    3.8756500000000E+005    4.4165000000000E+004    4.3836600000000E+005
     430    1.1490000000000E+003    9.5600460000000E+006    6.3520000000000E+003    3.8827900000000E+005    4.4174000000000E+004    4.3880500000000E+005
     431    9.9900000000000E+002    9.5597860000000E+006    6.1550000000000E+003    3.8887400000000E+005    4.4186000000000E+004    4.3921500000000E+005
     432    1.0010000000000E+003    9.5593540000000E+006    5.9760000000000E+003    3.8942200000000E+005    4.4247000000000E+004    4.3964500000000E+005
     433    1.1780000000000E+003    9.5589150000000E+006    5.8700000000000E+003    3.8974300000000E+005    4.4294000000000E+004    4.3990700000000E+005
     434    1.4790000000000E+003    9.5585670000000E+006    5.8050000000000E+003    3.8980700000000E+005    4.4342000000000E+004    4.3995400000000E+005
     435    1.6610000000000E+003    9.5581250000000E+006    5.4250000000000E+003    3.9041100000000E+005    4.4378000000000E+004    4.4021400000000E+005
     436    1.4310000000000E+003    9.5579230000000E+006    5.2240000000000E+003    3.9100100000000E+005    4.4421000000000E+004    4.4064600000000E+005
     437    1.0630000000000E+003    9.5578520000000E+006    5.0790000000000E+003    3.9156100000000E+005    4.4445000000000E+004    4.4108500000000E+005
     438    1.1560000000000E+003    9.5574110000000E+006    4.8770000000000E+003    3.9210800000000E+005    4.4448000000000E+004    4.4143300000000E+005
     439    1.1740000000000E+003    9.5569510000000E+006    4.7900000000000E+003    3.9260600000000E+005    4.4479000000000E+004    4.4187500000000E+005
     440    1.3630000000000E+003    9.5565600000000E+006    4.8360000000000E+003    3.9271700000000E+005    4.4524000000000E+004    4.4207700000000E+005
     441    1.6750000000000E+003    9.5561770000000E+006    4.7810000000000E+003    3.9280800000000E+005    4.4559000000000E+004    4.4214800000000E+005
     442    1.6160000000000E+003    9.5557950000000E+006    4.6620000000000E+003    3.9333100000000E+005    4.4596000000000E+004    4.4258900000000E+005
     443    1.3600000000000E+003    9.5555910000000E+006    4.6830000000000E+003    3.9373000000000E+005    4.4636000000000E+004    4.4304900000000E+005
     444    1.0660000000000E+003    9.5554940000000E+006    4.6350000000000E+003    3.9414400000000E+005    4.4661000000000E+004    4.4344000000000E+005
     445    1.1570000000000E+003    9.5550200000000E+006    4.6080000000000E+003    3.9454600000000E+005    4.4669000000000E+004    4.4382300000000E+005
     446    1.2990000000000E+003    9.5544960000000E+006    4.5600000000000E+003    3.9492900000000E+005    4.4716000000000E+004    4.4420500000000E+005
     447    1.5510000000000E+003    9.5540400000000E+006    4.5020000000000E+003    3.9514500000000E+005    4.4762000000000E+004    4.4440900000000E+005
     448    1.8320000000000E+003    9.5536620000000E+006    4.5520000000000E+003    3.9515000000000E+005    4.4804000000000E+004    4.4450600000000E+005
     449    1.7900000000000E+003    9.5532300000000E+006    4.7660000000000E+003    3.9537800000000E+005    4.4836000000000E+004    4.4498000000000E+005
     450    1.4620000000000E+003    9.5530340000000E+006    4.8580000000000E+003    3.9575900000000E+005    4.4887000000000E+004    4.4550400000000E+005
     451    1.0790000000000E+003    9.5529610000000E+006    4.8750000000000E+003    3.9617600000000E+005    4.4909000000000E+004    4.4596000000000E+005
     452    1.1890000000000E+003    9.5524730000000E+006    4.9050000000000E+003    3.9651700000000E+005    4.4916000000000E+004    4.4633800000000E+005
     453    1.2850000000000E+003    9.5519450000000E+006    4.8950000000000E+003    3.9691200000000E+005    4.4963000000000E+004    4.4677000000000E+005
     454    1.5990000000000E+003    9.5514350000000E+006    4.8890000000000E+003    3.9707200000000E+005    4.5005000000000E+004    4.4696600000000E+005
     455    1.9590000000000E+003    9.5510020000000E+006    4.8910000000000E+003    3.9710000000000E+005    4.5048000000000E+004    4.4703900000000E+005
     456    1.9090000000000E+003    9.5505640000000E+006    4.9380000000000E+003    3.9750200000000E+005    4.5087000000000E+004    4.4752700000000E+005
     457    1.5800000000000E+003    9.5503650000000E+006    5.0060000000000E+003    3.9791800000000E+005    4.5131000000000E+004    4.4805500000000E+005
     458    1.1580000000000E+003    9.5502770000000E+006    5.1250000000000E+003    3.9828200000000E+005    4.5158000000000E+004    4.4856500000000E+005
     459    1.3280000000000E+003    9.5496740000000E+006    5.1750000000000E+003    3.9865900000000E+005    4.5164000000000E+004    4.4899800000000E+005
     460    1.5690000000000E+003    9.5489950000000E+006    5.2310000000000E+003    3.9899100000000E+005    4.5214000000000E+004    4.4943600000000E+005
     461    1.9920000000000E+003    9.5483730000000E+006    5.2260000000000E+003    3.9915000000000E+005    4.5259000000000E+004    4.4963500000000E+005
     462    2.5000000000000E+003    9.5477770000000E+006    5.2170000000000E+003    3.9918600000000E+005    4.5320000000000E+004    4.4972300000000E+005
     463    2.4340000000000E+003    9.5472400000000E+006    5.3460000000000E+003    3.9962100000000E+005    4.5359000000000E+004    4.5032600000000E+005
     464    2.0500000000000E+003    9.5469450000000E+006    5.5010000000000E+003    4.0009500000000E+005    4.5409000000000E+004    4.5100500000000E+005
     465    1.5470000000000E+003    9.5468260000000E+006    5.6670000000000E+003    4.0053400000000E+005    4.5426000000000E+004    4.5162700000000E+005
     466    1.6100000000000E+003    9.5461670000000E+006    5.8850000000000E+003    4.0090200000000E+005    4.5436000000000E+004    4.5222300000000E+005
     467    1.7700000000000E+003    9.5454700000000E+006    5.9900000000000E+003    4.0127300000000E+005    4.5497000000000E+004    4.5276000000000E+005
     468    2.2280000000000E+003    9.5447170000000E+006    6.0890000000000E+003    4.0140300000000E+005    4.5563000000000E+004    4.5305500000000E+005
     469    2.8750000000000E+003    9.5439510000000E+006    6.1350000000000E+003    4.0141000000000E+005    4.5629000000000E+004    4.5317400000000E+005
     470    3.0130000000000E+003    9.5431540000000E+006    6.3060000000000E+003    4.0184500000000E+005    4.5682000000000E+004    4.5383300000000E+005
     471    2.7550000000000E+003    9.5427150000000E+006    6.4750000000000E+003    4.0233300000000E+005    4.5722000000000E+004    4.5453000000000E+005
     472    2.1630000000000E+003    9.5425540000000E+006    6.7180000000000E+003    4.0280700000000E+005    4.5758000000000E+004    4.5528300000000E+005
     473    2.3480000000000E+003    9.5416030000000E+006    7.0510000000000E+003    4.0322700000000E+005    4.5771000000000E+004    4.5604900000000E+005
     474    2.6280000000000E+003    9.5405260000000E+006    7.4100000000000E+003    4.0360200000000E+005    4.5834000000000E+004    4.5684600000000E+005
     475    3.2800000000000E+003    9.5394350000000E+006    7.6500000000000E+003    4.0374300000000E+005    4.5892000000000E+004    4.5728500000000E+005
     476    4.2550000000000E+003    9.5382990000000E+006    7.7230000000000E+003    4.0376100000000E+005    4.5962000000000E+004    4.5744600000000E+005
     477    4.3930000000000E+003    9.5372100000000E+006    8.0710000000000E+003    4.0430200000000E+005    4.6024000000000E+004    4.5839700000000E+005
     478    4.0070000000000E+003    9.5365190000000E+006    8.4690000000000E+003    4.0491500000000E+005    4.6090000000000E+004    4.5947400000000E+005
     479    3.1990000000000E+003    9.5362360000000E+006    8.9380000000000E+003    4.0549800000000E+005    4.6129000000000E+004    4.6056500000000E+005
     480    3.4820000000000E+003    9.5348170000000E+006    9.4780000000000E+003    4.0608200000000E+005    4.6141000000000E+004    4.6170100000000E+005
     481    3.7900000000000E+003    9.5334200000000E+006    1.0030000000000E+004    4.0654000000000E+005    4.6220000000000E+004    4.6279000000000E+005
     482    4.5540000000000E+003    9.5319650000000E+006    1.0426000000000E+004    4.0673300000000E+005    4.6322000000000E+004    4.6348100000000E+005
     483    5.8120000000000E+003    9.5304240000000E+006    1.0590000000000E+004    4.0672500000000E+005    4.6449000000000E+004    4.6376400000000E+005
     484    5.9960000000000E+003    9.5288210000000E+006    1.1350000000000E+004    4.0725700000000E+005    4.6576000000000E+004    4.6518300000000E+005
     485    5.5610000000000E+003    9.5278590000000E+006    1.2050000000000E+004    4.0782600000000E+005    4.6704000000000E+004    4.6658000000000E+005
     486    4.4930000000000E+003    9.5274720000000E+006    1.2752000000000E+004    4.0849800000000E+005    4.6785000000000E+004    4.6803500000000E+005
     487    5.1560000000000E+003    9.5252680000000E+006    1.3527000000000E+004    4.0924200000000E+005    4.6807000000000E+004    4.6957600000000E+005
     488    5.8770000000000E+003    9.5229440000000E+006    1.4333000000000E+004    4.0991400000000E+005    4.6932000000000E+004    4.7117900000000E+005
     489    7.4870000000000E+003    9.5203720000000E+006    1.4856000000000E+004    4.1021200000000E+005    4.7073000000000E+004    4.7214100000000E+005
     490    9.5750000000000E+003    9.5178970000000E+006    1.5082000000000E+004    4.1023000000000E+005    4.7216000000000E+004    4.7252800000000E+005
     491    9.7100000000000E+003    9.5155580000000E+006    1.6335000000000E+004    4.1101300000000E+005    4.7384000000000E+004    4.7473200000000E+005
     492    8.8870000000000E+003    9.5140570000000E+006    1.7582000000000E+004    4.1194500000000E+005    4.7529000000000E+004    4.7705600000000E+005
     493    6.9480000000000E+003    9.5134240000000E+006    1.9063000000000E+004    4.1293800000000E+005    4.7627000000000E+004    4.7962800000000E+005
     494    7.4880000000000E+003    9.5104090000000E+006    2.0402000000000E+004    4.1404300000000E+005    4.7658000000000E+004    4.8210300000000E+005
     495    8.4110000000000E+003    9.5071470000000E+006    2.1652000000000E+004    4.1490500000000E+005    4.7885000000000E+004    4.8444200000000E+005
     496    1.0061000000000E+004    9.5039960000000E+006    2.2462000000000E+004    4.1538200000000E+005    4.8099000000000E+004    4.8594300000000E+005
     497    1.2284000000000E+004    9.5011400000000E+006    2.2812000000000E+004    4.1539800000000E+005    4.8366000000000E+004    4.8657600000000E+005
     498    1.2220000000000E+004    9.4981890000000E+006    2.4408000000000E+004    4.1654500000000E+005    4.8638000000000E+004    4.8959100000000E+005
     499    1.0631000000000E+004    9.4965160000000E+006    2.6273000000000E+004    4.1769100000000E+005    4.8889000000000E+004    4.9285300000000E+005
     500    8.1210000000000E+003    9.4958750000000E+006    2.7969000000000E+004    4.1899600000000E+005    4.9039000000000E+004    4.9600400000000E+005
     501    9.0120000000000E+003    9.4921280000000E+006    2.9284000000000E+004    4.2048400000000E+005    4.9092000000000E+004    4.9886000000000E+005
     502    9.6960000000000E+003    9.4884930000000E+006    3.0632000000000E+004    4.2178500000000E+005    4.9394000000000E+004    5.0181100000000E+005
     503    1.1699000000000E+004    9.4848170000000E+006    3.1343000000000E+004    4.2242500000000E+005    4.9716000000000E+004    5.0348400000000E+005
     504    1.4810000000000E+004    9.4810650000000E+006    3.1597000000000E+004    4.2248700000000E+005    5.0041000000000E+004    5.0412500000000E+005
     505    1.4375000000000E+004    9.4777530000000E+006    3.3140000000000E+004    4.2439700000000E+005    5.0335000000000E+004    5.0787200000000E+005
     506    1.2768000000000E+004    9.4757250000000E+006    3.4451000000000E+004    4.2646200000000E+005    5.0594000000000E+004    5.1150700000000E+005
     507    9.9870000000000E+003    9.4748300000000E+006    3.5555000000000E+004    4.2887400000000E+005    5.0754000000000E+004    5.1518300000000E+005
     508    1.0247000000000E+004    9.4708180000000E+006    3.6832000000000E+004    4.3128700000000E+005    5.0816000000000E+004    5.1893500000000E+005
     509    1.0702000000000E+004    9.4670510000000E+006    3.7805000000000E+004    4.3323700000000E+005    5.1205000000000E+004    5.2224700000000E+005
     510    1.2318000000000E+004    9.4634070000000E+006    3.8332000000000E+004    4.3438000000000E+005    5.1563000000000E+004    5.2427500000000E+005
     511    1.5376000000000E+004    9.4594540000000E+006    3.8594000000000E+004    4.3463700000000E+005    5.1939000000000E+004    5.2517000000000E+005
     512    1.4691000000000E+004    9.4561270000000E+006    3.9591000000000E+004    4.3726300000000E+005    5.2328000000000E+004    5.2918200000000E+005
     513    1.2709000000000E+004    9.4543420000000E+006    4.0096000000000E+004    4.4015900000000E+005    5.2694000000000E+004    5.3294900000000E+005
     514    9.9150000000000E+003    9.4534920000000E+006    4.0589000000000E+004    4.4311500000000E+005    5.2889000000000E+004    5.3659300000000E+005
     515    9.6580000000000E+003    9.4497960000000E+006    4.1686000000000E+004    4.4587800000000E+005    5.2982000000000E+004    5.4054600000000E+005
     516    9.8500000000000E+003    9.4462770000000E+006    4.2062000000000E+004    4.4842600000000E+005    5.3385000000000E+004    5.4387300000000E+005
     517    1.1440000000000E+004    9.4429020000000E+006    4.2174000000000E+004    4.4973800000000E+005    5.3746000000000E+004    5.4565800000000E+005
     518    1.3962000000000E+004    9.4395300000000E+006    4.2383000000000E+004    4.5002700000000E+005    5.4098000000000E+004    5.4650800000000E+005
     519    1.3378000000000E+004    9.4364180000000E+006    4.2332000000000E+004    4.5338500000000E+005    5.4487000000000E+004    5.5020400000000E+005
     520    1.1738000000000E+004    9.4345390000000E+006    4.2216000000000E+004    4.5667300000000E+005    5.4834000000000E+004    5.5372300000000E+005
     521    9.2030000000000E+003    9.4336990000000E+006    4.1915000000000E+004    4.6015400000000E+005    5.5029000000000E+004    5.5709800000000E+005
     522    9.2390000000000E+003    9.4302910000000E+006    4.1535000000000E+004    4.6383000000000E+005    5.5105000000000E+004    5.6047000000000E+005
     523    9.6890000000000E+003    9.4267290000000E+006    4.1335000000000E+004    4.6677300000000E+005    5.5474000000000E+004    5.6358200000000E+005
     524    7.8100000000000E+003    9.4267290000000E+006    4.1186000000000E+004    4.6846300000000E+005    5.5812000000000E+004    5.6546100000000E+005
     525    6.9700000000000E+003    9.4267290000000E+006    4.1131000000000E+004    4.6902400000000E+005    5.6146000000000E+004    5.6630100000000E+005
     526    3.5620000000000E+003    9.4267290000000E+006    4.0527000000000E+004    4.7273500000000E+005    5.6447000000000E+004    5.6970900000000E+005
     527    0.0000000000000E+000    9.4267290000000E+006    4.0322000000000E+004    4.7620200000000E+005    5.6747000000000E+004    5.7327100000000E+005
     528    0.0000000000000E+000    9.4267290000000E+006    3.6678000000000E+004    4.7965300000000E+005    5.6940000000000E+004    5.7327100000000E+005
     529    0.0000000000000E+000    9.4267290000000E+006    3.2725000000000E+004    4.8351200000000E+005    5.7034000000000E+004    5.7327100000000E+005
     530    0.0000000000000E+000    9.4267290000000E+006    2.9398000000000E+004    4.8650300000000E+005    5.7370000000000E+004    5.7327100000000E+005
     531    0.0000000000000E+000    9.4267290000000E+006    2.7613000000000E+004    4.8791600000000E+005    5.7742000000000E+004    5.7327100000000E+005
     532    0.0000000000000E+000    9.4267290000000E+006    2.6763000000000E+004    4.8876600000000E+005    5.7742000000000E+004    5.7327100000000E+005
     533    0.0000000000000E+000    9.4267290000000E+006    2.3067000000000E+004    4.9246200000000E+005    5.7742000000000E+004    5.7327100000000E+005
     534    0.0000000000000E+000    9.4267290000000E+006    1.9548000000000E+004    4.9598100000000E+005    5.7742000000000E+004    5.7327100000000E+005
     535    0.0000000000000E+000    9.4267290000000E+006    1.6173000000000E+004    4.9935600000000E+005    5.7742000000000E+004    5.7327100000000E+005
     536    0.0000000000000E+000    9.4267290000000E+006    1.2801000000000E+004    5.0272800000000E+005    5.7742000000000E+004    5.7327100000000E+005
     537    0.0000000000000E+000    9.4267290000000E+006    9.6890000000000E+003    5.0584000000000E+005    5.7742000000000E+004    5.7327100000000E+005
     538    0.0000000000000E+000    9.4267290000000E+006    7.8100000000000E+003    5.0771900000000E+005    5.7742000000000E+004    5.7327100000000E+005
     539    0.0000000000000E+000    9.4267290000000E+006    6.9700000000000E+003    5.0855900000000E+005    5.7742000000000E+004    5.7327100000000E+005
     540    0.0000000000000E+000    9.4267290000000E+006    3.5620000000000E+003    5.1196700000000E+005    5.7742000000000E+004    5.7327100000000E+005
