       2    1.0000000000000E+000    1.0000000000000E+000    1.0000000000000E+000
       3    1.0000000000000E+000    1.0000000000000E+000    1.0000000000000E+000
       4    1.0000000000000E+000    1.0000000000000E+000    1.0000000000000E+000
       5    1.0000000000000E+000    1.0000000000000E+000    1.0000000000000E+000
       6    1.0000000000000E+000    1.0000000000000E+000    1.0000000000000E+000
       7    1.0000000000000E+000    1.0000000000000E+000    1.0000000000000E+000
       8    1.0000000000000E+000    1.0000000000000E+000    9.9999977499980E-001
       9    1.0000000000000E+000    1.0000000000000E+000    9.9999954999959E-001
      10    1.0000000000000E+000    1.0000000000000E+000    9.9999954999959E-001
      11    1.0000000000000E+000    1.0000000000000E+000    9.9999954999959E-001
      12    1.0000000000000E+000    1.0000000000000E+000    9.9999909999918E-001
      13    1.0000000000000E+000    1.0000000000000E+000    9.9999887499898E-001
      14    1.0000000000000E+000    1.0000000000000E+000    9.9999864999877E-001
      15    1.0000000000000E+000    1.0000000000000E+000    9.9999819999836E-001
      16    1.0000000000000E+000    1.0000000000000E+000    9.9999752499775E-001
      17    1.0000000000000E+000    1.0000000000000E+000    9.9999684999714E-001
      18    1.0000000000000E+000    1.0000000000000E+000    9.9999662499693E-001
      19    1.0000000000000E+000    1.0000000000000E+000    9.9999639999673E-001
      20    1.0000000000000E+000    1.0000000000000E+000    9.9999549999591E-001
      21    1.0000000000000E+000    1.0000000000000E+000    9.9999527499570E-001
      22    1.0000000000000E+000    1.0000000000000E+000    9.9999414999468E-001
      23    1.0000000000000E+000    1.0000000000000E+000    9.9999212499284E-001
      24    1.0000000000000E+000    1.0000000000000E+000    9.9999099999182E-001
      25    1.0000000000000E+000    1.0000000000000E+000    9.9998897498998E-001
      26    1.0000000000000E+000    1.0000000000000E+000    9.9998807498916E-001
      27    1.0000000000000E+000    1.0000000000000E+000    9.9998694998814E-001
      28    1.0000000000000E+000    1.0000000000000E+000    9.9998379998527E-001
      29    1.0000000000000E+000    1.0000000000000E+000    9.9998244998405E-001
      30    1.0000000000000E+000    1.0000000000000E+000    9.9997839998037E-001
      31    7.7666666666667E-001    7.7666666666667E-001    9.9997502497730E-001
      32    5.5333333333333E-001    5.5333333333333E-001    9.9997344997587E-001
      33    3.3000000000000E-001    3.3000000000000E-001    9.9996962497240E-001
      34    3.3000000000000E-001    3.3000000000000E-001    9.9996467496790E-001
      35    3.3000000000000E-001    3.3000000000000E-001    9.9995769996157E-001
      36    3.3000000000000E-001    3.3000000000000E-001    9.9995342495770E-001
      37    3.3000000000000E-001    3.3000000000000E-001    9.9994869995341E-001
      38    3.3000000000000E-001    3.3000000000000E-001    9.9994599995097E-001
      39    3.3000000000000E-001    3.3000000000000E-001    9.9994127494669E-001
      40    3.3000000000000E-001    3.3000000000000E-001    9.9993857494424E-001
      41    3.3000000000000E-001    3.3000000000000E-001    9.9993474994078E-001
      42    3.3000000000000E-001    3.3000000000000E-001    9.9993069993712E-001
      43    3.3000000000000E-001    3.3000000000000E-001    9.9992597493285E-001
      44    3.3000000000000E-001    3.3000000000000E-001    9.9992057492797E-001
      45    3.3000000000000E-001    3.3000000000000E-001    9.9991427492229E-001
      46    3.3000000000000E-001    3.3000000000000E-001    9.9991044991884E-001
      47    3.3000000000000E-001    3.3000000000000E-001    9.9990572491459E-001
      48    3.3000000000000E-001    3.3000000000000E-001    9.9989987490933E-001
      49    3.3000000000000E-001    3.3000000000000E-001    9.9989514990508E-001
      50    3.3000000000000E-001    3.3000000000000E-001    9.9988839989903E-001
      51    3.3000000000000E-001    3.3000000000000E-001    9.9988254989379E-001
      52    3.3000000000000E-001    3.3000000000000E-001    9.9987579988776E-001
      53    3.3000000000000E-001    3.3000000000000E-001    9.9986994988254E-001
      54    3.3000000000000E-001    3.3000000000000E-001    9.9986499987813E-001
      55    3.3000000000000E-001    3.3000000000000E-001    9.9986004987372E-001
      56    3.3000000000000E-001    3.3000000000000E-001    9.9985194986653E-001
      57    3.3000000000000E-001    3.3000000000000E-001    9.9984429985976E-001
      58    3.3000000000000E-001    3.3000000000000E-001    9.9983732485360E-001
      59    3.3000000000000E-001    3.3000000000000E-001    9.9983304984984E-001
      60    3.3000000000000E-001    3.3000000000000E-001    9.9982562484331E-001
      61    3.3000000000000E-001    3.3000000000000E-001    9.9982044983877E-001
      62    3.3000000000000E-001    3.3000000000000E-001    9.9981279983208E-001
      63    3.3000000000000E-001    3.3000000000000E-001    9.9980402482444E-001
      64    3.3000000000000E-001    3.3000000000000E-001    9.9979659981799E-001
      65    3.3000000000000E-001    3.3000000000000E-001    9.9978984981215E-001
      66    3.3000000000000E-001    3.3000000000000E-001    9.9978264980594E-001
      67    3.3000000000000E-001    3.3000000000000E-001    9.9977477479918E-001
      68    3.3000000000000E-001    3.3000000000000E-001    9.9976532479111E-001
      69    3.3000000000000E-001    3.3000000000000E-001    9.9975542478269E-001
      70    3.3000000000000E-001    3.3000000000000E-001    9.9974754977603E-001
      71    3.3000000000000E-001    3.3000000000000E-001    9.9973787476789E-001
      72    3.3000000000000E-001    3.3000000000000E-001    9.9972662475849E-001
      73    3.3000000000000E-001    3.3000000000000E-001    9.9971739975084E-001
      74    3.3000000000000E-001    3.3000000000000E-001    9.9970817474324E-001
      75    3.3000000000000E-001    3.3000000000000E-001    9.9969557473293E-001
      76    3.3000000000000E-001    3.3000000000000E-001    9.9968544972472E-001
      77    3.3000000000000E-001    3.3000000000000E-001    9.9967487471622E-001
      78    3.3000000000000E-001    3.3000000000000E-001    9.9966047470476E-001
      79    3.3000000000000E-001    3.3000000000000E-001    9.9964877469555E-001
      80    3.3000000000000E-001    3.3000000000000E-001    9.9963684968627E-001
      81    3.3000000000000E-001    3.3000000000000E-001    9.9962424967658E-001
      82    3.3000000000000E-001    3.3000000000000E-001    9.9961322466820E-001
      83    3.3000000000000E-001    3.3000000000000E-001    9.9959882465740E-001
      84    3.3000000000000E-001    3.3000000000000E-001    9.9958262464546E-001
      85    3.3000000000000E-001    3.3000000000000E-001    9.9957002463632E-001
      86    3.3166666666667E-001    3.3166666666667E-001    9.9955539962589E-001
      87    3.3333333333333E-001    3.3333333333333E-001    9.9953762461348E-001
      88    3.3500000000000E-001    3.3500000000000E-001    9.9952232460303E-001
      89    3.3666666666667E-001    3.3666666666667E-001    9.9950724959296E-001
      90    3.3833333333333E-001    3.3833333333333E-001    9.9949127458254E-001
      91    3.4000000000000E-001    3.4000000000000E-001    9.9947484957210E-001
      92    3.4166666666667E-001    3.4166666666667E-001    9.9945684956099E-001
      93    3.4333333333333E-001    3.4333333333333E-001    9.9944199955210E-001
      94    3.4500000000000E-001    3.4500000000000E-001    9.9942444954192E-001
      95    3.4666666666667E-001    3.4666666666667E-001    9.9940172452927E-001
      96    5.3718354430380E-001    5.3718354430380E-001    9.9938439952005E-001
      97    2.7730769230769E-001    2.7730769230769E-001    9.9936482451009E-001
      98    7.0288858321871E-001    7.0288858321871E-001    9.9934389950000E-001
      99    4.8116760828625E-001    4.8116760828625E-001    9.9932004948920E-001
     100    3.5927805978567E-001    3.5927805978567E-001    9.9929732447966E-001
     101    4.2429760665973E-001    4.2429760665973E-001    9.9926582446765E-001
     102    3.6483790523691E-001    3.6483790523691E-001    9.9924692446116E-001
     103    2.7689873417722E-001    2.7689873417722E-001    9.9919247444558E-001
     104    1.5738758029979E-001    1.5738758029979E-001    9.9916367443929E-001
     105    4.3176229508197E-001    4.3176229508197E-001    9.9913689943472E-001
     106    4.3233674272227E-001    4.3233674272227E-001    9.9910899943130E-001
     107    4.1849288735102E-001    4.1849288735102E-001    9.9907772442915E-001
     108    4.0748980348535E-001    4.0748980348535E-001    9.9905072442878E-001
     109    4.1512513601741E-001    4.1512513601741E-001    9.9903587442917E-001
     110    2.6139551192146E-001    2.6139551192146E-001    9.9899177443293E-001
     111    2.0581395348837E-001    2.0581395348837E-001    9.9895239943966E-001
     112    4.5347334410339E-001    4.5347334410339E-001    9.9890874945101E-001
     113    4.1632844208554E-001    4.1632844208554E-001    9.9886419946697E-001
     114    4.6218359255871E-001    4.6218359255871E-001    9.9882167448649E-001
     115    3.7568223165555E-001    3.7568223165555E-001    9.9879174950283E-001
     116    3.6536180308422E-001    3.6536180308422E-001    9.9877194951485E-001
     117    2.4231542660155E-001    2.4231542660155E-001    9.9871232455706E-001
     118    1.9311007411474E-001    1.9311007411474E-001    9.9866259959939E-001
     119    4.8356445814073E-001    4.8356445814073E-001    9.9860004966226E-001
     120    4.3935242839352E-001    4.3935242839352E-001    9.9854604972551E-001
     121    3.8383838383838E-001    3.8383838383838E-001    9.9849564979234E-001
     122    4.0932765151515E-001    4.0932765151515E-001    9.9846212484111E-001
     123    3.6944444444444E-001    3.6944444444444E-001    9.9843332488582E-001
     124    2.4807987711214E-001    2.4807987711214E-001    9.9835570001966E-001
     125    1.7916578891932E-001    1.7916578891932E-001    9.9828212516519E-001
     126    4.1997138184791E-001    4.1997138184791E-001    9.9822025030223E-001
     127    4.0644716088328E-001    4.0644716088328E-001    9.9815792545434E-001
     128    3.9165545087483E-001    3.9165545087483E-001    9.9809087563430E-001
     129    3.7102240632649E-001    3.7102240632649E-001    9.9804925075480E-001
     130    3.3717686442254E-001    3.3717686442254E-001    9.9801527585827E-001
     131    1.5666007549883E-001    1.5666007549883E-001    9.9794170109846E-001
     132    1.1765725177612E-001    1.1765725177612E-001    9.9786407637654E-001
     133    3.3817567567568E-001    3.3817567567568E-001    9.9778172670030E-001
     134    3.3520965899821E-001    3.3520965899821E-001    9.9770320203760E-001
     135    2.8800635424940E-001    2.8800635424940E-001    9.9763412735819E-001
     136    3.3983817229891E-001    3.3983817229891E-001    9.9759700253996E-001
     137    3.0408195679797E-001    3.0408195679797E-001    9.9756640269487E-001
     138    1.5150078988942E-001    1.5150078988942E-001    9.9748270314252E-001
     139    7.3678465616716E-002    7.3678465616716E-002    9.9740170361000E-001
     140    1.2108108108108E-001    1.2108108108108E-001    9.9732137910794E-001
     141    1.9323524950705E-001    1.9323524950705E-001    9.9723565467831E-001
     142    1.5342609216038E-001    1.5342609216038E-001    9.9715915522226E-001
     143    1.8726450640543E-001    1.8726450640543E-001    9.9712113050521E-001
     144    1.8285582963076E-001    1.8285582963076E-001    9.9709840567836E-001
     145    7.1544451654770E-002    7.1544451654770E-002    9.9706780591635E-001
     146    6.3647078632766E-002    6.3647078632766E-002    9.9701583133345E-001
     147    2.3106194690265E-001    2.3106194690265E-001    9.9697285669074E-001
     148    2.6368981991915E-001    2.6368981991915E-001    9.9692560709676E-001
     149    2.5327635327635E-001    2.5327635327635E-001    9.9687768252288E-001
     150    2.4095682613769E-001    2.4095682613769E-001    9.9685743270732E-001
     151    2.8174446202532E-001    2.8174446202532E-001    9.9684303284008E-001
     152    1.5204858966440E-001    1.5204858966440E-001    9.9678723336718E-001
     153    1.2264957264957E-001    1.2264957264957E-001    9.9673143391471E-001
     154    2.9583975346687E-001    2.9583975346687E-001    9.9667608447834E-001
     155    3.0303383897316E-001    3.0303383897316E-001    9.9662546001204E-001
     156    3.1411338962606E-001    3.1411338962606E-001    9.9656628565828E-001
     157    3.4468397844194E-001    3.4468397844194E-001    9.9653343602760E-001
     158    3.0138652396011E-001    3.0138652396011E-001    9.9651048629014E-001
     159    1.6717396394287E-001    1.6717396394287E-001    9.9645446194686E-001
     160    1.3172043010753E-001    1.3172043010753E-001    9.9640496254598E-001
     161    3.4381455129676E-001    3.4381455129676E-001    9.9635613815454E-001
     162    3.0915077202543E-001    3.0915077202543E-001    9.9629223897782E-001
     163    3.3438985736926E-001    3.3438985736926E-001    9.9623868969153E-001
     164    3.0912124582870E-001    3.0912124582870E-001    9.9621236505044E-001
     165    2.5395778364116E-001    2.5395778364116E-001    9.9619144033955E-001
     166    1.7640669128829E-001    1.7640669128829E-001    9.9613924107564E-001
     167    1.1228721082497E-001    1.1228721082497E-001    9.9607916694937E-001
     168    3.2478909798832E-001    3.2478909798832E-001    9.9602291779364E-001
     169    4.1030861551650E-001    4.1030861551650E-001    9.9596959361772E-001
     170    4.1109174112007E-001    4.1109174112007E-001    9.9592571931329E-001
     171    4.0694143167028E-001    4.0694143167028E-001    9.9589241985189E-001
     172    3.6882212061833E-001    3.6882212061833E-001    9.9586969522477E-001
     173    1.8413109098749E-001    1.8413109098749E-001    9.9581322117036E-001
     174    1.1850851682592E-001    1.1850851682592E-001    9.9572569768981E-001
     175    3.0074282272636E-001    3.0074282272636E-001    9.9565099903942E-001
     176    3.3528836754643E-001    3.3528836754643E-001    9.9557562545143E-001
     177    3.0695900857960E-001    3.0695900857960E-001    9.9551127669747E-001
     178    3.1192052980132E-001    3.1192052980132E-001    9.9547392743807E-001
     179    2.7539247210138E-001    2.7539247210138E-001    9.9545637779050E-001
     180    0.0000000000000E+000    0.0000000000000E+000    9.9539315408392E-001
     181    0.0000000000000E+000    0.0000000000000E+000    9.9531935564125E-001
     182    0.0000000000000E+000    0.0000000000000E+000    9.9525275709129E-001
     183    0.0000000000000E+000    0.0000000000000E+000    9.9518413363038E-001
     184    0.0000000000000E+000    0.0000000000000E+000    9.9512810992118E-001
     185    0.0000000000000E+000    0.0000000000000E+000    9.9512810992118E-001
     186    0.0000000000000E+000    0.0000000000000E+000    9.9512810992118E-001
     187    0.0000000000000E+000    0.0000000000000E+000    9.9512810992118E-001
     188    0.0000000000000E+000    0.0000000000000E+000    9.9512810992118E-001
     189    0.0000000000000E+000    0.0000000000000E+000    9.9512810992118E-001
     190    0.0000000000000E+000    0.0000000000000E+000    9.9512810992118E-001
     191    0.0000000000000E+000    0.0000000000000E+000    9.9512810992118E-001
     192    0.0000000000000E+000    0.0000000000000E+000    9.9512810992118E-001
     193    0.0000000000000E+000    0.0000000000000E+000    9.9512810992118E-001
     194    0.0000000000000E+000    0.0000000000000E+000    9.9512810992118E-001
     195    0.0000000000000E+000    0.0000000000000E+000    9.9512810992118E-001
     196    0.0000000000000E+000    0.0000000000000E+000    9.9512810992118E-001
     197    0.0000000000000E+000    0.0000000000000E+000    9.9512810992118E-001
     198    0.0000000000000E+000    0.0000000000000E+000    9.9512810992118E-001
     199    0.0000000000000E+000    0.0000000000000E+000    9.9512810992118E-001
     200    0.0000000000000E+000    0.0000000000000E+000    9.9512810992118E-001
