         1         0         0         0         1         0         0
         2         0         0         0         1         0         0
         3         0         0         0         1         0         0
         4         0         0         0         1         0         0
         5         0         0         0         1         0         0
         6         0         0         0         1         0         0
         7         0         0         0         1         0         0
         8         0         0         0         1         0         0
         9         2         0         0         1         0         0
        10         0         0         0         1         0         0
        11         2         0         0         1         0         0
        12         0         0         0         1         0         0
        13         0         2         0         1         0         0
        14         0         0         0         3         0         0
        15         0         2         0         3         0         0
        16         3         0         0         5         0         0
        17         7         0         0         5         0         0
        18         7         0         1         5         0         0
        19         1         0         0         4         0         0
        20         0         3         0         4         0         0
        21         4         7         0         7         0         0
        22         5         7         0        14         0         1
        23         3         1         0        21         0         0
        24         5         0         0        22         0         0
        25         3         4         0        22         0         1
        26         5         5         0        26         1         0
        27        16         3         2        31         0         1
        28         9         5         0        32         0         0
        29         6         3         2        37         1         0
        30        14         5         0        38         0         1
        31        11        16         0        43         1         0
        32        22         9         0        59         0         2
        33         9         6         0        68         0         0
        34        11        14         3        74         1         0
        35         8        11         7        85         0         1
        36        10        22         7        89         2         2
        37         9         9         1       104         0         1
        38         0        11         0       112         0         1
        39         5         8         4       123         1         3
        40         8        10         5       127         2         0
        41         9         9         3       132         1         1
        42         6         0         5       138         1         0
        43         9         5         3       133         3         2
        44         3         8         5       135         0         0
        45         5         9        16       138         1         4
        46         6         6         9       131         0         1
        47         8         9         6       128         2         1
        48         5         3        14       131         0         0
        49         4         5        11       120         4         1
        50        16         6        22       114         1         0
        51         5         8         9        98         1         3
        52         5         5        11        97         0         0
        53         0         4         8        91         1         0
        54         6        16        10        87         0         1
        55         5         5         9        93         3         1
        56         5         5         0        89         0         2
        57         6         0         5        94         0         0
        58         2         6         8        89         1         0
        59         7         5         9        87         1         0
        60         6         5         6        83         2         0
        61         4         6         9        82         0         1
        62         1         2         3        79         0         0
        63         3         7         5        78         0         0
        64         1         6         6        80         0         0
        65         4         4         8        80         1         0
        66         5         1         5        76         0         0
        67         7         3         4        72         0         0
        68         5         1        16        71         0         1
        69         1         4         5        56         0         0
        70         6         5         5        55         0         1
        71         2         7         0        55         0         0
        72         2         5         6        62         1         3
        73         4         1         5        61         0         0
        74         3         6         5        57         1         1
        75         2         2         6        58         0         0
        76         2         2         2        54         3         0
        77         2         4         7        54         0         2
        78         4         3         6        51         1         0
        79         4         2         4        48         0         0
        80         7         2         1        46         0         0
        81         5         2         3        47         2         0
        82         3         4         1        46         0         0
        83         3         4         4        49         0         0
        84         5         7         5        49         0         1
        85         2         5         7        51         0         1
        86         2         3         5        49         0         0
        87         1         3         1        47         0         0
        88         1         5         6        49         1         1
        89         3         2         2        48         1         0
        90         3         2         2        48         0         0
        91         2         1         4        48         0         0
        92         4         1         3        45         1         1
        93         0         3         2        43         0         0
        94         2         3         2        44         0         1
        95         0         2         2        45         0         0
        96         0         4         4        45         1         0
        97         2         0         4        45         0         0
        98         2         2         7        41         1         0
        99         2         0         5        36         0         0
       100         2         0         3        31         0         0
       101         0         2         3        28         0         1
       102         0         2         5        27         0         0
       103         3         2         2        24         0         0
       104         1         2         2        24         0         0
       105         2         0         1        24         1         0
       106         1         0         1        23         0         0
       107         1         3         3        22         0         0
       108         1         1         3        22         0         0
       109         0         2         2        20         0         0
       110         0         1         4        20         0         0
       111         0         1         0        17         0         0
       112         0         1         2        18         0         1
       113         0         0         0        17         0         0
       114         2         0         0        17         0         0
       115         0         0         2        17         0         0
       116         0         0         2        15         1         0
       117         0         0         2        13         0         0
       118         1         2         2        11         0         0
       119         2         0         0        11         0         0
       120         0         0         0        11         0         0
       121         0         0         3        11         0         0
       122         0         1         1         8         0         0
       123         1         2         2         8         0         0
       124         0         0         1         8         0         0
       125         0         0         1         7         0         0
       126         0         0         1         6         0         0
       127         0         1         0         5         0         0
       128         0         0         0         6         0         0
       129         0         0         0         6         0         0
       130         0         0         0         6         0         0
       131         1         0         0         6         0         0
       132         0         0         2         6         0         0
       133         0         0         0         4         0         0
       134         0         0         0         4         0         0
       135         0         1         0         4         0         0
       136         0         0         1         5         0         0
       137         0         0         2         4         0         0
       138         0         0         0         2         0         0
       139         0         0         0         2         0         0
       140         0         0         0         2         0         0
       141         0         0         1         2         0         0
       142         0         0         0         1         0         0
       143         0         0         0         1         0         0
       144         0         0         0         1         0         0
       145         0         0         0         1         0         0
       146         0         0         0         1         0         0
       147         0         0         0         1         0         0
       148         0         0         0         1         0         0
       149         0         0         1         1         0         0
       150         0         0         0         0         0         0
       151         0         0         0         0         0         0
       152         0         0         0         0         0         0
