       2    1.0000000000000E+000    1.0000000000000E+000    1.0000000000000E+000
       3    1.0000000000000E+000    1.0000000000000E+000    1.0000000000000E+000
       4    1.0000000000000E+000    1.0000000000000E+000    1.0000000000000E+000
       5    1.0000000000000E+000    1.0000000000000E+000    1.0000000000000E+000
       6    1.0000000000000E+000    1.0000000000000E+000    1.0000000000000E+000
       7    9.9999887499821E-001    1.0000000000000E+000    9.9999887499821E-001
       8    9.9999774999642E-001    1.0000000000000E+000    9.9999774999642E-001
       9    9.9999752499606E-001    1.0000000000000E+000    9.9999752499606E-001
      10    9.9999752499606E-001    1.0000000000000E+000    9.9999752499606E-001
      11    9.9999752499606E-001    1.0000000000000E+000    9.9999752499606E-001
      12    9.9999729999570E-001    1.0000000000000E+000    9.9999729999570E-001
      13    9.9999684999499E-001    1.0000000000000E+000    9.9999684999499E-001
      14    9.9999549999284E-001    1.0000000000000E+000    9.9999549999284E-001
      15    9.9999414999069E-001    1.0000000000000E+000    9.9999414999069E-001
      16    9.9999257498819E-001    1.0000000000000E+000    9.9999257498819E-001
      17    9.9999099998568E-001    1.0000000000000E+000    9.9999099998568E-001
      18    9.9998897498246E-001    1.0000000000000E+000    9.9998897498246E-001
      19    9.9998874998210E-001    1.0000000000000E+000    9.9998874998210E-001
      20    9.9998627497817E-001    1.0000000000000E+000    9.9998627497817E-001
      21    9.0712979426493E-001    9.0714285714286E-001    9.9998559997709E-001
      22    8.1426812568631E-001    8.1428571428571E-001    9.9997839996564E-001
      23    7.2141055372134E-001    7.2142857142857E-001    9.9997502496027E-001
      24    6.2855205282633E-001    6.2857142857143E-001    9.9996917495097E-001
      25    5.3569584372067E-001    5.3571428571429E-001    9.9996557494525E-001
      26    4.4284110033163E-001    4.4285714285714E-001    9.9996377494239E-001
      27    3.4998582497746E-001    3.5000000000000E-001    9.9995949993559E-001
      28    3.4998409247471E-001    3.5000000000000E-001    9.9995454992773E-001
      29    3.4998149372058E-001    3.5000000000000E-001    9.9994712491594E-001
      30    3.4997983996795E-001    3.5000000000000E-001    9.9994239990843E-001
      31    3.4997865871608E-001    3.5000000000000E-001    9.9993902490308E-001
      32    3.4997708371358E-001    3.5000000000000E-001    9.9993452489594E-001
      33    3.4997582371158E-001    3.5000000000000E-001    9.9993092489023E-001
      34    3.4997464245971E-001    3.5000000000000E-001    9.9992754988488E-001
      35    3.4997251620634E-001    3.5000000000000E-001    9.9992147487525E-001
      36    3.4997038995297E-001    3.5000000000000E-001    9.9991539986563E-001
      37    3.4996912995097E-001    3.5000000000000E-001    9.9991179985993E-001
      38    3.4996692494749E-001    3.5000000000000E-001    9.9990549984996E-001
      39    3.4996495619437E-001    3.5000000000000E-001    9.9989987484107E-001
      40    3.4996243619039E-001    3.5000000000000E-001    9.9989267482969E-001
      41    3.4996062493753E-001    3.5000000000000E-001    9.9988749982153E-001
      42    3.4995889243480E-001    3.5000000000000E-001    9.9988254981372E-001
      43    3.4995786868319E-001    3.5000000000000E-001    9.9987962480911E-001
      44    3.4995534867922E-001    3.5000000000000E-001    9.9987242479777E-001
      45    3.4995330117600E-001    3.5000000000000E-001    9.9986657478857E-001
      46    3.4995093867229E-001    3.5000000000000E-001    9.9985982477796E-001
      47    3.4994849741846E-001    3.5000000000000E-001    9.9985284976702E-001
      48    3.4994676491574E-001    3.5000000000000E-001    9.9984789975926E-001
      49    3.4994487491278E-001    3.5000000000000E-001    9.9984249975080E-001
      50    3.4994298490982E-001    3.5000000000000E-001    9.9983709974235E-001
      51    3.4994030740564E-001    3.5000000000000E-001    9.9982944973040E-001
      52    3.4993825990245E-001    3.5000000000000E-001    9.9982359972128E-001
      53    3.4993487364718E-001    3.5000000000000E-001    9.9981392470622E-001
      54    3.4993251114351E-001    3.5000000000000E-001    9.9980717469573E-001
      55    3.4993014863984E-001    3.5000000000000E-001    9.9980042468526E-001
      56    3.4992668363448E-001    3.5000000000000E-001    9.9979052466994E-001
      57    3.4992369112986E-001    3.5000000000000E-001    9.9978197465674E-001
      58    3.4991975362380E-001    3.5000000000000E-001    9.9977072463943E-001
      59    3.4991605236812E-001    3.5000000000000E-001    9.9976014962321E-001
      60    3.4991376861463E-001    3.5000000000000E-001    9.9975362461322E-001
      61    3.4991124861078E-001    3.5000000000000E-001    9.9974642460223E-001
      62    3.4990636610336E-001    3.5000000000000E-001    9.9973247458102E-001
      63    3.4990329484871E-001    3.5000000000000E-001    9.9972369956773E-001
      64    3.4989990859359E-001    3.5000000000000E-001    9.9971402455313E-001
      65    3.4989683733897E-001    3.5000000000000E-001    9.9970524953993E-001
      66    3.4989376608437E-001    3.5000000000000E-001    9.9969647452678E-001
      67    3.4988880482697E-001    3.5000000000000E-001    9.9968229950564E-001
      68    3.4988439482043E-001    3.5000000000000E-001    9.9966969948695E-001
      69    3.4988006356405E-001    3.5000000000000E-001    9.9965732446871E-001
      70    3.4987707105966E-001    3.5000000000000E-001    9.9964877445617E-001
      71    3.4987305480380E-001    3.5000000000000E-001    9.9963729943942E-001
      72    3.4986895979785E-001    3.5000000000000E-001    9.9962559942244E-001
      73    3.4986431354116E-001    3.5000000000000E-001    9.9961232440330E-001
      74    3.4985895853350E-001    3.5000000000000E-001    9.9959702438142E-001
      75    4.3315334805767E-001    4.3333333333333E-001    9.9958464936386E-001
      76    5.1644404757671E-001    5.1666666666667E-001    9.9956912434202E-001
      77    5.9973337459392E-001    6.0000000000000E-001    9.9955562432320E-001
      78    5.9972243957883E-001    6.0000000000000E-001    9.9953739929806E-001
      79    5.9971285456577E-001    6.0000000000000E-001    9.9952142427628E-001
      80    5.9970569955611E-001    6.0000000000000E-001    9.9950949926018E-001
      81    5.9969084953634E-001    6.0000000000000E-001    9.9948474922723E-001
      82    5.9967059951001E-001    6.0000000000000E-001    9.9945099918335E-001
      83    5.9965142948579E-001    6.0000000000000E-001    9.9941904914299E-001
      84    5.9963320446344E-001    6.0000000000000E-001    9.9938867410574E-001
      85    5.9961416944084E-001    6.0000000000000E-001    9.9935694906807E-001
      86    5.9959378441752E-001    6.0000000000000E-001    9.9932297402919E-001
      87    5.9957231939399E-001    6.0000000000000E-001    9.9928719898999E-001
      88    5.9954693936763E-001    6.0000000000000E-001    9.9924489894605E-001
      89    5.9952020934166E-001    6.0000000000000E-001    9.9920034890276E-001
      90    5.9948861931348E-001    6.0000000000000E-001    9.9914769885580E-001
      91    3.9189756603047E-001    3.9225589225589E-001    9.9908649880731E-001
      92    3.2595441750064E-001    3.2627118644068E-001    9.9902912376818E-001
      93    1.9509002660511E-001    1.9529206625981E-001    9.9896544873243E-001
      94    1.5779670907054E-001    1.5797101449275E-001    9.9889659870343E-001
      95    3.3201701341277E-001    3.3240997229917E-001    9.9881784868341E-001
      96    2.9396704843615E-001    2.9433028919330E-001    9.9876587367834E-001
      97    2.9533878903889E-001    2.9571911378145E-001    9.9871389868008E-001
      98    3.0891966276527E-001    3.0932681459195E-001    9.9868374868433E-001
      99    2.6475517218557E-001    2.6511194029851E-001    9.9865427369084E-001
     100    1.9938279760390E-001    1.9966442953020E-001    9.9858947371363E-001
     101    1.4067138376919E-001    1.4087887740030E-001    9.9852714874695E-001
     102    3.1490207654076E-001    3.1538461538462E-001    9.9846999878777E-001
     103    2.9758503968866E-001    2.9805964786202E-001    9.9840767384394E-001
     104    2.5672531443843E-001    2.5714802750633E-001    9.9835614889989E-001
     105    2.2879449282117E-001    2.2918149466192E-001    9.9831137395573E-001
     106    2.8695708045341E-001    2.8745153330983E-001    9.9827987399916E-001
     107    1.9244118002049E-001    1.9278606965174E-001    9.9821102410629E-001
     108    1.4982838015609E-001    1.5010721944246E-001    9.9814239923032E-001
     109    2.6008451928346E-001    2.6058394160584E-001    9.9808344935109E-001
     110    3.1024249378820E-001    3.1085098476403E-001    9.9804249944297E-001
     111    2.7933124900822E-001    2.7989728539985E-001    9.9797769960212E-001
     112    2.8799914328220E-001    2.8859426080639E-001    9.9793787470849E-001
     113    2.8557991122207E-001    2.8617945007236E-001    9.9790502480126E-001
     114    1.9075376054003E-001    1.9116568914956E-001    9.9784517498219E-001
     115    1.3607713897544E-001    1.3638018936635E-001    9.9777790020441E-001
     116    3.2000710412211E-001    3.2073749543629E-001    9.9772277540177E-001
     117    3.2476072529846E-001    3.2552178689125E-001    9.9766202563566E-001
     118    2.8526167406959E-001    2.8594771241830E-001    9.9760082588909E-001
     119    2.7042916969541E-001    2.7109090909091E-001    9.9755897607293E-001
     120    3.1254444164606E-001    3.1331877729258E-001    9.9752860121182E-001
     121    1.9655700216674E-001    1.9705775517617E-001    9.9745885154847E-001
     122    1.6131032926341E-001    1.6173285198556E-001    9.9738752691883E-001
     123    3.8382052180438E-001    3.8484957020057E-001    9.9732610225950E-001
     124    3.9593509782228E-001    3.9702233250620E-001    9.9726152763987E-001
     125    3.3990583134597E-001    3.4086097388850E-001    9.9719785303776E-001
     126    3.3742972610428E-001    3.3839096683133E-001    9.9715937828939E-001
     127    3.4138245199097E-001    3.4236453201970E-001    9.9713147847722E-001
     128    2.1565874099289E-001    2.1629881154499E-001    9.9704080411939E-001
     129    1.3376222510963E-001    1.3417052214144E-001    9.9695687975799E-001
     130    3.8013225925859E-001    3.8132295719844E-001    9.9687745540263E-001
     131    3.4876922175237E-001    3.4988821462791E-001    9.9680185605357E-001
     132    3.0468688956960E-001    3.0568645931511E-001    9.9673008170609E-001
     133    2.4839525060405E-001    2.4922263681592E-001    9.9668013218044E-001
     134    2.4120409426124E-001    2.4201550387597E-001    9.9664728250161E-001
     135    1.3909657789657E-001    1.3957703927492E-001    9.9655773341484E-001
     136    1.4182471516444E-001    1.4232710002968E-001    9.9647020936187E-001
     137    3.4140278520200E-001    3.4263588544711E-001    9.9640113514817E-001
     138    2.4850397662389E-001    2.4941826643397E-001    9.9633431094221E-001
     139    2.4811879615159E-001    2.4904831625183E-001    9.9626771176683E-001
     140    2.3437259111755E-001    2.3525943396226E-001    9.9623036224404E-001
     141    2.0708798382269E-001    2.0788003528374E-001    9.9618986277363E-001
     142    1.4945980261856E-001    1.5004374453193E-001    9.9610818888058E-001
     143    1.1745287429604E-001    1.1791890280262E-001    9.9604788973178E-001
     144    2.8236283556681E-001    2.8349894610057E-001    9.9599254053891E-001
     145    2.5970140430760E-001    2.6076335877863E-001    9.9592751651918E-001
     146    3.0398934699911E-001    3.0525164113786E-001    9.9586474249886E-001
     147    2.7649675994035E-001    2.7765486725664E-001    9.9582896807203E-001
     148    2.7454474065114E-001    2.7570389117368E-001    9.9579566861533E-001
     149    1.4417776937608E-001    1.4479638009050E-001    9.9572771975356E-001
     150    1.4054560960232E-001    1.4115702479339E-001    9.9566854577758E-001
     151    3.1091877902335E-001    3.1229345670853E-001    9.9559812203667E-001
     152    2.7207318596880E-001    2.7329396325459E-001    9.9553309823877E-001
     153    2.7201923704623E-001    2.7325959661679E-001    9.9546087461920E-001
     154    2.7463412870124E-001    2.7589576547231E-001    9.9542712528078E-001
     155    2.3834201730515E-001    2.3944353518822E-001    9.9539967582670E-001
     156    1.4214217737453E-001    1.4280936454849E-001    9.9532812728304E-001
     157    1.3546073678411E-001    1.3610459269192E-001    9.9526940351479E-001
     158    3.6585449604016E-001    3.6761744966443E-001    9.9520437991754E-001
     159    3.0013688141032E-001    3.0160320641283E-001    9.9513823138704E-001
     160    2.6460462327584E-001    2.6591136287904E-001    9.9508580758246E-001
     161    2.7735151500197E-001    2.7872983870968E-001    9.9505498329820E-001
     162    2.4082432463215E-001    2.4202752601544E-001    9.9502865891704E-001
     163    1.4514289027898E-001    1.4588157459477E-001    9.9493641114137E-001
     164    1.2726562348682E-001    1.2792229173527E-001    9.9486666288149E-001
     165    3.1716525275954E-001    3.1882116543871E-001    9.9480613943275E-001
     166    3.0809403414660E-001    3.0972409152086E-001    9.9473706625063E-001
     167    3.3993854659056E-001    3.4175486514169E-001    9.9468531764610E-001
     168    2.9020765958728E-001    2.9176631363170E-001    9.9465786839809E-001
     169    2.9248826384100E-001    2.9406721536351E-001    9.9463064415202E-001
     170    1.0855671875938E-001    1.0915010281014E-001    9.9456359604354E-001
     171    1.3837796004072E-001    1.3914373088685E-001    9.9449654798495E-001
     172    3.8309590216047E-001    3.8524590163934E-001    9.9441915028887E-001
     173    2.9554704753828E-001    2.9722500835841E-001    9.9435457726322E-001
     174    3.1500602941436E-001    3.1681532870829E-001    9.9428910431414E-001
     175    3.1709706809403E-001    3.1892523364486E-001    9.9426772999448E-001
     176    2.6124819977848E-001    2.6276276276276E-001    9.9423600601410E-001
     177    1.1663794787995E-001    1.1732492532360E-001    9.9414465901641E-001
     178    1.2719163193022E-001    1.2794948487870E-001    9.9407693630655E-001
     179    3.9060457831936E-001    3.9296235679214E-001    9.9399998897596E-001
     180    3.3200821355039E-001    3.3403429310903E-001    9.9393451630437E-001
     181    3.1094662152272E-001    3.1286173633441E-001    9.9387871833058E-001
     182    2.6948313049305E-001    2.7115072933549E-001    9.9384991939157E-001
     183    2.5377270371886E-001    2.5535019455253E-001    9.9382224542092E-001
     184    1.0472798594092E-001    1.0538827258320E-001    9.9373472374011E-001
     185    1.3749657710252E-001    1.3837464700345E-001    9.9365440187244E-001
     186    3.5989672649671E-001    3.6222082415854E-001    9.9358375469652E-001
     187    2.0487140484954E-001    2.0620667926906E-001    9.9352458211218E-001
     188    1.3009013333877E-001    1.3094483195942E-001    9.9347283426266E-001
     189    3.6444305596370E-001    3.6684610512983E-001    9.9344943524675E-001
     190    2.7556566825506E-001    2.7739185348911E-001    9.9341658664061E-001
     191    1.3173317443812E-001    1.3261761919798E-001    9.9333086534650E-001
     192    1.1663146123978E-001    1.1741935483871E-001    9.9328991715199E-001
     193    4.0030753560665E-001    4.0302309782609E-001    9.9326201839525E-001
     194    3.9717189726457E-001    3.9990006662225E-001    9.9317787221010E-001
     195    3.5241131103879E-001    3.5485468956407E-001    9.9311442515167E-001
     196    3.4221761501958E-001    3.4460124712832E-001    9.9308292663301E-001
     197    3.3716992110907E-001    3.3952647155541E-001    9.9305930275320E-001
     198    1.0757009583106E-001    1.0833058939743E-001    9.9297988157731E-001
     199    1.1715174941647E-001    1.1799027552674E-001    9.9289326085116E-001
     200    3.3588091609005E-001    3.3831085420681E-001    9.9281743968146E-001
     201    3.9068549152549E-001    3.9354330708661E-001    9.9273824377224E-001
     202    3.2762901494143E-001    3.3004622496148E-001    9.9267614704477E-001
     203    2.7310116159998E-001    2.7512330456227E-001    9.9265004843735E-001
     204    2.5231548387324E-001    2.5418994413408E-001    9.9262574974308E-001
     205    1.2507923198650E-001    1.2601753287414E-001    9.9255420363945E-001
     206    8.6737438147595E-002    8.7395957193817E-002    9.9246510860037E-001
     207    2.6402254777464E-001    2.6604729729730E-001    9.9238951290532E-001
     208    2.7377533695137E-001    2.7589182968930E-001    9.9232854144210E-001
     209    3.0121103803469E-001    3.0355594102342E-001    9.9227521958285E-001
     210    2.2924460011666E-001    2.3103647944412E-001    9.9224417143228E-001
     211    2.4574500865490E-001    2.4767035527082E-001    9.9222617251139E-001
     212    1.0010043004156E-001    1.0089153046062E-001    9.9215890159018E-001
     213    1.2536586258610E-001    1.2636529126214E-001    9.9209095578342E-001
     214    3.3886592151929E-001    3.4159318941928E-001    9.9201603549351E-001
     215    3.2700520432111E-001    3.2965495803544E-001    9.9196203894484E-001
     216    3.4442002630924E-001    3.4723538704581E-001    9.9189206848839E-001
     217    3.1011543396867E-001    3.1265782828283E-001    9.9186844504065E-001
     218    2.9228649394621E-001    2.9469054351241E-001    9.9184212178122E-001
     219    1.5497340690440E-001    1.5625975647830E-001    9.9176787675281E-001
     220    1.3557453329726E-001    1.3671006668784E-001    9.9169385680153E-001
     221    4.4413652101399E-001    4.4789356984479E-001    9.9161173751142E-001
     222    3.7809399977718E-001    3.8131868131868E-001    9.9154334235514E-001
     223    3.4820300715381E-001    3.5119602360982E-001    9.9147764708368E-001
     224    2.9388967438745E-001    2.9642747151217E-001    9.9143872492056E-001
     225    2.4709782118474E-001    2.4923919659160E-001    9.9140835215269E-001
     226    1.2579785164065E-001    1.2690058479532E-001    9.9131025947243E-001
     227    9.9320713056429E-002    1.0020040080160E-001    9.9122071630316E-001
     228    3.6406377554184E-001    3.6732081911263E-001    9.9113297313596E-001
     229    2.9108818352852E-001    2.9371316306483E-001    9.9106277870246E-001
     230    2.9961628537146E-001    3.0233539673607E-001    9.9100630824585E-001
     231    2.6441742429329E-001    2.6682490924323E-001    9.9097728560365E-001
     232    2.3368987769314E-001    2.3582257158899E-001    9.9095636231307E-001
     233    1.5082447987531E-001    1.5221606648199E-001    9.9085782047289E-001
     234    9.1357547101427E-002    9.2207432057682E-002    9.9078290179773E-001
     235    2.7843725018289E-001    2.8105029174771E-001    9.9070258369573E-001
     236    3.1493759915989E-001    3.1791585399833E-001    9.9063193986403E-001
     237    2.7845150803939E-001    2.8110081437798E-001    9.9057524488337E-001
     238    2.6668346200540E-001    2.6923076923077E-001    9.9053857316292E-001
     239    2.6291832772091E-001    2.6543557936284E-001    9.9051652514717E-001
     240    9.5956071057421E-002    9.6882284382284E-002    9.9043980712502E-001
     241    9.3489954361815E-002    9.4400469070654E-002    9.9035476499425E-001
     242    3.4105329261950E-001    3.4439834024896E-001    9.9028727134096E-001
     243    3.2048490412307E-001    3.2365145228216E-001    9.9021617812383E-001
     244    3.2530781403774E-001    3.2854209445585E-001    9.9015565897736E-001
     245    2.8912987795586E-001    2.9201183431953E-001    9.9013068641418E-001
     246    3.0419528160163E-001    3.0723606168446E-001    9.9010278915125E-001
     247    1.3818635116790E-001    1.3958020989505E-001    9.9001392297517E-001
     248    1.1590636282344E-001    1.1708482676225E-001    9.8993495595120E-001
     249    1.8966448404094E-001    1.9160963998810E-001    9.8984833984720E-001
     250    3.6595241747381E-001    3.6973293768546E-001    9.8977499750140E-001
     251    3.8420861448779E-001    3.8820782253357E-001    9.8969828062794E-001
     252    3.4617848013532E-001    3.4979423868313E-001    9.8966318438686E-001
     253    2.8467540182314E-001    2.8765720971044E-001    9.8963416251482E-001
     254    1.6199557749132E-001    1.6369945684973E-001    9.8959141715436E-001
     255    1.3774234475783E-001    1.3920454545455E-001    9.8949602764807E-001
     256    4.5225375403123E-001    4.5709714950553E-001    9.8940401295537E-001
     257    3.5189336846866E-001    3.5569511846988E-001    9.8931177347167E-001
     258    4.0779552549841E-001    4.1223328591750E-001    9.8923483238572E-001
     259    3.7284890125997E-001    3.7692307692308E-001    9.8919096252646E-001
     260    3.1690888960213E-001    3.2038163716814E-001    9.8916059111030E-001
     261    1.8453580539003E-001    1.8657915885347E-001    9.8904832953481E-001
     262    1.1088753971750E-001    1.1212602594652E-001    9.8895451596925E-001
     263    3.5673690950622E-001    3.6075949367089E-001    9.8884967898215E-001
     264    3.6661135784533E-001    3.7078510317061E-001    9.8874349241760E-001
     265    3.7286985632483E-001    3.7715140932901E-001    9.8864765476602E-001
     266    3.2096009593688E-001    3.2466257668712E-001    9.8859591152137E-001
     267    2.7025769374829E-001    2.7338393731636E-001    9.8856464063415E-001
     268    1.2151697657862E-001    1.2293556641079E-001    9.8846070446830E-001
     269    1.0621849926068E-001    1.0747021081577E-001    9.8835294408019E-001
     270    3.1095061831860E-001    3.1465126811594E-001    9.8823888484702E-001
     271    2.7720794268094E-001    2.8053435114504E-001    9.8814259840007E-001
     272    2.9331731007948E-001    2.9686108637578E-001    9.8806250984403E-001
     273    2.7045139826030E-001    2.7372994652406E-001    9.8802269059196E-001
     274    2.8039548609589E-001    2.8380485631544E-001    9.8798692078841E-001
     275    1.8312825044669E-001    1.8537299977462E-001    9.8789063493249E-001
     276    1.1062178770228E-001    1.1198738170347E-001    9.8780582258094E-001
     277    3.5080120635117E-001    3.5516458569807E-001    9.8771448640261E-001
     278    2.9418414503823E-001    2.9787234042553E-001    9.8761820119978E-001
     279    3.4375208961671E-001    3.4809264305177E-001    9.8753046488716E-001
     280    3.1759103526172E-001    3.2162162162162E-001    9.8746792476333E-001
     281    2.5798093785517E-001    2.6126429051782E-001    9.8743283034914E-001
     282    1.1878907664080E-001    1.2031492570415E-001    9.8731787386798E-001
     283    1.4642321255313E-001    1.4831838565022E-001    9.8722226453058E-001
     284    3.8679806365656E-001    3.9184952978056E-001    9.8710865845155E-001
     285    3.0656969183217E-001    3.1060943060498E-001    9.8699415286605E-001
     286    2.7036064137952E-001    2.7394678492239E-001    9.8690934246996E-001
     287    2.5480711448588E-001    2.5819672131148E-001    9.8687199896120E-001
     288    1.2699725191304E-001    1.2869336835194E-001    9.8682048297734E-001
     289    1.7740084988440E-001    1.7979452054795E-001    9.8668663173799E-001
     290    1.8459344115161E-001    1.8710224862113E-001    9.8659124896676E-001
     291    4.2588703007222E-001    4.3171148100726E-001    9.8650846412182E-001
     292    4.0826069827367E-001    4.1388174807198E-001    9.8641870576681E-001
     293    3.9139734748716E-001    3.9680232558140E-001    9.8637866326436E-001
     294    2.8838380299985E-001    2.9238329238329E-001    9.8632107412554E-001
     295    1.5126036571204E-001    1.5336821451929E-001    9.8625628645508E-001
     296    2.3189775527763E-001    2.3516320474777E-001    9.8611411392508E-001
     297    2.0220664307972E-001    2.0508370763577E-001    9.8597126710249E-001
     298    4.8974988746423E-001    4.9677873968190E-001    9.8585114125019E-001
     299    5.2524715888506E-001    5.3284005676059E-001    9.8575013687655E-001
     300    6.1582982081532E-001    6.2476567381795E-001    9.8569727279026E-001
     301    5.3242510854843E-001    5.4019746121298E-001    9.8561201556353E-001
     302    6.3181246318361E-001    6.4107883817427E-001    9.8554565454530E-001
     303    2.5148718031715E-001    2.5522218002279E-001    9.8536569311763E-001
     304    2.1666068920526E-001    2.1991812032752E-001    9.8518798215715E-001
     305    6.1605840998591E-001    6.2544919960797E-001    9.8498552779675E-001
     306    4.4169083182763E-001    4.4851258581236E-001    9.8479027300344E-001
     307    4.1366489670096E-001    4.2015313098168E-001    9.8455745345616E-001
     308    3.2663698643718E-001    3.3179136497721E-001    9.8446500094907E-001
     309    3.4138709088137E-001    3.4680513295409E-001    9.8437727254331E-001
     310    1.4374656927308E-001    1.4606811145511E-001    9.8410644076312E-001
     311    1.2929595641615E-001    1.3141217266531E-001    9.8389634532146E-001
     312    3.3585786421702E-001    3.4142431875429E-001    9.8369637359874E-001
     313    2.8967199494856E-001    2.9452961288188E-001    9.8350720022416E-001
     314    2.7096227844706E-001    2.7555902236089E-001    9.8331847792736E-001
     315    2.4823143752890E-001    2.5246497145823E-001    9.8323120270953E-001
     316    2.1795929622259E-001    2.2169323121507E-001    9.8315719892750E-001
     317    1.0627222310293E-001    1.0811499643185E-001    9.8295543273609E-001
     318    1.0262102691284E-001    1.0441910192445E-001    9.8278020995705E-001
     319    2.7523479422902E-001    2.8011521448411E-001    9.8257709684185E-001
     320    2.3089359227654E-001    2.3502590673575E-001    9.8241762145882E-001
     321    2.2797034914055E-001    2.3208355650777E-001    9.8227704095409E-001
     322    1.9577153368791E-001    1.9931921331316E-001    9.8220101531467E-001
     323    1.7235740191690E-001    1.7549488797042E-001    9.8212206583449E-001
     324    7.7809952640004E-002    7.9240820004506E-002    9.8194279962751E-001
     325    6.8440450680918E-002    6.9709877964541E-002    9.8178985072578E-001
     326    1.0518926109517E-001    1.0715557137771E-001    9.8164994822703E-001
     327    1.8620090450663E-001    1.8970534739905E-001    9.8152691560638E-001
     328    2.0543371954866E-001    2.0932277924362E-001    9.8142075263371E-001
     329    1.5455103284091E-001    1.5748434104563E-001    9.8137396908640E-001
     330    1.3457855444117E-001    1.3713876594637E-001    9.8133123418802E-001
     331    6.9774345601896E-002    7.1106094808126E-002    9.8127095560762E-001
     332    6.4401454672962E-002    6.5637920850561E-002    9.8116231956197E-001
     333    1.8673178047153E-001    1.9034047142197E-001    9.8104086365091E-001
     334    1.7646965242340E-001    1.7989590110605E-001    9.8095427043313E-001
     335    1.7938952442866E-001    1.8288504368683E-001    9.8088679540054E-001
     336    1.8319699211772E-001    1.8677351179993E-001    9.8085103370525E-001
     337    1.7438421617620E-001    1.7779390420900E-001    9.8082224445229E-001
     338    6.0054862498243E-002    6.1234519363082E-002    9.8073542705799E-001
     339    6.9296235707838E-002    7.0662460567823E-002    9.8066547854396E-001
     340    2.6275977822509E-001    2.6795766719207E-001    9.8060182781315E-001
     341    2.0264006191777E-001    2.0666350486128E-001    9.8053142984193E-001
     342    2.0916226092882E-001    2.1333002973241E-001    9.8046328119480E-001
     343    2.1425348558672E-001    2.1852701325178E-001    9.8044393870821E-001
     344    1.8731784445352E-001    1.9105796724721E-001    9.8042414641181E-001
     345    6.5497708710541E-002    6.6810893357088E-002    9.8034475247130E-001
     346    7.0808963359373E-002    7.2232645403377E-002    9.8029032391028E-001
     347    2.8222652445384E-001    2.8791773778920E-001    9.8023319654058E-001
     348    2.7291459165395E-001    2.7843252799057E-001    9.8018214187673E-001
     349    2.6899474604200E-001    2.7444747199516E-001    9.8013198695722E-001
     350    2.3972507143317E-001    2.4458874458874E-001    9.8011489382409E-001
     351    2.1008696685941E-001    2.1435301507538E-001    9.8009802561224E-001
     352    7.1483521731511E-002    7.2940044886181E-002    9.8003122760695E-001
     353    8.8174880760676E-002    8.9977220956720E-002    9.7996892794777E-001
     354    3.0478493440312E-001    3.1103402708953E-001    9.7990865261630E-001
     355    2.1623243598172E-001    2.2067796610169E-001    9.7985512464836E-001
     356    2.3580530374801E-001    2.4066317626527E-001    9.7981464138950E-001
     357    2.0399544108363E-001    2.0820133755720E-001    9.7979889791818E-001
     358    1.8214757053081E-001    1.8590651558074E-001    9.7978045557906E-001
     359    6.6014699964805E-002    6.7381038866691E-002    9.7972220486850E-001
     360    8.0304784109894E-002    8.1970260223048E-002    9.7968194673748E-001
     361    2.3239106907935E-001    2.3722074971602E-001    9.7964056414774E-001
     362    2.0986061176593E-001    2.1423001949318E-001    9.7960412953525E-001
     363    1.7518819485325E-001    1.7884231536926E-001    9.7956791988254E-001
     364    1.7535780980120E-001    1.7901731776077E-001    9.7955779918194E-001
     365    1.6524031168373E-001    1.6869177804779E-001    9.7953980683586E-001
     366    7.6990200976183E-002    7.8601694915254E-002    9.7949797468351E-001
     367    5.9500041098036E-002    6.0747663551402E-002    9.7946221499844E-001
     368    8.9102500696672E-002    9.0973534971645E-002    9.7943320246316E-001
     369    3.1950837925347E-001    3.2622706990580E-001    9.7940486467212E-001
     370    2.1368688556791E-001    2.1818650180319E-001    9.7937720162296E-001
     371    2.2212172252683E-001    2.2680145152929E-001    9.7936640629544E-001
     372    2.3952499094192E-001    2.4457384859714E-001    9.7935651058286E-001
     373    1.0231963110303E-001    1.0447761194030E-001    9.7934504055753E-001
     374    8.5842419194311E-002    8.7656529516995E-002    9.7930433325755E-001
     375    3.2326632374473E-001    3.3010618363523E-001    9.7927981895044E-001
     376    2.3553581158303E-001    2.4052665382145E-001    9.7925035683518E-001
     377    2.2492088028116E-001    2.2969460688759E-001    9.7921707143622E-001
     378    2.4767084939016E-001    2.5292968750000E-001    9.7920830029162E-001
     379    2.0133302470213E-001    2.0561056105611E-001    9.7919593073426E-001
     380    1.1523388962186E-001    1.1768661735037E-001    9.7915882210121E-001
     381    1.0731713024073E-001    1.0960334029228E-001    9.7914105495824E-001
     382    3.3053977249541E-001    3.3758865248227E-001    9.7911991432463E-001
     383    2.5074123692840E-001    2.5609756097561E-001    9.7908482991091E-001
     384    2.4620195202665E-001    2.5146627565982E-001    9.7906548852582E-001
     385    1.2840660043728E-001    1.3115356355621E-001    9.7905536803999E-001
     386    1.2533486532046E-001    1.2801755669349E-001    9.7904434796040E-001
     387    1.2778619375967E-001    1.3052486187845E-001    9.7901803473015E-001
     388    1.4843047089135E-001    1.5161527165932E-001    9.7899419541896E-001
     389    3.4033698598321E-001    3.4764749813293E-001    9.7897148062625E-001
     390    4.0357805392118E-001    4.1225296442688E-001    9.7895731200439E-001
     391    3.0990304490167E-001    3.1656804733728E-001    9.7894606707255E-001
     392    3.2906133247411E-001    3.3614153327717E-001    9.7893684623249E-001
     393    3.3579208689094E-001    3.4302325581395E-001    9.7891930415663E-001
     394    1.7910510674161E-001    1.8296795952782E-001    9.7888781841266E-001
     395    1.3949458190736E-001    1.4250814332248E-001    9.7885340904134E-001
     396    3.5535967077946E-001    3.6304700162075E-001    9.7882552174522E-001
     397    2.6586623617162E-001    2.7162489894907E-001    9.7879920876277E-001
     398    2.6518102717422E-001    2.7093206951027E-001    9.7877312070720E-001
     399    2.4660380159857E-001    2.5195618153365E-001    9.7875670323906E-001
     400    2.3495988458337E-001    2.4006235385815E-001    9.7874523350799E-001
     401    1.0477982204738E-001    1.0705882352941E-001    9.7871262351947E-001
     402    9.7175152543179E-002    9.9290780141844E-002    9.7869260775630E-001
     403    3.1041370694989E-001    3.1717888100867E-001    9.7867079284326E-001
     404    2.7192988252833E-001    2.7786259541985E-001    9.7864875305525E-001
     405    2.1598069915026E-001    2.2069732937685E-001    9.7862851245226E-001
     406    1.9785306943805E-001    2.0217554388597E-001    9.7862019132066E-001
     407    2.1178336654058E-001    2.1641221374046E-001    9.7861097061080E-001
     408    9.2784039268533E-002    9.4814241486068E-002    9.7858758150975E-001
     409    8.2397372552496E-002    8.4202085004010E-002    9.7856689117107E-001
     410    3.4109316876196E-001    3.4857142857143E-001    9.7854597595644E-001
     411    2.4216124411227E-001    2.4747474747475E-001    9.7852910886182E-001
     412    2.5886756450040E-001    2.6455256298871E-001    9.7851089241365E-001
     413    2.2852107866945E-001    2.3354092526690E-001    9.7850549495032E-001
     414    1.6751500084265E-001    1.7119565217391E-001    9.7850032238249E-001
     415    6.8618350628694E-002    7.0127504553734E-002    9.7847985701696E-001
     416    7.5681820131402E-002    7.7348066298343E-002    9.7845781741312E-001
     417    3.1856216989240E-001    3.2558139534884E-001    9.7844095038380E-001
     418    2.4275689429126E-001    2.4810964083176E-001    9.7842588251486E-001
     419    3.0097805845607E-001    3.0761718750000E-001    9.7841756145720E-001
     420    2.9245494445057E-001    2.9890764647468E-001    9.7841238890938E-001
     421    1.8928935973696E-001    1.9346733668342E-001    9.7840474253650E-001
     422    1.1181526886604E-001    1.1428571428571E-001    9.7838360257783E-001
     423    1.0802208530735E-001    1.1041009463722E-001    9.7837145835518E-001
     424    1.4685545954001E-001    1.5010460251046E-001    9.7835414160452E-001
     425    3.2999873875578E-001    3.3730569948187E-001    9.7833727465232E-001
     426    2.3338118208057E-001    2.3855165069223E-001    9.7832558023952E-001
     427    1.8657037567342E-001    1.9070512820513E-001    9.7831860857323E-001
     428    1.7193633787470E-001    1.7574786324786E-001    9.7831253647853E-001
     429    8.8104752192125E-002    9.0058479532164E-002    9.7830601460087E-001
     430    6.7370405478218E-002    6.8865740740741E-002    9.7828622408707E-001
     431    2.7684756578581E-001    2.8299643281807E-001    9.7827228078095E-001
     432    2.2211465424364E-001    2.2705018359853E-001    9.7826238553668E-001
     433    2.7898343828216E-001    2.8518518518519E-001    9.7825361475562E-001
     434    1.4794494645162E-001    1.5123456790123E-001    9.7824821735359E-001
     435    2.2171935674292E-001    2.2665006226650E-001    9.7824529376136E-001
     436    8.4374175737978E-002    8.6251621271077E-002    9.7823292472152E-001
     437    1.1427860147505E-001    1.1682242990654E-001    9.7822482862640E-001
     438    3.4001323653969E-001    3.4758620689655E-001    9.7821268448918E-001
     439    3.3018116713915E-001    3.3753709198813E-001    9.7820706220566E-001
     440    2.2450452590568E-001    2.2950819672131E-001    9.7819829144616E-001
     441    3.1219029811443E-001    3.1914893617021E-001    9.7819626742523E-001
     442    2.2544864144471E-001    2.3047473200613E-001    9.7819244427507E-001
     443    7.5079352119435E-002    7.6754385964912E-002    9.7817670189893E-001
     444    1.2003355419758E-001    1.2271341463415E-001    9.7816163420639E-001
     445    3.4988990737234E-001    3.5770440251572E-001    9.7815376302774E-001
     446    2.4946448413943E-001    2.5503875968992E-001    9.7814341805430E-001
     447    3.5783627055861E-001    3.6583463338534E-001    9.7813667133506E-001
     448    3.7258513283433E-001    3.8091482649842E-001    9.7813239841392E-001
     449    2.4606069601363E-001    2.5156250000000E-001    9.7812947483678E-001
     450    8.0614139860948E-002    8.2417582417582E-002    9.7811823031284E-001
     451    1.4648366904299E-001    1.4976228209192E-001    9.7810788535581E-001
     452    3.4125119557034E-001    3.4889240506329E-001    9.7809866485466E-001
     453    2.3644363235969E-001    2.4174174174174E-001    9.7808359721462E-001
     454    2.0747060855891E-001    2.1212121212121E-001    9.7807572606342E-001
     455    2.5570043540803E-001    2.6143292682927E-001    9.7807280249368E-001
     456    2.6532685708127E-001    2.7127659574468E-001    9.7806763002508E-001
     457    1.5823712922567E-001    1.6178736517720E-001    9.7805616064245E-001
     458    9.7804918905981E-002    1.0000000000000E-001    9.7804918905981E-001
     459    4.0465259840610E-001    4.1373801916933E-001    9.7804064325180E-001
     460    2.3933983722793E-001    2.4471544715447E-001    9.7803322189487E-001
     461    1.9230804594791E-001    1.9662921348315E-001    9.7802377653508E-001
     462    2.5753385038433E-001    2.6332288401254E-001    9.7801545562620E-001
     463    3.7312791814023E-001    3.8151658767773E-001    9.7801230717501E-001
     464    9.5971890352899E-002    9.8130841121495E-002    9.7799926359621E-001
     465    2.0387608923184E-001    2.0846394984326E-001    9.7799206714222E-001
     466    5.0835964136659E-001    5.1980198019802E-001    9.7798711958145E-001
     467    4.3298508696534E-001    4.4273504273504E-001    9.7797789913022E-001
     468    4.8978678782930E-001    5.0082236842105E-001    9.7796508046047E-001
     469    5.0418647748802E-001    5.1554828150573E-001    9.7796170712756E-001
     470    6.2733694625683E-001    6.4147909967846E-001    9.7795383601941E-001
     471    2.3732709583246E-001    2.4268104776579E-001    9.7793831870010E-001
     472    2.0222960719336E-001    2.0679468242245E-001    9.7792460049930E-001
     473    7.6112455269388E-001    7.7831491712707E-001    9.7791335607874E-001
     474    6.4426166106938E-001    6.5882352941176E-001    9.7789716412316E-001
     475    5.8696181672436E-001    6.0024154589372E-001    9.7787602464340E-001
     476    6.6177076538660E-001    6.7674970344009E-001    9.7786635446258E-001
     477    5.1436498527817E-001    5.2601156069364E-001    9.7785870827608E-001
     478    2.5164734869055E-001    2.5735294117647E-001    9.7782969776901E-001
     479    2.5675546700173E-001    2.6258309591643E-001    9.7780653436824E-001
     480    9.3225900785893E-001    9.5344827586207E-001    9.7777617460792E-001
     481    9.4477150990184E-001    9.6627450980392E-001    9.7774648954939E-001
     482    9.3747619025511E-001    9.5883233532934E-001    9.7772692441907E-001
     483    9.2946471674422E-001    9.5064841498559E-001    9.7771657964455E-001
     484    4.3996608531409E-001    4.5000000000000E-001    9.7770241180909E-001
     485    2.9979194552952E-001    3.0664652567976E-001    9.7764664010120E-001
     486    3.0622379206343E-001    3.1324366270047E-001    9.7758974411001E-001
     487    4.3988553140472E-001    4.5000000000000E-001    9.7752340312159E-001
     488    9.3640424178728E-001    9.5798319327731E-001    9.7747460326918E-001
     489    8.6135553353854E-001    8.8123219373219E-001    9.7744446885278E-001
     490    8.8700606575981E-001    9.0749656121045E-001    9.7742085609304E-001
     491    8.0768827954826E-001    8.2637290365012E-001    9.7738959733635E-001
     492    2.9749415826441E-001    3.0439093484419E-001    9.7734237196218E-001
     493    2.1009059271061E-001    2.1498771498771E-001    9.7722138552248E-001
     494    7.8949624780750E-001    8.0798274002157E-001    9.7712018920901E-001
     495    7.6294336226411E-001    7.8090317642556E-001    9.7700122793243E-001
     496    6.5865510851153E-001    6.7423460612315E-001    9.7689306145053E-001
     497    6.3057262846225E-001    6.4551313832424E-001    9.7685483226449E-001
     498    5.5662295889861E-001    5.6983285117326E-001    9.7681795240929E-001
     499    2.3569653044098E-001    2.4132740825688E-001    9.7666706050270E-001
     500    1.7286507047483E-001    1.7702182284981E-001    9.7651841841834E-001
     501    5.9073666357378E-001    6.0504447565543E-001    9.7635246224478E-001
     502    4.7405448256484E-001    4.8561887320909E-001    9.7618628253093E-001
     503    4.5638879510023E-001    4.6758837232857E-001    9.7604821272059E-001
     504    4.2427402841047E-001    4.3471446762660E-001    9.7598322578695E-001
     505    3.7498030777187E-001    3.8422818791946E-001    9.7593128136260E-001
     506    1.1770867608202E-001    1.2063604868082E-001    9.7573384878887E-001
     507    1.0737509518843E-001    1.1006660483939E-001    9.7554653698196E-001
     508    3.5854405510485E-001    3.6759400304658E-001    9.7538058872907E-001
     509    3.2747387451011E-001    3.3579733579734E-001    9.7521284298620E-001
     510    3.1598105834746E-001    3.2406441031758E-001    9.7505634153965E-001
     511    2.7411456657837E-001    2.8114116339385E-001    9.7500687295072E-001
     512    2.4907247668208E-001    2.5547070054340E-001    9.7495515592311E-001
     513    8.9366697793602E-002    9.1679896088902E-002    9.7476875090416E-001
     514    9.3489538207806E-002    9.5924809872292E-002    9.7461270272282E-001
     515    3.3839096281173E-001    3.4726173541963E-001    9.7445508185007E-001
     516    2.8028236390119E-001    2.8767465069860E-001    9.7430330833994E-001
     517    0.0000000000000E+000    0.0000000000000E+000    9.7417177227533E-001
     518    9.2884341418154E-322    9.5354669647361E-322    9.7412387988332E-001
     519    4.5430722045556E-310    4.6640405269448E-310    9.7406362108342E-001
     520    4.5422804420964E-310    4.6640405220697E-310    9.7389386318640E-001
     521    0.0000000000000E+000    0.0000000000000E+000    9.7374861460238E-001
     522    0.0000000000000E+000    0.0000000000000E+000    9.7374861460238E-001
     523    0.0000000000000E+000    0.0000000000000E+000    9.7374861460238E-001
     524    0.0000000000000E+000    0.0000000000000E+000    9.7374861460238E-001
     525    0.0000000000000E+000    0.0000000000000E+000    9.7374861460238E-001
     526    0.0000000000000E+000    0.0000000000000E+000    9.7374861460238E-001
     527    0.0000000000000E+000    0.0000000000000E+000    9.7374861460238E-001
     528    0.0000000000000E+000    0.0000000000000E+000    9.7374861460238E-001
     529    0.0000000000000E+000    0.0000000000000E+000    9.7374861460238E-001
     530    0.0000000000000E+000    0.0000000000000E+000    9.7374861460238E-001
     531    0.0000000000000E+000    0.0000000000000E+000    9.7374861460238E-001
     532    0.0000000000000E+000    0.0000000000000E+000    9.7374861460238E-001
     533    0.0000000000000E+000    0.0000000000000E+000    9.7374861460238E-001
     534    0.0000000000000E+000    0.0000000000000E+000    9.7374861460238E-001
     535    0.0000000000000E+000    0.0000000000000E+000    9.7374861460238E-001
     536    0.0000000000000E+000    0.0000000000000E+000    9.7374861460238E-001
     537    0.0000000000000E+000    0.0000000000000E+000    9.7374861460238E-001
     538    0.0000000000000E+000    0.0000000000000E+000    9.7374861460238E-001
     539    0.0000000000000E+000    0.0000000000000E+000    9.7374861460238E-001
     540    0.0000000000000E+000    0.0000000000000E+000    9.7374861460238E-001
