       2    1.0000000000000E+000    1.0000000000000E+000    1.0000000000000E+000
       3    1.0000000000000E+000    1.0000000000000E+000    1.0000000000000E+000
       4    1.0000000000000E+000    1.0000000000000E+000    1.0000000000000E+000
       5    1.0000000000000E+000    1.0000000000000E+000    1.0000000000000E+000
       6    1.0000000000000E+000    1.0000000000000E+000    1.0000000000000E+000
       7    1.0000000000000E+000    1.0000000000000E+000    9.9999932499816E-001
       8    1.0000000000000E+000    1.0000000000000E+000    9.9999819999509E-001
       9    1.0000000000000E+000    1.0000000000000E+000    9.9999774999386E-001
      10    1.0000000000000E+000    1.0000000000000E+000    9.9999639999018E-001
      11    9.2357142857143E-001    9.2357142857143E-001    9.9999527498711E-001
      12    8.4714285714286E-001    8.4714285714286E-001    9.9999414998405E-001
      13    7.7071428571429E-001    7.7071428571429E-001    9.9999302498098E-001
      14    6.9428571428571E-001    6.9428571428571E-001    9.9999189997791E-001
      15    6.1785714285714E-001    6.1785714285714E-001    9.9998987497239E-001
      16    5.4142857142857E-001    5.4142857142857E-001    9.9998649996318E-001
      17    4.6500000000000E-001    4.6500000000000E-001    9.9998492495889E-001
      18    4.6500000000000E-001    4.6500000000000E-001    9.9998154994968E-001
      19    4.6500000000000E-001    4.6500000000000E-001    9.9997929994355E-001
      20    4.6500000000000E-001    4.6500000000000E-001    9.9997592493435E-001
      21    4.6500000000000E-001    4.6500000000000E-001    9.9997344992760E-001
      22    4.6500000000000E-001    4.6500000000000E-001    9.9997187492331E-001
      23    4.6500000000000E-001    4.6500000000000E-001    9.9997007491840E-001
      24    4.6500000000000E-001    4.6500000000000E-001    9.9996737491104E-001
      25    4.6500000000000E-001    4.6500000000000E-001    9.9996354990061E-001
      26    4.6500000000000E-001    4.6500000000000E-001    9.9996084989325E-001
      27    4.6500000000000E-001    4.6500000000000E-001    9.9995679988221E-001
      28    4.6500000000000E-001    4.6500000000000E-001    9.9995342487302E-001
      29    4.6500000000000E-001    4.6500000000000E-001    9.9995094986627E-001
      30    4.6500000000000E-001    4.6500000000000E-001    9.9994644985401E-001
      31    4.6500000000000E-001    4.6500000000000E-001    9.9994149984053E-001
      32    4.6500000000000E-001    4.6500000000000E-001    9.9993609982583E-001
      33    4.6500000000000E-001    4.6500000000000E-001    9.9993182481419E-001
      34    4.6500000000000E-001    4.6500000000000E-001    9.9992619979888E-001
      35    4.6500000000000E-001    4.6500000000000E-001    9.9992012478235E-001
      36    4.6500000000000E-001    4.6500000000000E-001    9.9991427476644E-001
      37    4.6500000000000E-001    4.6500000000000E-001    9.9990797474931E-001
      38    4.6500000000000E-001    4.6500000000000E-001    9.9990032472852E-001
      39    4.6500000000000E-001    4.6500000000000E-001    9.9989627471752E-001
      40    4.6500000000000E-001    4.6500000000000E-001    9.9988974969981E-001
      41    4.6500000000000E-001    4.6500000000000E-001    9.9988097467600E-001
      42    4.6500000000000E-001    4.6500000000000E-001    9.9987084964855E-001
      43    4.6500000000000E-001    4.6500000000000E-001    9.9986229962539E-001
      44    4.6500000000000E-001    4.6500000000000E-001    9.9985172459678E-001
      45    4.6500000000000E-001    4.6500000000000E-001    9.9984227457124E-001
      46    4.6500000000000E-001    4.6500000000000E-001    9.9982832453360E-001
      47    4.6500000000000E-001    4.6500000000000E-001    9.9981842450692E-001
      48    4.6500000000000E-001    4.6500000000000E-001    9.9980537447182E-001
      49    4.6500000000000E-001    4.6500000000000E-001    9.9979209943618E-001
      50    4.6500000000000E-001    4.6500000000000E-001    9.9977972440302E-001
      51    4.6500000000000E-001    4.6500000000000E-001    9.9976532436452E-001
      52    4.6500000000000E-001    4.6500000000000E-001    9.9974822431894E-001
      53    4.6500000000000E-001    4.6500000000000E-001    9.9972819926576E-001
      54    4.6500000000000E-001    4.6500000000000E-001    9.9970929921577E-001
      55    4.5425000000000E-001    4.5425000000000E-001    9.9968814916008E-001
      56    4.4350000000000E-001    4.4350000000000E-001    9.9966767410645E-001
      57    4.3275000000000E-001    4.3275000000000E-001    9.9964899905777E-001
      58    4.2200000000000E-001    4.2200000000000E-001    9.9962964900761E-001
      59    2.5622254758419E-001    2.5622254758419E-001    9.9960287393867E-001
      60    7.1161825726141E-001    7.1161825726141E-001    9.9957924887832E-001
      61    5.8333333333333E-001    5.8333333333333E-001    9.9955089880654E-001
      62    5.2459016393443E-001    5.2459016393443E-001    9.9952389873887E-001
      63    5.6094808126411E-001    5.6094808126411E-001    9.9949937367802E-001
      64    4.9344262295082E-001    4.9344262295082E-001    9.9948002363045E-001
      65    2.4489795918367E-001    2.4489795918367E-001    9.9942377349446E-001
      66    2.2621184919210E-001    2.2621184919210E-001    9.9937787338625E-001
      67    4.6507666098807E-001    4.6507666098807E-001    9.9933422328584E-001
      68    4.0912730184147E-001    4.0912730184147E-001    9.9928022316523E-001
      69    3.2407407407407E-001    3.2407407407407E-001    9.9923589806943E-001
      70    3.0045180722892E-001    3.0045180722892E-001    9.9921362302243E-001
      71    3.3076923076923E-001    3.3076923076923E-001    9.9919472298318E-001
      72    1.7684210526316E-001    1.7684210526316E-001    9.9913802286902E-001
      73    1.7430278884462E-001    1.7430278884462E-001    9.9908942277567E-001
      74    3.1592520954223E-001    3.1592520954223E-001    9.9905027270367E-001
      75    3.0044843049327E-001    3.0044843049327E-001    9.9901134763503E-001
      76    2.4403266331658E-001    2.4403266331658E-001    9.9896769756171E-001
      77    2.1752641392169E-001    2.1752641392169E-001    9.9894632252726E-001
      78    2.3776009791922E-001    2.3776009791922E-001    9.9892157248860E-001
      79    1.4628149969269E-001    1.4628149969269E-001    9.9887207241538E-001
      80    1.4180478821363E-001    1.4180478821363E-001    9.9882842235549E-001
      81    2.0409429280397E-001    2.0409429280397E-001    9.9878724730318E-001
      82    2.1624203821656E-001    2.1624203821656E-001    9.9875664726702E-001
      83    2.4355670103093E-001    2.4355670103093E-001    9.9872042222730E-001
      84    2.1931524547804E-001    2.1931524547804E-001    9.9869792220434E-001
      85    1.9293125810636E-001    1.9293125810636E-001    9.9867654718379E-001
      86    1.2297297297297E-001    1.2297297297297E-001    9.9864392215481E-001
      87    1.0761705101328E-001    1.0761705101328E-001    9.9861219712945E-001
      88    2.4418604651163E-001    2.4418604651163E-001    9.9857169710124E-001
      89    2.0970042796006E-001    2.0970042796006E-001    9.9853884708187E-001
      90    2.5515463917526E-001    2.5515463917526E-001    9.9851319706899E-001
      91    2.3542600896861E-001    2.3542600896861E-001    9.9849744706206E-001
      92    2.3833205814843E-001    2.3833205814843E-001    9.9848372205665E-001
      93    1.2164296998420E-001    1.2164296998420E-001    9.9845064704602E-001
      94    1.3527960526316E-001    1.3527960526316E-001    9.9841644703867E-001
      95    2.0639534883721E-001    2.0639534883721E-001    9.9838404703519E-001
      96    1.6122278056951E-001    1.6122278056951E-001    9.9835749703493E-001
      97    2.0008532423208E-001    2.0008532423208E-001    9.9832824703738E-001
      98    1.6463414634146E-001    1.6463414634146E-001    9.9831452203953E-001
      99    1.9530558015943E-001    1.9530558015943E-001    9.9829787204302E-001
     100    1.3291139240506E-001    1.3291139240506E-001    9.9827244705020E-001
     101    7.5657894736842E-002    7.5657894736842E-002    9.9825827205520E-001
     102    1.4027370478983E-001    1.4027370478983E-001    9.9823757206378E-001
     103    1.6428571428571E-001    1.6428571428571E-001    9.9822182207134E-001
     104    1.2787056367432E-001    1.2787056367432E-001    9.9820157208239E-001
     105    1.1814345991561E-001    1.1814345991561E-001    9.9818492209260E-001
     106    1.5857605177994E-001    1.5857605177994E-001    9.9817524709900E-001
     107    8.4579976985040E-002    8.4579976985040E-002    9.9815994710985E-001
     108    1.1793020457280E-001    1.1793020457280E-001    9.9814307212283E-001
     109    4.0156453715776E-001    4.0156453715776E-001    9.9813294713113E-001
     110    5.2327221438646E-001    5.2327221438646E-001    9.9812304713963E-001
     111    2.6963746223565E-001    2.6963746223565E-001    9.9810932215204E-001
     112    3.1768388106416E-001    3.1768388106416E-001    9.9809942216144E-001
     113    2.3709677419355E-001    2.3709677419355E-001    9.9809109716964E-001
     114    1.1538461538462E-001    1.1538461538462E-001    9.9806499719710E-001
     115    3.4593023255814E-001    3.4593023255814E-001    9.9802922223913E-001
     116    2.7604166666667E-001    2.7604166666667E-001    9.9801212226104E-001
     117    1.8639053254438E-001    1.8639053254438E-001    9.9799187228851E-001
     118    2.6717557251908E-001    2.6717557251908E-001    9.9797904730678E-001
     119    1.5457413249211E-001    1.5457413249211E-001    9.9797454731335E-001
     120    2.6804123711340E-001    2.6804123711340E-001    9.9795294734607E-001
     121    9.1172214182344E-002    9.1172214182344E-002    9.9793652237225E-001
     122    1.3362701908957E-001    1.3362701908957E-001    9.9792279739500E-001
     123    2.4137931034483E-001    2.4137931034483E-001    9.9790457242644E-001
     124    2.1242774566474E-001    2.1242774566474E-001    9.9789534744290E-001
     125    1.6452991452991E-001    1.6452991452991E-001    9.9787689747691E-001
     126    1.0515021459227E-001    1.0515021459227E-001    9.9787239748543E-001
     127    2.0086083213773E-001    2.0086083213773E-001    9.9786654749664E-001
     128    1.2252663622527E-001    1.2252663622527E-001    9.9785079752756E-001
     129    1.0623946037099E-001    1.0623946037099E-001    9.9783819755307E-001
     130    1.8260869565217E-001    1.8260869565217E-001    9.9782739757550E-001
     131    2.5371747211896E-001    2.5371747211896E-001    9.9782019759074E-001
     132    3.0690298507463E-001    3.0690298507463E-001    9.9780422262538E-001
     133    2.2769516728625E-001    2.2769516728625E-001    9.9779589764389E-001
     134    1.2909836065574E-001    1.2909836065574E-001    9.9778892265963E-001
     135    9.0322580645161E-002    9.0322580645161E-002    9.9778037267923E-001
     136    1.1965811965812E-001    1.1965811965812E-001    9.9776867270659E-001
     137    2.1827956989247E-001    2.1827956989247E-001    9.9775494773948E-001
     138    1.5572033898305E-001    1.5572033898305E-001    9.9774594776151E-001
     139    1.5182648401826E-001    1.5182648401826E-001    9.9773987277660E-001
     140    2.8356481481481E-001    2.8356481481481E-001    9.9773537278788E-001
     141    1.7417061611374E-001    1.7417061611374E-001    9.9772974780212E-001
     142    7.8163771712159E-002    7.8163771712159E-002    9.9771804783220E-001
     143    1.0078534031414E-001    1.0078534031414E-001    9.9771107285044E-001
     144    2.5679347826087E-001    2.5679347826087E-001    9.9770454786770E-001
     145    2.0157068062827E-001    2.0157068062827E-001    9.9769149790283E-001
     146    2.0247933884298E-001    2.0247933884298E-001    9.9768474792132E-001
     147    2.9083094555874E-001    2.9083094555874E-001    9.9768137293065E-001
     148    3.6842105263158E-001    3.6842105263158E-001    9.9767912293689E-001
     149    1.4454277286136E-001    1.4454277286136E-001    9.9766922296466E-001
     150    9.7826086956522E-002    9.7826086956522E-002    9.9766134798708E-001
     151    1.6554054054054E-001    1.6554054054054E-001    9.9765369800915E-001
     152    2.7758620689655E-001    2.7758620689655E-001    9.9764537303348E-001
     153    1.8181818181818E-001    1.8181818181818E-001    9.9763479806486E-001
     154    1.2419354838710E-001    1.2419354838710E-001    9.9763074807703E-001
     155    9.2409240924092E-002    9.2409240924092E-002    9.9762872308314E-001
     156    6.0763888888889E-002    6.0763888888889E-002    9.9762444809610E-001
     157    8.4482758620690E-002    8.4482758620690E-002    9.9761792311607E-001
     158    2.1951219512195E-001    2.1951219512195E-001    9.9761387312856E-001
     159    2.7946768060837E-001    2.7946768060837E-001    9.9761072313834E-001
     160    1.6800000000000E-001    1.6800000000000E-001    9.9760824814605E-001
     161    1.8495934959350E-001    1.8495934959350E-001    9.9760667315097E-001
     162    2.1694214876033E-001    2.1694214876033E-001    9.9760397315944E-001
     163    1.3519313304721E-001    1.3519313304721E-001    9.9759879817578E-001
     164    1.0560344827586E-001    1.0560344827586E-001    9.9758934820594E-001
     165    2.9820627802691E-001    2.9820627802691E-001    9.9758462322119E-001
     166    2.5362318840580E-001    2.5362318840580E-001    9.9758102323288E-001
     167    3.3870967741935E-001    3.3870967741935E-001    9.9757652324758E-001
     168    5.0276243093923E-001    5.0276243093923E-001    9.9757404825571E-001
     169    1.9553072625698E-001    1.9553072625698E-001    9.9757202326238E-001
     170    1.7119565217391E-001    1.7119565217391E-001    9.9756617328178E-001
     171    7.9545454545455E-002    7.9545454545455E-002    9.9756144829757E-001
     172    3.5393258426966E-001    3.5393258426966E-001    9.9755492331956E-001
     173    2.3575129533679E-001    2.3575129533679E-001    9.9754524835255E-001
     174    5.3846153846154E-002    5.3846153846154E-002    9.9754097336728E-001
     175    3.5175879396985E-001    3.5175879396985E-001    9.9753962337195E-001
     176    2.5000000000000E-001    2.5000000000000E-001    9.9753737337975E-001
     177    1.6071428571429E-001    1.6071428571429E-001    9.9753084840252E-001
     178    7.4468085106383E-002    7.4468085106383E-002    9.9752387342711E-001
     179    4.3016759776536E-001    4.3016759776536E-001    9.9752229843269E-001
     180    2.6344086021505E-001    2.6344086021505E-001    9.9751667345274E-001
     181    2.4594594594595E-001    2.4594594594595E-001    9.9751194846971E-001
     182    3.0270270270270E-001    3.0270270270270E-001    9.9750947347864E-001
     183    9.6153846153846E-002    9.6153846153846E-002    9.9750789848434E-001
     184    1.7027027027027E-001    1.7027027027027E-001    9.9749822351963E-001
     185    2.2826086956522E-001    2.2826086956522E-001    9.9749237354120E-001
     186    3.3240223463687E-001    3.3240223463687E-001    9.9748674856211E-001
     187    3.1065088757396E-001    3.1065088757396E-001    9.9747999858741E-001
     188    2.3475609756098E-001    2.3475609756098E-001    9.9747932358996E-001
     189    3.4146341463415E-001    3.4146341463415E-001    9.9747549860441E-001
     190    2.4418604651163E-001    2.4418604651163E-001    9.9747077362237E-001
     191    1.0233918128655E-001    1.0233918128655E-001    9.9746267365343E-001
     192    6.0693641618497E-002    6.0693641618497E-002    9.9745929866647E-001
     193    2.7071823204420E-001    2.7071823204420E-001    9.9745389868746E-001
     194    2.1751412429379E-001    2.1751412429379E-001    9.9744894870684E-001
     195    1.6000000000000E-001    1.6000000000000E-001    9.9744377372723E-001
     196    1.8421052631579E-001    1.8421052631579E-001    9.9744219873346E-001
     197    1.6470588235294E-001    1.6470588235294E-001    9.9744107373792E-001
     198    1.7283950617284E-001    1.7283950617284E-001    9.9743679875493E-001
     199    8.8050314465409E-002    8.8050314465409E-002    9.9743184877475E-001
     200    4.0909090909091E-001    4.0909090909091E-001    9.9742959878380E-001
     201    1.9047619047619E-001    1.9047619047619E-001    9.9742622379742E-001
     202    1.8666666666667E-001    1.8666666666667E-001    9.9742419880563E-001
     203    3.9932885906040E-001    3.9932885906040E-001    9.9742104881843E-001
     204    1.4893617021277E-001    1.4893617021277E-001    9.9741992382301E-001
     205    7.3943661971831E-002    7.3943661971831E-002    9.9741384884789E-001
     206    2.5925925925926E-002    2.5925925925926E-002    9.9741182385623E-001
     207    4.2424242424242E-001    4.2424242424242E-001    9.9740867386924E-001
     208    1.0526315789474E-001    1.0526315789474E-001    9.9740169889823E-001
     209    1.9291338582677E-001    1.9291338582677E-001    9.9739989890575E-001
     210    2.8000000000000E-001    2.8000000000000E-001    9.9739877391046E-001
     211    1.7073170731707E-001    1.7073170731707E-001    9.9739877391046E-001
     212    8.4000000000000E-002    8.4000000000000E-002    9.9739427392938E-001
     213    1.4830508474576E-001    1.4830508474576E-001    9.9739314893412E-001
     214    2.3931623931624E-001    2.3931623931624E-001    9.9739089894363E-001
     215    2.6694915254237E-001    2.6694915254237E-001    9.9738752395795E-001
     216    1.5086206896552E-001    1.5086206896552E-001    9.9738392397328E-001
     217    2.5225225225225E-001    2.5225225225225E-001    9.9738302397713E-001
     218    9.3750000000000E-002    9.3750000000000E-002    9.9738122398483E-001
     219    3.4313725490196E-002    3.4313725490196E-002    9.9737829899739E-001
     220    3.3980582524272E-002    3.3980582524272E-002    9.9737514901096E-001
     221    1.4000000000000E-001    1.4000000000000E-001    9.9737244902263E-001
     222    1.5384615384615E-001    1.5384615384615E-001    9.9736907403728E-001
     223    1.1931818181818E-001    1.1931818181818E-001    9.9736749904414E-001
     224    1.6279069767442E-001    1.6279069767442E-001    9.9736727404512E-001
     225    1.6279069767442E-001    1.6279069767442E-001    9.9736704904610E-001
     226    9.4594594594595E-002    9.4594594594595E-002    9.9736592405101E-001
     227    9.4594594594595E-002    9.4594594594595E-002    9.9736344906183E-001
     228    3.5000000000000E-001    3.5000000000000E-001    9.9736254906578E-001
     229    5.4687500000000E-001    5.4687500000000E-001    9.9736029907566E-001
     230    9.0322580645161E-001    9.0322580645161E-001    9.9735849908358E-001
     231    3.0000000000000E-001    3.0000000000000E-001    9.9735804908556E-001
     232    2.4137931034483E-001    2.4137931034483E-001    9.9735714908953E-001
     233    1.8421052631579E-001    1.8421052631579E-001    9.9735512409848E-001
     234    6.0344827586207E-002    6.0344827586207E-002    9.9735062411845E-001
     235    2.5362318840580E-001    2.5362318840580E-001    9.9734589913953E-001
     236    7.0000000000000E-001    7.0000000000000E-001    9.9734387414860E-001
     237    6.9135802469136E-001    6.9135802469136E-001    9.9734162415871E-001
     238    5.0602409638554E-001    5.0602409638554E-001    9.9733892417087E-001
     239    5.4819277108434E-001    5.4819277108434E-001    9.9733847417290E-001
     240    4.1666666666667E-002    4.1666666666667E-002    9.9733667418104E-001
     241    1.8229166666667E-001    1.8229166666667E-001    9.9733239920043E-001
     242    4.8165137614679E-001    4.8165137614679E-001    9.9732812421993E-001
     243    2.0940170940171E-001    2.0940170940171E-001    9.9732249924573E-001
     244    1.6666666666667E-001    1.6666666666667E-001    9.9731844926441E-001
     245    3.0800000000000E-001    3.0800000000000E-001    9.9731799926649E-001
     246    2.4609375000000E-001    2.4609375000000E-001    9.9731709927066E-001
     247    1.0294117647059E-001    1.0294117647059E-001    9.9731214929365E-001
     248    1.0526315789474E-001    1.0526315789474E-001    9.9730922430730E-001
     249    4.2682926829268E-001    4.2682926829268E-001    9.9730787431362E-001
     250    6.3913043478261E-001    6.3913043478261E-001    9.9730427433051E-001
     251    4.9583333333333E-001    4.9583333333333E-001    9.9730157434322E-001
     252    5.4958677685950E-001    5.4958677685950E-001    9.9730044934853E-001
     253    6.4919354838710E-001    6.4919354838710E-001    9.9729842435811E-001
     254    1.8283582089552E-001    1.8283582089552E-001    9.9729527437305E-001
     255    1.0071942446043E-001    1.0071942446043E-001    9.9728762440956E-001
     256    5.2500000000000E-001    5.2500000000000E-001    9.9728132443987E-001
     257    5.2380952380952E-001    5.2380952380952E-001    9.9727547446822E-001
     258    4.6815286624204E-001    4.6815286624204E-001    9.9726714950888E-001
     259    5.7975460122699E-001    5.7975460122699E-001    9.9726557451662E-001
     260    5.6172839506173E-001    5.6172839506173E-001    9.9726467452105E-001
     261    8.3333333333333E-002    8.3333333333333E-002    9.9726017454325E-001
     262    2.8688524590164E-001    2.8688524590164E-001    9.9725409957341E-001
     263    6.0101010101010E-001    6.0101010101010E-001    9.9724644961168E-001
     264    3.2710280373832E-001    3.2710280373832E-001    9.9723812465369E-001
     265    4.5454545454545E-001    4.5454545454545E-001    9.9722912469956E-001
     266    4.5454545454545E-001    4.5454545454545E-001    9.9722799970533E-001
     267    3.1818181818182E-001    3.1818181818182E-001    9.9722349972846E-001
     268    1.7432950191571E-001    1.7432950191571E-001    9.9721517477156E-001
     269    1.3461538461538E-001    1.3461538461538E-001    9.9721022479737E-001
     270    4.3589743589744E-001    4.3589743589744E-001    9.9719987485180E-001
     271    3.2042253521127E-001    3.2042253521127E-001    9.9718952490683E-001
     272    3.4628975265018E-001    3.4628975265018E-001    9.9718209994670E-001
     273    1.9377162629758E-001    1.9377162629758E-001    9.9717624997833E-001
     274    5.9322033898305E-002    5.9322033898305E-002    9.9717287499666E-001
     275    2.1590909090909E-001    2.1590909090909E-001    9.9716095006199E-001
     276    1.3461538461538E-001    1.3461538461538E-001    9.9715082511809E-001
     277    1.8652037617555E-001    1.8652037617555E-001    9.9714340015962E-001
     278    2.7272727272727E-001    2.7272727272727E-001    9.9713845018748E-001
     279    3.4146341463415E-001    3.4146341463415E-001    9.9713642519892E-001
     280    1.9701986754967E-001    1.9701986754967E-001    9.9713170022571E-001
     281    1.1705685618729E-001    1.1705685618729E-001    9.9712945023851E-001
     282    2.3581560283688E-001    2.3581560283688E-001    9.9712382527064E-001
     283    2.0804195804196E-001    2.0804195804196E-001    9.9711932529648E-001
     284    4.3133802816901E-001    4.3133802816901E-001    9.9710965035244E-001
     285    5.2952029520295E-001    5.2952029520295E-001    9.9710425038391E-001
     286    5.9459459459459E-001    5.9459459459459E-001    9.9710087540367E-001
     287    7.6603773584906E-001    7.6603773584906E-001    9.9709367544605E-001
     288    6.3051470588235E-001    6.3051470588235E-001    9.9709030046602E-001
     289    2.9487179487179E-001    2.9487179487179E-001    9.9707927553172E-001
     290    3.1597222222222E-001    3.1597222222222E-001    9.9706555061453E-001
     291    7.8289473684211E-001    7.8289473684211E-001    9.9705497567911E-001
     292    5.5635838150289E-001    5.5635838150289E-001    9.9703585079760E-001
     293    4.1282051282051E-001    4.1282051282051E-001    9.9701920090257E-001
     294    3.7309644670051E-001    3.7309644670051E-001    9.9701110095424E-001
     295    3.6029411764706E-001    3.6029411764706E-001    9.9700232601067E-001
     296    1.1437908496732E-001    1.1437908496732E-001    9.9698117614863E-001
     297    2.0714285714286E-001    2.0714285714286E-001    9.9696295126971E-001
     298    3.5826771653543E-001    3.5826771653543E-001    9.9694922636226E-001
     299    2.2326454033771E-001    2.2326454033771E-001    9.9693370146836E-001
     300    2.6017699115044E-001    2.6017699115044E-001    9.9692177655088E-001
     301    2.1212121212121E-001    2.1212121212121E-001    9.9691660158697E-001
     302    2.1378708551483E-001    2.1378708551483E-001    9.9690782664855E-001
     303    5.9322033898305E-002    5.9322033898305E-002    9.9688847678607E-001
     304    9.0051457975986E-002    9.0051457975986E-002    9.9687880185571E-001
     305    2.6506024096386E-001    2.6506024096386E-001    9.9686395196378E-001
     306    3.1418312387792E-001    3.1418312387792E-001    9.9685630202000E-001
     307    2.9005524861878E-001    2.9005524861878E-001    9.9684842707826E-001
     308    3.0377358490566E-001    3.0377358490566E-001    9.9684572709833E-001
     309    3.7764932562620E-001    3.7764932562620E-001    9.9684032713861E-001
     310    2.1919191919192E-001    2.1919191919192E-001    9.9682480225546E-001
     311    1.8571428571429E-001    1.8571428571429E-001    9.9680837738078E-001
     312    1.6462167689162E-001    1.6462167689162E-001    9.9679600247637E-001
     313    2.5557809330629E-001    2.5557809330629E-001    9.9678047759770E-001
     314    2.4852071005917E-001    2.4852071005917E-001    9.9676247774036E-001
     315    6.6921606118547E-002    6.6921606118547E-002    9.9675527779802E-001
     316    1.6153846153846E-001    1.6153846153846E-001    9.9674740286148E-001
     317    4.9898167006110E-002    4.9898167006110E-002    9.9674042791804E-001
     318    5.6795131845842E-002    5.6795131845842E-002    9.9672850301547E-001
     319    1.5811088295688E-001    1.5811088295688E-001    9.9671657811386E-001
     320    2.0410367170626E-001    2.0410367170626E-001    9.9671387813627E-001
     321    1.8584070796460E-001    1.8584070796460E-001    9.9670870317936E-001
     322    2.4164810690423E-001    2.4164810690423E-001    9.9670757818875E-001
     323    2.0588235294118E-001    2.0588235294118E-001    9.9670397821886E-001
     324    8.3333333333333E-002    8.3333333333333E-002    9.9669677827933E-001
     325    4.4080604534005E-002    4.4080604534005E-002    9.9668845334969E-001
     326    1.3962765957447E-001    1.3962765957447E-001    9.9668192840517E-001
     327    1.9390581717452E-001    1.9390581717452E-001    9.9667135349569E-001
     328    1.5861027190332E-001    1.5861027190332E-001    9.9666212857528E-001
     329    3.1612903225806E-001    3.1612903225806E-001    9.9665875360454E-001
     330    1.8166089965398E-001    1.8166089965398E-001    9.9665762861431E-001
     331    8.7188612099644E-002    8.7188612099644E-002    9.9665357864956E-001
     332    9.2452830188679E-002    9.2452830188679E-002    9.9664997868098E-001
     333    2.8688524590164E-001    2.8688524590164E-001    9.9664525372237E-001
     334    2.1374045801527E-001    2.1374045801527E-001    9.9663737879167E-001
     335    2.6284584980237E-001    2.6284584980237E-001    9.9663265383346E-001
     336    1.7984189723320E-001    1.7984189723320E-001    9.9663107884743E-001
     337    2.0833333333333E-001    2.0833333333333E-001    9.9663040385342E-001
     338    4.2000000000000E-002    4.2000000000000E-002    9.9662365391349E-001
     339    5.8577405857741E-002    5.8577405857741E-002    9.9661780396580E-001
     340    3.5897435897436E-001    3.5897435897436E-001    9.9661172902038E-001
     341    2.5925925925926E-001    2.5925925925926E-001    9.9660880404675E-001
     342    4.7804878048780E-001    4.7804878048780E-001    9.9660407908947E-001
     343    2.4747474747475E-001    2.4747474747475E-001    9.9660250410374E-001
     344    3.1979695431472E-001    3.1979695431472E-001    9.9660137911395E-001
     345    6.7961165048544E-002    6.7961165048544E-002    9.9659350418564E-001
     346    1.7326732673267E-001    1.7326732673267E-001    9.9658832923299E-001
     347    3.9069767441860E-001    3.9069767441860E-001    9.9657910431785E-001
     348    2.6119402985075E-001    2.6119402985075E-001    9.9657437936155E-001
     349    7.2058823529412E-001    7.2058823529412E-001    9.9657010440122E-001
     350    4.0049751243781E-001    4.0049751243781E-001    9.9656807942006E-001
     351    2.5735294117647E-001    2.5735294117647E-001    9.9656582944102E-001
     352    1.6826923076923E-001    1.6826923076923E-001    9.9656020449358E-001
     353    1.6908212560386E-001    1.6908212560386E-001    9.9655412955060E-001
     354    1.2173913043478E-001    1.2173913043478E-001    9.9654152966968E-001
     355    3.2083333333333E-001    3.2083333333333E-001    9.9653455473609E-001
     356    1.8958333333333E-001    1.8958333333333E-001    9.9653005477911E-001
     357    2.6923076923077E-001    2.6923076923077E-001    9.9652757980284E-001
     358    2.6284584980237E-001    2.6284584980237E-001    9.9652330484392E-001
     359    4.4303797468354E-002    4.4303797468354E-002    9.9652060486993E-001
     360    1.7283950617284E-001    1.7283950617284E-001    9.9651497992429E-001
     361    2.1491228070175E-001    2.1491228070175E-001    9.9651182995483E-001
     362    2.8540772532189E-001    2.8540772532189E-001    9.9650463002490E-001
     363    1.6452991452991E-001    1.6452991452991E-001    9.9649833008651E-001
     364    1.9527896995708E-001    1.9527896995708E-001    9.9649630510638E-001
     365    2.5319148936170E-001    2.5319148936170E-001    9.9649450512406E-001
     366    1.5555555555556E-001    1.5555555555556E-001    9.9649068016171E-001
     367    4.5851528384279E-002    4.5851528384279E-002    9.9648393022841E-001
     368    2.8282828282828E-001    2.8282828282828E-001    9.9647853028201E-001
     369    3.3510638297872E-001    3.3510638297872E-001    9.9647515531561E-001
     370    3.5000000000000E-001    3.5000000000000E-001    9.9646975536955E-001
     371    2.0263157894737E-001    2.0263157894737E-001    9.9646660540111E-001
     372    5.7377049180328E-002    5.7377049180328E-002    9.9646480541918E-001
     373    3.6649214659686E-002    3.6649214659686E-002    9.9646075545991E-001
     374    1.1229946524064E-001    1.1229946524064E-001    9.9645648050304E-001
     375    4.5336787564767E-001    4.5336787564767E-001    9.9644928057598E-001
     376    3.5945945945946E-001    3.5945945945946E-001    9.9644635560571E-001
     377    7.4556213017751E-001    7.4556213017751E-001    9.9644478062175E-001
     378    6.2500000000000E-001    6.2500000000000E-001    9.9644433062634E-001
     379    5.1851851851852E-001    5.1851851851852E-001    9.9644365563322E-001
     380    2.4277456647399E-001    2.4277456647399E-001    9.9643555571605E-001
     381    1.4161849710983E-001    1.4161849710983E-001    9.9643038076922E-001
     382    3.3585858585859E-001    3.3585858585859E-001    9.9642070586915E-001
     383    2.7674418604651E-001    2.7674418604651E-001    9.9641148096507E-001
     384    1.7342342342342E-001    1.7342342342342E-001    9.9640338104980E-001
     385    3.2812500000000E-001    3.2812500000000E-001    9.9640068107815E-001
     386    2.4561403508772E-001    2.4561403508772E-001    9.9639888109708E-001
     387    1.2121212121212E-001    1.2121212121212E-001    9.9639505613739E-001
     388    1.2173913043478E-001    1.2173913043478E-001    9.9638875620401E-001
     389    3.6261261261261E-001    3.6261261261261E-001    9.9638515624222E-001
     390    1.5086206896552E-001    1.5086206896552E-001    9.9637863131170E-001
     391    2.2857142857143E-001    2.2857142857143E-001    9.9637368136463E-001
     392    2.9282868525896E-001    2.9282868525896E-001    9.9637098139357E-001
     393    2.9051383399209E-001    2.9051383399209E-001    9.9636805642499E-001
     394    1.2549800796813E-001    1.2549800796813E-001    9.9635950651718E-001
     395    4.3388429752066E-002    4.3388429752066E-002    9.9635635655129E-001
     396    4.8873873873874E-001    4.8873873873874E-001    9.9635185660014E-001
     397    4.1079812206573E-001    4.1079812206573E-001    9.9634600666386E-001
     398    2.5000000000000E-001    2.5000000000000E-001    9.9634015672785E-001
     399    2.0289855072464E-001    2.0289855072464E-001    9.9633723175994E-001
     400    2.9310344827586E-001    2.9310344827586E-001    9.9633543177971E-001
     401    8.1395348837209E-002    8.1395348837209E-002    9.9632373190886E-001
     402    7.8475336322870E-002    7.8475336322870E-002    9.9631675698635E-001
     403    3.3920704845815E-001    3.3920704845815E-001    9.9631045705664E-001
     404    2.5688073394495E-001    2.5688073394495E-001    9.9630685709695E-001
     405    3.3561643835616E-001    3.3561643835616E-001    9.9630010717278E-001
     406    3.7268518518519E-001    3.7268518518519E-001    9.9629898218545E-001
     407    2.1361502347418E-001    2.1361502347418E-001    9.9629695720829E-001
     408    4.9528301886792E-002    4.9528301886792E-002    9.9628908229739E-001
     409    6.4220183486239E-002    6.4220183486239E-002    9.9628345736131E-001
     410    1.0986547085202E-001    1.0986547085202E-001    9.9627648244092E-001
     411    3.8888888888889E-001    3.8888888888889E-001    9.9626905752606E-001
     412    2.5806451612903E-001    2.5806451612903E-001    9.9626433258047E-001
     413    3.1516587677725E-001    3.1516587677725E-001    9.9626298259604E-001
     414    2.6415094339623E-001    2.6415094339623E-001    9.9626118261683E-001
     415    1.3031914893617E-001    1.3031914893617E-001    9.9625848264806E-001
     416    1.1170212765957E-001    1.1170212765957E-001    9.9624903275780E-001
     417    4.0740740740741E-001    4.0740740740741E-001    9.9624160784450E-001
     418    4.4642857142857E-001    4.4642857142857E-001    9.9623485792369E-001
     419    2.1538461538462E-001    2.1538461538462E-001    9.9622968298464E-001
     420    1.9543147208122E-001    1.9543147208122E-001    9.9622743301120E-001
     421    3.3585858585859E-001    3.3585858585859E-001    9.9622473304313E-001
     422    1.0606060606061E-001    1.0606060606061E-001    9.9621820812052E-001
     423    1.8599033816425E-001    1.8599033816425E-001    9.9620875823319E-001
     424    4.4191919191919E-001    4.4191919191919E-001    9.9620560827090E-001
     425    2.6344086021505E-001    2.6344086021505E-001    9.9620088332760E-001
     426    3.0989583333333E-001    3.0989583333333E-001    9.9619233343066E-001
     427    6.2820512820513E-001    6.2820512820513E-001    9.9618940846605E-001
     428    3.1188118811881E-001    3.1188118811881E-001    9.9618355853702E-001
     429    2.2272727272727E-001    2.2272727272727E-001    9.9617455864672E-001
     430    1.0047846889952E-001    1.0047846889952E-001    9.9616825872390E-001
     431    5.5000000000000E-001    5.5000000000000E-001    9.9616375877921E-001
     432    1.7035398230088E-001    1.7035398230088E-001    9.9614913396007E-001
     433    4.4517543859649E-001    4.4517543859649E-001    9.9614260904131E-001
     434    3.5744680851064E-001    3.5744680851064E-001    9.9613608412288E-001
     435    4.3191489361702E-001    4.3191489361702E-001    9.9613360915391E-001
     436    1.8495934959350E-001    1.8495934959350E-001    9.9612190930124E-001
     437    1.3577586206897E-001    1.3577586206897E-001    9.9611763435535E-001
     438    5.2008032128514E-001    5.2008032128514E-001    9.9610795947833E-001
     439    5.4770992366412E-001    5.4770992366412E-001    9.9609985958186E-001
     440    2.5735294117647E-001    2.5735294117647E-001    9.9608613475849E-001
     441    3.0107526881720E-001    3.0107526881720E-001    9.9608140981964E-001
     442    4.5487364620939E-001    4.5487364620939E-001    9.9607645988390E-001
     443    2.6643598615917E-001    2.6643598615917E-001    9.9606251006604E-001
     444    2.2151898734177E-001    2.2151898734177E-001    9.9604721026761E-001
     445    5.5956112852665E-001    5.5956112852665E-001    9.9603776039305E-001
     446    3.8636363636364E-001    3.8636363636364E-001    9.9602786052525E-001
     447    3.2208588957055E-001    3.2208588957055E-001    9.9601526069464E-001
     448    4.0868263473054E-001    4.0868263473054E-001    9.9600716080422E-001
     449    4.2241379310345E-001    4.2241379310345E-001    9.9599906091433E-001
     450    2.3907103825137E-001    2.3907103825137E-001    9.9597836119817E-001
     451    1.5295629820051E-001    1.5295629820051E-001    9.9596531137892E-001
     452    4.2179487179487E-001    4.2179487179487E-001    9.9595541151697E-001
     453    4.0617283950617E-001    4.0617283950617E-001    9.9594056172557E-001
     454    4.0191387559809E-001    4.0191387559809E-001    9.9592436195522E-001
     455    4.1511627906977E-001    4.1511627906977E-001    9.9591581207731E-001
     456    3.1963470319635E-001    3.1963470319635E-001    9.9591018715796E-001
     457    1.0937500000000E-001    1.0937500000000E-001    9.9589241241455E-001
     458    2.1585903083700E-001    2.1585903083700E-001    9.9587463767380E-001
     459    4.0663900414938E-001    4.0663900414938E-001    9.9585956289575E-001
     460    3.5068762278978E-001    3.5068762278978E-001    9.9583661323734E-001
     461    3.1384015594542E-001    3.1384015594542E-001    9.9582153846415E-001
     462    2.4257425742574E-001    2.4257425742574E-001    9.9581658853905E-001
     463    3.0019493177388E-001    3.0019493177388E-001    9.9580061378219E-001
     464    1.3513513513514E-001    1.3513513513514E-001    9.9577856412139E-001
     465    7.8504672897196E-002    7.8504672897196E-002    9.9576123939085E-001
     466    3.3030852994555E-001    3.3030852994555E-001    9.9574481464871E-001
     467    3.3272394881170E-001    3.3272394881170E-001    9.9573221484811E-001
     468    3.9526411657559E-001    3.9526411657559E-001    9.9571691509209E-001
     469    3.4742647058824E-001    3.4742647058824E-001    9.9570926521485E-001
     470    3.8961038961039E-001    3.8961038961039E-001    9.9570364030544E-001
     471    2.3805147058824E-001    2.3805147058824E-001    9.9568136566691E-001
     472    2.1038251366120E-001    2.1038251366120E-001    9.9565909103276E-001
     473    4.9111900532860E-001    4.9111900532860E-001    9.9563321646326E-001
     474    6.9876325088339E-001    6.9876325088339E-001    9.9561094183864E-001
     475    5.4351535836177E-001    5.4351535836177E-001    9.9558776723391E-001
     476    5.9770114942529E-001    5.9770114942529E-001    9.9557201750530E-001
     477    6.4413680781759E-001    6.4413680781759E-001    9.9555559279071E-001
     478    3.2417582417582E-001    3.2417582417582E-001    9.9552544332099E-001
     479    2.6037195994278E-001    2.6037195994278E-001    9.9548089411976E-001
     480    5.5981182795699E-001    5.5981182795699E-001    9.9544444478691E-001
     481    6.2853628536285E-001    6.2853628536285E-001    9.9540214557663E-001
     482    5.8730158730159E-001    5.8730158730159E-001    9.9535354650472E-001
     483    4.7122692725299E-001    4.7122692725299E-001    9.9532947197275E-001
     484    7.2840790842872E-001    7.2840790842872E-001    9.9530899737514E-001
     485    3.2344357976654E-001    3.2344357976654E-001    9.9526107333274E-001
     486    1.6844919786096E-001    1.6844919786096E-001    9.9519919960197E-001
     487    5.5918874172185E-001    5.5918874172185E-001    9.9514115082685E-001
     488    5.2308294209703E-001    5.2308294209703E-001    9.9509030192725E-001
     489    3.9492242595205E-001    3.9492242595205E-001    9.9500255388730E-001
     490    4.6476964769648E-001    4.6476964769648E-001    9.9496925465160E-001
     491    4.4188376753507E-001    4.4188376753507E-001    9.9494788014820E-001
     492    2.1725636250776E-001    2.1725636250776E-001    9.9487205694795E-001
     493    1.8028419182948E-001    1.8028419182948E-001    9.9480163367343E-001
     494    3.9817974971559E-001    3.9817974971559E-001    9.9473526034786E-001
     495    3.8783783783784E-001    3.8783783783784E-001    9.9464863760444E-001
     496    3.8161993769470E-001    3.8161993769470E-001    9.9457753951779E-001
     497    3.0960854092527E-001    3.0960854092527E-001    9.9453839059520E-001
     498    3.2517482517483E-001    3.2517482517483E-001    9.9450599149976E-001
     499    1.7138742198752E-001    1.7138742198752E-001    9.9442836871496E-001
     500    1.4379084967320E-001    1.4379084967320E-001    9.9435164597184E-001
     501    3.3824863883848E-001    3.3824863883848E-001    9.9426952346279E-001
     502    3.0900621118012E-001    3.0900621118012E-001    9.9420090060473E-001
     503    0.0000000000000E+000    0.0000000000000E+000    9.9412507803627E-001
     504    0.0000000000000E+000    0.0000000000000E+000    9.9408480435578E-001
     505    0.0000000000000E+000    0.0000000000000E+000    9.9404700561203E-001
     506    0.0000000000000E+000    0.0000000000000E+000    9.9395453375876E-001
     507    0.0000000000000E+000    0.0000000000000E+000    9.9387421157765E-001
     508    0.0000000000000E+000    0.0000000000000E+000    9.9387421157765E-001
     509    0.0000000000000E+000    0.0000000000000E+000    9.9387421157765E-001
     510    0.0000000000000E+000    0.0000000000000E+000    9.9387421157765E-001
     511    0.0000000000000E+000    0.0000000000000E+000    9.9387421157765E-001
     512    0.0000000000000E+000    0.0000000000000E+000    9.9387421157765E-001
     513    0.0000000000000E+000    0.0000000000000E+000    9.9387421157765E-001
     514    0.0000000000000E+000    0.0000000000000E+000    9.9387421157765E-001
     515    0.0000000000000E+000    0.0000000000000E+000    9.9387421157765E-001
     516    0.0000000000000E+000    0.0000000000000E+000    9.9387421157765E-001
     517    0.0000000000000E+000    0.0000000000000E+000    9.9387421157765E-001
     518    0.0000000000000E+000    0.0000000000000E+000    9.9387421157765E-001
     519    0.0000000000000E+000    0.0000000000000E+000    9.9387421157765E-001
     520    0.0000000000000E+000    0.0000000000000E+000    9.9387421157765E-001
     521    0.0000000000000E+000    0.0000000000000E+000    9.9387421157765E-001
     522    0.0000000000000E+000    0.0000000000000E+000    9.9387421157765E-001
     523    0.0000000000000E+000    0.0000000000000E+000    9.9387421157765E-001
     524    0.0000000000000E+000    0.0000000000000E+000    9.9387421157765E-001
     525    0.0000000000000E+000    0.0000000000000E+000    9.9387421157765E-001
     526    0.0000000000000E+000    0.0000000000000E+000    9.9387421157765E-001
     527    0.0000000000000E+000    0.0000000000000E+000    9.9387421157765E-001
     528    0.0000000000000E+000    0.0000000000000E+000    9.9387421157765E-001
     529    0.0000000000000E+000    0.0000000000000E+000    9.9387421157765E-001
     530    0.0000000000000E+000    0.0000000000000E+000    9.9387421157765E-001
     531    0.0000000000000E+000    0.0000000000000E+000    9.9387421157765E-001
     532    0.0000000000000E+000    0.0000000000000E+000    9.9387421157765E-001
     533    0.0000000000000E+000    0.0000000000000E+000    9.9387421157765E-001
     534    0.0000000000000E+000    0.0000000000000E+000    9.9387421157765E-001
     535    0.0000000000000E+000    0.0000000000000E+000    9.9387421157765E-001
     536    0.0000000000000E+000    0.0000000000000E+000    9.9387421157765E-001
     537    0.0000000000000E+000    0.0000000000000E+000    9.9387421157765E-001
     538    0.0000000000000E+000    0.0000000000000E+000    9.9387421157765E-001
     539    0.0000000000000E+000    0.0000000000000E+000    9.9387421157765E-001
     540    0.0000000000000E+000    0.0000000000000E+000    9.9387421157765E-001
