       1    4.0000000000000E+000    4.0000000000000E+000
       2    4.0000000000000E+000    4.0000000000000E+000
       3    4.0000000000000E+000    4.0000000000000E+000
       4    4.0000000000000E+000    4.0000000000000E+000
       5    4.0000000000000E+000    4.0000000000000E+000
       6    5.0000000000000E+000    6.0000000000000E+000
       7    5.0000000000000E+000    8.0000000000000E+000
       8    6.0000000000000E+000    9.0000000000000E+000
       9    7.0000000000000E+000    1.0000000000000E+001
      10    9.0000000000000E+000    1.2000000000000E+001
      11    1.0000000000000E+001    1.4000000000000E+001
      12    1.2000000000000E+001    1.6000000000000E+001
      13    1.3000000000000E+001    1.9000000000000E+001
      14    1.5000000000000E+001    2.2000000000000E+001
      15    1.7000000000000E+001    2.5000000000000E+001
      16    2.0000000000000E+001    2.9000000000000E+001
      17    2.3000000000000E+001    3.3000000000000E+001
      18    2.6000000000000E+001    3.8000000000000E+001
      19    3.0000000000000E+001    4.5000000000000E+001
      20    3.5000000000000E+001    5.3000000000000E+001
      21    4.2000000000000E+001    6.3000000000000E+001
      22    4.9000000000000E+001    7.2000000000000E+001
      23    5.6000000000000E+001    8.1000000000000E+001
      24    6.3000000000000E+001    9.2500000000000E+001
      25    7.1000000000000E+001    1.0700000000000E+002
      26    8.0000000000000E+001    1.2300000000000E+002
      27    9.2000000000000E+001    1.4100000000000E+002
      28    1.0600000000000E+002    1.6200000000000E+002
      29    1.2200000000000E+002    1.8600000000000E+002
      30    1.3900000000000E+002    2.1200000000000E+002
      31    1.6100000000000E+002    2.4300000000000E+002
      32    1.8200000000000E+002    2.7800000000000E+002
      33    2.0800000000000E+002    3.1600000000000E+002
      34    2.3900000000000E+002    3.6200000000000E+002
      35    2.6400000000000E+002    4.0600000000000E+002
      36    2.8500000000000E+002    4.3900000000000E+002
      37    3.0000000000000E+002    4.6100000000000E+002
      38    3.1800000000000E+002    4.8800000000000E+002
      39    3.3800000000000E+002    5.2200000000000E+002
      40    3.5900000000000E+002    5.5500000000000E+002
      41    3.8300000000000E+002    5.9400000000000E+002
      42    4.0700000000000E+002    6.3300000000000E+002
      43    4.3300000000000E+002    6.7250000000000E+002
      44    4.6000000000000E+002    7.1300000000000E+002
      45    4.9100000000000E+002    7.5700000000000E+002
      46    5.1900000000000E+002    8.0100000000000E+002
      47    5.5000000000000E+002    8.4800000000000E+002
      48    5.8300000000000E+002    8.9800000000000E+002
      49    6.1500000000000E+002    9.4850000000000E+002
      50    6.4700000000000E+002    1.0000000000000E+003
      51    6.8000000000000E+002    1.0525000000000E+003
      52    7.1500000000000E+002    1.1050000000000E+003
      53    7.4900000000000E+002    1.1560000000000E+003
      54    7.8500000000000E+002    1.2130000000000E+003
      55    8.2200000000000E+002    1.2690000000000E+003
      56    8.5900000000000E+002    1.3280000000000E+003
      57    8.9700000000000E+002    1.3900000000000E+003
      58    9.3600000000000E+002    1.4540000000000E+003
      59    9.7900000000000E+002    1.5230000000000E+003
      60    1.0225000000000E+003    1.5900000000000E+003
      61    1.0670000000000E+003    1.6610000000000E+003
      62    1.1130000000000E+003    1.7335000000000E+003
      63    1.1600000000000E+003    1.8070000000000E+003
      64    1.2090000000000E+003    1.8790000000000E+003
      65    1.2600000000000E+003    1.9580000000000E+003
      66    1.3120000000000E+003    2.0430000000000E+003
      67    1.3665000000000E+003    2.1300000000000E+003
      68    1.4220000000000E+003    2.2150000000000E+003
      69    1.4790000000000E+003    2.3020000000000E+003
      70    1.5390000000000E+003    2.3910000000000E+003
      71    1.5970000000000E+003    2.4850000000000E+003
      72    1.6580000000000E+003    2.5800000000000E+003
      73    1.7215000000000E+003    2.6750000000000E+003
      74    1.7870000000000E+003    2.7785000000000E+003
      75    1.8530000000000E+003    2.8860000000000E+003
      76    1.9245000000000E+003    2.9925000000000E+003
      77    1.9985000000000E+003    3.1095000000000E+003
      78    2.0715000000000E+003    3.2230000000000E+003
      79    2.1490000000000E+003    3.3380000000000E+003
      80    2.2245000000000E+003    3.4640000000000E+003
      81    2.3050000000000E+003    3.5920000000000E+003
      82    2.3900000000000E+003    3.7220000000000E+003
      83    2.4730000000000E+003    3.8600000000000E+003
      84    2.5590000000000E+003    4.0015000000000E+003
      85    2.6510000000000E+003    4.1470000000000E+003
      86    2.7440000000000E+003    4.2910000000000E+003
      87    2.8425000000000E+003    4.4435000000000E+003
      88    2.9420000000000E+003    4.5990000000000E+003
      89    3.0450000000000E+003    4.7640000000000E+003
      90    3.1510000000000E+003    4.9340000000000E+003
      91    3.2590000000000E+003    5.1000000000000E+003
      92    3.3720000000000E+003    5.2740000000000E+003
      93    3.4795000000000E+003    5.4555000000000E+003
      94    3.6050000000000E+003    5.6385000000000E+003
      95    3.7355000000000E+003    5.8355000000000E+003
      96    3.8675000000000E+003    6.0620000000000E+003
      97    4.0005000000000E+003    6.4795000000000E+003
      98    4.1305000000000E+003    6.8600000000000E+003
      99    4.2730000000000E+003    7.3400000000000E+003
     100    4.4250000000000E+003    7.6860000000000E+003
     101    4.5700000000000E+003    7.8715000000000E+003
     102    4.7345000000000E+003    8.3850000000000E+003
     103    4.8985000000000E+003    8.7635000000000E+003
     104    5.0620000000000E+003    9.0960000000000E+003
     105    5.2330000000000E+003    9.4985000000000E+003
     106    5.4160000000000E+003    9.8510000000000E+003
     107    5.6015000000000E+003    1.0143500000000E+004
     108    5.8070000000000E+003    1.0329500000000E+004
     109    6.0045000000000E+003    1.0846500000000E+004
     110    6.2130000000000E+003    1.1386000000000E+004
     111    6.4560000000000E+003    1.1947000000000E+004
     112    6.7045000000000E+003    1.2481500000000E+004
     113    6.9585000000000E+003    1.3049500000000E+004
     114    7.1260000000000E+003    1.3427000000000E+004
     115    7.2635000000000E+003    1.3743500000000E+004
     116    7.5825000000000E+003    1.4442500000000E+004
     117    7.8870000000000E+003    1.5118000000000E+004
     118    8.2450000000000E+003    1.5849500000000E+004
     119    8.5350000000000E+003    1.6460500000000E+004
     120    8.8210000000000E+003    1.7071000000000E+004
     121    9.0145000000000E+003    1.7494500000000E+004
     122    9.1825000000000E+003    1.7828500000000E+004
     123    9.6210000000000E+003    1.8765000000000E+004
     124    1.0043000000000E+004    1.9616000000000E+004
     125    1.0397000000000E+004    2.0405000000000E+004
     126    1.0796500000000E+004    2.1258500000000E+004
     127    1.1156000000000E+004    2.2035000000000E+004
     128    1.1406500000000E+004    2.2601500000000E+004
     129    1.1614000000000E+004    2.2999000000000E+004
     130    1.2085000000000E+004    2.4014500000000E+004
     131    1.2550500000000E+004    2.5044000000000E+004
     132    1.3016000000000E+004    2.6055000000000E+004
     133    1.3464000000000E+004    2.7001000000000E+004
     134    1.3872000000000E+004    2.7870500000000E+004
     135    1.4072000000000E+004    2.8304500000000E+004
     136    1.4218000000000E+004    2.8636000000000E+004
     137    1.4679500000000E+004    2.9635500000000E+004
     138    1.5148500000000E+004    3.0636500000000E+004
     139    1.5575000000000E+004    3.1526500000000E+004
     140    1.6054500000000E+004    3.2563500000000E+004
     141    1.6495500000000E+004    3.3506500000000E+004
     142    1.6717000000000E+004    3.3956000000000E+004
     143    1.6819000000000E+004    3.4189000000000E+004
     144    1.6996500000000E+004    3.4583500000000E+004
     145    1.7278000000000E+004    3.5206500000000E+004
     146    1.7519500000000E+004    3.5689500000000E+004
     147    1.7792000000000E+004    3.6275500000000E+004
     148    1.8067500000000E+004    3.6852500000000E+004
     149    1.8162500000000E+004    3.7066500000000E+004
     150    1.8245500000000E+004    3.7247000000000E+004
     151    1.8526000000000E+004    3.7901000000000E+004
     152    1.8854500000000E+004    3.8568000000000E+004
     153    1.9152000000000E+004    3.9217500000000E+004
     154    1.9442500000000E+004    3.9811000000000E+004
     155    1.9767500000000E+004    4.0509500000000E+004
     156    1.9938000000000E+004    4.0858500000000E+004
     157    2.0077000000000E+004    4.1143500000000E+004
     158    2.0385500000000E+004    4.1791500000000E+004
     159    2.0678500000000E+004    4.2397500000000E+004
     160    2.0969000000000E+004    4.3031000000000E+004
     161    2.1280500000000E+004    4.3697500000000E+004
     162    2.1552500000000E+004    4.4303000000000E+004
     163    2.1715500000000E+004    4.4643000000000E+004
     164    2.1851000000000E+004    4.4918000000000E+004
     165    2.2194000000000E+004    4.5656000000000E+004
     166    2.2494000000000E+004    4.6311000000000E+004
     167    2.2842000000000E+004    4.7020500000000E+004
     168    2.3155500000000E+004    4.7668500000000E+004
     169    2.3421500000000E+004    4.8234000000000E+004
     170    2.3588000000000E+004    4.8618500000000E+004
     171    2.3697500000000E+004    4.8858000000000E+004
     172    2.4058500000000E+004    4.9573000000000E+004
     173    2.4491500000000E+004    5.0508000000000E+004
     174    2.4910000000000E+004    5.1376500000000E+004
     175    2.5308500000000E+004    5.2252500000000E+004
     176    2.5691500000000E+004    5.3079500000000E+004
     177    2.5880500000000E+004    5.3490500000000E+004
     178    2.6012000000000E+004    5.3761500000000E+004
     179    2.6353000000000E+004    5.4474500000000E+004
     180    2.6733500000000E+004    5.5288500000000E+004
     181    2.7105500000000E+004    5.6055000000000E+004
     182    2.7465500000000E+004    5.6849000000000E+004
     183    2.7805000000000E+004    5.7511500000000E+004
     184    2.7938000000000E+004    5.7805000000000E+004
     185    2.8044500000000E+004    5.8014000000000E+004
     186    2.8394000000000E+004    5.8716500000000E+004
     187    2.8817500000000E+004    5.9607500000000E+004
     188    2.9183000000000E+004    6.0364000000000E+004
     189    2.9443000000000E+004    6.0874000000000E+004
     190    2.9716000000000E+004    6.1413000000000E+004
     191    2.9832000000000E+004    6.1688000000000E+004
     192    2.9930500000000E+004    6.1906500000000E+004
     193    3.0312000000000E+004    6.2732000000000E+004
     194    3.0537000000000E+004    6.3229000000000E+004
     195    3.0696500000000E+004    6.3580000000000E+004
     196    3.1120500000000E+004    6.4418500000000E+004
     197    3.1472500000000E+004    6.5124500000000E+004
     198    3.1646000000000E+004    6.5479500000000E+004
     199    3.1772000000000E+004    6.5764000000000E+004
     200    3.2182000000000E+004    6.6628500000000E+004
     201    3.2584500000000E+004    6.7444500000000E+004
     202    3.2960000000000E+004    6.8222000000000E+004
     203    3.3327500000000E+004    6.8965500000000E+004
     204    3.3629500000000E+004    6.9637000000000E+004
     205    3.3792500000000E+004    7.0001500000000E+004
     206    3.3913500000000E+004    7.0226500000000E+004
     207    3.4377500000000E+004    7.1205000000000E+004
     208    3.4763000000000E+004    7.1986500000000E+004
     209    3.5046000000000E+004    7.2615000000000E+004
     210    3.5373500000000E+004    7.3212500000000E+004
     211    3.5630500000000E+004    7.3801000000000E+004
     212    3.5819000000000E+004    7.4176000000000E+004
     213    3.5935500000000E+004    7.4424000000000E+004
     214    3.6390000000000E+004    7.5365500000000E+004
     215    3.6822000000000E+004    7.6219500000000E+004
     216    3.7278500000000E+004    7.7157500000000E+004
     217    3.7661500000000E+004    7.7900500000000E+004
     218    3.8044500000000E+004    7.8698500000000E+004
     219    3.8270500000000E+004    7.9154000000000E+004
     220    3.8426500000000E+004    7.9456500000000E+004
     221    3.8951500000000E+004    8.0522000000000E+004
     222    3.9405500000000E+004    8.1494000000000E+004
     223    3.9796000000000E+004    8.2271000000000E+004
     224    4.0163000000000E+004    8.3052500000000E+004
     225    4.0565000000000E+004    8.3867500000000E+004
     226    4.0794500000000E+004    8.4335500000000E+004
     227    4.0936000000000E+004    8.4619500000000E+004
     228    4.1327500000000E+004    8.5478500000000E+004
     229    4.1718500000000E+004    8.6288000000000E+004
     230    4.2127500000000E+004    8.7161000000000E+004
     231    4.2445500000000E+004    8.7811500000000E+004
     232    4.2834000000000E+004    8.8623000000000E+004
     233    4.3036500000000E+004    8.9063000000000E+004
     234    4.3172500000000E+004    8.9334500000000E+004
     235    4.3575500000000E+004    9.0176500000000E+004
     236    4.3924000000000E+004    9.0906500000000E+004
     237    4.4264000000000E+004    9.1585000000000E+004
     238    4.4622500000000E+004    9.2299500000000E+004
     239    4.4958500000000E+004    9.2978000000000E+004
     240    4.5127000000000E+004    9.3318000000000E+004
     241    4.5249500000000E+004    9.3579000000000E+004
     242    4.5609500000000E+004    9.4300500000000E+004
     243    4.6017000000000E+004    9.5112000000000E+004
     244    4.6406500000000E+004    9.5936500000000E+004
     245    4.6839000000000E+004    9.6821000000000E+004
     246    4.7406500000000E+004    9.8003000000000E+004
     247    4.7710500000000E+004    9.8612000000000E+004
     248    4.7923000000000E+004    9.9045500000000E+004
     249    4.8448500000000E+004    1.0010050000000E+005
     250    4.8980500000000E+004    1.0118150000000E+005
     251    4.9443500000000E+004    1.0211550000000E+005
     252    4.9888000000000E+004    1.0304800000000E+005
     253    5.0311000000000E+004    1.0398700000000E+005
     254    5.0588500000000E+004    1.0452050000000E+005
     255    5.0795000000000E+004    1.0491300000000E+005
     256    5.0997500000000E+004    1.0531900000000E+005
     257    5.1420500000000E+004    1.0616700000000E+005
     258    5.1784000000000E+004    1.0692300000000E+005
     259    5.2176500000000E+004    1.0772600000000E+005
     260    5.2600000000000E+004    1.0860750000000E+005
     261    5.2822000000000E+004    1.0903000000000E+005
     262    5.2966000000000E+004    1.0926450000000E+005
     263    5.3363000000000E+004    1.1002600000000E+005
     264    5.3730000000000E+004    1.1071650000000E+005
     265    5.4131000000000E+004    1.1147950000000E+005
     266    5.4508000000000E+004    1.1221900000000E+005
     267    5.4848000000000E+004    1.1296050000000E+005
     268    5.5072000000000E+004    1.1342650000000E+005
     269    5.5189000000000E+004    1.1362950000000E+005
     270    5.5593500000000E+004    1.1436000000000E+005
     271    5.5966500000000E+004    1.1505200000000E+005
     272    5.6261500000000E+004    1.1567100000000E+005
     273    5.6570500000000E+004    1.1624650000000E+005
     274    5.6838000000000E+004    1.1676900000000E+005
     275    5.6988000000000E+004    1.1709400000000E+005
     276    5.7065500000000E+004    1.1726300000000E+005
     277    5.7410500000000E+004    1.1797700000000E+005
     278    5.7820000000000E+004    1.1881600000000E+005
     279    5.8237500000000E+004    1.1962300000000E+005
     280    5.8625500000000E+004    1.2038350000000E+005
     281    5.9075000000000E+004    1.2123550000000E+005
     282    5.9346500000000E+004    1.2174800000000E+005
     283    5.9544000000000E+004    1.2211000000000E+005
     284    6.0051000000000E+004    1.2308750000000E+005
     285    6.0538000000000E+004    1.2403900000000E+005
     286    6.0964000000000E+004    1.2485350000000E+005
     287    6.1360500000000E+004    1.2561200000000E+005
     288    6.1691000000000E+004    1.2626550000000E+005
     289    6.1909000000000E+004    1.2664350000000E+005
     290    6.2067500000000E+004    1.2692450000000E+005
     291    6.2561500000000E+004    1.2785350000000E+005
     292    6.3050000000000E+004    1.2874600000000E+005
     293    6.3432000000000E+004    1.2946300000000E+005
     294    6.3749000000000E+004    1.3009300000000E+005
     295    6.3873500000000E+004    1.3035850000000E+005
     296    6.4100500000000E+004    1.3084800000000E+005
     297    6.4307000000000E+004    1.3121500000000E+005
     298    6.4893000000000E+004    1.3231600000000E+005
     299    6.5496500000000E+004    1.3340300000000E+005
     300    6.6018000000000E+004    1.3436800000000E+005
     301    6.6495500000000E+004    1.3530900000000E+005
     302    6.6614000000000E+004    1.3550650000000E+005
     303    6.6963500000000E+004    1.3617050000000E+005
     304    6.7225000000000E+004    1.3665700000000E+005
     305    6.7962000000000E+004    1.3799350000000E+005
     306    6.8750000000000E+004    1.3947850000000E+005
     307    6.9369000000000E+004    1.4074400000000E+005
     308    7.0048000000000E+004    1.4208050000000E+005
     309    7.0775000000000E+004    1.4346900000000E+005
     310    7.1134000000000E+004    1.4417200000000E+005
     311    7.1362000000000E+004    1.4459450000000E+005
     312    7.2004000000000E+004    1.4577500000000E+005
     313    7.2694000000000E+004    1.4705750000000E+005
     314    7.3253500000000E+004    1.4809500000000E+005
     315    7.3895000000000E+004    1.4920950000000E+005
     316    7.4605500000000E+004    1.5056350000000E+005
     317    7.4928500000000E+004    1.5113600000000E+005
     318    7.5157000000000E+004    1.5157750000000E+005
     319    7.5825000000000E+004    1.5284050000000E+005
     320    7.6545500000000E+004    1.5420950000000E+005
     321    7.7180000000000E+004    1.5543800000000E+005
     322    7.7774500000000E+004    1.5654050000000E+005
     323    7.8421500000000E+004    1.5769050000000E+005
     324    7.8709500000000E+004    1.5823550000000E+005
     325    7.8901500000000E+004    1.5857650000000E+005
     326    7.9509500000000E+004    1.5970450000000E+005
     327    8.0088000000000E+004    1.6083750000000E+005
     328    8.0623500000000E+004    1.6183050000000E+005
     329    8.1146000000000E+004    1.6282500000000E+005
     330    8.1533000000000E+004    1.6354950000000E+005
     331    8.1764500000000E+004    1.6399200000000E+005
     332    8.1860000000000E+004    1.6420750000000E+005
     333    8.1999500000000E+004    1.6445800000000E+005
     334    8.2363500000000E+004    1.6515900000000E+005
     335    8.2767500000000E+004    1.6585850000000E+005
     336    8.3109000000000E+004    1.6647400000000E+005
     337    8.3388000000000E+004    1.6697500000000E+005
     338    8.3518500000000E+004    1.6722750000000E+005
     339    8.3587000000000E+004    1.6736850000000E+005
     340    8.3946000000000E+004    1.6796850000000E+005
     341    8.4224000000000E+004    1.6843450000000E+005
     342    8.4517000000000E+004    1.6894000000000E+005
     343    8.4711500000000E+004    1.6929200000000E+005
     344    8.4920000000000E+004    1.6962750000000E+005
     345    8.4976500000000E+004    1.6974250000000E+005
     346    8.5019500000000E+004    1.6980550000000E+005
     347    8.5155000000000E+004    1.7001850000000E+005
     348    8.5302500000000E+004    1.7027750000000E+005
     349    8.5461500000000E+004    1.7056050000000E+005
     350    8.5594500000000E+004    1.7078900000000E+005
     351    8.5741000000000E+004    1.7103900000000E+005
     352    8.5812500000000E+004    1.7115650000000E+005
     353    8.5874500000000E+004    1.7126400000000E+005
     354    8.6054000000000E+004    1.7152800000000E+005
     355    8.6231000000000E+004    1.7180900000000E+005
     356    8.6381000000000E+004    1.7206050000000E+005
     357    8.6538000000000E+004    1.7232500000000E+005
     358    8.6675000000000E+004    1.7256050000000E+005
     359    8.6736500000000E+004    1.7266650000000E+005
     360    8.6777000000000E+004    1.7275350000000E+005
     361    8.6933000000000E+004    1.7304100000000E+005
     362    8.7052000000000E+004    1.7326900000000E+005
     363    8.7169500000000E+004    1.7348050000000E+005
     364    8.7275500000000E+004    1.7369400000000E+005
     365    8.7391500000000E+004    1.7391400000000E+005
     366    8.7442000000000E+004    1.7402750000000E+005
     367    8.7488500000000E+004    1.7409450000000E+005
     368    8.7611500000000E+004    1.7432950000000E+005
     369    8.7723000000000E+004    1.7450150000000E+005
     370    8.7826000000000E+004    1.7467100000000E+005
     371    8.7945000000000E+004    1.7485250000000E+005
     372    8.8030500000000E+004    1.7501500000000E+005
     373    8.8067000000000E+004    1.7507350000000E+005
     374    8.8101500000000E+004    1.7512900000000E+005
     375    8.8143000000000E+004    1.7520750000000E+005
     376    8.8259000000000E+004    1.7542950000000E+005
     377    8.8329000000000E+004    1.7557300000000E+005
     378    8.8388500000000E+004    1.7568300000000E+005
     379    8.8447000000000E+004    1.7579500000000E+005
     380    8.8476000000000E+004    1.7584700000000E+005
     381    8.8496500000000E+004    1.7587300000000E+005
     382    8.8567000000000E+004    1.7598400000000E+005
     383    8.8634000000000E+004    1.7608750000000E+005
     384    8.8680000000000E+004    1.7616500000000E+005
     385    8.8743500000000E+004    1.7627050000000E+005
     386    8.8804500000000E+004    1.7637050000000E+005
     387    8.8825000000000E+004    1.7641250000000E+005
     388    8.8838000000000E+004    1.7644750000000E+005
     389    8.8924000000000E+004    1.7660900000000E+005
     390    8.8980000000000E+004    1.7671300000000E+005
     391    8.9047000000000E+004    1.7681600000000E+005
     392    8.9079500000000E+004    1.7687200000000E+005
     393    8.9100000000000E+004    1.7691050000000E+005
     394    8.9128000000000E+004    1.7695850000000E+005
     395    8.9145000000000E+004    1.7698850000000E+005
     396    8.9222000000000E+004    1.7711350000000E+005
     397    8.9290500000000E+004    1.7720650000000E+005
     398    8.9347000000000E+004    1.7731250000000E+005
     399    8.9408000000000E+004    1.7744000000000E+005
     400    8.9450500000000E+004    1.7751500000000E+005
     401    8.9469500000000E+004    1.7754750000000E+005
     402    8.9482000000000E+004    1.7757150000000E+005
     403    8.9557000000000E+004    1.7769500000000E+005
     404    8.9608500000000E+004    1.7779850000000E+005
     405    8.9646500000000E+004    1.7787300000000E+005
     406    8.9690000000000E+004    1.7796950000000E+005
     407    8.9731500000000E+004    1.7804400000000E+005
     408    8.9753000000000E+004    1.7808350000000E+005
     409    8.9758000000000E+004    1.7810150000000E+005
     410    8.9800500000000E+004    1.7817650000000E+005
     411    8.9845000000000E+004    1.7826850000000E+005
     412    8.9881000000000E+004    1.7832400000000E+005
     413    8.9914000000000E+004    1.7839100000000E+005
     414    8.9965500000000E+004    1.7849100000000E+005
     415    8.9990500000000E+004    1.7854250000000E+005
     416    9.0005000000000E+004    1.7856450000000E+005
     417    9.0054000000000E+004    1.7866100000000E+005
     418    9.0102000000000E+004    1.7875850000000E+005
     419    9.0140500000000E+004    1.7883100000000E+005
     420    9.0182500000000E+004    1.7890650000000E+005
     421    9.0218500000000E+004    1.7897200000000E+005
     422    9.0228500000000E+004    1.7899600000000E+005
     423    9.0240500000000E+004    1.7901550000000E+005
     424    9.0289000000000E+004    1.7910550000000E+005
     425    9.0345500000000E+004    1.7917650000000E+005
     426    9.0387000000000E+004    1.7925650000000E+005
     427    9.0427500000000E+004    1.7932800000000E+005
     428    9.0479500000000E+004    1.7941950000000E+005
     429    9.0497500000000E+004    1.7946000000000E+005
     430    9.0508500000000E+004    1.7948400000000E+005
     431    9.0542500000000E+004    1.7954000000000E+005
     432    9.0589500000000E+004    1.7962850000000E+005
     433    9.0640500000000E+004    1.7970800000000E+005
     434    9.0680000000000E+004    1.7977500000000E+005
     435    9.0735000000000E+004    1.7984900000000E+005
     436    9.0760000000000E+004    1.7989200000000E+005
     437    9.0771500000000E+004    1.7990850000000E+005
     438    9.0827000000000E+004    1.8000150000000E+005
     439    9.0867000000000E+004    1.8008250000000E+005
     440    9.0913500000000E+004    1.8015550000000E+005
     441    9.0960000000000E+004    1.8023400000000E+005
     442    9.1027000000000E+004    1.8034200000000E+005
     443    9.1041500000000E+004    1.8036150000000E+005
     444    9.1056500000000E+004    1.8038400000000E+005
     445    9.1135000000000E+004    1.8051450000000E+005
     446    9.1211500000000E+004    1.8063350000000E+005
     447    9.1252000000000E+004    1.8069500000000E+005
     448    9.1319000000000E+004    1.8078800000000E+005
     449    9.1379500000000E+004    1.8087050000000E+005
     450    9.1399500000000E+004    1.8089900000000E+005
     451    9.1415500000000E+004    1.8092300000000E+005
     452    9.1472500000000E+004    1.8101050000000E+005
     453    9.1522000000000E+004    1.8109700000000E+005
     454    9.1561500000000E+004    1.8116250000000E+005
     455    9.1623000000000E+004    1.8125400000000E+005
     456    9.1688500000000E+004    1.8136300000000E+005
     457    9.1717500000000E+004    1.8140600000000E+005
     458    9.1742500000000E+004    1.8143900000000E+005
     459    9.1827500000000E+004    1.8158500000000E+005
     460    9.1897000000000E+004    1.8170400000000E+005
     461    9.1950500000000E+004    1.8179550000000E+005
     462    9.2022000000000E+004    1.8189350000000E+005
     463    9.2089500000000E+004    1.8199350000000E+005
     464    9.2101500000000E+004    1.8202000000000E+005
     465    9.2117000000000E+004    1.8203900000000E+005
     466    9.2180000000000E+004    1.8214700000000E+005
     467    9.2236000000000E+004    1.8225300000000E+005
     468    9.2304500000000E+004    1.8238100000000E+005
     469    9.2368000000000E+004    1.8247750000000E+005
     470    9.2430000000000E+004    1.8257900000000E+005
     471    9.2456500000000E+004    1.8263300000000E+005
     472    9.2480500000000E+004    1.8267250000000E+005
     473    9.2574500000000E+004    1.8280350000000E+005
     474    9.2642500000000E+004    1.8289250000000E+005
     475    9.2734000000000E+004    1.8301500000000E+005
     476    9.2809000000000E+004    1.8313800000000E+005
     477    9.2878500000000E+004    1.8324100000000E+005
     478    9.2912000000000E+004    1.8330300000000E+005
     479    9.2938000000000E+004    1.8334600000000E+005
     480    9.3065500000000E+004    1.8350200000000E+005
     481    9.3165000000000E+004    1.8365200000000E+005
     482    9.3274500000000E+004    1.8379050000000E+005
     483    9.3397000000000E+004    1.8394100000000E+005
     484    9.3522000000000E+004    1.8407900000000E+005
     485    9.3577000000000E+004    1.8416900000000E+005
     486    9.3614000000000E+004    1.8422000000000E+005
     487    9.3772500000000E+004    1.8442800000000E+005
     488    9.3927500000000E+004    1.8464250000000E+005
     489    9.4093000000000E+004    1.8487050000000E+005
     490    9.4267000000000E+004    1.8508550000000E+005
     491    9.4482000000000E+004    1.8532750000000E+005
     492    9.4558500000000E+004    1.8543900000000E+005
     493    9.4594000000000E+004    1.8549750000000E+005
     494    9.4904500000000E+004    1.8588200000000E+005
     495    9.5167500000000E+004    1.8621650000000E+005
     496    9.5495500000000E+004    1.8661900000000E+005
     497    9.5792500000000E+004    1.8704100000000E+005
     498    9.6101500000000E+004    1.8751800000000E+005
     499    9.6232500000000E+004    1.8766200000000E+005
     500    9.6324000000000E+004    1.8779950000000E+005
     501    9.6737500000000E+004    1.8838200000000E+005
     502    9.7129000000000E+004    1.8893900000000E+005
     503    9.7509500000000E+004    1.8948450000000E+005
     504    9.7892500000000E+004    1.9007450000000E+005
     505    9.8323000000000E+004    1.9064250000000E+005
     506    9.8518500000000E+004    1.9089000000000E+005
     507    9.8673500000000E+004    1.9107550000000E+005
     508    9.9268000000000E+004    1.9181500000000E+005
     509    9.9807000000000E+004    1.9264150000000E+005
     510    1.0033050000000E+005    1.9335950000000E+005
     511    1.0088750000000E+005    1.9395450000000E+005
     512    1.0152400000000E+005    1.9469700000000E+005
     513    1.0172150000000E+005    1.9499050000000E+005
     514    1.0190800000000E+005    1.9525450000000E+005
     515    1.0261600000000E+005    1.9627100000000E+005
     516    1.0332100000000E+005    1.9714900000000E+005
     517    1.0390850000000E+005    1.9794050000000E+005
     518    1.0461600000000E+005    1.9882400000000E+005
     519    1.0528850000000E+005    1.9968950000000E+005
     520    1.0554600000000E+005    2.0002300000000E+005
     521    1.0572450000000E+005    2.0027900000000E+005
     522    1.0658350000000E+005    2.0143150000000E+005
     523    1.0731950000000E+005    2.0251100000000E+005
     524    1.0731950000000E+005    2.0251100000000E+005
     525    1.0731950000000E+005    2.0251100000000E+005
     526    1.0731950000000E+005    2.0251100000000E+005
     527    1.0731950000000E+005    2.0251100000000E+005
     528    1.0731950000000E+005    2.0251100000000E+005
     529    1.0731950000000E+005    2.0251100000000E+005
     530    1.0731950000000E+005    2.0251100000000E+005
     531    1.0731950000000E+005    2.0251100000000E+005
     532    1.0731950000000E+005    2.0251100000000E+005
     533    1.0731950000000E+005    2.0251100000000E+005
     534    1.0731950000000E+005    2.0251100000000E+005
     535    1.0731950000000E+005    2.0251100000000E+005
     536    1.0731950000000E+005    2.0251100000000E+005
     537    1.0731950000000E+005    2.0251100000000E+005
     538    1.0731950000000E+005    2.0251100000000E+005
     539    1.0731950000000E+005    2.0251100000000E+005
     540    1.0731950000000E+005    2.0251100000000E+005
