       2    1.0000000000000E+000    1.0000000000000E+000    1.0000000000000E+000
       3    1.0000000000000E+000    1.0000000000000E+000    1.0000000000000E+000
       4    1.0000000000000E+000    1.0000000000000E+000    1.0000000000000E+000
       5    1.0000000000000E+000    1.0000000000000E+000    1.0000000000000E+000
       6    1.0000000000000E+000    1.0000000000000E+000    1.0000000000000E+000
       7    1.0000000000000E+000    1.0000000000000E+000    1.0000000000000E+000
       8    1.0000000000000E+000    1.0000000000000E+000    1.0000000000000E+000
       9    1.0000000000000E+000    1.0000000000000E+000    1.0000000000000E+000
      10    9.9999977499980E-001    1.0000000000000E+000    9.9999977499980E-001
      11    9.9999909999918E-001    1.0000000000000E+000    9.9999909999918E-001
      12    9.9999909999918E-001    1.0000000000000E+000    9.9999909999918E-001
      13    9.9999887499898E-001    1.0000000000000E+000    9.9999887499898E-001
      14    9.9999842499857E-001    1.0000000000000E+000    9.9999842499857E-001
      15    9.9999819999836E-001    1.0000000000000E+000    9.9999819999836E-001
      16    9.9999797499816E-001    1.0000000000000E+000    9.9999797499816E-001
      17    9.9999774999795E-001    1.0000000000000E+000    9.9999774999795E-001
      18    9.9999752499775E-001    1.0000000000000E+000    9.9999752499775E-001
      19    9.9999684999714E-001    1.0000000000000E+000    9.9999684999714E-001
      20    9.9999594999632E-001    1.0000000000000E+000    9.9999594999632E-001
      21    9.9999549999591E-001    1.0000000000000E+000    9.9999549999591E-001
      22    9.9999482499530E-001    1.0000000000000E+000    9.9999482499530E-001
      23    9.9999437499489E-001    1.0000000000000E+000    9.9999437499489E-001
      24    9.9999324999386E-001    1.0000000000000E+000    9.9999324999386E-001
      25    9.9999189999264E-001    1.0000000000000E+000    9.9999189999264E-001
      26    9.9998942499039E-001    1.0000000000000E+000    9.9998942499039E-001
      27    9.9998694998814E-001    1.0000000000000E+000    9.9998694998814E-001
      28    9.9998627498752E-001    1.0000000000000E+000    9.9998627498752E-001
      29    9.9998334998487E-001    1.0000000000000E+000    9.9998334998487E-001
      30    9.9998109998282E-001    1.0000000000000E+000    9.9998109998282E-001
      31    7.8331606081763E-001    7.8333333333333E-001    9.9997794997996E-001
      32    5.6665162165299E-001    5.6666666666667E-001    9.9997344997587E-001
      33    3.4998968374062E-001    3.5000000000000E-001    9.9997052497321E-001
      34    3.4998834498941E-001    3.5000000000000E-001    9.9996669996974E-001
      35    3.4998747873862E-001    3.5000000000000E-001    9.9996422496749E-001
      36    3.4998558873691E-001    3.5000000000000E-001    9.9995882496259E-001
      37    3.4998424998569E-001    3.5000000000000E-001    9.9995499995912E-001
      38    3.4998354123505E-001    3.5000000000000E-001    9.9995297495729E-001
      39    3.4998283248441E-001    3.5000000000000E-001    9.9995094995545E-001
      40    3.4998196623362E-001    3.5000000000000E-001    9.9994847495321E-001
      41    3.4998078498255E-001    3.5000000000000E-001    9.9994509995015E-001
      42    3.4997944623134E-001    3.5000000000000E-001    9.9994127494669E-001
      43    3.4997834373034E-001    3.5000000000000E-001    9.9993812494383E-001
      44    3.4997731997942E-001    3.5000000000000E-001    9.9993519994119E-001
      45    3.4997503622735E-001    3.5000000000000E-001    9.9992867493529E-001
      46    3.4997377622621E-001    3.5000000000000E-001    9.9992507493203E-001
      47    3.4997196497458E-001    3.5000000000000E-001    9.9991989992736E-001
      48    3.4997070497344E-001    3.5000000000000E-001    9.9991629992412E-001
      49    3.4996905122195E-001    3.5000000000000E-001    9.9991157491986E-001
      50    3.4996684621996E-001    3.5000000000000E-001    9.9990527491418E-001
      51    3.4996495621826E-001    3.5000000000000E-001    9.9989987490933E-001
      52    3.4996298746650E-001    3.5000000000000E-001    9.9989424990428E-001
      53    3.4996117621487E-001    3.5000000000000E-001    9.9988907489963E-001
      54    3.4995920746311E-001    3.5000000000000E-001    9.9988344989460E-001
      55    3.4995715996128E-001    3.5000000000000E-001    9.9987759988936E-001
      56    3.4995550620980E-001    3.5000000000000E-001    9.9987287488515E-001
      57    3.4995385245833E-001    3.5000000000000E-001    9.9986814988093E-001
      58    3.4995188370657E-001    3.5000000000000E-001    9.9986252487592E-001
      59    3.4994936370433E-001    3.5000000000000E-001    9.9985532486953E-001
      60    3.4994692245217E-001    3.5000000000000E-001    9.9984834986334E-001
      61    3.4994432369987E-001    3.5000000000000E-001    9.9984092485678E-001
      62    3.4994251244827E-001    3.5000000000000E-001    9.9983574985221E-001
      63    3.4993944119557E-001    3.5000000000000E-001    9.9982697484449E-001
      64    3.4993770869405E-001    3.5000000000000E-001    9.9982202484015E-001
      65    3.4993447994123E-001    3.5000000000000E-001    9.9981279983208E-001
      66    3.4993125118842E-001    3.5000000000000E-001    9.9980357482404E-001
      67    3.4992817993575E-001    3.5000000000000E-001    9.9979479981643E-001
      68    3.4992510868310E-001    3.5000000000000E-001    9.9978602480885E-001
      69    3.4992203743046E-001    3.5000000000000E-001    9.9977724980130E-001
      70    3.4991833617729E-001    3.5000000000000E-001    9.9976667479226E-001
      71    3.4991479242428E-001    3.5000000000000E-001    9.9975654978364E-001
      72    3.4991140617141E-001    3.5000000000000E-001    9.9974687477546E-001
      73    3.4990809866863E-001    3.5000000000000E-001    9.9973742476752E-001
      74    3.4990494866600E-001    3.5000000000000E-001    9.9972842475999E-001
      75    3.4990140491305E-001    3.5000000000000E-001    9.9971829975158E-001
      76    3.4989628615884E-001    3.5000000000000E-001    9.9970367473954E-001
      77    3.4989203365537E-001    3.5000000000000E-001    9.9969152472964E-001
      78    3.4988699365131E-001    3.5000000000000E-001    9.9967712471802E-001
      79    3.4988297739810E-001    3.5000000000000E-001    9.9966564970886E-001
      80    3.4987809489425E-001    3.5000000000000E-001    9.9965169969785E-001
      81    3.4987462989154E-001    3.5000000000000E-001    9.9964179969011E-001
      82    3.4987014113807E-001    3.5000000000000E-001    9.9962897468020E-001
      83    3.4986565238465E-001    3.5000000000000E-001    9.9961614967042E-001
      84    3.4986037613068E-001    3.5000000000000E-001    9.9960107465908E-001
      85    3.4985462737643E-001    3.5000000000000E-001    9.9958464964694E-001
      86    3.5084899967229E-001    3.5100000000000E-001    9.9956979963616E-001
      87    3.5184270866775E-001    3.5200000000000E-001    9.9955314962430E-001
      88    3.5283694033867E-001    3.5300000000000E-001    9.9953807461379E-001
      89    3.5383154010990E-001    3.5400000000000E-001    9.9952412460425E-001
      90    3.5482523335561E-001    3.5500000000000E-001    9.9950769959326E-001
      91    3.5581705145020E-001    3.5600000000000E-001    9.9948609957922E-001
      92    3.5681003122069E-001    3.5700000000000E-001    9.9946787456775E-001
      93    3.5780289399123E-001    3.5800000000000E-001    9.9944942455652E-001
      94    3.5879450823620E-001    3.5900000000000E-001    9.9942759954372E-001
      95    3.5978705083187E-001    3.6000000000000E-001    9.9940847453296E-001
      96    3.6077963640272E-001    3.6100000000000E-001    9.9938957452277E-001
      97    3.6177096242310E-001    3.6200000000000E-001    9.9936729951133E-001
      98    3.6276265226888E-001    3.6300000000000E-001    9.9934614950105E-001
      99    3.6375372651461E-001    3.6400000000000E-001    9.9932342449068E-001
     100    3.6474401618527E-001    3.6500000000000E-001    9.9929867448020E-001
     101    3.6573269170567E-001    3.6600000000000E-001    9.9926964946903E-001
     102    3.6672337355216E-001    3.6700000000000E-001    9.9924624946094E-001
     103    3.6771318059872E-001    3.6800000000000E-001    9.9922059945304E-001
     104    3.6870268727058E-001    3.6900000000000E-001    9.9919427444602E-001
     105    3.6969047629252E-001    3.7000000000000E-001    9.9916344943925E-001
     106    3.7067728543993E-001    3.7100000000000E-001    9.9913014943376E-001
     107    3.7166377688803E-001    3.7200000000000E-001    9.9909617443020E-001
     108    3.7265145926195E-001    3.7300000000000E-001    9.9906557442881E-001
     109    3.7363798648657E-001    3.7400000000000E-001    9.9903204942934E-001
     110    3.7462453103703E-001    3.7500000000000E-001    9.9899874943207E-001
     111    3.7561160118823E-001    3.7600000000000E-001    9.9896702443678E-001
     112    3.7659792929041E-001    3.7700000000000E-001    9.9893349944406E-001
     113    3.7758206409424E-001    3.7800000000000E-001    9.9889434945567E-001
     114    3.7856663224919E-001    3.7900000000000E-001    9.9885654947016E-001
     115    3.7523879494089E-001    3.7568223165555E-001    9.9881964948753E-001
     116    3.6491624418617E-001    3.6536180308422E-001    9.9878049950954E-001
     117    2.4200972740516E-001    2.4231542660155E-001    9.9873842453746E-001
     118    1.9285619704680E-001    1.9311007411474E-001    9.9868532457922E-001
     119    4.8290490021659E-001    4.8356445814073E-001    9.9863604962474E-001
     120    4.3873043701998E-001    4.3935242839352E-001    9.9858429967983E-001
     121    3.8327788373607E-001    3.8383838383838E-001    9.9853974973344E-001
     122    4.0871611591291E-001    4.0932765151515E-001    9.9850599977799E-001
     123    3.6888218687700E-001    3.6944444444444E-001    9.9847809981744E-001
     124    2.4768418348938E-001    2.4807987711214E-001    9.9840497493241E-001
     125    1.7886852600915E-001    1.7916578891932E-001    9.9834085004755E-001
     126    4.1924699428551E-001    4.1997138184791E-001    9.9827515017996E-001
     127    4.0571829964777E-001    4.0644716088328E-001    9.9820675033397E-001
     128    3.9092993871463E-001    3.9165545087483E-001    9.9814757548100E-001
     129    3.7031783500173E-001    3.7102240632649E-001    9.9810100060602E-001
     130    3.3652412397045E-001    3.3717686442254E-001    9.9806410071103E-001
     131    1.5634594086002E-001    1.5666007549883E-001    9.9799480092287E-001
     132    1.1741168946697E-001    1.1765725177612E-001    9.9791290119862E-001
     133    3.3744217314340E-001    3.3817567567568E-001    9.9783100150296E-001
     134    3.3445408028663E-001    3.3520965899821E-001    9.9774595185045E-001
     135    2.8733734491008E-001    2.8800635424940E-001    9.9767710215607E-001
     136    3.3903782869914E-001    3.3983817229891E-001    9.9764492730656E-001
     137    3.0335774834789E-001    3.0408195679797E-001    9.9761837743449E-001
     138    1.5112896192534E-001    1.5150078988942E-001    9.9754570280230E-001
     139    7.3491934082790E-002    7.3678465616716E-002    9.9746830322314E-001
     140    1.2076503266200E-001    1.2108108108108E-001    9.9738977868174E-001
     141    1.9271460209512E-001    1.9323524950705E-001    9.9730562920968E-001
     142    1.5300172781587E-001    1.5342609216038E-001    9.9723407968917E-001
     143    1.8673925848386E-001    1.8726450640543E-001    9.9719515496211E-001
     144    1.8233932684494E-001    1.8285582963076E-001    9.9717535510427E-001
     145    7.1340223032548E-002    7.1544451654770E-002    9.9714543032342E-001
     146    6.3462257425991E-002    6.3647078632766E-002    9.9709615569567E-001
     147    2.3038229689936E-001    2.3106194690265E-001    9.9705858098919E-001
     148    2.6289912791869E-001    2.6368981991915E-001    9.9700143145191E-001
     149    2.5250497654916E-001    2.5327635327635E-001    9.9695440684763E-001
     150    2.4021960835918E-001    2.4095682613769E-001    9.9694045696765E-001
     151    2.8087839563464E-001    2.8174446202532E-001    9.9692605709282E-001
     152    1.5157299042995E-001    1.5204858966440E-001    9.9687205757385E-001
     153    1.2225864653065E-001    1.2264957264957E-001    9.9681265812450E-001
     154    2.9488196741547E-001    2.9583975346687E-001    9.9676248360750E-001
     155    3.0203694374323E-001    3.0303383897316E-001    9.9671028412765E-001
     156    3.1306294252497E-001    3.1411338962606E-001    9.9665583468972E-001
     157    3.4352113878574E-001    3.4468397844194E-001    9.9662636000240E-001
     158    3.0036324444943E-001    3.0138652396011E-001    9.9660476023534E-001
     159    1.6659700243508E-001    1.6717396394287E-001    9.9654873585464E-001
     160    1.3125951548036E-001    1.3172043010753E-001    9.9650081140194E-001
     161    3.4259275885734E-001    3.4381455129676E-001    9.9644636204367E-001
     162    3.0803359010171E-001    3.0915077202543E-001    9.9638628777667E-001
     163    3.3316679748395E-001    3.3438985736926E-001    9.9634241332879E-001
     164    3.0798344428724E-001    3.0912124582870E-001    9.9631923862622E-001
     165    2.5301736880450E-001    2.5395778364116E-001    9.9629696391589E-001
     166    1.7574233747154E-001    1.7640669128829E-001    9.9623396475556E-001
     167    1.1185844665554E-001    1.1228721082497E-001    9.9618154047752E-001
     168    3.2353048868389E-001    3.2478909798832E-001    9.9612484128246E-001
     169    4.0869524803235E-001    4.1030861551650E-001    9.9606791711619E-001
     170    4.0945735043668E-001    4.1109174112007E-001    9.9602426777308E-001
     171    4.0530999056441E-001    4.0694143167028E-001    9.9599096828461E-001
     172    3.6733545162211E-001    3.6882212061833E-001    9.9596914362478E-001
     173    1.8337774064872E-001    1.8413109098749E-001    9.9590861958871E-001
     174    1.1801426768204E-001    1.1850851682592E-001    9.9582942089634E-001
     175    2.9946703321443E-001    3.0074282272636E-001    9.9575787212355E-001
     176    3.3384309809872E-001    3.3528836754643E-001    9.9568947333816E-001
     177    3.0561651552606E-001    3.0695900857960E-001    9.9562647449327E-001
     178    3.1054588046863E-001    3.1192052980132E-001    9.9559295012237E-001
     179    2.7417229771751E-001    2.7539247210138E-001    9.9556932557176E-001
     180    1.1862511260482E-001    1.1916020427464E-001    9.9550947673287E-001
     181    8.7295280717467E-002    8.7694877505568E-002    9.9544332805441E-001
     182    2.8314988476858E-001    2.8446369332842E-001    9.9538145432738E-001
     183    3.3505834055177E-001    3.3663636363636E-001    9.9531238079112E-001
     184    2.8061840890953E-001    2.8195488721805E-001    9.9525995693247E-001
     185    2.0771566384614E-001    2.0870979400072E-001    9.9523678244547E-001
     186    2.1510182446055E-001    2.1613545816733E-001    9.9521765787276E-001
     187    1.1140271636300E-001    1.1194434405493E-001    9.9516163414505E-001
     188    8.0187897576751E-002    8.0583756345178E-002    9.9508761087370E-001
     189    3.1957569768998E-001    3.2117191818684E-001    9.9503001225675E-001
     190    2.0410562257678E-001    2.0513311626125E-001    9.9499108821042E-001
     191    1.4469516297543E-001    1.4543127215439E-001    9.9493843952502E-001
     192    3.7525233003870E-001    3.7717022550389E-001    9.9491504011847E-001
     193    3.0726861850676E-001    3.0884422110553E-001    9.9489839054418E-001
     194    1.5735796283730E-001    1.5817641228940E-001    9.9482571743630E-001
     195    1.2319749107883E-001    1.2384283069327E-001    9.9478904341227E-001
     196    4.0387915519270E-001    4.0600607111882E-001    9.9476136915820E-001
     197    3.8451128780552E-001    3.8656270027772E-001    9.9469319603076E-001
     198    3.4634420884091E-001    3.4821428571429E-001    9.9462952282517E-001
     199    3.3990624964762E-001    3.4175084175084E-001    9.9460252359944E-001
     200    3.0020247505099E-001    3.0183754437252E-001    9.9458294916580E-001
     201    1.5183289591575E-001    1.5267253737456E-001    9.9450037660175E-001
     202    1.0932427952153E-001    1.0993635803736E-001    9.9443242866362E-001
     203    4.2782795895172E-001    4.3025158519125E-001    9.9436695570001E-001
     204    3.3394043516461E-001    3.3585506669321E-001    9.9429923285824E-001
     205    2.6226933641513E-001    2.6378802747792E-001    9.9424275969873E-001
     206    2.6245573410327E-001    2.6398362892224E-001    9.9421216071160E-001
     207    2.4560795200075E-001    2.4704285437270E-001    9.9419168639551E-001
     208    1.5412425805674E-001    1.5503802281369E-001    9.9410618930527E-001
     209    9.8562636312551E-002    9.9153789551141E-002    9.9403801668837E-001
     210    3.6036129467923E-001    3.6254234266358E-001    9.9398401861607E-001
     211    3.5131839752466E-001    3.5346407624633E-001    9.9392957059610E-001
     212    3.7365077772565E-001    3.7595242519978E-001    9.9387782251198E-001
     213    3.0870699325700E-001    3.1062012625325E-001    9.9384092389850E-001
     214    3.2593578208603E-001    3.2796199701937E-001    9.9382179962385E-001
     215    1.8630396290754E-001    1.8747691171038E-001    9.9374350264178E-001
     216    1.2895054570591E-001    1.2977239353891E-001    9.9366700566592E-001
     217    4.3798129792017E-001    4.4080604534005E-001    9.9359185871034E-001
     218    3.7756567383187E-001    3.8002512562814E-001    9.9352818634766E-001
     219    3.0889777911218E-001    3.1093253267397E-001    9.9345596440395E-001
     220    3.0898194986752E-001    3.1102979613173E-001    9.9341591612869E-001
     221    3.2077497727487E-001    3.2290946786455E-001    9.9338981726428E-001
     222    1.7479969337398E-001    1.7598097502973E-001    9.9328744680755E-001
     223    1.0989726935462E-001    1.1064891846922E-001    9.9320690048308E-001
     224    3.1192617352182E-001    3.1408060042421E-001    9.9314052857935E-001
     225    2.8631245921443E-001    2.8830774152271E-001    9.9307933148884E-001
     226    3.0306457586895E-001    3.0520087200249E-001    9.9300036032162E-001
     227    2.3097520163246E-001    2.3261372397841E-001    9.9295603751175E-001
     228    2.6753299281699E-001    2.6943720288299E-001    9.9293263867934E-001
     229    1.4296336903435E-001    1.4399075500770E-001    9.9286491710321E-001
     230    9.7987109377909E-002    9.8698481561822E-002    9.9279247083992E-001
     231    2.8612366214383E-001    2.8822249844624E-001    9.9271799976154E-001
     232    2.6428739775245E-001    2.6623884802003E-001    9.9267030231653E-001
     233    2.4092467335806E-001    2.4272072636193E-001    9.9260033112629E-001
     234    2.5488581951092E-001    2.5679497250589E-001    9.9256545805261E-001
     235    2.4144724429591E-001    2.4326241134752E-001    9.9253823456921E-001
     236    1.2488161859493E-001    1.2582995951417E-001    9.9246331380137E-001
     237    9.4061678321984E-002    9.4782034346103E-002    9.9239986745285E-001
     238    2.8383404331564E-001    2.8602401601067E-001    9.9234339575544E-001
     239    3.2320510387303E-001    3.2571812531497E-001    9.9228467424245E-001
     240    3.2061227573668E-001    3.2312286689420E-001    9.9223022752413E-001
     241    3.5591397668490E-001    3.5871068095403E-001    9.9220345415507E-001
     242    4.7025307185459E-001    4.7395833333333E-001    9.9218230545144E-001
     243    2.5281516389563E-001    2.5482456140351E-001    9.9211458465068E-001
     244    1.7424215976858E-001    1.7564035546262E-001    9.9203943939671E-001
     245    4.2973548314673E-001    4.3321678321678E-001    9.9196406924912E-001
     246    4.2849488387552E-001    4.3199591975519E-001    9.9189567373311E-001
     247    3.4769180685976E-001    3.5056818181818E-001    9.9179510546706E-001
     248    3.4061567865814E-001    3.4345275840203E-001    9.9173953426057E-001
     249    3.3984215157997E-001    3.4268787028375E-001    9.9169588727658E-001
     250    1.9532886051610E-001    1.9698118932039E-001    9.9161174318222E-001
     251    1.4679747966134E-001    1.4805327868852E-001    9.9151792490983E-001
     252    1.3372945153753E-001    1.3488438481302E-001    9.9143760579044E-001
     253    2.9181001063352E-001    2.9435596535345E-001    9.9135076227562E-001
     254    2.4326165603648E-001    2.4540503744044E-001    9.9126594373810E-001
     255    2.6109710590014E-001    2.6341072858287E-001    9.9121667255097E-001
     256    2.6363348671545E-001    2.6597978737367E-001    9.9117865052306E-001
     257    1.3643517145887E-001    1.3765373699149E-001    9.9114760296927E-001
     258    8.6171475782270E-002    8.6947764200349E-002    9.9107178401632E-001
     259    2.5566398736350E-001    2.5798409917801E-001    9.9100676428546E-001
     260    2.3131132136561E-001    2.3342803030303E-001    9.9093207043440E-001
     261    2.5415481877268E-001    2.5650118203310E-001    9.9085242710457E-001
     262    2.6105941638373E-001    2.6347813782369E-001    9.9082002985168E-001
     263    2.4599136638995E-001    2.4827685238369E-001    9.9079460702117E-001
     264    1.6106709673110E-001    1.6257533441129E-001    9.9072283821129E-001
     265    8.4439804031353E-002    8.5235920852359E-002    9.9065984372498E-001
     266    2.8892342485864E-001    2.9166666666667E-001    9.9059459951533E-001
     267    2.7114295679412E-001    2.7373689973408E-001    9.9052395587704E-001
     268    2.3372783718946E-001    2.3598018852852E-001    9.9045533714882E-001
     269    2.3020301390192E-001    2.3243068987750E-001    9.9041574080963E-001
     270    2.1397462648066E-001    2.1604938271605E-001    9.9039684256764E-001
     271    1.2291265860467E-001    1.2411347517730E-001    9.9032484932908E-001
     272    6.9396053452915E-002    7.0078487906455E-002    9.9026185532926E-001
     273    2.8514856896210E-001    2.8796747967480E-001    9.9021101022976E-001
     274    3.4898172830112E-001    3.5245081693898E-001    9.9015724046835E-001
     275    3.4928832458454E-001    3.5277873662409E-001    9.9010594551996E-001
     276    3.5148783846388E-001    3.5501047486034E-001    9.9007737335682E-001
     277    3.7537747549560E-001    3.7914608327452E-001    9.9006027506237E-001
     278    2.3153198878947E-001    2.3387240092412E-001    9.8999278185283E-001
     279    1.5940944275874E-001    1.6103171836877E-001    9.8992573869012E-001
     280    4.3283367554924E-001    4.3727351164797E-001    9.8984654688549E-001
     281    4.1138285553118E-001    4.1563997262149E-001    9.8975768123680E-001
     282    3.6299934506820E-001    3.6678403755869E-001    9.8968141439394E-001
     283    3.1739154975092E-001    3.2071713147410E-001    9.8963079487554E-001
     284    2.6790845243107E-001    2.7072454308094E-001    9.8959794846149E-001
     285    1.5527645100551E-001    1.5692332065906E-001    9.8950525870450E-001
     286    1.2348706461722E-001    1.2480786965878E-001    9.8941729359558E-001
     287    3.6593544861037E-001    3.6987628558653E-001    9.8934552678902E-001
     288    3.4832186574541E-001    3.5209519637903E-001    9.8928320899453E-001
     289    2.8055027529646E-001    2.8360679332182E-001    9.8922269107324E-001
     290    2.4164896431649E-001    2.4429060805024E-001    9.8918647034844E-001
     291    9.0530164458420E-002    9.1522564318853E-002    9.8915677387517E-001
     292    1.6324506001220E-001    1.6504920721706E-001    9.8906903440929E-001
     293    1.3422920619308E-001    1.3572490204026E-001    9.8897994528121E-001
     294    3.7801059943527E-001    3.8224932249322E-001    9.8891110380444E-001
     295    3.9320596700582E-001    3.9763995609221E-001    9.8884923655569E-001
     296    3.7686201073429E-001    3.8112244897959E-001    9.8882134007927E-001
     297    3.6284548707577E-001    3.6696441645922E-001    9.8877567088605E-001
     298    8.2322710857372E-002    8.3260361938120E-002    9.8873832566996E-001
     299    2.6498474030145E-001    2.6802711277762E-001    9.8864901224120E-001
     300    1.8895429493681E-001    1.9114318053198E-001    9.8854845049103E-001
     301    5.0233636311384E-001    5.0820584144645E-001    9.8845058861207E-001
     302    5.4659676750177E-001    5.5303236333968E-001    9.8836307553676E-001
     303    4.7887535623180E-001    4.8452364049411E-001    9.8834260335254E-001
     304    4.9956092531389E-001    5.0548621588260E-001    9.8827803729848E-001
     305    4.9942523860412E-001    5.0537273337811E-001    9.8823146881266E-001
     306    2.3025845442127E-001    2.3303341902314E-001    9.8809198863622E-001
     307    1.3449229329166E-001    1.3613231552163E-001    9.8795273389950E-001
     308    3.7227772202717E-001    3.7686093479515E-001    9.8783845088513E-001
     309    3.7757702075748E-001    3.8227326904323E-001    9.8771494460624E-001
     310    2.9071992953383E-001    2.9437635896422E-001    9.8757906564490E-001
     311    3.0596554469112E-001    3.0983383539015E-001    9.8751495073430E-001
     312    3.5616214499750E-001    3.6067796610169E-001    9.8747963133704E-001
     313    1.5870374280879E-001    1.6073478760046E-001    9.8736399990326E-001
     314    1.1082497469170E-001    1.1225545522950E-001    9.8725691740436E-001
     315    3.2922286723630E-001    3.3350409836066E-001    9.8716288301884E-001
     316    3.4543642995238E-001    3.4996798097155E-001    9.8705152680943E-001
     317    2.8931318506375E-001    2.9314570655849E-001    9.8692622334561E-001
     318    2.6386831780240E-001    2.6737967914438E-001    9.8686750858098E-001
     319    2.7958327839784E-001    2.8331629175187E-001    9.8682386624873E-001
     320    1.2676029979475E-001    1.2846777635510E-001    9.8670891169134E-001
     321    8.3909798740600E-002    8.5050661171218E-002    9.8658608393037E-001
     322    2.7385203327501E-001    2.7761104441777E-001    9.8645943229441E-001
     323    2.8226202930756E-001    2.8616734729342E-001    9.8635302726605E-001
     324    2.5470436475227E-001    2.5825720309206E-001    9.8624302324484E-001
     325    2.4200898207672E-001    2.4539660056657E-001    9.8619533244538E-001
     326    1.8456661926637E-001    1.8715580031977E-001    9.8616563820637E-001
     327    1.1381338172121E-001    1.1542222222222E-001    9.8606125865507E-001
     328    5.3692486957596E-002    5.4457658946615E-002    9.8594923094712E-001
     329    7.0109504668671E-002    7.1115288220551E-002    9.8585699957003E-001
     330    1.7355643281081E-001    1.7606079797340E-001    9.8577556621677E-001
     331    1.9088855182737E-001    1.9365499008592E-001    9.8571460380479E-001
     332    1.6818062378242E-001    1.7062583476436E-001    9.8566916325821E-001
     333    1.4180400725515E-001    1.4386815317499E-001    9.8565251673646E-001
     334    7.3205296814062E-002    7.4272507616346E-002    9.8563114621366E-001
     335    4.4549223937355E-002    4.5201514139390E-002    9.8556928424957E-001
     336    2.0630469228236E-001    2.0933892969570E-001    9.8550562278241E-001
     337    1.7270504297191E-001    1.7525647288715E-001    9.8544173648360E-001
     338    1.9895575859987E-001    2.0190550770034E-001    9.8539044757089E-001
     339    1.3964050413968E-001    1.4171374764595E-001    9.8537020196903E-001
     340    1.3810117265690E-001    1.4015412137058E-001    9.8535220588877E-001
     341    5.0809972767165E-002    5.1568198395332E-002    9.8529664305210E-001
     342    3.2717212238448E-002    3.3206831119545E-002    9.8525547712353E-001
     343    1.1928583848885E-001    1.2107661154236E-001    9.8520958729607E-001
     344    1.4084340453356E-001    1.4296228150874E-001    9.8517876916331E-001
     345    1.6082689573425E-001    1.6325136612022E-001    9.8514885085752E-001
     346    1.4846064942785E-001    1.5070045323445E-001    9.8513737843167E-001
     347    1.6439660964215E-001    1.6687763713080E-001    9.8513265449277E-001
     348    8.0387309203725E-002    8.1602373887240E-002    9.8510993460564E-001
     349    7.7072200927476E-002    7.8239051094891E-002    9.8508608998850E-001
     350    2.3827379382166E-001    2.4188754025266E-001    9.8506022084797E-001
     351    2.4830352191673E-001    2.5207496653280E-001    9.8503840080616E-001
     352    2.3003240733994E-001    2.3353124116483E-001    9.8501770552222E-001
     353    2.4317799243106E-001    2.4687953555878E-001    9.8500668303938E-001
     354    2.1427330036356E-001    2.1753720455209E-001    9.8499611045729E-001
     355    1.0148891302744E-001    1.0303789539618E-001    9.8496686716296E-001
     356    7.4548201425255E-002    7.5688073394495E-002    9.8493987337610E-001
     357    3.0765669346916E-001    3.1236823612087E-001    9.8491670372691E-001
     358    2.5717520013083E-001    2.6111908177905E-001    9.8489623346807E-001
     359    2.3913110401802E-001    2.4280442804428E-001    9.8487126426874E-001
     360    2.3082087336238E-001    2.3436921938587E-001    9.8486001688794E-001
     361    2.2776337965298E-001    2.3126614987080E-001    9.8485394330394E-001
     362    1.1248033812949E-001    1.1421319796954E-001    9.8482784940045E-001
     363    8.0392512570340E-002    8.1632653061224E-002    9.8480827898667E-001
     364    2.4446028683370E-001    2.4823616784255E-001    9.8478915847893E-001
     365    2.1727739334278E-001    2.2063789868668E-001    9.8476913819476E-001
     366    2.1327468773754E-001    2.1657754010695E-001    9.8474979276346E-001
     367    2.4808050219876E-001    2.5192455735181E-001    9.8474124478590E-001
     368    1.8819067677193E-001    1.9110764430577E-001    9.8473652090454E-001
     369    8.4910002016893E-002    8.6227786752827E-002    9.8471740043948E-001
     370    6.6752071394980E-002    6.7789473684211E-002    9.8469670536073E-001
     371    1.0484458326878E-001    1.0647544545850E-001    9.8468320857745E-001
     372    2.9474125437375E-001    2.9933184855234E-001    9.8466386319801E-001
     373    2.1578923428458E-001    2.1915285451197E-001    9.8465171610528E-001
     374    1.6272661741243E-001    1.6526414212249E-001    9.8464564256065E-001
     375    1.6263550564755E-001    1.6517225106182E-001    9.8464181847758E-001
     376    9.0830697759765E-002    9.2248062015504E-002    9.8463529504283E-001
     377    4.8486886289861E-002    4.9244398124023E-002    9.8461729936766E-001
     378    2.0673016588041E-001    2.0996250669523E-001    9.8460515229267E-001
     379    2.0441252003667E-001    2.0761052042529E-001    9.8459615446234E-001
     380    1.4526672521532E-001    1.4754098360656E-001    9.8458558201494E-001
     381    1.8995495448110E-001    1.9292989814260E-001    9.8458018331976E-001
     382    2.3226879763826E-001    2.3590686274510E-001    9.8457838375490E-001
     383    8.6537975234526E-002    8.7894397939472E-002    9.8456758636790E-001
     384    6.9335159393281E-002    7.0422535211268E-002    9.8455926338459E-001
     385    3.6402466263115E-001    3.6973590292648E-001    9.8455318985761E-001
     386    2.8495995757418E-001    2.8943338437979E-001    9.8454419204199E-001
     387    2.8625566084649E-001    2.9075235109718E-001    9.8453429444776E-001
     388    1.4289041989542E-001    1.4513556618820E-001    9.8453069532336E-001
     389    1.0855266096237E-001    1.1025848142165E-001    9.8452889576131E-001
     390    1.2306464982631E-001    1.2500000000000E-001    9.8451719861048E-001
     391    7.2719472048131E-002    7.3863636363636E-002    9.8450977542085E-001
     392    3.7553415929963E-001    3.8144758735441E-001    9.8449740344200E-001
     393    3.1379110357252E-001    3.1873373807459E-001    9.8449290454180E-001
     394    3.1869678566728E-001    3.2371794871795E-001    9.8448908047714E-001
     395    3.7370617462894E-001    3.7959558823529E-001    9.8448503146800E-001
     396    2.5042294205820E-001    2.5436982520699E-001    9.8448368179840E-001
     397    1.0903959363981E-001    1.1075949367089E-001    9.8447175971946E-001
     398    8.1073422448265E-002    8.2352941176471E-002    9.8446298687179E-001
     399    3.7980425903302E-001    3.8580246913580E-001    9.8445263941358E-001
     400    3.2970322675430E-001    3.3491379310345E-001    9.8444206701414E-001
     401    2.4414659993124E-001    2.4800708591674E-001    9.8443396900845E-001
     402    2.8482884577621E-001    2.8933333333333E-001    9.8443149461824E-001
     403    2.5203484767745E-001    2.5602140945584E-001    9.8442879528369E-001
     404    1.1610415644509E-001    1.1794171220401E-001    9.8441979750352E-001
     405    5.0069929325854E-002    5.0862851952770E-002    9.8441057478151E-001
     406    2.6922207718302E-001    2.7348837209302E-001    9.8440045228487E-001
     407    2.6550318725400E-001    2.6971326164875E-001    9.8439055473575E-001
     408    1.8133435632039E-001    1.8421052631579E-001    9.8438650573928E-001
     409    2.1889459540266E-001    2.2236727589208E-001    9.8438313157596E-001
     410    3.1458740166391E-001    3.1957857769974E-001    9.8438200685493E-001
     411    1.2935697556732E-001    1.3141025641026E-001    9.8437503358546E-001
     412    8.0272270484585E-002    8.1547064305685E-002    9.8436738548525E-001
     413    3.0683824576047E-001    3.1171345595353E-001    9.8435996233094E-001
     414    3.1034951970011E-001    3.1528340080972E-001    9.8435096457051E-001
     415    2.5167334032454E-001    2.5567620927937E-001    9.8434399130795E-001
     416    2.5019071281902E-001    2.5417075564279E-001    9.8434106703701E-001
     417    2.0982477509275E-001    2.1316306483301E-001    9.8433926748581E-001
     418    8.0445357617527E-002    8.1725888324873E-002    9.8433139445049E-001
     419    9.6592406796649E-002    9.8130841121495E-002    9.8432262164204E-001
     420    3.6359069734887E-001    3.6938349007315E-001    9.8431767287939E-001
     421    3.3055232724246E-001    3.3582089552239E-001    9.8431137445533E-001
     422    3.4901037244670E-001    3.5457516339869E-001    9.8430575086349E-001
     423    2.8200756627347E-001    2.8650442477876E-001    9.8430440120160E-001
     424    3.8027428380783E-001    3.8633879781421E-001    9.8430260165251E-001
     425    1.7003331859850E-001    1.7274678111588E-001    9.8429225424722E-001
     426    1.0305539243105E-001    1.0470085470085E-001    9.8428415628025E-001
     427    2.2064861140673E-001    2.2417355371901E-001    9.8427583337196E-001
     428    3.4484961611232E-001    3.5036119711042E-001    9.8426886012618E-001
     429    3.1025610981297E-001    3.1521739130435E-001    9.8426076216529E-001
     430    2.7672723389207E-001    2.8115345005149E-001    9.8425693812894E-001
     431    3.3246415668004E-001    3.3778234086242E-001    9.8425558846917E-001
     432    1.8976001342143E-001    1.9279661016949E-001    9.8424973994415E-001
     433    7.2370775129486E-002    7.3529411764706E-002    9.8424254176101E-001
     434    4.3194132872091E-001    4.3886010362694E-001    9.8423466875012E-001
     435    3.0217510061374E-001    3.0701754385965E-001    9.8422747057048E-001
     436    3.1316078104290E-001    3.1818181818182E-001    9.8421959756341E-001
     437    3.2106404936006E-001    3.2621359223301E-001    9.8421419893114E-001
     438    4.2427943942277E-001    4.3108504398827E-001    9.8421284927322E-001
     439    9.9080947298474E-002    1.0067114093960E-001    9.8420407649817E-001
     440    8.6283294042622E-002    8.7668593448940E-002    9.8419845292573E-001
     441    4.7879552669295E-001    4.8648648648649E-001    9.8419080486884E-001
     442    4.4604438640058E-001    4.5321361058601E-001    9.8418135727176E-001
     443    2.4490614931238E-001    2.4884579870729E-001    9.8416831059482E-001
     444    4.0353630949914E-001    4.1002811621368E-001    9.8416741082420E-001
     445    3.4284102549030E-001    3.4835680751174E-001    9.8416628611096E-001
     446    1.2612969281920E-001    1.2816041848300E-001    9.8415481403825E-001
     447    9.5761253546104E-002    9.7304128053917E-002    9.8414379185476E-001
     448    3.5410538483993E-001    3.5981308411215E-001    9.8413704358110E-001
     449    2.8140929209107E-001    2.8594771241830E-001    9.8412849576990E-001
     450    2.4523349317222E-001    2.4919093851133E-001    9.8411882324957E-001
     451    3.1185061336157E-001    3.1688417618271E-001    9.8411544911528E-001
     452    3.7251725557708E-001    3.7853107344633E-001    9.8411274980811E-001
     453    1.5845720271829E-001    1.6101694915254E-001    9.8410262740835E-001
     454    1.0162705658620E-001    1.0326953748006E-001    9.8409520431730E-001
     455    4.4327134347176E-001    4.5043964828137E-001    9.8408598169153E-001
     456    3.6183798867491E-001    3.6769352290679E-001    9.8407495953264E-001
     457    2.7845809816762E-001    2.8296703296703E-001    9.8406551197102E-001
     458    3.4415654006690E-001    3.4973097617218E-001    9.8406078819129E-001
     459    3.1239351197448E-001    3.1745426829268E-001    9.8405831383078E-001
     460    9.5886656805048E-002    9.7441685477803E-002    9.8404144319620E-001
     461    6.4983319268609E-002    6.6037735849057E-002    9.8403312035323E-001
     462    3.4160485382787E-001    3.4715025906736E-001    9.8402592222058E-001
     463    3.1748326407214E-001    3.2264011799410E-001    9.8401669961560E-001
     464    3.4213823070996E-001    3.4769905040175E-001    9.8400680218895E-001
     465    3.0046745979921E-001    3.0535190615836E-001    9.8400387794987E-001
     466    2.7176151171571E-001    2.7617994100295E-001    9.8400162853538E-001
     467    1.5094123225711E-001    1.5339663988313E-001    9.8399308076184E-001
     468    9.8821885689786E-002    1.0043041606887E-001    9.8398363322544E-001
     469    4.2750344539646E-001    4.3446601941748E-001    9.8397441063319E-001
     470    2.9213587134678E-001    2.9689655172414E-001    9.8396518804373E-001
     471    4.2110311378769E-001    4.2796907940970E-001    9.8395686522148E-001
     472    3.8157462120206E-001    3.8779803646564E-001    9.8395191651744E-001
     473    3.5908252641629E-001    3.6494051784465E-001    9.8394809251941E-001
     474    1.6421594786772E-001    1.6689702833449E-001    9.8393572076436E-001
     475    1.1503136213370E-001    1.1691022964509E-001    9.8392897253645E-001
     476    5.4121838703409E-001    5.5006631299735E-001    9.8391480126270E-001
     477    4.6632779614578E-001    4.7395833333333E-001    9.8390040505484E-001
     478    4.6398519428499E-001    4.7158365261814E-001    9.8388735849736E-001
     479    5.1934051366193E-001    5.2784730913642E-001    9.8388398438858E-001
     480    4.6948249850535E-001    4.7717458359038E-001    9.8387993545853E-001
     481    2.5566667229254E-001    2.5986078886311E-001    9.8386014069719E-001
     482    1.3720445345790E-001    1.3945766463752E-001    9.8384304523187E-001
     483    6.1110277778628E-001    6.2114771519660E-001    9.8382842411786E-001
     484    5.4296211370287E-001    5.5189620758483E-001    9.8381200349055E-001
     485    5.4949488882802E-001    5.5854579792257E-001    9.8379558287214E-001
     486    5.3082099059227E-001    5.3956999085087E-001    9.8378523563772E-001
     487    6.2251252994754E-001    6.3277727682597E-001    9.8377826250348E-001
     488    2.4231097005290E-001    2.4631268436578E-001    9.8375351913693E-001
     489    1.2478704991594E-001    1.2685113016368E-001    9.8372832591184E-001
     490    7.4281909339561E-001    7.5512820512821E-001    9.8369930874121E-001
     491    6.2844662665383E-001    6.3887933997937E-001    9.8367029159860E-001
     492    6.9812766104184E-001    7.0974375197722E-001    9.8363340162837E-001
     493    6.6550655388885E-001    6.7658791040196E-001    9.8362170481803E-001
     494    6.5852082360288E-001    6.6949152542373E-001    9.8361338209038E-001
     495    2.4387377094215E-001    2.4794857768053E-001    9.8356592009323E-001
     496    1.8254122582942E-001    1.8559939683338E-001    9.8352273199087E-001
     497    6.5032943432319E-001    6.6126105692901E-001    9.8346852201370E-001
     498    5.6815823805527E-001    5.7774072530221E-001    9.8341386226161E-001
     499    5.3057014580903E-001    5.3954693799194E-001    9.8336235172362E-001
     500    5.7748264455106E-001    5.8726591760300E-001    9.8334098274957E-001
     501    5.7161659032112E-001    5.8131045811279E-001    9.8332411251787E-001
     502    2.2221144417846E-001    2.2599531615925E-001    9.8325685662388E-001
     503    1.5515521159015E-001    1.5780911062907E-001    9.8318285282555E-001
     504    5.7041812157706E-001    5.8021390374332E-001    9.8311694686553E-001
     505    5.6685144679239E-001    5.7662476598021E-001    9.8305081612095E-001
     506    4.8201350967964E-001    4.9035933391762E-001    9.8298018685338E-001
     507    4.4062406262046E-001    4.4826955885937E-001    9.8294442241770E-001
     508    4.9654776419525E-001    5.0517610661590E-001    9.8292012961886E-001
     509    1.7272321482976E-001    1.7574202187012E-001    9.8282250876461E-001
     510    1.3953234145936E-001    1.4198489082066E-001    9.8272668769809E-001
     511    5.3380995259653E-001    5.4324031160635E-001    9.8264053898738E-001
     512    4.5876677788742E-001    4.6690967619769E-001    9.8256001379843E-001
     513    4.2215112118496E-001    4.2968679888719E-001    9.8246239418630E-001
     514    4.4232520843837E-001    4.5023822128110E-001    9.8242483097012E-001
     515    4.1684541576908E-001    4.2431610942249E-001    9.8239356581681E-001
     516    1.4137835755704E-001    1.4392950391645E-001    9.8227502846885E-001
     517    1.1509305580654E-001    1.1718325176726E-001    9.8216301451611E-001
     518    4.5299195334673E-001    4.6126655752344E-001    9.8206112270282E-001
     519    4.2174173267958E-001    4.2950000000000E-001    9.8193651380577E-001
     520    8.5967422376377E-322    8.7449619313901E-322    9.8183282344506E-001
     521    4.5942576714981E-310    4.6794961460316E-310    9.8178468966027E-001
     522    4.5940871567859E-310    4.6794961411558E-310    9.8174825199262E-001
     523    0.0000000000000E+000    0.0000000000000E+000    9.8161847131967E-001
     524    0.0000000000000E+000    0.0000000000000E+000    9.8148621714201E-001
     525    0.0000000000000E+000    0.0000000000000E+000    9.8148621714201E-001
     526    0.0000000000000E+000    0.0000000000000E+000    9.8148621714201E-001
     527    0.0000000000000E+000    0.0000000000000E+000    9.8148621714201E-001
     528    0.0000000000000E+000    0.0000000000000E+000    9.8148621714201E-001
     529    0.0000000000000E+000    0.0000000000000E+000    9.8148621714201E-001
     530    0.0000000000000E+000    0.0000000000000E+000    9.8148621714201E-001
     531    0.0000000000000E+000    0.0000000000000E+000    9.8148621714201E-001
     532    0.0000000000000E+000    0.0000000000000E+000    9.8148621714201E-001
     533    0.0000000000000E+000    0.0000000000000E+000    9.8148621714201E-001
     534    0.0000000000000E+000    0.0000000000000E+000    9.8148621714201E-001
     535    0.0000000000000E+000    0.0000000000000E+000    9.8148621714201E-001
     536    0.0000000000000E+000    0.0000000000000E+000    9.8148621714201E-001
     537    0.0000000000000E+000    0.0000000000000E+000    9.8148621714201E-001
     538    0.0000000000000E+000    0.0000000000000E+000    9.8148621714201E-001
     539    0.0000000000000E+000    0.0000000000000E+000    9.8148621714201E-001
     540    0.0000000000000E+000    0.0000000000000E+000    9.8148621714201E-001
