       2    1.0000000000000E+000    1.0000000000000E+000    1.0000000000000E+000
       3    1.0000000000000E+000    1.0000000000000E+000    1.0000000000000E+000
       4    1.0000000000000E+000    1.0000000000000E+000    1.0000000000000E+000
       5    1.0000000000000E+000    1.0000000000000E+000    1.0000000000000E+000
       6    1.0000000000000E+000    1.0000000000000E+000    1.0000000000000E+000
       7    1.0000000000000E+000    1.0000000000000E+000    1.0000000000000E+000
       8    1.0000000000000E+000    1.0000000000000E+000    1.0000000000000E+000
       9    1.0000000000000E+000    1.0000000000000E+000    1.0000000000000E+000
      10    1.0000000000000E+000    1.0000000000000E+000    1.0000000000000E+000
      11    9.9999774999489E-001    1.0000000000000E+000    9.9999774999489E-001
      12    9.9999549998977E-001    1.0000000000000E+000    9.9999549998977E-001
      13    9.9999324998466E-001    1.0000000000000E+000    9.9999324998466E-001
      14    9.9999324998466E-001    1.0000000000000E+000    9.9999324998466E-001
      15    9.9999099997955E-001    1.0000000000000E+000    9.9999099997955E-001
      16    9.9999099997955E-001    1.0000000000000E+000    9.9999099997955E-001
      17    9.9998424996421E-001    1.0000000000000E+000    9.9998424996421E-001
      18    9.9998424996421E-001    1.0000000000000E+000    9.9998424996421E-001
      19    9.9998424996421E-001    1.0000000000000E+000    9.9998424996421E-001
      20    9.9997974995398E-001    1.0000000000000E+000    9.9997974995398E-001
      21    9.9997074993353E-001    1.0000000000000E+000    9.9997074993353E-001
      22    9.9997074993353E-001    1.0000000000000E+000    9.9997074993353E-001
      23    9.9995949990798E-001    1.0000000000000E+000    9.9995949990798E-001
      24    9.9995049988755E-001    1.0000000000000E+000    9.9995049988755E-001
      25    9.9994374987223E-001    1.0000000000000E+000    9.9994374987223E-001
      26    9.9993024984160E-001    1.0000000000000E+000    9.9993024984160E-001
      27    9.9992349982630E-001    1.0000000000000E+000    9.9992349982630E-001
      28    9.9991899981610E-001    1.0000000000000E+000    9.9991899981610E-001
      29    9.9990099977535E-001    1.0000000000000E+000    9.9990099977535E-001
      30    9.9987399971435E-001    1.0000000000000E+000    9.9987399971435E-001
      31    8.9987444971553E-001    9.0000000000000E-001    9.9986049968392E-001
      32    7.9987399971475E-001    8.0000000000000E-001    9.9984249964343E-001
      33    6.9987557471860E-001    7.0000000000000E-001    9.9982224959801E-001
      34    5.9986769970157E-001    6.0000000000000E-001    9.9977949950262E-001
      35    4.9988074973135E-001    5.0000000000000E-001    9.9976149946270E-001
      36    3.9988299973757E-001    4.0000000000000E-001    9.9970749934393E-001
      37    2.9990279978263E-001    3.0000000000000E-001    9.9967599927545E-001
      38    2.9989402476373E-001    3.0000000000000E-001    9.9964674921244E-001
      39    2.9987984973360E-001    3.0000000000000E-001    9.9959949911199E-001
      40    2.9986972471241E-001    3.0000000000000E-001    9.9956574904135E-001
      41    2.9986364969984E-001    3.0000000000000E-001    9.9954549899945E-001
      42    2.9985824968876E-001    3.0000000000000E-001    9.9952749896253E-001
      43    2.9984677466554E-001    3.0000000000000E-001    9.9948924888512E-001
      44    2.9983867464942E-001    3.0000000000000E-001    9.9946224883139E-001
      45    2.9983124963485E-001    3.0000000000000E-001    9.9943749878285E-001
      46    2.9982314961921E-001    3.0000000000000E-001    9.9941049873070E-001
      47    2.9981234959876E-001    3.0000000000000E-001    9.9937449866254E-001
      48    2.9979817457268E-001    3.0000000000000E-001    9.9932724857562E-001
      49    2.9979277456299E-001    3.0000000000000E-001    9.9930924854330E-001
      50    2.9978062454168E-001    3.0000000000000E-001    9.9926874847228E-001
      51    2.9977319952902E-001    3.0000000000000E-001    9.9924399843008E-001
      52    2.9976239951112E-001    3.0000000000000E-001    9.9920799837040E-001
      53    2.9975362449704E-001    3.0000000000000E-001    9.9917874832345E-001
      54    2.9973742447218E-001    3.0000000000000E-001    9.9912474824059E-001
      55    2.9972392445265E-001    3.0000000000000E-001    9.9907974817552E-001
      56    2.9971379943876E-001    3.0000000000000E-001    9.9904599812920E-001
      57    2.9970569942812E-001    3.0000000000000E-001    9.9901899809375E-001
      58    2.9969287441218E-001    3.0000000000000E-001    9.9897624804062E-001
      59    2.9968477440271E-001    3.0000000000000E-001    9.9894924800902E-001
      60    2.9967127438796E-001    3.0000000000000E-001    9.9890424795986E-001
      61    2.9965777437457E-001    3.0000000000000E-001    9.9885924791524E-001
      62    2.9964764936546E-001    3.0000000000000E-001    9.9882549788487E-001
      63    2.9963414935459E-001    3.0000000000000E-001    9.9878049784864E-001
      64    2.9962334934698E-001    3.0000000000000E-001    9.9874449782328E-001
      65    2.9960714933745E-001    3.0000000000000E-001    9.9869049779151E-001
      66    2.9959229933077E-001    3.0000000000000E-001    9.9864099776923E-001
      67    2.9957879932646E-001    3.0000000000000E-001    9.9859599775488E-001
      68    2.9955989932338E-001    3.0000000000000E-001    9.9853299774459E-001
      69    2.9954437432351E-001    3.0000000000000E-001    9.9848124774502E-001
      70    2.9953154932549E-001    3.0000000000000E-001    9.9843849775163E-001
      71    2.9951602433024E-001    3.0000000000000E-001    9.9838674776745E-001
      72    2.9950657433442E-001    3.0000000000000E-001    9.9835524778138E-001
      73    2.9948227434980E-001    3.0000000000000E-001    9.9827424783268E-001
      74    2.9946337436656E-001    3.0000000000000E-001    9.9821124788852E-001
      75    2.9944919938197E-001    3.0000000000000E-001    9.9816399793989E-001
      76    2.9943097440548E-001    3.0000000000000E-001    9.9810324801827E-001
      77    2.9941207443440E-001    3.0000000000000E-001    9.9804024811467E-001
      78    2.9939519946424E-001    3.0000000000000E-001    9.9798399821415E-001
      79    2.9937292450964E-001    3.0000000000000E-001    9.9790974836547E-001
      80    2.9935807454382E-001    3.0000000000000E-001    9.9786024847939E-001
      81    2.9934592457416E-001    3.0000000000000E-001    9.9781974858054E-001
      82    2.9932634962768E-001    3.0000000000000E-001    9.9775449875894E-001
      83    2.9930879968064E-001    3.0000000000000E-001    9.9769599893546E-001
      84    2.9929259973381E-001    3.0000000000000E-001    9.9764199911270E-001
      85    2.9927707478872E-001    3.0000000000000E-001    9.9759024929572E-001
      86    2.9925952485555E-001    3.0000000000000E-001    9.9753174951850E-001
      87    2.9923387496258E-001    3.0000000000000E-001    9.9744624987526E-001
      88    2.9922307501104E-001    3.0000000000000E-001    9.9741025003680E-001
      89    2.9920417510082E-001    3.0000000000000E-001    9.9734725033606E-001
      90    2.9917245026609E-001    3.0000000000000E-001    9.9724150088698E-001
      91    2.9915085038939E-001    3.0000000000000E-001    9.9716950129798E-001
      92    2.9913195050465E-001    3.0000000000000E-001    9.9710650168216E-001
      93    2.9911305062694E-001    3.0000000000000E-001    9.9704350208979E-001
      94    2.9909617574219E-001    3.0000000000000E-001    9.9698725247398E-001
      95    2.9907120092352E-001    3.0000000000000E-001    9.9690400307841E-001
      96    2.9905567604285E-001    3.0000000000000E-001    9.9685225347615E-001
      97    2.9903812618395E-001    3.0000000000000E-001    9.9679375394651E-001
      98    2.9901112641421E-001    3.0000000000000E-001    9.9670375471404E-001
      99    2.9899020160389E-001    3.0000000000000E-001    9.9663400534630E-001
     100    2.9896927680360E-001    3.0000000000000E-001    9.9656425601199E-001
     101    2.9894970199969E-001    3.0000000000000E-001    9.9649900666563E-001
     102    2.9892000231470E-001    3.0000000000000E-001    9.9640000771565E-001
     103    2.9890582747262E-001    3.0000000000000E-001    9.9635275824208E-001
     104    2.9888355273090E-001    3.0000000000000E-001    9.9627850910299E-001
     105    2.9885857803543E-001    3.0000000000000E-001    9.9619526011812E-001
     106    2.9883562832951E-001    3.0000000000000E-001    9.9611876109837E-001
     107    2.9881807856377E-001    3.0000000000000E-001    9.9606026187922E-001
     108    2.9879985381578E-001    3.0000000000000E-001    9.9599951271925E-001
     109    2.9877690414600E-001    3.0000000000000E-001    9.9592301382000E-001
     110    2.9874450463714E-001    3.0000000000000E-001    9.9581501545714E-001
     111    2.9872627992650E-001    3.0000000000000E-001    9.9575426642167E-001
     112    2.9870063035003E-001    3.0000000000000E-001    9.9566876783344E-001
     113    2.9867970570989E-001    3.0000000000000E-001    9.9559901903298E-001
     114    2.9865473115659E-001    3.0000000000000E-001    9.9551577052196E-001
     115    2.9862435672555E-001    3.0000000000000E-001    9.9541452241851E-001
     116    2.9858993240522E-001    3.0000000000000E-001    9.9529977468407E-001
     117    2.9856158299337E-001    3.0000000000000E-001    9.9520527664456E-001
     118    2.9853188363766E-001    3.0000000000000E-001    9.9510627879219E-001
     119    2.9849813440549E-001    3.0000000000000E-001    9.9499378135164E-001
     120    2.9846911009684E-001    3.0000000000000E-001    9.9489703365612E-001
     121    2.9844548568113E-001    3.0000000000000E-001    9.9481828560376E-001
     122    2.9840971160348E-001    3.0000000000000E-001    9.9469903867825E-001
     123    2.9837933742280E-001    3.0000000000000E-001    9.9459779140933E-001
     124    2.9835301316029E-001    3.0000000000000E-001    9.9451004386763E-001
     125    2.9832263904344E-001    3.0000000000000E-001    9.9440879681146E-001
     126    2.9828686512866E-001    3.0000000000000E-001    9.9428955042885E-001
     127    2.9825919100223E-001    3.0000000000000E-001    9.9419730334076E-001
     128    2.9822409215373E-001    3.0000000000000E-001    9.9408030717910E-001
     129    2.9819371819024E-001    3.0000000000000E-001    9.9397906063415E-001
     130    2.9814579490275E-001    3.0000000000000E-001    9.9381931634249E-001
     131    2.9810732134736E-001    3.0000000000000E-001    9.9369107115785E-001
     132    2.9806817288254E-001    3.0000000000000E-001    9.9356057627514E-001
     133    2.9803239934407E-001    3.0000000000000E-001    9.9344133114691E-001
     134    2.9799662586272E-001    3.0000000000000E-001    9.9332208620906E-001
     135    2.9795950250017E-001    3.0000000000000E-001    9.9319834166724E-001
     136    2.9791225467660E-001    3.0000000000000E-001    9.9304084892200E-001
     137    2.9786838179218E-001    3.0000000000000E-001    9.9289460597392E-001
     138    2.9783328355155E-001    3.0000000000000E-001    9.9277761183849E-001
     139    2.9779346062113E-001    3.0000000000000E-001    9.9264486873709E-001
     140    2.9775296280719E-001    3.0000000000000E-001    9.9250987602396E-001
     141    2.9770976523116E-001    3.0000000000000E-001    9.9236588410386E-001
     142    2.9767736711264E-001    3.0000000000000E-001    9.9225789037548E-001
     143    2.9763349474878E-001    3.0000000000000E-001    9.9211164916259E-001
     144    2.9758017309196E-001    3.0000000000000E-001    9.9193391030655E-001
     145    2.9753427609448E-001    3.0000000000000E-001    9.9178092031494E-001
     146    2.9749040407464E-001    3.0000000000000E-001    9.9163468024879E-001
     147    2.9744113255228E-001    3.0000000000000E-001    9.9147044184094E-001
     148    2.9739726076732E-001    3.0000000000000E-001    9.9132420255772E-001
     149    2.9733989014333E-001    3.0000000000000E-001    9.9113296714442E-001
     150    2.9729804346025E-001    3.0000000000000E-001    9.9099347820083E-001
     151    2.9724472284235E-001    3.0000000000000E-001    9.9081574280784E-001
     152    2.9719680193219E-001    3.0000000000000E-001    9.9065600644065E-001
     153    2.9714685635027E-001    3.0000000000000E-001    9.9048952116757E-001
     154    2.9708948662446E-001    3.0000000000000E-001    9.9029828874821E-001
     155    2.9703819152406E-001    3.0000000000000E-001    9.9012730508020E-001
     156    2.9699162112538E-001    3.0000000000000E-001    9.8997207041794E-001
     157    2.9694167622465E-001    3.0000000000000E-001    9.8980558741549E-001
     158    2.9689105656939E-001    3.0000000000000E-001    9.8963685523129E-001
     159    2.9683773739463E-001    3.0000000000000E-001    9.8945912464876E-001
     160    2.9678104381230E-001    3.0000000000000E-001    9.8927014604100E-001
     161    2.9672839998160E-001    3.0000000000000E-001    9.8909466660532E-001
     162    2.9667170685553E-001    3.0000000000000E-001    9.8890568951842E-001
     163    2.9661231431709E-001    3.0000000000000E-001    9.8870771439029E-001
     164    2.9655967115718E-001    3.0000000000000E-001    9.8853223719060E-001
     165    2.9648745589283E-001    3.0000000000000E-001    9.8829151964278E-001
     166    2.9642131517391E-001    3.0000000000000E-001    9.8807105057969E-001
     167    2.9635382501046E-001    3.0000000000000E-001    9.8784608336819E-001
     168    2.9628363564015E-001    3.0000000000000E-001    9.8761211880051E-001
     169    2.9623436834895E-001    3.0000000000000E-001    9.8744789449652E-001
     170    2.9616215502354E-001    3.0000000000000E-001    9.8720718341181E-001
     171    2.9610681427720E-001    3.0000000000000E-001    9.8702271425734E-001
     172    2.9602920271134E-001    3.0000000000000E-001    9.8676400903782E-001
     173    2.9595631582153E-001    3.0000000000000E-001    9.8652105273842E-001
     174    2.9586790737846E-001    3.0000000000000E-001    9.8622635792820E-001
     175    2.9578759805326E-001    3.0000000000000E-001    9.8595866017754E-001
     176    2.9572078656271E-001    3.0000000000000E-001    9.8573595520903E-001
     177    2.9565465036238E-001    3.0000000000000E-001    9.8551550120794E-001
     178    2.9558446547858E-001    3.0000000000000E-001    9.8528155159525E-001
     179    2.9549201114550E-001    3.0000000000000E-001    9.8497337048501E-001
     180    2.9540968028478E-001    3.0000000000000E-001    9.8469893428260E-001
     181    2.9533274880662E-001    3.0000000000000E-001    9.8444249602205E-001
     182    2.9525244380934E-001    3.0000000000000E-001    9.8417481269780E-001
     183    2.9516809056867E-001    3.0000000000000E-001    9.8389363522890E-001
     184    2.9507698994508E-001    3.0000000000000E-001    9.8358996648359E-001
     185    2.9499128872265E-001    3.0000000000000E-001    9.8330429574215E-001
     186    2.9489344189131E-001    3.0000000000000E-001    9.8297813963769E-001
     187    2.9481381563224E-001    3.0000000000000E-001    9.8271271877413E-001
     188    2.9472609265145E-001    3.0000000000000E-001    9.8242030883818E-001
     189    2.9463634624700E-001    3.0000000000000E-001    9.8212115415668E-001
     190    2.9452770717532E-001    3.0000000000000E-001    9.8175902391775E-001
     191    2.9442311814853E-001    3.0000000000000E-001    9.8141039382842E-001
     192    2.9432932658453E-001    3.0000000000000E-001    9.8109775528177E-001
     193    2.9422608969718E-001    3.0000000000000E-001    9.8075363232395E-001
     194    2.9411543210071E-001    3.0000000000000E-001    9.8038477366902E-001
     195    2.9400612559179E-001    3.0000000000000E-001    9.8002041863930E-001
     196    2.9392111053982E-001    3.0000000000000E-001    9.7973703513274E-001
     197    2.9382867467033E-001    3.0000000000000E-001    9.7942891556776E-001
     198    2.9371532428986E-001    3.0000000000000E-001    9.7905108096620E-001
     199    2.9361412013994E-001    3.0000000000000E-001    9.7871373379979E-001
     200    2.9350482132532E-001    3.0000000000000E-001    9.7834940441773E-001
     201    2.9340699363141E-001    3.0000000000000E-001    9.7802331210470E-001
     202    2.9330781805130E-001    3.0000000000000E-001    9.7769272683766E-001
     203    2.9320054818728E-001    3.0000000000000E-001    9.7733516062426E-001
     204    2.9309665328133E-001    3.0000000000000E-001    9.7698884427111E-001
     205    2.9296779896373E-001    3.0000000000000E-001    9.7655932987909E-001
     206    2.9284299495073E-001    3.0000000000000E-001    9.7614331650243E-001
     207    2.9272291563870E-001    3.0000000000000E-001    9.7574305212899E-001
     208    2.9260621162201E-001    3.0000000000000E-001    9.7535403874003E-001
     209    2.9248883532038E-001    3.0000000000000E-001    9.7496278440126E-001
     210    2.9235797025978E-001    3.0000000000000E-001    9.7452656753258E-001
     211    2.9222441001286E-001    3.0000000000000E-001    9.7408136670954E-001
     212    2.9210029623993E-001    3.0000000000000E-001    9.7366765413309E-001
     213    2.9197483621081E-001    3.0000000000000E-001    9.7324945403602E-001
     214    2.9184803006198E-001    3.0000000000000E-001    9.7282676687328E-001
     215    2.9172729718390E-001    3.0000000000000E-001    9.7242432394634E-001
     216    2.9159037997082E-001    3.0000000000000E-001    9.7196793323608E-001
     217    2.9144132638455E-001    3.0000000000000E-001    9.7147108794850E-001
     218    2.9130846324840E-001    3.0000000000000E-001    9.7102821082801E-001
     219    2.9116009229034E-001    3.0000000000000E-001    9.7053364096781E-001
     220    2.9101105136548E-001    3.0000000000000E-001    9.7003683788493E-001
     221    2.9086471242280E-001    3.0000000000000E-001    9.6954904140933E-001
     222    2.9072444700390E-001    3.0000000000000E-001    9.6908149001302E-001
     223    2.9057609385783E-001    3.0000000000000E-001    9.6858697952611E-001
     224    2.9042302531981E-001    3.0000000000000E-001    9.6807675106604E-001
     225    2.9027265898357E-001    3.0000000000000E-001    9.6757552994525E-001
     226    2.9011150957566E-001    3.0000000000000E-001    9.6703836525219E-001
     227    2.8996857020648E-001    3.0000000000000E-001    9.6656190068826E-001
     228    2.8979866720255E-001    3.0000000000000E-001    9.6599555734184E-001
     229    2.8963416431366E-001    3.0000000000000E-001    9.6544721437886E-001
     230    2.8946966779283E-001    3.0000000000000E-001    9.6489889264276E-001
     231    2.8930315536286E-001    3.0000000000000E-001    9.6434385120955E-001
     232    2.8913732376477E-001    3.0000000000000E-001    9.6379107921589E-001
     233    2.8896812859694E-001    3.0000000000000E-001    9.6322709532312E-001
     234    2.8878545979596E-001    3.0000000000000E-001    9.6261819931988E-001
     235    2.8860684353832E-001    3.0000000000000E-001    9.6202281179440E-001
     236    2.8842216974858E-001    3.0000000000000E-001    9.6140723249526E-001
     237    2.8820852550251E-001    3.0000000000000E-001    9.6069508500837E-001
     238    2.8801645829552E-001    3.0000000000000E-001    9.6005486098506E-001
     239    2.8783518301615E-001    3.0000000000000E-001    9.5945061005382E-001
     240    2.8766671970365E-001    3.0000000000000E-001    9.5888906567884E-001
     241    2.8746996462770E-001    3.0000000000000E-001    9.5823321542565E-001
     242    2.8727928443241E-001    3.0000000000000E-001    9.5759761477470E-001
     243    2.8708053004378E-001    3.0000000000000E-001    9.5693510014592E-001
     244    2.8689660834120E-001    3.0000000000000E-001    9.5632202780401E-001
     245    2.8668911902914E-001    3.0000000000000E-001    9.5563039676379E-001
     246    2.8648029553052E-001    3.0000000000000E-001    9.5493431843506E-001
     247    2.8625666715956E-001    3.0000000000000E-001    9.5418889053186E-001
     248    2.8601891075580E-001    3.0000000000000E-001    9.5339636918602E-001
     249    2.8579598834049E-001    3.0000000000000E-001    9.5265329446830E-001
     250    2.8559328429276E-001    3.0000000000000E-001    9.5197761430920E-001
     251    2.8537173944961E-001    3.0000000000000E-001    9.5123913149871E-001
     252    2.8518253016965E-001    3.0000000000000E-001    9.5060843389885E-001
     253    2.8495697615579E-001    3.0000000000000E-001    9.4985658718598E-001
     254    2.8472470737182E-001    3.0000000000000E-001    9.4908235790607E-001
     255    2.8447091624718E-001    3.0000000000000E-001    9.4823638749061E-001
     256    2.8423128289728E-001    3.0000000000000E-001    9.4743760965759E-001
     257    2.8398426670147E-001    3.0000000000000E-001    9.4661422233824E-001
     258    2.8375611616263E-001    3.0000000000000E-001    9.4585372054209E-001
     259    2.8353000362768E-001    3.0000000000000E-001    9.4510001209226E-001
     260    2.8327295848693E-001    3.0000000000000E-001    9.4424319495642E-001
     261    2.8303477678337E-001    3.0000000000000E-001    9.4344925594457E-001
     262    2.8278921687986E-001    3.0000000000000E-001    9.4263072293287E-001
     263    2.8253762656625E-001    3.0000000000000E-001    9.4179208855418E-001
     264    2.8229009700396E-001    3.0000000000000E-001    9.4096699001320E-001
     265    2.8202779643337E-001    3.0000000000000E-001    9.4009265477790E-001
     266    2.8176821382929E-001    3.0000000000000E-001    9.3922737943095E-001
     267    2.8150664202954E-001    3.0000000000000E-001    9.3835547343179E-001
     268    2.8125652832069E-001    3.0000000000000E-001    9.3752176106897E-001
     269    2.8099097981608E-001    3.0000000000000E-001    9.3663659938695E-001
     270    2.8074495450498E-001    3.0000000000000E-001    9.3581651501660E-001
     271    2.8047610474230E-001    3.0000000000000E-001    9.3492034914102E-001
     272    2.8022475927310E-001    3.0000000000000E-001    9.3408253091033E-001
     273    2.7995261245146E-001    3.0000000000000E-001    9.3317537483820E-001
     274    2.7966437530191E-001    3.0000000000000E-001    9.3221458433969E-001
     275    2.7941177949713E-001    3.0000000000000E-001    9.3137259832376E-001
     276    2.7916257200874E-001    3.0000000000000E-001    9.3054190669580E-001
     277    2.7888384386817E-001    3.0000000000000E-001    9.2961281289389E-001
     278    2.7860313861365E-001    3.0000000000000E-001    9.2867712871216E-001
     279    2.7833992839673E-001    3.0000000000000E-001    9.2779976132244E-001
     280    2.7802707506688E-001    3.0000000000000E-001    9.2675691688960E-001
     281    2.7774246139613E-001    3.0000000000000E-001    9.2580820465375E-001
     282    2.7744379551257E-001    3.0000000000000E-001    9.2481265170858E-001
     283    2.7715322757492E-001    3.0000000000000E-001    9.2384409191639E-001
     284    2.7686270362788E-001    3.0000000000000E-001    9.2287567875961E-001
     285    2.7654472157440E-001    3.0000000000000E-001    9.2181573858135E-001
     286    2.7622545227086E-001    3.0000000000000E-001    9.2075150756953E-001
     287    2.7590892049868E-001    3.0000000000000E-001    9.1969640166226E-001
     288    2.7561255719942E-001    3.0000000000000E-001    9.1870852399805E-001
     289    2.7530350639650E-001    3.0000000000000E-001    9.1767835465501E-001
     290    2.7500791382189E-001    3.0000000000000E-001    9.1669304607295E-001
     291    2.7468824738747E-001    3.0000000000000E-001    9.1562749129155E-001
     292    2.7441486884830E-001    3.0000000000000E-001    9.1471622949434E-001
     293    2.7406784829185E-001    3.0000000000000E-001    9.1355949430617E-001
     294    2.7374634849974E-001    3.0000000000000E-001    9.1248782833247E-001
     295    2.7341486678514E-001    3.0000000000000E-001    9.1138288928381E-001
     296    2.7309550210063E-001    3.0000000000000E-001    9.1031834033544E-001
     297    2.7278155478592E-001    3.0000000000000E-001    9.0927184928638E-001
     298    2.7244491614461E-001    3.0000000000000E-001    9.0814972048203E-001
     299    2.7212239898198E-001    3.0000000000000E-001    9.0707466327325E-001
     300    2.7177921188666E-001    3.0000000000000E-001    9.0593070628886E-001
     301    2.7144211965577E-001    3.0000000000000E-001    9.0480706551925E-001
     302    2.7109306670083E-001    3.0000000000000E-001    9.0364355566943E-001
     303    2.7075345269917E-001    3.0000000000000E-001    9.0251150899723E-001
     304    2.7046002953475E-001    3.0000000000000E-001    9.0153343178250E-001
     305    2.7011254217259E-001    3.0000000000000E-001    9.0037514057530E-001
     306    2.6977114951990E-001    3.0000000000000E-001    8.9923716506634E-001
     307    2.6941714847552E-001    3.0000000000000E-001    8.9805716158507E-001
     308    2.6904387272858E-001    3.0000000000000E-001    8.9681290909528E-001
     309    2.6868538069231E-001    3.0000000000000E-001    8.9561793564102E-001
     310    2.6829761893812E-001    3.0000000000000E-001    8.9432539646039E-001
     311    2.6795199576013E-001    3.0000000000000E-001    8.9317331920043E-001
     312    2.6759445495376E-001    3.0000000000000E-001    8.9198151651253E-001
     313    2.6724034312171E-001    3.0000000000000E-001    8.9080114373903E-001
     314    2.6686232779924E-001    3.0000000000000E-001    8.8954109266412E-001
     315    2.6647775712712E-001    3.0000000000000E-001    8.8825919042373E-001
     316    2.6611994870553E-001    3.0000000000000E-001    8.8706649568510E-001
     317    2.6577556059174E-001    3.0000000000000E-001    8.8591853530579E-001
     318    2.6541928036272E-001    3.0000000000000E-001    8.8473093454239E-001
     319    2.6501583997214E-001    3.0000000000000E-001    8.8338613324047E-001
     320    2.6462051551118E-001    3.0000000000000E-001    8.8206838503728E-001
     321    2.6424128326763E-001    3.0000000000000E-001    8.8080427755878E-001
     322    2.6387679956638E-001    3.0000000000000E-001    8.7958933188792E-001
     323    2.6347719168770E-001    3.0000000000000E-001    8.7825730562568E-001
     324    2.6309034491413E-001    3.0000000000000E-001    8.7696781638042E-001
     325    2.6271093324944E-001    3.0000000000000E-001    8.7570311083146E-001
     326    2.6231304934110E-001    3.0000000000000E-001    8.7437683113699E-001
     327    2.6190534439114E-001    3.0000000000000E-001    8.7301781463713E-001
     328    2.6151902259826E-001    3.0000000000000E-001    8.7173007532753E-001
     329    2.6112619880806E-001    3.0000000000000E-001    8.7042066269354E-001
     330    2.6070897513414E-001    3.0000000000000E-001    8.6902991711381E-001
     331    2.6032174175005E-001    3.0000000000000E-001    8.6773913916683E-001
     332    2.5991211351291E-001    3.0000000000000E-001    8.6637371170969E-001
     333    2.5951323983372E-001    3.0000000000000E-001    8.6504413277907E-001
     334    2.5912246145891E-001    3.0000000000000E-001    8.6374153819635E-001
     335    2.5875433448205E-001    3.0000000000000E-001    8.6251444827349E-001
     336    2.5835920530345E-001    3.0000000000000E-001    8.6119735101149E-001
     337    2.5794835104541E-001    3.0000000000000E-001    8.5982783681802E-001
     338    2.5750989078502E-001    3.0000000000000E-001    8.5836630261675E-001
     339    2.5710598686848E-001    3.0000000000000E-001    8.5701995622827E-001
     340    2.5670092361969E-001    3.0000000000000E-001    8.5566974539898E-001
     341    2.5628545878083E-001    3.0000000000000E-001    8.5428486260278E-001
     342    2.5585498659064E-001    3.0000000000000E-001    8.5284995530212E-001
     343    2.5544251865151E-001    3.0000000000000E-001    8.5147506217169E-001
     344    2.5500912187311E-001    3.0000000000000E-001    8.5003040624370E-001
     345    2.5459767535467E-001    3.0000000000000E-001    8.4865891784891E-001
     346    2.5419760924457E-001    3.0000000000000E-001    8.4732536414856E-001
     347    2.5377927085825E-001    3.0000000000000E-001    8.4593090286082E-001
     348    2.5334268656315E-001    3.0000000000000E-001    8.4447562187715E-001
     349    2.5292341784630E-001    3.0000000000000E-001    8.4307805948765E-001
     350    2.5250763021068E-001    3.0000000000000E-001    8.4169210070227E-001
     351    2.5207625516572E-001    3.0000000000000E-001    8.4025418388572E-001
     352    2.5163457395256E-001    3.0000000000000E-001    8.3878191317522E-001
     353    2.5120821828602E-001    3.0000000000000E-001    8.3736072762005E-001
     354    2.5082670990231E-001    3.0000000000000E-001    8.3608903300769E-001
     355    2.5041912030917E-001    3.0000000000000E-001    8.3473040103055E-001
     356    2.5001172273852E-001    3.0000000000000E-001    8.3337240912840E-001
     357    2.4959271856102E-001    3.0000000000000E-001    8.3197572853674E-001
     358    2.4918178372126E-001    3.0000000000000E-001    8.3060594573753E-001
     359    2.4877628859025E-001    3.0000000000000E-001    8.2925429530084E-001
     360    2.4834807938296E-001    3.0000000000000E-001    8.2782693127655E-001
     361    2.4793971910573E-001    3.0000000000000E-001    8.2646573035244E-001
     362    2.4750540483625E-001    3.0000000000000E-001    8.2501801612084E-001
     363    2.4707001507132E-001    3.0000000000000E-001    8.2356671690439E-001
     364    2.4667927955735E-001    3.0000000000000E-001    8.2226426519118E-001
     365    2.4627502337098E-001    3.0000000000000E-001    8.2091674456992E-001
     366    2.4585857395991E-001    3.0000000000000E-001    8.1952857986637E-001
     367    2.4546125936714E-001    3.0000000000000E-001    8.1820419789047E-001
     368    2.4506610241371E-001    3.0000000000000E-001    8.1688700804570E-001
     369    2.4465225128903E-001    3.0000000000000E-001    8.1550750429677E-001
     370    2.4423927392130E-001    3.0000000000000E-001    8.1413091307102E-001
     371    2.4384799844181E-001    3.0000000000000E-001    8.1282666147271E-001
     372    2.4343871022088E-001    3.0000000000000E-001    8.1146236740295E-001
     373    2.4300623923700E-001    3.0000000000000E-001    8.1002079745667E-001
     374    2.4260585824674E-001    3.0000000000000E-001    8.0868619415579E-001
     375    2.4219984889614E-001    3.0000000000000E-001    8.0733282965380E-001
     376    2.4179860750271E-001    3.0000000000000E-001    8.0599535834238E-001
     377    2.4138850488661E-001    3.0000000000000E-001    8.0462834962204E-001
     378    2.4095594301665E-001    3.0000000000000E-001    8.0318647672216E-001
     379    2.4053789642455E-001    3.0000000000000E-001    8.0179298808183E-001
     380    2.4015441681520E-001    3.0000000000000E-001    8.0051472271735E-001
     381    2.3973425324438E-001    3.0000000000000E-001    7.9911417748126E-001
     382    2.3933698016180E-001    3.0000000000000E-001    7.9778993387268E-001
     383    2.3895868138738E-001    3.0000000000000E-001    7.9652893795794E-001
     384    2.3859157366803E-001    3.0000000000000E-001    7.9530524556010E-001
     385    2.3819495578871E-001    3.0000000000000E-001    7.9398318596237E-001
     386    2.3780437676510E-001    3.0000000000000E-001    7.9268125588367E-001
     387    2.3741015245678E-001    3.0000000000000E-001    7.9136717485593E-001
     388    2.3701809275227E-001    3.0000000000000E-001    7.9006030917425E-001
     389    2.3662304142148E-001    3.0000000000000E-001    7.8874347140492E-001
     390    2.3623015655751E-001    3.0000000000000E-001    7.8743385519168E-001
     391    2.3584136652474E-001    3.0000000000000E-001    7.8613788841579E-001
     392    2.3548689320459E-001    3.0000000000000E-001    7.8495631068197E-001
     393    2.3509404571498E-001    3.0000000000000E-001    7.8364681904993E-001
     394    2.3469244344006E-001    3.0000000000000E-001    7.8230814480020E-001
     395    2.3433474680446E-001    3.0000000000000E-001    7.8111582268152E-001
     396    2.3391758019886E-001    3.0000000000000E-001    7.7972526732953E-001
     397    2.3355839490598E-001    3.0000000000000E-001    7.7852798301993E-001
     398    2.3319620982948E-001    3.0000000000000E-001    7.7732069943161E-001
     399    2.3283231247705E-001    3.0000000000000E-001    7.7610770825685E-001
     400    2.3247758904345E-001    3.0000000000000E-001    7.7492529681149E-001
     401    2.3212754686320E-001    3.0000000000000E-001    7.7375848954399E-001
     402    2.3174445640264E-001    3.0000000000000E-001    7.7248152134215E-001
     403    2.3138205229920E-001    3.0000000000000E-001    7.7127350766399E-001
     404    2.3099623657954E-001    3.0000000000000E-001    7.6998745526513E-001
     405    2.3065725408265E-001    3.0000000000000E-001    7.6885751360883E-001
     406    2.3034716627904E-001    3.0000000000000E-001    7.6782388759679E-001
     407    2.3001620048462E-001    3.0000000000000E-001    7.6672066828205E-001
     408    2.2968796729287E-001    3.0000000000000E-001    7.6562655764288E-001
     409    2.2934717977588E-001    3.0000000000000E-001    7.6449059925295E-001
     410    2.2899704293342E-001    3.0000000000000E-001    7.6332347644475E-001
     411    2.2868591510888E-001    3.0000000000000E-001    7.6228638369628E-001
     412    2.2835206697664E-001    3.0000000000000E-001    7.6117355658880E-001
     413    2.2803429499358E-001    3.0000000000000E-001    7.6011431664526E-001
     414    2.2771098282158E-001    3.0000000000000E-001    7.5903660940526E-001
     415    2.2740244989684E-001    3.0000000000000E-001    7.5800816632279E-001
     416    2.2706109948776E-001    3.0000000000000E-001    7.5687033162588E-001
     417    2.2675291822013E-001    3.0000000000000E-001    7.5584306073376E-001
     418    2.2644046963114E-001    3.0000000000000E-001    7.5480156543712E-001
     419    2.2615035831941E-001    3.0000000000000E-001    7.5383452773136E-001
     420    2.2583064981881E-001    3.0000000000000E-001    7.5276883272936E-001
     421    2.2556236276129E-001    3.0000000000000E-001    7.5187454253763E-001
     422    2.2524615302338E-001    3.0000000000000E-001    7.5082051007793E-001
     423    2.2495666357343E-001    3.0000000000000E-001    7.4985554524475E-001
     424    2.2467995798742E-001    3.0000000000000E-001    7.4893319329140E-001
     425    2.2440465461569E-001    3.0000000000000E-001    7.4801551538562E-001
     426    2.2411939494709E-001    3.0000000000000E-001    7.4706464982364E-001
     427    2.2385131167006E-001    3.0000000000000E-001    7.4617103890018E-001
     428    2.2356886408612E-001    3.0000000000000E-001    7.4522954695373E-001
     429    2.2331869378647E-001    3.0000000000000E-001    7.4439564595490E-001
     430    2.2306612117757E-001    3.0000000000000E-001    7.4355373725858E-001
     431    2.2278975072750E-001    3.0000000000000E-001    7.4263250242501E-001
     432    2.2253554100381E-001    3.0000000000000E-001    7.4178513667937E-001
     433    2.2227076386200E-001    3.0000000000000E-001    7.4090254620667E-001
     434    2.2199417884900E-001    3.0000000000000E-001    7.3998059616334E-001
     435    2.2175040165734E-001    3.0000000000000E-001    7.3916800552446E-001
     436    2.2150610986013E-001    3.0000000000000E-001    7.3835369953376E-001
     437    2.2125879441116E-001    3.0000000000000E-001    7.3752931470385E-001
     438    2.2099340622959E-001    3.0000000000000E-001    7.3664468743197E-001
     439    2.2074006525115E-001    3.0000000000000E-001    7.3580021750384E-001
     440    2.2049624779044E-001    3.0000000000000E-001    7.3498749263479E-001
     441    2.2026256716463E-001    3.0000000000000E-001    7.3420855721544E-001
     442    2.2000207293883E-001    3.0000000000000E-001    7.3334024312943E-001
     443    2.1977049480442E-001    3.0000000000000E-001    7.3256831601474E-001
     444    2.1952338559204E-001    3.0000000000000E-001    7.3174461864014E-001
     445    2.1928327311665E-001    3.0000000000000E-001    7.3094424372217E-001
     446    2.1903015288290E-001    3.0000000000000E-001    7.3010050960968E-001
     447    2.1881213385485E-001    3.0000000000000E-001    7.2937377951618E-001
     448    2.1858297225837E-001    3.0000000000000E-001    7.2860990752790E-001
     449    2.1835516341607E-001    3.0000000000000E-001    7.2785054472023E-001
     450    2.1811747924285E-001    3.0000000000000E-001    7.2705826414283E-001
     451    2.1789985760254E-001    3.0000000000000E-001    7.2633285867513E-001
     452    2.1768108508019E-001    3.0000000000000E-001    7.2560361693396E-001
     453    2.1747424395207E-001    3.0000000000000E-001    7.2491414650689E-001
     454    2.1727558371128E-001    3.0000000000000E-001    7.2425194570427E-001
     455    2.1707451416663E-001    3.0000000000000E-001    7.2358171388877E-001
     456    2.1686543949226E-001    3.0000000000000E-001    7.2288479830752E-001
     457    2.1664712656512E-001    3.0000000000000E-001    7.2215708855040E-001
     458    2.1646061177401E-001    3.0000000000000E-001    7.2153537258005E-001
     459    2.1626049882170E-001    3.0000000000000E-001    7.2086832940566E-001
     460    2.1606108951863E-001    3.0000000000000E-001    7.2020363172875E-001
     461    2.1587231662881E-001    3.0000000000000E-001    7.1957438876269E-001
     462    2.1565941486889E-001    3.0000000000000E-001    7.1886471622965E-001
     463    2.1547576198426E-001    3.0000000000000E-001    7.1825253994754E-001
     464    2.1527481713384E-001    3.0000000000000E-001    7.1758272377947E-001
     465    2.1508635303368E-001    3.0000000000000E-001    7.1695451011226E-001
     466    2.1489982211972E-001    3.0000000000000E-001    7.1633274039906E-001
     467    2.1471398365724E-001    3.0000000000000E-001    7.1571327885748E-001
     468    2.1454741036659E-001    3.0000000000000E-001    7.1515803455531E-001
     469    2.1437718225298E-001    3.0000000000000E-001    7.1459060750995E-001
     470    2.1419216746724E-001    3.0000000000000E-001    7.1397389155748E-001
     471    2.1402021218977E-001    3.0000000000000E-001    7.1340070729923E-001
     472    2.1385512010594E-001    3.0000000000000E-001    7.1285040035314E-001
     473    2.1370306422032E-001    3.0000000000000E-001    7.1234354740106E-001
     474    2.1353808385689E-001    3.0000000000000E-001    7.1179361285629E-001
     475    2.1339168943499E-001    3.0000000000000E-001    7.1130563144995E-001
     476    2.1321694114647E-001    3.0000000000000E-001    7.1072313715489E-001
     477    2.1306324165894E-001    3.0000000000000E-001    7.1021080552981E-001
     478    2.1292563432774E-001    3.0000000000000E-001    7.0975211442580E-001
     479    2.1278745108678E-001    3.0000000000000E-001    7.0929150362261E-001
     480    2.1262772821245E-001    3.0000000000000E-001    7.0875909404151E-001
     481    2.1248408655079E-001    3.0000000000000E-001    7.0828028850262E-001
     482    2.1231522623803E-001    3.0000000000000E-001    7.0771742079342E-001
     483    2.1216983426708E-001    3.0000000000000E-001    7.0723278089026E-001
     484    2.1203926723822E-001    3.0000000000000E-001    7.0679755746074E-001
     485    2.1189950328288E-001    3.0000000000000E-001    7.0633167760960E-001
     486    2.1174562771582E-001    3.0000000000000E-001    7.0581875905272E-001
     487    2.1161026018843E-001    3.0000000000000E-001    7.0536753396145E-001
     488    2.1148538861005E-001    3.0000000000000E-001    7.0495129536683E-001
     489    2.1135194316830E-001    3.0000000000000E-001    7.0450647722766E-001
     490    2.1122591328069E-001    3.0000000000000E-001    7.0408637760229E-001
     491    2.1109807492516E-001    3.0000000000000E-001    7.0366024975053E-001
     492    2.1098133111704E-001    3.0000000000000E-001    7.0327110372346E-001
     493    2.1086953117157E-001    3.0000000000000E-001    7.0289843723857E-001
     494    2.1074179379010E-001    3.0000000000000E-001    7.0247264596699E-001
     495    2.1061409269896E-001    3.0000000000000E-001    7.0204697566318E-001
     496    2.1050668001826E-001    3.0000000000000E-001    7.0168893339419E-001
     497    2.1038763547730E-001    3.0000000000000E-001    7.0129211825768E-001
     498    2.1027414312075E-001    3.0000000000000E-001    7.0091381040251E-001
     499    2.1016558552701E-001    3.0000000000000E-001    7.0055195175669E-001
     500    2.1005276269783E-001    3.0000000000000E-001    7.0017587565942E-001
