       1    1.0000000000000E+001    1.0000000000000E+001
       2    1.0000000000000E+001    1.0000000000000E+001
       3    1.0000000000000E+001    1.0000000000000E+001
       4    1.0000000000000E+001    1.0000000000000E+001
       5    1.0000000000000E+001    1.0000000000000E+001
       6    1.2000000000000E+001    1.4000000000000E+001
       7    1.4000000000000E+001    1.7000000000000E+001
       8    1.7000000000000E+001    2.0000000000000E+001
       9    1.9000000000000E+001    2.4000000000000E+001
      10    2.2000000000000E+001    2.7000000000000E+001
      11    2.5000000000000E+001    3.1000000000000E+001
      12    2.9000000000000E+001    3.6000000000000E+001
      13    3.3000000000000E+001    4.2000000000000E+001
      14    3.9000000000000E+001    4.9000000000000E+001
      15    4.5000000000000E+001    5.7000000000000E+001
      16    5.2000000000000E+001    6.6000000000000E+001
      17    6.0000000000000E+001    7.6000000000000E+001
      18    6.9000000000000E+001    8.8000000000000E+001
      19    8.0000000000000E+001    1.0200000000000E+002
      20    9.3000000000000E+001    1.1900000000000E+002
      21    1.0700000000000E+002    1.3800000000000E+002
      22    1.2400000000000E+002    1.6000000000000E+002
      23    1.4150000000000E+002    1.8200000000000E+002
      24    1.6100000000000E+002    2.0800000000000E+002
      25    1.8400000000000E+002    2.3800000000000E+002
      26    2.1050000000000E+002    2.7300000000000E+002
      27    2.4100000000000E+002    3.1300000000000E+002
      28    2.7600000000000E+002    3.5800000000000E+002
      29    3.1500000000000E+002    4.1000000000000E+002
      30    3.6000000000000E+002    4.7000000000000E+002
      31    4.1100000000000E+002    5.3900000000000E+002
      32    4.7000000000000E+002    6.1700000000000E+002
      33    5.3750000000000E+002    7.0400000000000E+002
      34    6.1400000000000E+002    8.0600000000000E+002
      35    7.0300000000000E+002    9.2200000000000E+002
      36    8.0250000000000E+002    1.0550000000000E+003
      37    9.1400000000000E+002    1.2000000000000E+003
      38    1.0340000000000E+003    1.3640000000000E+003
      39    1.1690000000000E+003    1.5430000000000E+003
      40    1.3190000000000E+003    1.7400000000000E+003
      41    1.4830000000000E+003    1.9540000000000E+003
      42    1.6630000000000E+003    2.1920000000000E+003
      43    1.8610000000000E+003    2.4510000000000E+003
      44    2.0730000000000E+003    2.7320000000000E+003
      45    2.3025000000000E+003    3.0380000000000E+003
      46    2.5495000000000E+003    3.3640000000000E+003
      47    2.8140000000000E+003    3.7100000000000E+003
      48    3.0960000000000E+003    3.9890000000000E+003
      49    3.3905000000000E+003    4.2440000000000E+003
      50    3.6985000000000E+003    4.8405000000000E+003
      51    4.1375000000000E+003    5.4145000000000E+003
      52    4.5490000000000E+003    5.9585000000000E+003
      53    4.9265000000000E+003    6.4540000000000E+003
      54    5.4620000000000E+003    7.1110000000000E+003
      55    5.7380000000000E+003    7.4760000000000E+003
      56    5.9940000000000E+003    7.8155000000000E+003
      57    6.4830000000000E+003    8.4625000000000E+003
      58    7.0370000000000E+003    9.1950000000000E+003
      59    7.6250000000000E+003    9.9595000000000E+003
      60    8.1710000000000E+003    1.0677000000000E+004
      61    8.5320000000000E+003    1.1143500000000E+004
      62    8.8745000000000E+003    1.1587500000000E+004
      63    9.1885000000000E+003    1.1993000000000E+004
      64    9.8980000000000E+003    1.2909500000000E+004
      65    1.0485000000000E+004    1.3663500000000E+004
      66    1.1165000000000E+004    1.4538000000000E+004
      67    1.1863500000000E+004    1.5458000000000E+004
      68    1.2607500000000E+004    1.6469000000000E+004
      69    1.3011500000000E+004    1.7004000000000E+004
      70    1.3384500000000E+004    1.7498000000000E+004
      71    1.4181000000000E+004    1.8528500000000E+004
      72    1.4979000000000E+004    1.9553500000000E+004
      73    1.5813500000000E+004    2.0654500000000E+004
      74    1.6571000000000E+004    2.1653000000000E+004
      75    1.7478500000000E+004    2.2835000000000E+004
      76    1.8047500000000E+004    2.3590500000000E+004
      77    1.8419000000000E+004    2.4078500000000E+004
      78    1.9435500000000E+004    2.5413500000000E+004
      79    2.0402500000000E+004    2.6673500000000E+004
      80    2.1372500000000E+004    2.7961500000000E+004
      81    2.2290500000000E+004    2.9165000000000E+004
      82    2.3166500000000E+004    3.0304500000000E+004
      83    2.3649000000000E+004    3.0912000000000E+004
      84    2.4009000000000E+004    3.1390500000000E+004
      85    2.4990000000000E+004    3.2676500000000E+004
      86    2.5857000000000E+004    3.3803000000000E+004
      87    2.6774000000000E+004    3.4998500000000E+004
      88    2.7560000000000E+004    3.6007000000000E+004
      89    2.8437000000000E+004    3.7167000000000E+004
      90    2.8947500000000E+004    3.7819500000000E+004
      91    2.9343500000000E+004    3.8338000000000E+004
      92    3.0334000000000E+004    3.9633000000000E+004
      93    3.1198500000000E+004    4.0748000000000E+004
      94    3.2097500000000E+004    4.1949500000000E+004
      95    3.2943500000000E+004    4.3071000000000E+004
      96    3.3823500000000E+004    4.4231000000000E+004
      97    3.4324500000000E+004    4.4885500000000E+004
      98    3.4686500000000E+004    4.5378500000000E+004
      99    3.5627000000000E+004    4.6611000000000E+004
     100    3.6555000000000E+004    4.7798500000000E+004
     101    3.7436500000000E+004    4.8933500000000E+004
     102    3.8242500000000E+004    4.9988000000000E+004
     103    3.9091500000000E+004    5.1077500000000E+004
     104    3.9476000000000E+004    5.1574000000000E+004
     105    3.9798500000000E+004    5.1990500000000E+004
     106    4.0623500000000E+004    5.3094500000000E+004
     107    4.1528000000000E+004    5.4269500000000E+004
     108    4.2409500000000E+004    5.5422000000000E+004
     109    4.3267000000000E+004    5.6550500000000E+004
     110    4.4067500000000E+004    5.7599000000000E+004
     111    4.4498500000000E+004    5.8151000000000E+004
     112    4.4778500000000E+004    5.8511000000000E+004
     113    4.5567500000000E+004    5.9568500000000E+004
     114    4.6383000000000E+004    6.0615000000000E+004
     115    4.7127000000000E+004    6.1595000000000E+004
     116    4.7894000000000E+004    6.2595000000000E+004
     117    4.8748000000000E+004    6.3697500000000E+004
     118    4.9096500000000E+004    6.4162000000000E+004
     119    4.9401500000000E+004    6.4549500000000E+004
     120    5.0292500000000E+004    6.5718000000000E+004
     121    5.1131500000000E+004    6.6803000000000E+004
     122    5.2043000000000E+004    6.7982500000000E+004
     123    5.2831000000000E+004    6.9009500000000E+004
     124    5.3686000000000E+004    7.0145000000000E+004
     125    5.4039000000000E+004    7.0599000000000E+004
     126    5.4266500000000E+004    7.0902500000000E+004
     127    5.5187500000000E+004    7.2082000000000E+004
     128    5.6059500000000E+004    7.3203500000000E+004
     129    5.6922500000000E+004    7.4337000000000E+004
     130    5.7599000000000E+004    7.5222000000000E+004
     131    5.8409500000000E+004    7.6259000000000E+004
     132    5.8784500000000E+004    7.6757000000000E+004
     133    5.9031000000000E+004    7.7070000000000E+004
     134    5.9985000000000E+004    7.8341500000000E+004
     135    6.0818000000000E+004    7.9414500000000E+004
     136    6.1930000000000E+004    8.0855500000000E+004
     137    6.2958000000000E+004    8.2214000000000E+004
     138    6.4022000000000E+004    8.3619500000000E+004
     139    6.4625000000000E+004    8.4403500000000E+004
     140    6.4877500000000E+004    8.4736000000000E+004
     141    6.5952000000000E+004    8.6116000000000E+004
     142    6.7012500000000E+004    8.7494500000000E+004
     143    6.8096500000000E+004    8.8919000000000E+004
     144    6.9111500000000E+004    9.0232000000000E+004
     145    7.0071000000000E+004    9.1506000000000E+004
     146    7.0568500000000E+004    9.2193500000000E+004
     147    7.0814000000000E+004    9.2491000000000E+004
     148    7.1769000000000E+004    9.3720000000000E+004
     149    7.2717500000000E+004    9.4992000000000E+004
     150    7.3681000000000E+004    9.6290500000000E+004
     151    7.4635000000000E+004    9.7558500000000E+004
     152    7.5482500000000E+004    9.8676000000000E+004
     153    7.5983000000000E+004    9.9327500000000E+004
     154    7.6233500000000E+004    9.9646000000000E+004
     155    7.7040500000000E+004    1.0067400000000E+005
     156    7.7992500000000E+004    1.0189100000000E+005
     157    7.8898000000000E+004    1.0312050000000E+005
     158    7.9726000000000E+004    1.0420550000000E+005
     159    8.0633500000000E+004    1.0540950000000E+005
     160    8.1062500000000E+004    1.0598450000000E+005
     161    8.1256000000000E+004    1.0621900000000E+005
     162    8.2085500000000E+004    1.0730550000000E+005
     163    8.3012000000000E+004    1.0853200000000E+005
     164    8.3967500000000E+004    1.0975850000000E+005
     165    8.4874500000000E+004    1.1092800000000E+005
     166    8.5821500000000E+004    1.1218100000000E+005
     167    8.6243000000000E+004    1.1277250000000E+005
     168    8.6412000000000E+004    1.1299950000000E+005
     169    8.7316500000000E+004    1.1418150000000E+005
     170    8.8393500000000E+004    1.1559400000000E+005
     171    8.9439500000000E+004    1.1689000000000E+005
     172    9.0319500000000E+004    1.1805800000000E+005
     173    9.1304500000000E+004    1.1934050000000E+005
     174    9.1784000000000E+004    1.1995500000000E+005
     175    9.2031500000000E+004    1.2028550000000E+005
     176    9.2987000000000E+004    1.2156050000000E+005
     177    9.3942000000000E+004    1.2282250000000E+005
     178    9.5285000000000E+004    1.2457000000000E+005
     179    9.6452500000000E+004    1.2608750000000E+005
     180    9.7604500000000E+004    1.2764450000000E+005
     181    9.8279500000000E+004    1.2853950000000E+005
     182    9.8524000000000E+004    1.2883700000000E+005
     183    9.9487000000000E+004    1.3007900000000E+005
     184    1.0079000000000E+005    1.3179450000000E+005
     185    1.0211650000000E+005    1.3352250000000E+005
     186    1.0337350000000E+005    1.3516350000000E+005
     187    1.0448150000000E+005    1.3664800000000E+005
     188    1.0509550000000E+005    1.3743800000000E+005
     189    1.0531750000000E+005    1.3774650000000E+005
     190    1.0621350000000E+005    1.3890150000000E+005
     191    1.0747500000000E+005    1.4051350000000E+005
     192    1.0867100000000E+005    1.4204450000000E+005
     193    1.0978300000000E+005    1.4351000000000E+005
     194    1.1086600000000E+005    1.4495800000000E+005
     195    1.1152500000000E+005    1.4584350000000E+005
     196    1.1173650000000E+005    1.4614050000000E+005
     197    1.1261650000000E+005    1.4733050000000E+005
     198    1.1331000000000E+005    1.4827350000000E+005
     199    1.1353400000000E+005    1.4854300000000E+005
     200    1.1471950000000E+005    1.5006200000000E+005
     201    1.1579400000000E+005    1.5143450000000E+005
     202    1.1641900000000E+005    1.5222650000000E+005
     203    1.1667000000000E+005    1.5253550000000E+005
     204    1.1758050000000E+005    1.5371200000000E+005
     205    1.1872350000000E+005    1.5513900000000E+005
     206    1.1982400000000E+005    1.5655200000000E+005
     207    1.2089800000000E+005    1.5792700000000E+005
     208    1.2193100000000E+005    1.5929100000000E+005
     209    1.2261000000000E+005    1.6019600000000E+005
     210    1.2289150000000E+005    1.6054000000000E+005
     211    1.2389800000000E+005    1.6186350000000E+005
     212    1.2496450000000E+005    1.6334850000000E+005
     213    1.2605400000000E+005    1.6478850000000E+005
     214    1.2711000000000E+005    1.6617200000000E+005
     215    1.2805150000000E+005    1.6740100000000E+005
     216    1.2853600000000E+005    1.6808200000000E+005
     217    1.2876050000000E+005    1.6836650000000E+005
     218    1.2971500000000E+005    1.6955750000000E+005
     219    1.3084200000000E+005    1.7104200000000E+005
     220    1.3193300000000E+005    1.7249850000000E+005
     221    1.3300500000000E+005    1.7386050000000E+005
     222    1.3407700000000E+005    1.7525450000000E+005
     223    1.3455200000000E+005    1.7591500000000E+005
     224    1.3482450000000E+005    1.7628150000000E+005
     225    1.3589850000000E+005    1.7776900000000E+005
     226    1.3709400000000E+005    1.7935600000000E+005
     227    1.3818950000000E+005    1.8078050000000E+005
     228    1.3940600000000E+005    1.8237800000000E+005
     229    1.4076350000000E+005    1.8413200000000E+005
     230    1.4137450000000E+005    1.8489850000000E+005
     231    1.4166250000000E+005    1.8527350000000E+005
     232    1.4337900000000E+005    1.8743250000000E+005
     233    1.4518600000000E+005    1.8970800000000E+005
     234    1.4677650000000E+005    1.9170300000000E+005
     235    1.4837200000000E+005    1.9383150000000E+005
     236    1.5005600000000E+005    1.9600650000000E+005
     237    1.5074400000000E+005    1.9691550000000E+005
     238    1.5103200000000E+005    1.9729200000000E+005
     239    1.5278350000000E+005    1.9965600000000E+005
     240    1.5448350000000E+005    2.0189400000000E+005
     241    1.5620850000000E+005    2.0409050000000E+005
     242    1.5768950000000E+005    2.0607450000000E+005
     243    1.5902950000000E+005    2.0788450000000E+005
     244    1.5965650000000E+005    2.0866700000000E+005
     245    1.5992600000000E+005    2.0903100000000E+005
     246    1.6051550000000E+005    2.0982900000000E+005
     247    1.6247550000000E+005    2.1231350000000E+005
     248    1.6426450000000E+005    2.1458950000000E+005
     249    1.6600100000000E+005    2.1685650000000E+005
     250    1.6758600000000E+005    2.1888900000000E+005
     251    1.6834000000000E+005    2.1986050000000E+005
     252    1.6863000000000E+005    2.2026250000000E+005
     253    1.7074300000000E+005    2.2309400000000E+005
     254    1.7284850000000E+005    2.2585600000000E+005
     255    1.7469750000000E+005    2.2833850000000E+005
     256    1.7648850000000E+005    2.3070000000000E+005
     257    1.7833650000000E+005    2.3306700000000E+005
     258    1.7916450000000E+005    2.3412600000000E+005
     259    1.7957200000000E+005    2.3464350000000E+005
     260    1.7999100000000E+005    2.3515700000000E+005
     261    1.8219850000000E+005    2.3813300000000E+005
     262    1.8413100000000E+005    2.4065300000000E+005
     263    1.8583650000000E+005    2.4298300000000E+005
     264    1.8775100000000E+005    2.4549600000000E+005
     265    1.8885550000000E+005    2.4691250000000E+005
     266    1.8927200000000E+005    2.4747050000000E+005
     267    1.9174550000000E+005    2.5082250000000E+005
     268    1.9435800000000E+005    2.5427200000000E+005
     269    1.9676150000000E+005    2.5743150000000E+005
     270    1.9934700000000E+005    2.6077000000000E+005
     271    2.0209850000000E+005    2.6440900000000E+005
     272    2.0358700000000E+005    2.6634200000000E+005
     273    2.0414300000000E+005    2.6704750000000E+005
     274    2.0740950000000E+005    2.7149950000000E+005
     275    2.1103000000000E+005    2.7615150000000E+005
     276    2.1496550000000E+005    2.8121500000000E+005
     277    2.1893850000000E+005    2.8644200000000E+005
     278    2.2303450000000E+005    2.9181650000000E+005
     279    2.2547500000000E+005    2.9508850000000E+005
     280    2.2618250000000E+005    2.9599800000000E+005
     281    2.3088000000000E+005    3.0224900000000E+005
     282    2.3540750000000E+005    3.0804700000000E+005
     283    2.3989550000000E+005    3.1388150000000E+005
     284    2.4459350000000E+005    3.2006600000000E+005
     285    2.4914250000000E+005    3.2604400000000E+005
     286    2.5163000000000E+005    3.2939450000000E+005
     287    2.5222900000000E+005    3.3019000000000E+005
     288    2.5702500000000E+005    3.3647650000000E+005
     289    2.6179750000000E+005    3.4280500000000E+005
     290    2.6634600000000E+005    3.4879750000000E+005
     291    2.7089750000000E+005    3.5484700000000E+005
     292    2.7578950000000E+005    3.6123600000000E+005
     293    2.7837650000000E+005    3.6469050000000E+005
     294    2.7908500000000E+005    3.6562550000000E+005
     295    2.8399900000000E+005    3.7196800000000E+005
     296    2.8871550000000E+005    3.7835850000000E+005
     297    2.9328100000000E+005    3.8444300000000E+005
     298    2.9711450000000E+005    3.8965550000000E+005
     299    2.9766050000000E+005    3.9036150000000E+005
     300    2.9946550000000E+005    3.9264000000000E+005
     301    3.0038450000000E+005    3.9385800000000E+005
     302    3.0576850000000E+005    4.0094100000000E+005
     303    3.1124100000000E+005    4.0800650000000E+005
     304    3.1605900000000E+005    4.1464700000000E+005
     305    3.2040100000000E+005    4.2034000000000E+005
     306    3.2100200000000E+005    4.2112400000000E+005
     307    3.2270450000000E+005    4.2337300000000E+005
     308    3.2365600000000E+005    4.2467500000000E+005
     309    3.2956550000000E+005    4.3259450000000E+005
     310    3.3549950000000E+005    4.4026150000000E+005
     311    3.4130650000000E+005    4.4803700000000E+005
     312    3.4719650000000E+005    4.5588200000000E+005
     313    3.5309900000000E+005    4.6367450000000E+005
     314    3.5656050000000E+005    4.6826200000000E+005
     315    3.5773250000000E+005    4.6981500000000E+005
     316    3.6422000000000E+005    4.7840400000000E+005
     317    3.7035950000000E+005    4.8650500000000E+005
     318    3.7645600000000E+005    4.9446800000000E+005
     319    3.8219350000000E+005    5.0218550000000E+005
     320    3.8778750000000E+005    5.0945900000000E+005
     321    3.9101500000000E+005    5.1377050000000E+005
     322    3.9200000000000E+005    5.1500050000000E+005
     323    3.9776550000000E+005    5.2261200000000E+005
     324    4.0345550000000E+005    5.3000450000000E+005
     325    4.0849350000000E+005    5.3671200000000E+005
     326    4.1326200000000E+005    5.4322050000000E+005
     327    4.1822450000000E+005    5.4972950000000E+005
     328    4.2094500000000E+005    5.5331450000000E+005
     329    4.2194000000000E+005    5.5453950000000E+005
     330    4.2720200000000E+005    5.6123200000000E+005
     331    4.3245800000000E+005    5.6798100000000E+005
     332    4.3692800000000E+005    5.7393600000000E+005
     333    4.4093200000000E+005    5.7932300000000E+005
     334    4.4471450000000E+005    5.8420700000000E+005
     335    4.4680700000000E+005    5.8695800000000E+005
     336    4.4750650000000E+005    5.8785900000000E+005
     337    4.4851550000000E+005    5.8920000000000E+005
     338    4.5249050000000E+005    5.9444700000000E+005
     339    4.5600050000000E+005    5.9887850000000E+005
     340    4.5926150000000E+005    6.0322100000000E+005
     341    4.6231900000000E+005    6.0732700000000E+005
     342    4.6397650000000E+005    6.0962350000000E+005
     343    4.6442950000000E+005    6.1024050000000E+005
     344    4.6792600000000E+005    6.1481450000000E+005
     345    4.7067550000000E+005    6.1841200000000E+005
     346    4.7331100000000E+005    6.2185550000000E+005
     347    4.7564600000000E+005    6.2499100000000E+005
     348    4.7822550000000E+005    6.2842900000000E+005
     349    4.7976300000000E+005    6.3042450000000E+005
     350    4.8022500000000E+005    6.3103600000000E+005
     351    4.8280100000000E+005    6.3447200000000E+005
     352    4.8522900000000E+005    6.3776750000000E+005
     353    4.8743700000000E+005    6.4065300000000E+005
     354    4.8958900000000E+005    6.4346250000000E+005
     355    4.9163700000000E+005    6.4620750000000E+005
     356    4.9282850000000E+005    6.4777550000000E+005
     357    4.9324600000000E+005    6.4834250000000E+005
     358    4.9594600000000E+005    6.5194600000000E+005
     359    4.9839450000000E+005    6.5515550000000E+005
     360    5.0051300000000E+005    6.5792200000000E+005
     361    5.0272750000000E+005    6.6079050000000E+005
     362    5.0497050000000E+005    6.6370950000000E+005
     363    5.0637000000000E+005    6.6550450000000E+005
     364    5.0684750000000E+005    6.6614650000000E+005
     365    5.0957100000000E+005    6.6966350000000E+005
     366    5.1187850000000E+005    6.7269100000000E+005
     367    5.1408450000000E+005    6.7550850000000E+005
     368    5.1605550000000E+005    6.7823150000000E+005
     369    5.1798000000000E+005    6.8083750000000E+005
     370    5.1911450000000E+005    6.8229450000000E+005
     371    5.1953700000000E+005    6.8286300000000E+005
     372    5.2175950000000E+005    6.8574850000000E+005
     373    5.2362400000000E+005    6.8823000000000E+005
     374    5.2523050000000E+005    6.9022850000000E+005
     375    5.2690000000000E+005    6.9242900000000E+005
     376    5.2857700000000E+005    6.9466800000000E+005
     377    5.2947650000000E+005    6.9587650000000E+005
     378    5.2990150000000E+005    6.9641200000000E+005
     379    5.3036750000000E+005    6.9706500000000E+005
     380    5.3241700000000E+005    6.9984100000000E+005
     381    5.3411350000000E+005    7.0208750000000E+005
     382    5.3569350000000E+005    7.0422800000000E+005
     383    5.3712350000000E+005    7.0607800000000E+005
     384    5.3795450000000E+005    7.0717650000000E+005
     385    5.3826000000000E+005    7.0757050000000E+005
     386    5.3992350000000E+005    7.0982850000000E+005
     387    5.4153600000000E+005    7.1191800000000E+005
     388    5.4287700000000E+005    7.1371350000000E+005
     389    5.4421400000000E+005    7.1549200000000E+005
     390    5.4547300000000E+005    7.1704450000000E+005
     391    5.4628100000000E+005    7.1807050000000E+005
     392    5.4657050000000E+005    7.1845550000000E+005
     393    5.4803500000000E+005    7.2037150000000E+005
     394    5.4940650000000E+005    7.2222000000000E+005
     395    5.5063350000000E+005    7.2383750000000E+005
     396    5.5112750000000E+005    7.2453100000000E+005
     397    5.5151000000000E+005    7.2507300000000E+005
     398    5.5178000000000E+005    7.2546500000000E+005
     399    5.5203500000000E+005    7.2582100000000E+005
     400    5.5349100000000E+005    7.2770650000000E+005
     401    5.5472200000000E+005    7.2932550000000E+005
     402    5.5589050000000E+005    7.3087050000000E+005
     403    5.5695250000000E+005    7.3230550000000E+005
     404    5.5813600000000E+005    7.3375250000000E+005
     405    5.5886250000000E+005    7.3471800000000E+005
     406    5.5907200000000E+005    7.3499150000000E+005
     407    5.6029600000000E+005    7.3667350000000E+005
     408    5.6150500000000E+005    7.3817600000000E+005
     409    5.6255550000000E+005    7.3954350000000E+005
     410    5.6362400000000E+005    7.4092150000000E+005
     411    5.6450350000000E+005    7.4203550000000E+005
     412    5.6502900000000E+005    7.4268650000000E+005
     413    5.6523300000000E+005    7.4293350000000E+005
     414    5.6629300000000E+005    7.4429600000000E+005
     415    5.6723900000000E+005    7.4556100000000E+005
     416    5.6815200000000E+005    7.4679000000000E+005
     417    5.6893050000000E+005    7.4777300000000E+005
     418    5.6965700000000E+005    7.4876100000000E+005
     419    5.7014250000000E+005    7.4940500000000E+005
     420    5.7029100000000E+005    7.4960050000000E+005
     421    5.7115650000000E+005    7.5073300000000E+005
     422    5.7201100000000E+005    7.5184550000000E+005
     423    5.7278800000000E+005    7.5285450000000E+005
     424    5.7350850000000E+005    7.5379250000000E+005
     425    5.7416650000000E+005    7.5466050000000E+005
     426    5.7433250000000E+005    7.5491150000000E+005
     427    5.7449750000000E+005    7.5512300000000E+005
     428    5.7520900000000E+005    7.5607350000000E+005
     429    5.7576350000000E+005    7.5677750000000E+005
     430    5.7639100000000E+005    7.5757600000000E+005
     431    5.7693750000000E+005    7.5826300000000E+005
     432    5.7746950000000E+005    7.5897800000000E+005
     433    5.7781100000000E+005    7.5941850000000E+005
     434    5.7789800000000E+005    7.5952650000000E+005
     435    5.7820000000000E+005    7.5993900000000E+005
     436    5.7878700000000E+005    7.6074300000000E+005
     437    5.7934750000000E+005    7.6148600000000E+005
     438    5.7977350000000E+005    7.6206600000000E+005
     439    5.8030850000000E+005    7.6278550000000E+005
     440    5.8058750000000E+005    7.6316800000000E+005
     441    5.8069050000000E+005    7.6329700000000E+005
     442    5.8123650000000E+005    7.6396200000000E+005
     443    5.8176250000000E+005    7.6463000000000E+005
     444    5.8223100000000E+005    7.6523950000000E+005
     445    5.8272900000000E+005    7.6587850000000E+005
     446    5.8326350000000E+005    7.6654750000000E+005
     447    5.8352600000000E+005    7.6690850000000E+005
     448    5.8362950000000E+005    7.6704750000000E+005
     449    5.8421250000000E+005    7.6782500000000E+005
     450    5.8478850000000E+005    7.6857300000000E+005
     451    5.8537650000000E+005    7.6934400000000E+005
     452    5.8586350000000E+005    7.6995350000000E+005
     453    5.8641350000000E+005    7.7067900000000E+005
     454    5.8666350000000E+005    7.7100200000000E+005
     455    5.8676700000000E+005    7.7113050000000E+005
     456    5.8731500000000E+005    7.7187400000000E+005
     457    5.8797200000000E+005    7.7267000000000E+005
     458    5.8863350000000E+005    7.7346250000000E+005
     459    5.8914650000000E+005    7.7418550000000E+005
     460    5.8974150000000E+005    7.7489200000000E+005
     461    5.9003550000000E+005    7.7523800000000E+005
     462    5.9014100000000E+005    7.7536700000000E+005
     463    5.9092450000000E+005    7.7631900000000E+005
     464    5.9168750000000E+005    7.7731450000000E+005
     465    5.9246050000000E+005    7.7833750000000E+005
     466    5.9314000000000E+005    7.7927200000000E+005
     467    5.9385300000000E+005    7.8022250000000E+005
     468    5.9423200000000E+005    7.8076400000000E+005
     469    5.9436300000000E+005    7.8095100000000E+005
     470    5.9519100000000E+005    7.8207800000000E+005
     471    5.9604950000000E+005    7.8324300000000E+005
     472    5.9694450000000E+005    7.8438150000000E+005
     473    5.9791750000000E+005    7.8563400000000E+005
     474    5.9885450000000E+005    7.8694850000000E+005
     475    5.9937700000000E+005    7.8766700000000E+005
     476    5.9955900000000E+005    7.8791400000000E+005
     477    6.0073750000000E+005    7.8941400000000E+005
     478    6.0210250000000E+005    7.9117600000000E+005
     479    6.0348100000000E+005    7.9295550000000E+005
     480    6.0491700000000E+005    7.9481350000000E+005
     481    6.0628150000000E+005    7.9657300000000E+005
     482    6.0712700000000E+005    7.9770000000000E+005
     483    6.0744200000000E+005    7.9818000000000E+005
     484    6.0911800000000E+005    8.0034700000000E+005
     485    6.1072750000000E+005    8.0251900000000E+005
     486    6.1235800000000E+005    8.0481250000000E+005
     487    6.1429850000000E+005    8.0748800000000E+005
     488    6.1622200000000E+005    8.1009400000000E+005
     489    6.1741000000000E+005    8.1173950000000E+005
     490    6.1789600000000E+005    8.1236250000000E+005
     491    6.2053050000000E+005    8.1589600000000E+005
     492    6.2325700000000E+005    8.1963850000000E+005
     493    6.2620250000000E+005    8.2359350000000E+005
     494    6.2914000000000E+005    8.2762600000000E+005
     495    6.3208900000000E+005    8.3143200000000E+005
     496    6.3392700000000E+005    8.3368300000000E+005
     497    6.3471300000000E+005    8.3467000000000E+005
     498    6.3847850000000E+005    8.3960800000000E+005
     499    6.4256800000000E+005    8.4500600000000E+005
     500    6.4647600000000E+005    8.5023750000000E+005
     501    6.5011900000000E+005    8.5495750000000E+005
     502    6.5383250000000E+005    8.5981050000000E+005
     503    6.5591600000000E+005    8.6259200000000E+005
     504    6.5673600000000E+005    8.6365450000000E+005
     505    6.6139300000000E+005    8.6972350000000E+005
     506    6.6600950000000E+005    8.7553150000000E+005
     507    6.7036350000000E+005    8.8125450000000E+005
     508    6.7505200000000E+005    8.8738000000000E+005
     509    6.7904500000000E+005    8.9269200000000E+005
     510    6.8161950000000E+005    8.9606350000000E+005
     511    6.8278750000000E+005    8.9749550000000E+005
     512    6.8776400000000E+005    9.0405100000000E+005
     513    6.9243850000000E+005    9.1014350000000E+005
     514    6.9685400000000E+005    9.1596150000000E+005
     515    7.0157050000000E+005    9.2228700000000E+005
     516    7.0575950000000E+005    9.2766450000000E+005
     517    7.0794200000000E+005    9.3040900000000E+005
     518    7.0895550000000E+005    9.3175900000000E+005
     519    7.1363200000000E+005    9.3759200000000E+005
     520    7.1810650000000E+005    9.4332000000000E+005
     521    7.2221750000000E+005    9.4851050000000E+005
     522    7.2640300000000E+005    9.5391950000000E+005
     523    7.3018450000000E+005    9.5881200000000E+005
     524    7.3246600000000E+005    9.6170100000000E+005
     525    7.3347800000000E+005    9.6302400000000E+005
     526    7.3763550000000E+005    9.6855300000000E+005
     527    7.4192250000000E+005    9.7437700000000E+005
     528    7.4192250000000E+005    9.7437700000000E+005
     529    7.4192250000000E+005    9.7437700000000E+005
     530    7.4192250000000E+005    9.7437700000000E+005
     531    7.4192250000000E+005    9.7437700000000E+005
     532    7.4192250000000E+005    9.7437700000000E+005
     533    7.4192250000000E+005    9.7437700000000E+005
     534    7.4192250000000E+005    9.7437700000000E+005
     535    7.4192250000000E+005    9.7437700000000E+005
     536    7.4192250000000E+005    9.7437700000000E+005
     537    7.4192250000000E+005    9.7437700000000E+005
     538    7.4192250000000E+005    9.7437700000000E+005
     539    7.4192250000000E+005    9.7437700000000E+005
     540    7.4192250000000E+005    9.7437700000000E+005
