       1    2.0000000000000E+000    2.0000000000000E+000
       2    2.0000000000000E+000    2.0000000000000E+000
       3    3.0000000000000E+000    3.0000000000000E+000
       4    7.0000000000000E+000    7.0000000000000E+000
       5    7.0000000000000E+000    7.0000000000000E+000
       6    2.8000000000000E+001    3.4000000000000E+001
       7    3.0000000000000E+001    3.7000000000000E+001
       8    3.7000000000000E+001    4.5000000000000E+001
       9    4.3000000000000E+001    5.2000000000000E+001
      10    4.5000000000000E+001    5.4000000000000E+001
      11    4.6000000000000E+001    5.6000000000000E+001
      12    4.9000000000000E+001    5.9000000000000E+001
      13    5.6000000000000E+001    6.8000000000000E+001
      14    6.1000000000000E+001    7.5000000000000E+001
      15    6.6000000000000E+001    8.1000000000000E+001
      16    7.1000000000000E+001    8.6000000000000E+001
      17    7.6000000000000E+001    9.3000000000000E+001
      18    7.8000000000000E+001    9.4000000000000E+001
      19    7.9000000000000E+001    9.6000000000000E+001
      20    8.4000000000000E+001    1.0300000000000E+002
      21    8.9000000000000E+001    1.1000000000000E+002
      22    9.1000000000000E+001    1.1200000000000E+002
      23    9.7000000000000E+001    1.2100000000000E+002
      24    1.0500000000000E+002    1.3000000000000E+002
      25    1.0700000000000E+002    1.3200000000000E+002
      26    1.0800000000000E+002    1.3400000000000E+002
      27    1.1000000000000E+002    1.3800000000000E+002
      28    1.1500000000000E+002    1.4350000000000E+002
      29    1.2200000000000E+002    1.5200000000000E+002
      30    1.2600000000000E+002    1.5700000000000E+002
      31    1.3200000000000E+002    1.6500000000000E+002
      32    1.3600000000000E+002    1.7000000000000E+002
      33    1.4000000000000E+002    1.7500000000000E+002
      34    1.4800000000000E+002    1.8500000000000E+002
      35    1.5100000000000E+002    1.8900000000000E+002
      36    1.6000000000000E+002    2.0000000000000E+002
      37    1.6800000000000E+002    2.1100000000000E+002
      38    1.7900000000000E+002    2.2500000000000E+002
      39    1.8500000000000E+002    2.3300000000000E+002
      40    1.8900000000000E+002    2.3800000000000E+002
      41    1.9800000000000E+002    2.4900000000000E+002
      42    2.1200000000000E+002    2.6700000000000E+002
      43    2.3200000000000E+002    2.9350000000000E+002
      44    2.4800000000000E+002    3.1500000000000E+002
      45    2.7300000000000E+002    3.5000000000000E+002
      46    2.8100000000000E+002    3.6000000000000E+002
      47    2.8850000000000E+002    3.7100000000000E+002
      48    3.0700000000000E+002    3.9500000000000E+002
      49    3.1700000000000E+002    4.1000000000000E+002
      50    3.3700000000000E+002    4.3450000000000E+002
      51    3.5750000000000E+002    4.6400000000000E+002
      52    3.6900000000000E+002    4.7900000000000E+002
      53    3.9200000000000E+002    5.1000000000000E+002
      54    4.0500000000000E+002    5.2750000000000E+002
      55    4.3100000000000E+002    5.6200000000000E+002
      56    4.5000000000000E+002    5.8800000000000E+002
      57    4.6900000000000E+002    6.1400000000000E+002
      58    5.1300000000000E+002    6.6750000000000E+002
      59    5.3100000000000E+002    6.9400000000000E+002
      60    5.5400000000000E+002    7.2600000000000E+002
      61    5.7300000000000E+002    7.5100000000000E+002
      62    6.1450000000000E+002    8.0700000000000E+002
      63    6.4800000000000E+002    8.5100000000000E+002
      64    6.7400000000000E+002    8.8400000000000E+002
      65    7.2050000000000E+002    9.4500000000000E+002
      66    7.7400000000000E+002    1.0230000000000E+003
      67    7.8950000000000E+002    1.0450000000000E+003
      68    8.1600000000000E+002    1.0825000000000E+003
      69    8.6650000000000E+002    1.1490000000000E+003
      70    9.3200000000000E+002    1.2395000000000E+003
      71    9.8500000000000E+002    1.3105000000000E+003
      72    1.0385000000000E+003    1.3810000000000E+003
      73    1.1025000000000E+003    1.4670000000000E+003
      74    1.1365000000000E+003    1.5190000000000E+003
      75    1.1690000000000E+003    1.5620000000000E+003
      76    1.2510000000000E+003    1.6710000000000E+003
      77    1.3640000000000E+003    1.8195000000000E+003
      78    1.4930000000000E+003    1.9875000000000E+003
      79    1.5995000000000E+003    2.1365000000000E+003
      80    1.7325000000000E+003    2.3260000000000E+003
      81    1.8490000000000E+003    2.4695000000000E+003
      82    1.9235000000000E+003    2.5715000000000E+003
      83    2.1195000000000E+003    2.8330000000000E+003
      84    2.2755000000000E+003    3.0525000000000E+003
      85    2.4420000000000E+003    3.2780000000000E+003
      86    2.5940000000000E+003    3.4770000000000E+003
      87    2.7815000000000E+003    3.7310000000000E+003
      88    2.8630000000000E+003    3.8570000000000E+003
      89    2.9305000000000E+003    3.9445000000000E+003
      90    3.1635000000000E+003    4.2490000000000E+003
      91    3.3630000000000E+003    4.5345000000000E+003
      92    3.5845000000000E+003    4.8340000000000E+003
      93    3.7820000000000E+003    5.0875000000000E+003
      94    3.9445000000000E+003    5.3160000000000E+003
      95    4.0495000000000E+003    5.4625000000000E+003
      96    4.1385000000000E+003    5.5815000000000E+003
      97    4.3290000000000E+003    5.8440000000000E+003
      98    4.5165000000000E+003    6.1010000000000E+003
      99    4.6900000000000E+003    6.3485000000000E+003
     100    4.8875000000000E+003    6.6190000000000E+003
     101    5.0615000000000E+003    6.8460000000000E+003
     102    5.1920000000000E+003    7.0210000000000E+003
     103    5.2805000000000E+003    7.1500000000000E+003
     104    5.5000000000000E+003    7.4210000000000E+003
     105    5.6805000000000E+003    7.6860000000000E+003
     106    5.8540000000000E+003    7.9185000000000E+003
     107    5.9985000000000E+003    8.1285000000000E+003
     108    6.2005000000000E+003    8.3885000000000E+003
     109    6.3230000000000E+003    8.5635000000000E+003
     110    6.4265000000000E+003    8.7025000000000E+003
     111    6.5945000000000E+003    8.9275000000000E+003
     112    6.7900000000000E+003    9.1990000000000E+003
     113    6.9710000000000E+003    9.4440000000000E+003
     114    7.1565000000000E+003    9.7030000000000E+003
     115    7.3465000000000E+003    9.9600000000000E+003
     116    7.4720000000000E+003    1.0136500000000E+004
     117    7.5530000000000E+003    1.0261500000000E+004
     118    7.7750000000000E+003    1.0546000000000E+004
     119    7.9785000000000E+003    1.0818000000000E+004
     120    8.1680000000000E+003    1.1083500000000E+004
     121    8.3465000000000E+003    1.1321500000000E+004
     122    8.5315000000000E+003    1.1605000000000E+004
     123    8.6550000000000E+003    1.1787500000000E+004
     124    8.7565000000000E+003    1.1933000000000E+004
     125    9.0205000000000E+003    1.2285000000000E+004
     126    9.2975000000000E+003    1.2643000000000E+004
     127    9.5345000000000E+003    1.2951500000000E+004
     128    9.7440000000000E+003    1.3272000000000E+004
     129    9.9820000000000E+003    1.3580500000000E+004
     130    1.0130000000000E+004    1.3792000000000E+004
     131    1.0223500000000E+004    1.3919000000000E+004
     132    1.0497000000000E+004    1.4305000000000E+004
     133    1.0760000000000E+004    1.4650500000000E+004
     134    1.0995000000000E+004    1.4985000000000E+004
     135    1.1177500000000E+004    1.5255000000000E+004
     136    1.1360500000000E+004    1.5513000000000E+004
     137    1.1469500000000E+004    1.5671000000000E+004
     138    1.1591500000000E+004    1.5828000000000E+004
     139    1.1880000000000E+004    1.6215000000000E+004
     140    1.2069500000000E+004    1.6499500000000E+004
     141    1.2276500000000E+004    1.6782500000000E+004
     142    1.2462000000000E+004    1.7046000000000E+004
     143    1.2624500000000E+004    1.7295000000000E+004
     144    1.2744500000000E+004    1.7463000000000E+004
     145    1.2836500000000E+004    1.7596500000000E+004
     146    1.3054500000000E+004    1.7901000000000E+004
     147    1.3272500000000E+004    1.8174500000000E+004
     148    1.3509000000000E+004    1.8489500000000E+004
     149    1.3713000000000E+004    1.8790000000000E+004
     150    1.3909500000000E+004    1.9081500000000E+004
     151    1.4012500000000E+004    1.9233000000000E+004
     152    1.4120500000000E+004    1.9391000000000E+004
     153    1.4338500000000E+004    1.9714500000000E+004
     154    1.4540000000000E+004    2.0001500000000E+004
     155    1.4736000000000E+004    2.0261000000000E+004
     156    1.4941500000000E+004    2.0545000000000E+004
     157    1.5119500000000E+004    2.0789500000000E+004
     158    1.5223500000000E+004    2.0923500000000E+004
     159    1.5313500000000E+004    2.1057000000000E+004
     160    1.5569500000000E+004    2.1427000000000E+004
     161    1.5789000000000E+004    2.1730500000000E+004
     162    1.6002000000000E+004    2.1983500000000E+004
     163    1.6211000000000E+004    2.2270000000000E+004
     164    1.6389000000000E+004    2.2513000000000E+004
     165    1.6496000000000E+004    2.2667500000000E+004
     166    1.6589000000000E+004    2.2791500000000E+004
     167    1.6824000000000E+004    2.3120000000000E+004
     168    1.7048500000000E+004    2.3416500000000E+004
     169    1.7283000000000E+004    2.3722000000000E+004
     170    1.7486000000000E+004    2.4014500000000E+004
     171    1.7689000000000E+004    2.4310500000000E+004
     172    1.7773000000000E+004    2.4419000000000E+004
     173    1.7873000000000E+004    2.4543500000000E+004
     174    1.8160500000000E+004    2.4912000000000E+004
     175    1.8372500000000E+004    2.5193500000000E+004
     176    1.8620500000000E+004    2.5512500000000E+004
     177    1.8841500000000E+004    2.5819000000000E+004
     178    1.9028500000000E+004    2.6074500000000E+004
     179    1.9121000000000E+004    2.6184000000000E+004
     180    1.9209000000000E+004    2.6301500000000E+004
     181    1.9476000000000E+004    2.6708000000000E+004
     182    1.9729000000000E+004    2.7044000000000E+004
     183    1.9946000000000E+004    2.7358500000000E+004
     184    2.0152000000000E+004    2.7629500000000E+004
     185    2.0325500000000E+004    2.7882500000000E+004
     186    2.0398500000000E+004    2.7994500000000E+004
     187    2.0503000000000E+004    2.8144000000000E+004
     188    2.0787000000000E+004    2.8527500000000E+004
     189    2.0932500000000E+004    2.8743000000000E+004
     190    2.1028500000000E+004    2.8872000000000E+004
     191    2.1299500000000E+004    2.9231000000000E+004
     192    2.1518000000000E+004    2.9515000000000E+004
     193    2.1621000000000E+004    2.9660500000000E+004
     194    2.1711500000000E+004    2.9788500000000E+004
     195    2.1994500000000E+004    3.0160000000000E+004
     196    2.2273500000000E+004    3.0558500000000E+004
     197    2.2526000000000E+004    3.0911500000000E+004
     198    2.2775500000000E+004    3.1248500000000E+004
     199    2.3016500000000E+004    3.1585500000000E+004
     200    2.3088500000000E+004    3.1685000000000E+004
     201    2.3169500000000E+004    3.1805500000000E+004
     202    2.3408000000000E+004    3.2156500000000E+004
     203    2.3710000000000E+004    3.2572000000000E+004
     204    2.3960500000000E+004    3.2929000000000E+004
     205    2.4178000000000E+004    3.3240000000000E+004
     206    2.4363500000000E+004    3.3520500000000E+004
     207    2.4455000000000E+004    3.3649500000000E+004
     208    2.4523000000000E+004    3.3751000000000E+004
     209    2.4736000000000E+004    3.4057500000000E+004
     210    2.4960500000000E+004    3.4366000000000E+004
     211    2.5205500000000E+004    3.4730500000000E+004
     212    2.5381500000000E+004    3.5017500000000E+004
     213    2.5602500000000E+004    3.5309000000000E+004
     214    2.5683000000000E+004    3.5418500000000E+004
     215    2.5779000000000E+004    3.5564000000000E+004
     216    2.6039000000000E+004    3.5938500000000E+004
     217    2.6292000000000E+004    3.6300500000000E+004
     218    2.6560000000000E+004    3.6670500000000E+004
     219    2.6789000000000E+004    3.7006500000000E+004
     220    2.7000500000000E+004    3.7325500000000E+004
     221    2.7138500000000E+004    3.7498000000000E+004
     222    2.7244000000000E+004    3.7657000000000E+004
     223    2.7576000000000E+004    3.8134500000000E+004
     224    2.7853000000000E+004    3.8510500000000E+004
     225    2.8114000000000E+004    3.8882000000000E+004
     226    2.8317500000000E+004    3.9196500000000E+004
     227    2.8519500000000E+004    3.9472500000000E+004
     228    2.8620000000000E+004    3.9608500000000E+004
     229    2.8698000000000E+004    3.9723500000000E+004
     230    2.9010500000000E+004    4.0156500000000E+004
     231    2.9257000000000E+004    4.0493000000000E+004
     232    2.9517500000000E+004    4.0864000000000E+004
     233    2.9739500000000E+004    4.1178500000000E+004
     234    2.9957000000000E+004    4.1450500000000E+004
     235    3.0103000000000E+004    4.1629500000000E+004
     236    3.0190500000000E+004    4.1740000000000E+004
     237    3.0436000000000E+004    4.2079500000000E+004
     238    3.0718500000000E+004    4.2459500000000E+004
     239    3.0975500000000E+004    4.2811500000000E+004
     240    3.1207000000000E+004    4.3131000000000E+004
     241    3.1454000000000E+004    4.3461500000000E+004
     242    3.1542000000000E+004    4.3589500000000E+004
     243    3.1620000000000E+004    4.3698500000000E+004
     244    3.1912500000000E+004    4.4096500000000E+004
     245    3.2180500000000E+004    4.4442000000000E+004
     246    3.2462500000000E+004    4.4820000000000E+004
     247    3.2720000000000E+004    4.5152500000000E+004
     248    3.2970500000000E+004    4.5471000000000E+004
     249    3.3082000000000E+004    4.5627500000000E+004
     250    3.3169500000000E+004    4.5776000000000E+004
     251    3.3333000000000E+004    4.5995000000000E+004
     252    3.3610000000000E+004    4.6400000000000E+004
     253    3.3945500000000E+004    4.6831500000000E+004
     254    3.4220000000000E+004    4.7215500000000E+004
     255    3.4454500000000E+004    4.7557000000000E+004
     256    3.4597000000000E+004    4.7713000000000E+004
     257    3.4699000000000E+004    4.7885000000000E+004
     258    3.5075000000000E+004    4.8422500000000E+004
     259    3.5384500000000E+004    4.8839500000000E+004
     260    3.5778500000000E+004    4.9289000000000E+004
     261    3.6093500000000E+004    4.9755500000000E+004
     262    3.6373000000000E+004    5.0145000000000E+004
     263    3.6534000000000E+004    5.0369000000000E+004
     264    3.6627000000000E+004    5.0510000000000E+004
     265    3.6936500000000E+004    5.0962000000000E+004
     266    3.7268500000000E+004    5.1449500000000E+004
     267    3.7630000000000E+004    5.1904500000000E+004
     268    3.7961000000000E+004    5.2348000000000E+004
     269    3.8237500000000E+004    5.2711000000000E+004
     270    3.8353000000000E+004    5.2895000000000E+004
     271    3.8457500000000E+004    5.3036000000000E+004
     272    3.8794000000000E+004    5.3521500000000E+004
     273    3.9109500000000E+004    5.3918500000000E+004
     274    3.9424000000000E+004    5.4349500000000E+004
     275    3.9728500000000E+004    5.4725500000000E+004
     276    4.0045500000000E+004    5.5150500000000E+004
     277    4.0234500000000E+004    5.5448500000000E+004
     278    4.0353500000000E+004    5.5624000000000E+004
     279    4.0739000000000E+004    5.6123000000000E+004
     280    4.1064000000000E+004    5.6522000000000E+004
     281    4.1440000000000E+004    5.7020500000000E+004
     282    4.1758500000000E+004    5.7493500000000E+004
     283    4.2029000000000E+004    5.7879000000000E+004
     284    4.2150000000000E+004    5.8040000000000E+004
     285    4.2296000000000E+004    5.8247500000000E+004
     286    4.2695000000000E+004    5.8802500000000E+004
     287    4.3033500000000E+004    5.9270000000000E+004
     288    4.3332500000000E+004    5.9681500000000E+004
     289    4.3618500000000E+004    6.0078500000000E+004
     290    4.3761500000000E+004    6.0280500000000E+004
     291    4.3975000000000E+004    6.0546000000000E+004
     292    4.4203500000000E+004    6.0826000000000E+004
     293    4.4708500000000E+004    6.1484000000000E+004
     294    4.5189500000000E+004    6.2107000000000E+004
     295    4.5604500000000E+004    6.2690500000000E+004
     296    4.5941000000000E+004    6.3140000000000E+004
     297    4.6137500000000E+004    6.3374000000000E+004
     298    4.6438000000000E+004    6.3743000000000E+004
     299    4.6685000000000E+004    6.4093500000000E+004
     300    4.7274000000000E+004    6.4918500000000E+004
     301    4.7867000000000E+004    6.5803500000000E+004
     302    4.8532500000000E+004    6.6837000000000E+004
     303    4.9157500000000E+004    6.7742000000000E+004
     304    4.9898000000000E+004    6.8810000000000E+004
     305    5.0215500000000E+004    6.9252500000000E+004
     306    5.0504500000000E+004    6.9648500000000E+004
     307    5.1431000000000E+004    7.0894000000000E+004
     308    5.2115000000000E+004    7.1899500000000E+004
     309    5.2841500000000E+004    7.2911500000000E+004
     310    5.3450000000000E+004    7.3750000000000E+004
     311    5.4087000000000E+004    7.4600500000000E+004
     312    5.4391500000000E+004    7.5014500000000E+004
     313    5.4665500000000E+004    7.5386500000000E+004
     314    5.5390500000000E+004    7.6391500000000E+004
     315    5.6048000000000E+004    7.7346500000000E+004
     316    5.6741500000000E+004    7.8160000000000E+004
     317    5.7311000000000E+004    7.8977500000000E+004
     318    5.7812500000000E+004    7.9704500000000E+004
     319    5.8078000000000E+004    8.0068000000000E+004
     320    5.8332000000000E+004    8.0416500000000E+004
     321    5.8976000000000E+004    8.1337000000000E+004
     322    5.9530500000000E+004    8.2082000000000E+004
     323    6.0040000000000E+004    8.2819000000000E+004
     324    6.0470500000000E+004    8.3417000000000E+004
     325    6.0848000000000E+004    8.3924000000000E+004
     326    6.1014500000000E+004    8.4153500000000E+004
     327    6.1161000000000E+004    8.4338500000000E+004
     328    6.1401500000000E+004    8.4634500000000E+004
     329    6.1784500000000E+004    8.5145000000000E+004
     330    6.2164000000000E+004    8.5691500000000E+004
     331    6.2445500000000E+004    8.6130000000000E+004
     332    6.2687500000000E+004    8.6483000000000E+004
     333    6.2820000000000E+004    8.6661000000000E+004
     334    6.2928000000000E+004    8.6799000000000E+004
     335    6.3229500000000E+004    8.7210500000000E+004
     336    6.3493500000000E+004    8.7579500000000E+004
     337    6.3737000000000E+004    8.7934000000000E+004
     338    6.3992500000000E+004    8.8255000000000E+004
     339    6.4230500000000E+004    8.8591000000000E+004
     340    6.4310000000000E+004    8.8686500000000E+004
     341    6.4392500000000E+004    8.8793000000000E+004
     342    6.4686000000000E+004    8.9208000000000E+004
     343    6.4897000000000E+004    8.9493500000000E+004
     344    6.5115500000000E+004    8.9791000000000E+004
     345    6.5319500000000E+004    9.0081000000000E+004
     346    6.5495000000000E+004    9.0324000000000E+004
     347    6.5559500000000E+004    9.0411500000000E+004
     348    6.5625000000000E+004    9.0498500000000E+004
     349    6.5867000000000E+004    9.0841000000000E+004
     350    6.6089500000000E+004    9.1136500000000E+004
     351    6.6325000000000E+004    9.1451000000000E+004
     352    6.6511500000000E+004    9.1726500000000E+004
     353    6.6683500000000E+004    9.1941500000000E+004
     354    6.6741500000000E+004    9.2022000000000E+004
     355    6.6805500000000E+004    9.2118500000000E+004
     356    6.7035500000000E+004    9.2420000000000E+004
     357    6.7194500000000E+004    9.2635000000000E+004
     358    6.7350000000000E+004    9.2866500000000E+004
     359    6.7493500000000E+004    9.3068500000000E+004
     360    6.7627000000000E+004    9.3262500000000E+004
     361    6.7677500000000E+004    9.3331500000000E+004
     362    6.7724000000000E+004    9.3407000000000E+004
     363    6.7868500000000E+004    9.3643500000000E+004
     364    6.7997000000000E+004    9.3845500000000E+004
     365    6.8110000000000E+004    9.3995000000000E+004
     366    6.8238500000000E+004    9.4134500000000E+004
     367    6.8333000000000E+004    9.4290500000000E+004
     368    6.8376000000000E+004    9.4357500000000E+004
     369    6.8401500000000E+004    9.4404500000000E+004
     370    6.8454500000000E+004    9.4466500000000E+004
     371    6.8616500000000E+004    9.4683000000000E+004
     372    6.8717000000000E+004    9.4831000000000E+004
     373    6.8831500000000E+004    9.4973500000000E+004
     374    6.8956500000000E+004    9.5118500000000E+004
     375    6.9007500000000E+004    9.5181500000000E+004
     376    6.9038500000000E+004    9.5226500000000E+004
     377    6.9180500000000E+004    9.5391500000000E+004
     378    6.9276000000000E+004    9.5534000000000E+004
     379    6.9376000000000E+004    9.5651500000000E+004
     380    6.9469000000000E+004    9.5788500000000E+004
     381    6.9552000000000E+004    9.5887500000000E+004
     382    6.9589500000000E+004    9.5947500000000E+004
     383    6.9630500000000E+004    9.5994000000000E+004
     384    6.9750500000000E+004    9.6158000000000E+004
     385    6.9846000000000E+004    9.6282500000000E+004
     386    6.9937500000000E+004    9.6392000000000E+004
     387    6.9981000000000E+004    9.6455500000000E+004
     388    7.0025500000000E+004    9.6512000000000E+004
     389    7.0076500000000E+004    9.6574500000000E+004
     390    7.0126000000000E+004    9.6641500000000E+004
     391    7.0251500000000E+004    9.6793500000000E+004
     392    7.0379500000000E+004    9.6963500000000E+004
     393    7.0473500000000E+004    9.7082000000000E+004
     394    7.0569000000000E+004    9.7216500000000E+004
     395    7.0670500000000E+004    9.7356500000000E+004
     396    7.0734500000000E+004    9.7441500000000E+004
     397    7.0774500000000E+004    9.7501500000000E+004
     398    7.0883000000000E+004    9.7657500000000E+004
     399    7.0970500000000E+004    9.7765000000000E+004
     400    7.1062500000000E+004    9.7886000000000E+004
     401    7.1139500000000E+004    9.7985000000000E+004
     402    7.1206000000000E+004    9.8086000000000E+004
     403    7.1232500000000E+004    9.8127000000000E+004
     404    7.1261500000000E+004    9.8167500000000E+004
     405    7.1356500000000E+004    9.8306000000000E+004
     406    7.1439500000000E+004    9.8424000000000E+004
     407    7.1506500000000E+004    9.8528000000000E+004
     408    7.1571000000000E+004    9.8614500000000E+004
     409    7.1632000000000E+004    9.8709500000000E+004
     410    7.1656000000000E+004    9.8757000000000E+004
     411    7.1677500000000E+004    9.8803500000000E+004
     412    7.1772500000000E+004    9.8949500000000E+004
     413    7.1842000000000E+004    9.9060000000000E+004
     414    7.1918000000000E+004    9.9165000000000E+004
     415    7.1979000000000E+004    9.9262500000000E+004
     416    7.2017500000000E+004    9.9335500000000E+004
     417    7.2038500000000E+004    9.9356000000000E+004
     418    7.2057000000000E+004    9.9383500000000E+004
     419    7.2139000000000E+004    9.9508500000000E+004
     420    7.2203000000000E+004    9.9596000000000E+004
     421    7.2273000000000E+004    9.9696000000000E+004
     422    7.2353500000000E+004    9.9797000000000E+004
     423    7.2405000000000E+004    9.9867000000000E+004
     424    7.2436500000000E+004    9.9911000000000E+004
     425    7.2466500000000E+004    9.9953000000000E+004
     426    7.2498000000000E+004    9.9998500000000E+004
     427    7.2585500000000E+004    1.0012800000000E+005
     428    7.2651000000000E+004    1.0020200000000E+005
     429    7.2693500000000E+004    1.0027400000000E+005
     430    7.2735500000000E+004    1.0032850000000E+005
     431    7.2761500000000E+004    1.0036050000000E+005
     432    7.2774500000000E+004    1.0038050000000E+005
     433    7.2842000000000E+004    1.0046700000000E+005
     434    7.2900000000000E+004    1.0052550000000E+005
     435    7.2953500000000E+004    1.0060150000000E+005
     436    7.2991000000000E+004    1.0064100000000E+005
     437    7.3043500000000E+004    1.0070850000000E+005
     438    7.3061500000000E+004    1.0073250000000E+005
     439    7.3089500000000E+004    1.0076600000000E+005
     440    7.3165000000000E+004    1.0085000000000E+005
     441    7.3222000000000E+004    1.0091800000000E+005
     442    7.3267000000000E+004    1.0097150000000E+005
     443    7.3328500000000E+004    1.0104400000000E+005
     444    7.3374500000000E+004    1.0109450000000E+005
     445    7.3395000000000E+004    1.0111100000000E+005
     446    7.3420500000000E+004    1.0113750000000E+005
     447    7.3489500000000E+004    1.0122350000000E+005
     448    7.3540500000000E+004    1.0128950000000E+005
     449    7.3618000000000E+004    1.0137100000000E+005
     450    7.3696000000000E+004    1.0146200000000E+005
     451    7.3738000000000E+004    1.0152900000000E+005
     452    7.3749000000000E+004    1.0154900000000E+005
     453    7.3773500000000E+004    1.0158500000000E+005
     454    7.3840500000000E+004    1.0167300000000E+005
     455    7.3886000000000E+004    1.0173300000000E+005
     456    7.3924000000000E+004    1.0178700000000E+005
     457    7.3980500000000E+004    1.0185400000000E+005
     458    7.4022500000000E+004    1.0192750000000E+005
     459    7.4047000000000E+004    1.0197150000000E+005
     460    7.4066000000000E+004    1.0199700000000E+005
     461    7.4137000000000E+004    1.0209650000000E+005
     462    7.4181000000000E+004    1.0215200000000E+005
     463    7.4205000000000E+004    1.0219500000000E+005
     464    7.4255500000000E+004    1.0225750000000E+005
     465    7.4325000000000E+004    1.0234600000000E+005
     466    7.4340500000000E+004    1.0237250000000E+005
     467    7.4369000000000E+004    1.0242400000000E+005
     468    7.4448000000000E+004    1.0253600000000E+005
     469    7.4510500000000E+004    1.0262450000000E+005
     470    7.4584500000000E+004    1.0273900000000E+005
     471    7.4671500000000E+004    1.0285700000000E+005
     472    7.4782500000000E+004    1.0298900000000E+005
     473    7.4830000000000E+004    1.0304200000000E+005
     474    7.4869000000000E+004    1.0309700000000E+005
     475    7.5031000000000E+004    1.0330050000000E+005
     476    7.5151000000000E+004    1.0348750000000E+005
     477    7.5283500000000E+004    1.0365950000000E+005
     478    7.5445500000000E+004    1.0384400000000E+005
     479    7.5572500000000E+004    1.0399900000000E+005
     480    7.5648000000000E+004    1.0408800000000E+005
     481    7.5713000000000E+004    1.0418350000000E+005
     482    7.5993000000000E+004    1.0457900000000E+005
     483    7.6372000000000E+004    1.0508350000000E+005
     484    7.6750500000000E+004    1.0558250000000E+005
     485    7.7109000000000E+004    1.0603500000000E+005
     486    7.7490000000000E+004    1.0652000000000E+005
     487    7.7616500000000E+004    1.0668650000000E+005
     488    7.7746500000000E+004    1.0687750000000E+005
     489    7.8253500000000E+004    1.0768250000000E+005
     490    7.8857000000000E+004    1.0861150000000E+005
     491    7.9561500000000E+004    1.0950950000000E+005
     492    8.0268500000000E+004    1.1054000000000E+005
     493    8.0949000000000E+004    1.1135500000000E+005
     494    8.1238000000000E+004    1.1169500000000E+005
     495    8.1466500000000E+004    1.1196500000000E+005
     496    8.2480500000000E+004    1.1326100000000E+005
     497    8.3431500000000E+004    1.1466950000000E+005
     498    8.4329000000000E+004    1.1603400000000E+005
     499    8.5342000000000E+004    1.1724650000000E+005
     500    8.6153500000000E+004    1.1847250000000E+005
     501    8.6532000000000E+004    1.1900700000000E+005
     502    8.6849000000000E+004    1.1948250000000E+005
     503    8.8184500000000E+004    1.2131750000000E+005
     504    8.9249500000000E+004    1.2287500000000E+005
     505    9.0356500000000E+004    1.2439700000000E+005
     506    9.1435500000000E+004    1.2604600000000E+005
     507    9.2437000000000E+004    1.2751550000000E+005
     508    9.2789000000000E+004    1.2793250000000E+005
     509    9.3137000000000E+004    1.2836850000000E+005
     510    9.4325500000000E+004    1.3005000000000E+005
     511    9.5430500000000E+004    1.3167050000000E+005
     512    9.6528000000000E+004    1.3317550000000E+005
     513    9.7425000000000E+004    1.3463700000000E+005
     514    9.8299000000000E+004    1.3595350000000E+005
     515    9.8628000000000E+004    1.3639450000000E+005
     516    9.9001000000000E+004    1.3685900000000E+005
     517    1.0032550000000E+005    1.3857700000000E+005
     518    1.0135550000000E+005    1.4000100000000E+005
     519    1.0135550000000E+005    1.4000100000000E+005
     520    1.0135550000000E+005    1.4000100000000E+005
     521    1.0135550000000E+005    1.4000100000000E+005
     522    1.0135550000000E+005    1.4000100000000E+005
     523    1.0135550000000E+005    1.4000100000000E+005
     524    1.0135550000000E+005    1.4000100000000E+005
     525    1.0135550000000E+005    1.4000100000000E+005
     526    1.0135550000000E+005    1.4000100000000E+005
     527    1.0135550000000E+005    1.4000100000000E+005
     528    1.0135550000000E+005    1.4000100000000E+005
     529    1.0135550000000E+005    1.4000100000000E+005
     530    1.0135550000000E+005    1.4000100000000E+005
     531    1.0135550000000E+005    1.4000100000000E+005
     532    1.0135550000000E+005    1.4000100000000E+005
     533    1.0135550000000E+005    1.4000100000000E+005
     534    1.0135550000000E+005    1.4000100000000E+005
     535    1.0135550000000E+005    1.4000100000000E+005
     536    1.0135550000000E+005    1.4000100000000E+005
     537    1.0135550000000E+005    1.4000100000000E+005
     538    1.0135550000000E+005    1.4000100000000E+005
     539    1.0135550000000E+005    1.4000100000000E+005
     540    1.0135550000000E+005    1.4000100000000E+005
