         1         0         1         0         0         0         0
         2         0         1         0         1         0         0
         3         2         2         0         2         0         0
         4         1         2         0         4         0         0
         5         3         0         0         6         0         0
         6         1         0         0         6         0         0
         7         0         2         0         6         0         0
         8         2         1         0         8         0         0
         9         6         3         0         9         0         0
        10         3         1         0        12         0         0
        11         3         0         0        13         0         0
        12         0         2         0        13         0         0
        13         0         6         0        15         0         0
        14         1         3         0        21         0         1
        15         3         3         0        24         0         0
        16         2         0         0        27         0         0
        17         1         0         0        27         0         0
        18         3         1         0        27         1         0
        19         4         3         0        28         0         0
        20         2         2         0        31         0         0
        21         5         1         2        33         0         0
        22         0         3         1        32         0         1
        23         8         4         3        34         0         1
        24         9         2         1        35         0         0
        25        10         5         0        36         0         0
        26         4         0         2        41         1         0
        27         6         8         6        39         1         1
        28         3         9         3        41         0         1
        29        13        10         3        47         0         3
        30        13         4         0        54         0         0
        31        12         6         0        58         1         0
        32        13         3         1        64         1         0
        33        11        13         3        66         3         1
        34        11        13         2        76         0         1
        35         3        12         1        87         0         1
        36         6        13         3        98         0         2
        37         6        11         4       108         1         1
        38        14        11         2       115         1         0
        39        16         3         5       124         1         0
        40        17         6         0       122         2         1
        41        10         6         8       128         1         2
        42        12        14         9       126         0         0
        43         0        16        10       131         0         0
        44         6        17         4       137         1         2
        45        10        10         6       150         2         0
        46        23        12         3       154         0         3
        47        16         0        13       163         0         0
        48        15         6        13       150         2         0
        49        14        10        12       143         0         0
        50         6        23        13       141         3         4
        51         2        16        11       151         0         1
        52        14        15        11       156         0         2
        53        21        14         3       160         0         3
        54        28         6         6       171         4         2
        55        18         2         6       171         1         0
        56        20        14        14       167         2         3
        57        13        21        16       167         3         4
        58         7        28        17       172         2         2
        59        16        18        10       183         0         2
        60        31        20        12       191         3         0
        61        16        13         0       199         4         1
        62        14         7         6       212         2         1
        63        26        16        10       213         2         2
        64        16        31        23       219         0         3
        65         8        16        16       227         1         3
        66        27        14        15       227         1         1
        67        25        26        14       226         2         3
        68        18        16         6       238         3         4
        69        38         8         2       248         3         2
        70        32        27        14       254         1         2
        71        14        25        21       267         3         2
        72        12        18        28       271         4         0
        73        35        38        18       261         2         5
        74        34        32        20       281         2         1
        75        23        14        13       293         2         0
        76        27        12         7       294         0         0
        77        33        35        16       299         5         6
        78        19        34        31       318         1         1
        79        20        23        16       321         0         1
        80        43        27        14       328         0         0
        81        32        33        26       341         6         4
        82        29        19        16       348         1         0
        83        37        20         8       351         1         1
        84        27        43        27       363         0         3
        85        33        32        25       379         4         6
        86        25        29        18       386         0         4
        87        41        37        38       397         1         3
        88        36        27        32       396         3         5
        89        56        33        14       391         6         1
        90        36        25        12       410         4         2
        91        38        41        35       423         3         5
        92        39        36        34       429         5         4
        93        17        56        23       431         1         5
        94        44        36        27       464         2         5
        95        53        38        33       473         5         3
        96        32        39        19       478         4         2
        97        57        17        20       498         5         2
        98        61        44        43       495         5         6
        99        40        53        32       496         3         7
       100        20        32        29       517         2         3
       101        45        57        37       520         2         5
       102        37        61        27       540         6         8
       103        50        40        33       574         7         3
       104        57        20        25       581         3         2
       105        54        45        41       576         5         8
       106        41        37        36       580         8         1
       107        37        50        56       581         3         5
       108        68        57        36       575         2         6
       109        45        54        38       596         8         4
       110        87        41        39       612         1         2
       111        55        37        17       614         5         1
       112        72        68        44       634         6        10
       113        29        45        53       658         4         3
       114        30        87        32       650         2         8
       115        72        55        57       705         1         5
       116        47        72        61       703        10         7
       117        31        29        40       714         3         5
       118        49        30        20       703         8         2
       119        58        72        45       713         5         5
       120        28        47        37       740         7         2
       121        27        31        50       750         5         7
       122        62        49        57       731         2         2
       123        54        58        54       723         5         7
       124        50        28        41       727         2         4
       125        36        27        37       714         7         3
       126        42        62        68       704         2         7
       127        37        54        45       698         7         5
       128        34        50        87       707         4         6
       129        52        36        55       670         3         5
       130        53        42        72       651         7         4
       131        44        37        29       621         5         4
       132        66        34        30       629         6         4
       133        51        52        72       633         5         4
       134        25        53        47       613         4         5
       135        14        44        31       619         4         5
       136        36        66        49       632         4         5
       137        40        51        58       649         4         2
       138        42        25        28       642         5         4
       139        30        14        27       639         5         1
       140        40        36        62       626         5         3
       141        20        40        54       600         2         5
       142        24        42        50       586         4         5
       143        71        30        36       578         1         4
       144        47        40        42       572         3         0
       145        38        20        37       570         5         0
       146        31        24        34       553         5         2
       147        31        71        52       543         4         9
       148        19        47        53       562         0        10
       149        32        38        44       556         0         2
       150        28        31        66       550         2         1
       151        43        31        51       515         9         5
       152        29        19        25       495        10         3
       153        44        32        14       489         2         0
       154        26        28        36       507         1         1
       155        13        43        40       499         5         2
       156        18        29        42       502         3         2
       157        40        44        30       489         0         5
       158        40        26        40       503         1         2
       159        35        13        20       489         2         2
       160        28        18        24       482         2         1
       161        22        40        71       476         5         7
       162        14        40        47       445         2         7
       163        23        35        38       438         2         4
       164        41        28        31       435         1         3
       165        16        22        31       432         7         3
       166        15        14        19       423         7         1
       167        38        23        32       418         4         2
       168        38        41        28       409         3         6
       169        13        16        43       422         3         1
       170        17        15        29       395         1         2
       171        36        38        44       381         2         3
       172        42        38        26       375         6         5
       173        22        13        13       387         1         2
       174        38        17        18       387         2         1
       175        19        36        40       386         3         3
       176        15        42        40       382         5         4
       177         6        22        35       384         2         3
       178        23        38        28       371         1         4
       179        28        19        22       381         3         0
       180        18        15        14       378         4         1
       181        36         6        23       379         3         0
       182        16        23        41       362         4         3
       183         9        28        16       344         0         1
       184         7        18        15       356         1         1
       185        25        36        38       359         0         0
       186         7        16        38       357         3         0
       187        20         9        13       335         1         1
       188        23         7        17       331         1         1
       189        28        25        36       321         0         3
       190        11         7        42       310         0         1
       191         9        20        22       275         1         2
       192        17        23        38       273         1         1
       193        20        28        19       258         3         2
       194        13        11        15       267         1         1
       195        15         9         6       263         2         0
       196        19        17        23       266         1         0
       197        10        20        28       260         2         2
       198        11        13        18       252         1         2
       199        28        15        36       247         0         2
       200        30        19        16       226         0         1
       201        15        10         9       229         2         2
       202         9        11         7       230         2         0
       203         6        28        25       234         2         4
       204         4        30         7       237         1         4
       205         9        15        20       260         2         1
       206        14         9        23       255         0         0
       207        25         6        28       241         4         2
       208        11         4        11       219         4         0
       209        10         9         9       212         1         2
       210        11        14        17       212         0         1
       211         5        25        20       209         2         2
       212         8        11        13       214         0         0
       213        16        10        15       212         2         1
       214        26        11        19       207         1         1
       215         8         5        10       199         2         1
       216        18         8        11       194         0         1
       217        14        16        28       191         1         2
       218        12        26        30       179         1         1
       219         9         8        15       175         1         0
       220        13        18         9       168         1         2
       221        24        14         6       177         2         1
       222        11        12         4       185         1         0
       223        12         9         9       193         0         0
       224        21        13        14       193         2         1
       225         3        24        25       192         1         1
       226         5        11        11       191         0         3
       227        10        12        10       191         0         0
       228        16        21        11       193         1         2
       229        15         3         5       203         1         0
       230        17         5         8       201         3         0
       231         8        10        16       198         0         0
       232         3        16        26       192         2         2
       233        20        15         8       182         0         1
       234        17        17        18       189         0         1
       235        38         8        14       188         0         0
       236        16         3        12       182         2         1
       237        16        20         9       173         1         0
       238        26        17        13       184         1         1
       239        16        38        24       188         0         1
       240        10        16        11       202         1         1
       241        24        16        12       207         0         0
       242        22        26        21       211         1         1
       243        37        16         3       216         1         2
       244        34        10         5       229         1         1
       245        14        24        10       234         0         4
       246        15        22        16       248         1         0
       247        13        37        15       254         2         7
       248        31        34        17       276         1         4
       249        14        14         8       293         4         3
       250        34        15         3       299         0         0
       251        16        13        20       311         7         1
       252        24        31        17       304         4         4
       253        14        14        38       318         3         0
       254        11        34        16       294         0         3
       255        36        16        16       312         1         1
       256        31        24        26       312         4         3
       257        21        14        16       310         0         0
       258        19        11        10       308         3         3
       259        36        36        24       309         1         1
       260        12        31        22       321         3         5
       261         9        21        37       330         0         1
       262        40        19        34       314         3         0
       263        21        36        14       299         1         2
       264        27        12        15       321         5         0
       265        30         9        13       318         1         1
       266        10        40        31       314         0         3
       267        18        21        14       323         2         2
       268        21        27        34       330         0         2
       269        65        30        16       323         1         4
       270        45        10        24       337         3         1
       271        46        18        14       323         2         2
       272        25        21        11       327         2         2
       273        18        65        36       337         4         4
       274        37        45        31       366         1         9
       275        31        46        21       380         2         7
       276        96        25        19       405         2         1
       277        90        18        36       411         4         6
       278        75        37        12       393         9         1
       279        78        31         9       418         7         1
       280        81        96        40       440         1        10
       281        57        90        21       496         6         5
       282        49        75        27       565         1        10
       283       141        78        30       613         1         8
       284       108        81        10       661        10         8
       285       135        57        18       732         5         9
       286       122        49        21       771        10         6
       287        96       141        65       799         8        17
       288        84       108        45       875         8        10
       289        55       135        46       938         9        10
       290       119       122        25      1027         6        10
       291       152        96        18      1124        17         8
       292       155        84        37      1202        10        10
       293       140        55        31      1249        10         6
       294       115       119        96      1273        10        13
       295        90       152        90      1296         8        15
       296        41       155        75      1358        10        14
       297       158       140        78      1438         6        11
       298       122       115        81      1500        13        14
       299       143        90        57      1534        15         7
       300       111        41        49      1567        14         3
       301        69       158       141      1559        11        16
       302        56       122       108      1576        14        10
       303        35       143       135      1590         7        15
       304        30       111       122      1598         3        13
       305        59        69        96      1587        16         9
       306        85        56        84      1560        10         7
       307        47        35        55      1532        15         0
       308        47        30       119      1512        13         4
       309        32        59       152      1423         9         6
       310        26        85       155      1330         7        13
       311        70        47       140      1260         0         4
       312        59        47       115      1167         4         2
       313        56        32        90      1099         6         2
       314        36        26        41      1041        13         3
       315        52        70       158      1026         4         8
       316        21        59       122       938         2         3
       317        22        56       143       875         2         6
       318        31        36       111       788         3         2
       319        29        52        69       713         8         6
       320        34        21        56       696         3         2
       321        33        22        35       661         6         1
       322        32        31        30       648         2         3
       323        11        29        59       649         6         1
       324        12        34        85       619         2         3
       325        45        33        47       568         1         3
       326        46        32        47       554         3         2
       327        34        11        32       539         1         0
       328        65        12        26       518         3         1
       329        29        45        70       504         3         4
       330        12        46        59       479         2         7
       331         8        34        56       466         0         3
       332        44        65        36       444         1         7
       333        39        29        52       473         4         5
       334        14        12        21       450         7         2
       335        16         8        22       441         3         0
       336        48        44        31       427         7         4
       337        16        39        29       440         5         8
       338        17        14        34       450         2         2
       339        32        16        33       430         0         1
       340        30        48        32       413         4         5
       341        30        16        11       429         8         0
       342        38        17        12       434         2         1
       343        29        32        45       439         1         1
       344        17        30        46       426         5         2
       345        30        30        34       410         0         2
       346         2        38        65       406         1         2
       347        40        29        29       379         1         4
       348        41        17        12       379         2         1
       349        20        30         8       384         2         2
       350        22         2        44       406         2         0
       351        15        40        39       364         4         3
       352         6        41        14       365         1         7
       353        36        20        16       392         2         2
       354        12        22        48       396         0         4
       355        22        15        16       370         3         0
       356        10         6        17       369         7         0
       357         5        36        32       358         2         5
       358         4        12        30       362         4         3
       359         7        22        30       344         0         3
       360        23        10        38       336         0         0
       361        19         5        29       308         5         1
       362        14         4        17       284         3         0
       363        11         7        30       271         3         1
       364        20        23         2       248         0         4
       365         9        19        40       269         1         2
       366        17        14        41       248         0         0
       367        30        11        20       221         1         0
       368        32        20        22       212         4         3
       369        26         9        15       210         2         1
       370        39        17         6       204         0         0
       371        28        30        36       215         0         1
       372        21        32        12       209         3         6
       373        19        26        22       229         1         3
       374        24        39        10       233         0         3
       375        23        28         5       262         1         2
       376        38        21         4       285         6         2
       377        31        19         7       302         3         1
       378        21        24        23       314         3         3
       379        10        23        19       315         2         2
       380        15        38        14       319         2         1
       381        53        31        11       343         1         3
       382        29        21        20       363         3         3
       383        18        10         9       364         2         1
       384        32        15        17       365         1         0
       385        21        53        30       363         3         7
       386        14        29        32       386         3         4
       387         6        18        26       383         1         1
       388        33        32        39       375         0         1
       389        21        21        28       368         7         3
       390        37        14        21       361         4         1
       391        23         6        19       354         1         0
       392        55        33        24       341         1         3
       393        17        21        23       350         3         2
       394        27        37        38       348         1         4
       395        28        23        31       347         0         1
       396        33        55        21       339         3         2
       397        36        17        10       373         2         3
       398        45        27        15       380         4         2
       399        43        28        53       392         1         6
       400        12        33        29       367         2         1
       401         4        36        18       371         3         2
       402        17        45        32       389         2         7
       403        27        43        21       402         6         8
       404        24        12        14       424         1         2
       405        19         4         6       422         2         2
       406        33        17        33       420         7         2
       407        12        27        21       404         8         2
       408         2        24        37       410         2         5
       409        36        19        23       397         2         4
       410        32        33        55       393         2         6
       411        47        12        17       371         2         1
       412        36         2        27       366         5         1
       413        33        36        28       341         4         4
       414        16        32        33       349         6         3
       415        11        47        36       348         1         4
       416        43        36        45       359         1         4
       417        20        33        43       350         4         3
       418        16        16        12       340         3         2
       419        21        11         4       344         4         1
       420        16        43        17       351         4         5
       421         9        20        27       377         3         2
       422        23        16        24       370         2         2
       423        38        21        19       362         1         2
       424        18        16        33       364         5         0
       425        30         9        12       347         2         1
       426        25        23         2       344         2         1
       427        24        38        36       365         2         3
       428        12        18        32       367         0         0
       429         1        30        47       353         1         3
       430        57        25        36       336         1         1
       431        33        24        33       325         3         3
       432        41        12        16       316         0         1
       433        28         1        11       312         3         0
       434        57        57        43       302         1         3
       435        14        33        20       316         3         4
       436         7        41        16       329         1         6
       437        54        28        21       354         0         6
       438        61        57        16       361         3         3
       439        25        14         9       402         4         1
       440        30         7        23       407         6         0
       441        50        54        38       391         6         5
       442        27        61        18       407         3         9
       443         2        25        30       450         1         1
       444        74        30        25       445         0         2
       445        33        50        24       450         5         7
       446        42        27        12       476         9         2
       447        41         2         1       491         1         0
       448        66        74        57       492         2         8
       449        22        33        33       509         7         4
       450        16        42        41       509         2         3
       451        74        41        28       510         0         5
       452       131        66        57       523         8         5
       453        90        22        14       532         4         4
       454        73        16         7       540         3         2
       455       129        74        54       549         5         8
       456        82       131        61       569         5        13
       457        40        90        25       639         4         9
       458       169        73        30       704         2         8
       459       212       129        50       747         8        10
       460       229        82        27       826        13        10
       461       223        40         2       881         9         4
       462       238       169        74       919         8        31
       463        96       212        33      1014        10        25
       464        96       229        42      1193        10        22
       465       293       223        41      1380         4        32
       466       332       238        66      1562        31        23
       467       470        96        22      1734        25         4
       468       495        96        16      1808        22         9
       469       470       293        74      1888        32        26
       470       198       332       131      2107        23        45
       471       215       470        90      2308         4        40
       472       829       495        73      2688         9        40
       473       876       470       129      3110        26        45
       474       814       198        82      3451        45        23
       475       889       215        40      3567        40        30
       476       990       829       169      3742        40        85
       477       437       876       212      4402        45        81
       478       416       814       229      5066        23        88
       479      1108       889       223      5651        30        94
       480      1123       990       238      6317        85       109
       481       863       437        96      7069        81        47
       482       824       416        96      7410        88        39
       483       685      1108       293      7730        94       101
       484       355      1123       332      8545       109       113
       485       340       863       470      9336        47        92
       486      1036       824       495      9729        39        49
       487      1211       685       470     10058       101        56
       488       987       355       198     10273       113        35
       489       997       340       215     10430        92        36
       490       881      1036       829     10555        49        87
       491       299      1211       876     10762        56       133
       492       440       987       814     11097        35        84
       493      1140       997       889     11270        36        85
       494       854       881       990     11378        87        79
       495         0       299       437     11269       133        30
       496         0       440       416     11131        84        36
       497         0      1140      1108     11155        85       111
       498         0       854      1123     11187        79        73
       499         0         0       863     10918        30         0
       500         0         0       824     10055        36         0
       501         0         0       685      9231       111         0
       502         0         0       355      8546        73         0
       503         0         0       340      8191         0         0
       504         0         0      1036      7851         0         0
       505         0         0      1211      6815         0         0
       506         0         0       987      5604         0         0
       507         0         0       997      4617         0         0
       508         0         0       881      3620         0         0
       509         0         0       299      2739         0         0
       510         0         0       440      2440         0         0
       511         0         0      1140      2000         0         0
       512         0         0       854       860         0         0
       513         0         0         0         6         0         0
       514         0         0         0         6         0         0
       515         0         0         0         6         0         0
       516         0         0         0         6         0         0
       517         0         0         0         6         0         0
       518         0         0         0         6         0         0
       519         0         0         0         6         0         0
       520         0         0         0         6         0         0
       521         0         0         0         6         0         0
       522         0         0         0         6         0         0
       523         0         0         0         6         0         0
       524         0         0         0         6         0         0
       525         0         0         0         6         0         0
       526         0         0         0         6         0         0
       527         0         0         0         6         0         0
       528         0         0         0         6         0         0
       529         0         0         0         6         0         0
       530         0         0         0         6         0         0
       531         0         0         0         6         0         0
       532         0         0         0         6         0         0
       533         0         0         0         6         0         0
       534         0         0         0         6         0         0
       535         0         0         0         6         0         0
       536         0         0         0         6         0         0
       537         0         0         0         6         0         0
       538         0         0         0         6         0         0
       539         0         0         0         6         0         0
       540         0         0         0         6         0         0
