       1    1.0000000000000E+000    1.0000000000000E+000    1.0000000000000E+000
       2    1.0000000000000E+000    1.0000000000000E+000    1.0000000000000E+000
       3    1.0000000000000E+000    1.0000000000000E+000    1.0000000000000E+000
       4    1.0000000000000E+000    1.0000000000000E+000    1.0000000000000E+000
       5    1.0000000000000E+000    1.0000000000000E+000    1.0000000000000E+000
       6    1.0000000000000E+000    1.0000000000000E+000    1.0000000000000E+000
       7    1.0000000000000E+000    1.0000000000000E+000    1.0000000000000E+000
       8    1.0000000000000E+000    1.0000000000000E+000    1.0000000000000E+000
       9    1.0000000000000E+000    1.0000000000000E+000    1.0000000000000E+000
      10    1.0000000000000E+000    1.0000000000000E+000    1.0000000000000E+000
      11    1.0000000000000E+000    1.0000000000000E+000    1.0000000000000E+000
      12    1.0000000000000E+000    1.0000000000000E+000    1.0000000000000E+000
      13    1.0000000000000E+000    1.0000000000000E+000    1.0000000000000E+000
      14    1.0000000000000E+000    1.0000000000000E+000    1.0000000000000E+000
      15    1.0000000000000E+000    1.0000000000000E+000    1.0000000000000E+000
      16    9.9999774999489E-001    1.0000000000000E+000    9.9999774999489E-001
      17    9.9999774999489E-001    1.0000000000000E+000    9.9999774999489E-001
      18    9.9999774999489E-001    1.0000000000000E+000    9.9999774999489E-001
      19    9.9999774999489E-001    1.0000000000000E+000    9.9999774999489E-001
      20    9.9999774999489E-001    1.0000000000000E+000    9.9999774999489E-001
      21    9.9999774999489E-001    1.0000000000000E+000    9.9999774999489E-001
      22    9.9999549998977E-001    1.0000000000000E+000    9.9999549998977E-001
      23    9.9999549998977E-001    1.0000000000000E+000    9.9999549998977E-001
      24    9.9999549998977E-001    1.0000000000000E+000    9.9999549998977E-001
      25    9.9999549998977E-001    1.0000000000000E+000    9.9999549998977E-001
      26    9.9999549998977E-001    1.0000000000000E+000    9.9999549998977E-001
      27    9.9999549998977E-001    1.0000000000000E+000    9.9999549998977E-001
      28    9.9998874997443E-001    1.0000000000000E+000    9.9998874997443E-001
      29    9.9998874997443E-001    1.0000000000000E+000    9.9998874997443E-001
      30    9.9998649996932E-001    1.0000000000000E+000    9.9998649996932E-001
      31    9.9998649996932E-001    1.0000000000000E+000    9.9998649996932E-001
      32    9.9998649996932E-001    1.0000000000000E+000    9.9998649996932E-001
      33    9.9997524994376E-001    1.0000000000000E+000    9.9997524994376E-001
      34    9.9997074993353E-001    1.0000000000000E+000    9.9997074993353E-001
      35    9.9996849992842E-001    1.0000000000000E+000    9.9996849992842E-001
      36    9.9996174991309E-001    1.0000000000000E+000    9.9996174991309E-001
      37    9.9996174991309E-001    1.0000000000000E+000    9.9996174991309E-001
      38    9.9995724990287E-001    1.0000000000000E+000    9.9995724990287E-001
      39    9.9995724990287E-001    1.0000000000000E+000    9.9995724990287E-001
      40    9.9995274989265E-001    1.0000000000000E+000    9.9995274989265E-001
      41    9.9994824988244E-001    1.0000000000000E+000    9.9994824988244E-001
      42    9.9994374987223E-001    1.0000000000000E+000    9.9994374987223E-001
      43    9.9993024984160E-001    1.0000000000000E+000    9.9993024984160E-001
      44    9.9992349982630E-001    1.0000000000000E+000    9.9992349982630E-001
      45    9.9991899981610E-001    1.0000000000000E+000    9.9991899981610E-001
      46    9.9990999979572E-001    1.0000000000000E+000    9.9990999979572E-001
      47    9.9989424976009E-001    1.0000000000000E+000    9.9989424976009E-001
      48    9.9986724969913E-001    1.0000000000000E+000    9.9986724969913E-001
      49    9.9985149966366E-001    1.0000000000000E+000    9.9985149966366E-001
      50    9.9983574962827E-001    1.0000000000000E+000    9.9983574962827E-001
      51    9.9981099957283E-001    1.0000000000000E+000    9.9981099957283E-001
      52    9.9978399951263E-001    1.0000000000000E+000    9.9978399951263E-001
      53    9.9975699945274E-001    1.0000000000000E+000    9.9975699945274E-001
      54    9.9971649936362E-001    1.0000000000000E+000    9.9971649936362E-001
      55    9.9969174930961E-001    1.0000000000000E+000    9.9969174930961E-001
      56    9.9965349922692E-001    1.0000000000000E+000    9.9965349922692E-001
      57    9.9959724910725E-001    1.0000000000000E+000    9.9959724910725E-001
      58    9.9955899902734E-001    1.0000000000000E+000    9.9955899902734E-001
      59    9.9950499891681E-001    1.0000000000000E+000    9.9950499891681E-001
      60    9.9943974878723E-001    1.0000000000000E+000    9.9943974878723E-001
      61    9.9934749861251E-001    1.0000000000000E+000    9.9934749861251E-001
      62    9.9923499841497E-001    1.0000000000000E+000    9.9923499841497E-001
      63    9.9912474824059E-001    1.0000000000000E+000    9.9912474824059E-001
      64    9.9898299804875E-001    1.0000000000000E+000    9.9898299804875E-001
      65    9.9884349790073E-001    1.0000000000000E+000    9.9884349790073E-001
      66    9.9868824779035E-001    1.0000000000000E+000    9.9868824779035E-001
      67    9.9855099774634E-001    1.0000000000000E+000    9.9855099774634E-001
      68    9.9840474776096E-001    1.0000000000000E+000    9.9840474776096E-001
      69    9.9822249787750E-001    1.0000000000000E+000    9.9822249787750E-001
      70    9.9795699826650E-001    1.0000000000000E+000    9.9795699826650E-001
      71    9.9767349900762E-001    1.0000000000000E+000    9.9767349900762E-001
      72    9.9736300025925E-001    1.0000000000000E+000    9.9736300025925E-001
      73    9.9694000281173E-001    1.0000000000000E+000    9.9694000281173E-001
      74    9.9654175623398E-001    1.0000000000000E+000    9.9654175623398E-001
      75    9.9612101106888E-001    1.0000000000000E+000    9.9612101106888E-001
      76    9.9561026883657E-001    1.0000000000000E+000    9.9561026883657E-001
      77    9.9503428041549E-001    1.0000000000000E+000    9.9503428041549E-001
      78    9.9438179761616E-001    1.0000000000000E+000    9.9438179761616E-001
      79    9.9359882475226E-001    1.0000000000000E+000    9.9359882475226E-001
      80    9.9268986636918E-001    1.0000000000000E+000    9.9268986636918E-001
      81    9.9167067776990E-001    1.0000000000000E+000    9.9167067776990E-001
      82    9.9044002564918E-001    1.0000000000000E+000    9.9044002564918E-001
      83    9.8918690571111E-001    1.0000000000000E+000    9.8918690571111E-001
      84    9.8766386084622E-001    1.0000000000000E+000    9.8766386084622E-001
      85    9.8600590080893E-001    1.0000000000000E+000    9.8600590080893E-001
      86    9.8390713168838E-001    1.0000000000000E+000    9.8390713168838E-001
      87    9.8175002695495E-001    1.0000000000000E+000    9.8175002695495E-001
      88    9.7922200539337E-001    1.0000000000000E+000    9.7922200539337E-001
      89    9.7633670546483E-001    1.0000000000000E+000    9.7633670546483E-001
      90    9.7295716930924E-001    1.0000000000000E+000    9.7295716930924E-001
      91    9.6918039397172E-001    1.0000000000000E+000    9.6918039397172E-001
      92    9.6484271334917E-001    1.0000000000000E+000    9.6484271334917E-001
      93    9.5984370669028E-001    1.0000000000000E+000    9.5984370669028E-001
      94    9.5438871402441E-001    1.0000000000000E+000    9.5438871402441E-001
      95    9.4794020350044E-001    1.0000000000000E+000    9.4794020350044E-001
      96    9.4077866379814E-001    1.0000000000000E+000    9.4077866379814E-001
      97    9.3251467770354E-001    1.0000000000000E+000    9.3251467770354E-001
      98    9.2354661906903E-001    1.0000000000000E+000    9.2354661906903E-001
      99    9.1309061517210E-001    1.0000000000000E+000    9.1309061517210E-001
     100    9.0192998649857E-001    1.0000000000000E+000    9.0192998649857E-001
     101    8.8853686683180E-001    1.0000000000000E+000    8.8853686683180E-001
     102    8.7394738278513E-001    1.0000000000000E+000    8.7394738278513E-001
     103    8.5721603539739E-001    1.0000000000000E+000    8.5721603539739E-001
     104    8.3843805044470E-001    1.0000000000000E+000    8.3843805044470E-001
     105    8.1788244628409E-001    1.0000000000000E+000    8.1788244628409E-001
     106    7.9541293879925E-001    1.0000000000000E+000    7.9541293879925E-001
     107    7.7025992782737E-001    1.0000000000000E+000    7.7025992782737E-001
     108    7.4265348196106E-001    1.0000000000000E+000    7.4265348196106E-001
     109    7.1246303449163E-001    1.0000000000000E+000    7.1246303449163E-001
     110    6.8090054442844E-001    1.0000000000000E+000    6.8090054442844E-001
     111    6.4636753358254E-001    1.0000000000000E+000    6.4636753358254E-001
     112    6.0998617049479E-001    1.0000000000000E+000    6.0998617049479E-001
     113    5.7121710962667E-001    1.0000000000000E+000    5.7121710962667E-001
     114    5.3138942955181E-001    1.0000000000000E+000    5.3138942955181E-001
     115    4.7215445653286E-001    9.6076714586388E-001    4.9143484825173E-001
     116    4.3035892664480E-001    9.5342489105373E-001    4.5138209698843E-001
     117    3.8970037795658E-001    9.4546312046555E-001    4.1217935371682E-001
     118    3.5063610065609E-001    9.3690777143035E-001    3.7424825724392E-001
     119    3.1393791772645E-001    9.2790564615785E-001    3.3832956941944E-001
     120    2.8108676252735E-001    9.1913231435393E-001    3.0581751738859E-001
     121    2.5145134026341E-001    9.1073394987438E-001    2.7609747094427E-001
     122    2.2551300199737E-001    9.0319468414415E-001    2.4968371266608E-001
     123    2.0283658225307E-001    8.9670168671593E-001    2.2620296722753E-001
     124    1.8337745804911E-001    8.9135072682515E-001    2.0572985754134E-001
     125    1.6686661053596E-001    8.8783276988269E-001    1.8794824453034E-001
     126    1.5282886331113E-001    8.8597079629820E-001    1.7249875949601E-001
     127    1.4096391993678E-001    8.8610394028269E-001    1.5908282711373E-001
     128    1.3107173593029E-001    8.8810151284561E-001    1.4758643469745E-001
     129    1.2264242517278E-001    8.9153687509521E-001    1.3756293048415E-001
     130    1.1573426028536E-001    8.9675616150589E-001    1.2905878459872E-001
     131    1.0977438908778E-001    9.0306553509368E-001    1.2155750033844E-001
     132    1.0467387550740E-001    9.1037104383571E-001    1.1497935508403E-001
     133    1.0031912329899E-001    9.1837169288403E-001    1.0923586177178E-001
     134    9.6666079370313E-002    9.2650111277138E-001    1.0433455290859E-001
     135    9.3353668269956E-002    9.3450151160872E-001    9.9896754697860E-002
     136    9.0543343818978E-002    9.4226275169300E-001    9.6091396647374E-002
     137    8.8012537638813E-002    9.4955813368727E-001    9.2687887677870E-002
     138    8.5750755437950E-002    9.5621747745819E-001    8.9677042576017E-002
     139    8.3740599153772E-002    9.6223629959578E-001    8.7027063091416E-002
     140    8.2002549459494E-002    9.6768710006363E-001    8.4740769463706E-002
     141    8.0460812697863E-002    9.7253429854083E-001    8.2733136320831E-002
     142    7.9027900689897E-002    9.7667447612273E-001    8.0915292271819E-002
     143    7.7762926049512E-002    9.8032334011650E-001    7.9323752549104E-002
     144    7.6588318438424E-002    9.8335302880377E-001    7.7884865551889E-002
     145    7.5528849520730E-002    9.8600629605951E-001    7.6600778131514E-002
     146    7.4584706626298E-002    9.8830234714018E-001    7.5467499234543E-002
     147    7.3741208028112E-002    9.9026098519740E-001    7.4466437767829E-002
     148    7.2973202992688E-002    9.9186311381859E-001    7.3571848752140E-002
     149    7.2298699492020E-002    9.9328356032258E-001    7.2787572834227E-002
     150    7.1687717103728E-002    9.9443886634321E-001    7.2088611507454E-002
     151    7.1128530875800E-002    9.9542247870776E-001    7.1455620500089E-002
     152    7.0613152727390E-002    9.9624154026120E-001    7.0879550664868E-002
     153    7.0155717551374E-002    9.9692282900071E-001    7.0372265044523E-002
     154    6.9739365595066E-002    9.9746889170607E-001    6.9916331401357E-002
     155    6.9357594906782E-002    9.9791441898866E-001    6.9502548101342E-002
     156    6.9038953924472E-002    9.9830095484521E-001    6.9156453862329E-002
     157    6.8742899427375E-002    9.9861101800566E-001    6.8838514885067E-002
     158    6.8474274203248E-002    9.9887100569416E-001    6.8551668646806E-002
     159    6.8215774303412E-002    9.9908105944372E-001    6.8278518202911E-002
     160    6.7995518128836E-002    9.9925389607406E-001    6.8046287731258E-002
     161    6.7791095025834E-002    9.9939246352107E-001    6.7832305625952E-002
     162    6.7620933711277E-002    9.9950843458189E-001    6.7654190171555E-002
     163    6.7465115829782E-002    9.9960043976446E-001    6.7492082982356E-002
     164    6.7318358902336E-002    9.9967435882360E-001    6.7340287672833E-002
     165    6.7186520893085E-002    9.9973571236613E-001    6.7204282153801E-002
     166    6.7073221571985E-002    9.9978735872236E-001    6.7087487140964E-002
     167    6.6961628091772E-002    9.9982740785174E-001    6.6973187138016E-002
     168    6.6864590379636E-002    9.9986046276723E-001    6.6873921781627E-002
     169    6.6781387650554E-002    9.9988806986465E-001    6.6788863337068E-002
     170    6.6709865212205E-002    9.9990883985134E-001    6.6715947047856E-002
     171    6.6642193227718E-002    9.9992602553525E-001    6.6647123413000E-002
     172    6.6572607606115E-002    9.9993955120210E-001    6.6576632083492E-002
     173    6.6517997756066E-002    9.9995187918884E-001    6.6521198810112E-002
     174    6.6470473837919E-002    9.9996125012580E-001    6.6473049660231E-002
     175    6.6421371988201E-002    9.9996878591817E-001    6.6423445335059E-002
     176    6.6381651895692E-002    9.9997450792393E-001    6.6383344144950E-002
     177    6.6346622988064E-002    9.9997927040586E-001    6.6347998355142E-002
     178    6.6316546246871E-002    9.9998338636201E-001    6.6317648024268E-002
     179    6.6286176550525E-002    9.9998659716882E-001    6.6287064984866E-002
     180    6.6256016209958E-002    9.9998897766075E-001    6.6256746514296E-002
     181    6.6230827021685E-002    9.9999119101480E-001    6.6231410453200E-002
     182    6.6208097594657E-002    9.9999289780022E-001    6.6208567821132E-002
     183    6.6188328830836E-002    9.9999421118076E-001    6.6188711985326E-002
     184    6.6169289239290E-002    9.9999519514754E-001    6.6169607174490E-002
     185    6.6150990421053E-002    9.9999603592686E-001    6.6151252649457E-002
     186    6.6136416077129E-002    9.9999687418089E-001    6.6136622808249E-002
     187    6.6121330175830E-002    9.9999741755433E-001    6.6121500931013E-002
     188    6.6111447325441E-002    9.9999788588623E-001    6.6111587092857E-002
     189    6.6101068196731E-002    9.9999831779241E-001    6.6101179392637E-002
     190    6.6090929744817E-002    9.9999861467196E-001    6.6091021302562E-002
     191    6.6084010423567E-002    9.9999887003164E-001    6.6084085096492E-002
     192    6.6077335484639E-002    9.9999906297644E-001    6.6077397400718E-002
     193    6.6069669189670E-002    9.9999923262429E-001    6.6069719889968E-002
     194    6.6063736724207E-002    9.9999939471618E-001    6.6063776711542E-002
     195    6.6058544840282E-002    9.9999951419112E-001    6.6058576932125E-002
     196    6.6052856422652E-002    9.9999960561608E-001    6.6052882472847E-002
     197    6.6048652801252E-002    9.9999968077505E-001    6.6048673885637E-002
     198    6.6044201159164E-002    9.9999974396403E-001    6.6044218068860E-002
     199    6.6040739534797E-002    9.9999980108402E-001    6.6040752671358E-002
     200    6.6037771982943E-002    9.9999984079901E-001    6.6037782496223E-002
     201    6.6033566687856E-002    9.9999987397501E-001    6.6033575009737E-002
     202    6.6030845664425E-002    9.9999989372401E-001    6.6030852681920E-002
     203    6.6028867257913E-002    9.9999991473600E-001    6.6028872887798E-002
     204    6.6027383725735E-002    9.9999993395100E-001    6.6027388086778E-002
     205    6.6025652189839E-002    9.9999994430400E-001    6.6025655867204E-002
     206    6.6024663055320E-002    9.9999995463100E-001    6.6024666050793E-002
     207    6.6023426495381E-002    9.9999996503100E-001    6.6023428804155E-002
     208    6.6022684649584E-002    9.9999997244400E-001    6.6022686468905E-002
     209    6.6021942697060E-002    9.9999997809600E-001    6.6021944143205E-002
     210    6.6021448199851E-002    9.9999998387100E-001    6.6021449264710E-002
     211    6.6019963766328E-002    9.9999998654400E-001    6.6019964654693E-002
     212    6.6018479368817E-002    9.9999998918400E-001    6.6018480082872E-002
     213    6.6017984675311E-002    9.9999999153600E-001    6.6017985234087E-002
     214    6.6017737378144E-002    9.9999999343900E-001    6.6017737811286E-002
     215    6.6017490110622E-002    9.9999999577500E-001    6.6017490389546E-002
     216    6.6016747916204E-002    9.9999999675100E-001    6.6016748130692E-002
     217    6.6016500548155E-002    9.9999999750000E-001    6.6016500713196E-002
     218    6.6016500585388E-002    9.9999999806400E-001    6.6016500713196E-002
     219    6.6016253201434E-002    9.9999999855600E-001    6.6016253296761E-002
     220    6.6016005800517E-002    9.9999999877500E-001    6.6016005881387E-002
     221    6.6016005821973E-002    9.9999999910000E-001    6.6016005881387E-002
     222    6.6015758415318E-002    9.9999999921600E-001    6.6015758467074E-002
     223    6.6015511009195E-002    9.9999999932400E-001    6.6015511053822E-002
     224    6.6014768772306E-002    9.9999999927100E-001    6.6014768820431E-002
     225    6.6014521379472E-002    9.9999999951600E-001    6.6014521411423E-002
     226    6.6014521394523E-002    9.9999999974400E-001    6.6014521411423E-002
     227    6.6014521398484E-002    9.9999999980400E-001    6.6014521411423E-002
     228    6.6014521400267E-002    9.9999999983100E-001    6.6014521411423E-002
     229    6.6014521401917E-002    9.9999999985600E-001    6.6014521411423E-002
     230    6.6014521406076E-002    9.9999999991900E-001    6.6014521411423E-002
     231    6.6014273998129E-002    9.9999999991900E-001    6.6014274003476E-002
     232    6.6014273998129E-002    9.9999999991900E-001    6.6014274003476E-002
     233    6.6014026591242E-002    9.9999999991900E-001    6.6014026596589E-002
     234    6.6014026592364E-002    9.9999999993600E-001    6.6014026596589E-002
     235    6.6014026592364E-002    9.9999999993600E-001    6.6014026596589E-002
     236    6.6014026593355E-002    9.9999999995100E-001    6.6014026596589E-002
     237    6.6013779187529E-002    9.9999999995100E-001    6.6013779190764E-002
     238    6.6013531784349E-002    9.9999999997500E-001    6.6013531786000E-002
     239    6.6013531784943E-002    9.9999999998400E-001    6.6013531786000E-002
     240    6.6013531784943E-002    9.9999999998400E-001    6.6013531786000E-002
     241    6.6013531784943E-002    9.9999999998400E-001    6.6013531786000E-002
     242    6.6013531784943E-002    9.9999999998400E-001    6.6013531786000E-002
     243    6.6013531784943E-002    9.9999999998400E-001    6.6013531786000E-002
     244    6.6013531784943E-002    9.9999999998400E-001    6.6013531786000E-002
     245    6.6013531785405E-002    9.9999999999100E-001    6.6013531786000E-002
     246    6.6013531785405E-002    9.9999999999100E-001    6.6013531786000E-002
     247    6.6013531785735E-002    9.9999999999600E-001    6.6013531786000E-002
     248    6.6013531785735E-002    9.9999999999600E-001    6.6013531786000E-002
     249    6.6013531785735E-002    9.9999999999600E-001    6.6013531786000E-002
     250    6.6013531785735E-002    9.9999999999600E-001    6.6013531786000E-002
     251    6.6013531785934E-002    9.9999999999900E-001    6.6013531786000E-002
     252    6.6013531786000E-002    1.0000000000000E+000    6.6013531786000E-002
     253    6.6013531786000E-002    1.0000000000000E+000    6.6013531786000E-002
     254    6.6013531786000E-002    1.0000000000000E+000    6.6013531786000E-002
