       1    1.0000000000000E+000    1.0000000000000E+000    1.0000000000000E+000
       2    1.0000000000000E+000    1.0000000000000E+000    1.0000000000000E+000
       3    1.0000000000000E+000    1.0000000000000E+000    1.0000000000000E+000
       4    1.0000000000000E+000    1.0000000000000E+000    1.0000000000000E+000
       5    1.0000000000000E+000    1.0000000000000E+000    1.0000000000000E+000
       6    1.0000000000000E+000    1.0000000000000E+000    1.0000000000000E+000
       7    1.0000000000000E+000    1.0000000000000E+000    1.0000000000000E+000
       8    1.0000000000000E+000    1.0000000000000E+000    1.0000000000000E+000
       9    9.9999549998977E-001    1.0000000000000E+000    9.9999549998977E-001
      10    9.9999549998977E-001    1.0000000000000E+000    9.9999549998977E-001
      11    9.9999549998977E-001    1.0000000000000E+000    9.9999549998977E-001
      12    9.9999549998977E-001    1.0000000000000E+000    9.9999549998977E-001
      13    9.9999549998977E-001    1.0000000000000E+000    9.9999549998977E-001
      14    9.9999549998977E-001    1.0000000000000E+000    9.9999549998977E-001
      15    9.9999324998466E-001    1.0000000000000E+000    9.9999324998466E-001
      16    9.9999324998466E-001    1.0000000000000E+000    9.9999324998466E-001
      17    9.9999324998466E-001    1.0000000000000E+000    9.9999324998466E-001
      18    9.9999324998466E-001    1.0000000000000E+000    9.9999324998466E-001
      19    9.9998424996421E-001    1.0000000000000E+000    9.9998424996421E-001
      20    9.9998424996421E-001    1.0000000000000E+000    9.9998424996421E-001
      21    9.9998199995909E-001    1.0000000000000E+000    9.9998199995909E-001
      22    9.9997749994887E-001    1.0000000000000E+000    9.9997749994887E-001
      23    9.9997749994887E-001    1.0000000000000E+000    9.9997749994887E-001
      24    9.9997749994887E-001    1.0000000000000E+000    9.9997749994887E-001
      25    9.9997749994887E-001    1.0000000000000E+000    9.9997749994887E-001
      26    9.9997074993353E-001    1.0000000000000E+000    9.9997074993353E-001
      27    9.9995724990287E-001    1.0000000000000E+000    9.9995724990287E-001
      28    9.9995499989776E-001    1.0000000000000E+000    9.9995499989776E-001
      29    9.9994824988244E-001    1.0000000000000E+000    9.9994824988244E-001
      30    9.9994374987223E-001    1.0000000000000E+000    9.9994374987223E-001
      31    9.9993699985691E-001    1.0000000000000E+000    9.9993699985691E-001
      32    9.9992574983140E-001    1.0000000000000E+000    9.9992574983140E-001
      33    9.9991674981101E-001    1.0000000000000E+000    9.9991674981101E-001
      34    9.9989199975500E-001    1.0000000000000E+000    9.9989199975500E-001
      35    9.9987624971943E-001    1.0000000000000E+000    9.9987624971943E-001
      36    9.9986949970420E-001    1.0000000000000E+000    9.9986949970420E-001
      37    9.9984924965860E-001    1.0000000000000E+000    9.9984924965860E-001
      38    9.9981774958793E-001    1.0000000000000E+000    9.9981774958793E-001
      39    9.9978399951263E-001    1.0000000000000E+000    9.9978399951263E-001
      40    9.9976824947765E-001    1.0000000000000E+000    9.9976824947765E-001
      41    9.9972099937347E-001    1.0000000000000E+000    9.9972099937347E-001
      42    9.9965574923176E-001    1.0000000000000E+000    9.9965574923176E-001
      43    9.9961749915005E-001    1.0000000000000E+000    9.9961749915005E-001
      44    9.9956574904135E-001    1.0000000000000E+000    9.9956574904135E-001
      45    9.9951624893961E-001    1.0000000000000E+000    9.9951624893961E-001
      46    9.9943524877847E-001    1.0000000000000E+000    9.9943524877847E-001
      47    9.9932724857562E-001    1.0000000000000E+000    9.9932724857562E-001
      48    9.9923724841874E-001    1.0000000000000E+000    9.9923724841874E-001
      49    9.9911574822728E-001    1.0000000000000E+000    9.9911574822728E-001
      50    9.9899199805975E-001    1.0000000000000E+000    9.9899199805975E-001
      51    9.9883674789469E-001    1.0000000000000E+000    9.9883674789469E-001
      52    9.9867699778477E-001    1.0000000000000E+000    9.9867699778477E-001
      53    9.9851049774377E-001    1.0000000000000E+000    9.9851049774377E-001
      54    9.9827874782924E-001    1.0000000000000E+000    9.9827874782924E-001
      55    9.9798174821840E-001    1.0000000000000E+000    9.9798174821840E-001
      56    9.9774324879165E-001    1.0000000000000E+000    9.9774324879165E-001
      57    9.9741475001624E-001    1.0000000000000E+000    9.9741475001624E-001
      58    9.9705025204498E-001    1.0000000000000E+000    9.9705025204498E-001
      59    9.9666100509763E-001    1.0000000000000E+000    9.9666100509763E-001
      60    9.9616601048750E-001    1.0000000000000E+000    9.9616601048750E-001
      61    9.9554277003215E-001    1.0000000000000E+000    9.9554277003215E-001
      62    9.9494653246502E-001    1.0000000000000E+000    9.9494653246502E-001
      63    9.9422880233520E-001    1.0000000000000E+000    9.9422880233520E-001
      64    9.9335133494960E-001    1.0000000000000E+000    9.9335133494960E-001
      65    9.9235238487782E-001    1.0000000000000E+000    9.9235238487782E-001
      66    9.9135120055092E-001    1.0000000000000E+000    9.9135120055092E-001
      67    9.9012055573691E-001    1.0000000000000E+000    9.9012055573691E-001
      68    9.8879320354026E-001    1.0000000000000E+000    9.8879320354026E-001
      69    9.8729716868847E-001    1.0000000000000E+000    9.8729716868847E-001
      70    9.8547950885384E-001    1.0000000000000E+000    9.8547950885384E-001
      71    9.8352923310340E-001    1.0000000000000E+000    9.8352923310340E-001
      72    9.8118322444050E-001    1.0000000000000E+000    9.8118322444050E-001
      73    9.7857204946027E-001    1.0000000000000E+000    9.7857204946027E-001
      74    9.7547096682485E-001    1.0000000000000E+000    9.7547096682485E-001
      75    9.6933804132750E-001    9.9726427333912E-001    9.7199715987206E-001
      76    9.6456377022559E-001    9.9642438528936E-001    9.6802505485198E-001
      77    9.5913585131231E-001    9.9537177131186E-001    9.6359559207532E-001
      78    9.5336593625527E-001    9.9416788280980E-001    9.5895869574944E-001
      79    9.4618641760897E-001    9.9249837805365E-001    9.5333799886354E-001
      80    9.3768655193219E-001    9.9026842910039E-001    9.4690138994336E-001
      81    9.2799150365231E-001    9.8750446744219E-001    9.3973398019754E-001
      82    9.1626352839904E-001    9.8378472664412E-001    9.3136588074974E-001
      83    9.0278554091724E-001    9.7909925039850E-001    9.2205722816130E-001
      84    8.8658545052699E-001    9.7296535626690E-001    9.1121995743884E-001
      85    8.6756783986505E-001    9.6504247484826E-001    8.9899446135929E-001
      86    8.4632541249538E-001    9.5552868843606E-001    8.8571428857943E-001
      87    8.2233294052006E-001    9.4391641515484E-001    8.7119254132810E-001
      88    7.9525500003116E-001    9.2990450918715E-001    8.5520071380911E-001
      89    7.6366473041901E-001    9.1225726342324E-001    8.3711553860735E-001
      90    7.2771072989305E-001    8.9068000048620E-001    8.1702825874142E-001
      91    6.8689706705777E-001    8.6429600359282E-001    7.9474747563611E-001
      92    6.4159130124106E-001    8.3261137688754E-001    7.7057714925715E-001
      93    5.9263596270355E-001    7.9615729768742E-001    7.4437044592189E-001
      94    5.4115901265420E-001    7.5521589301203E-001    7.1656200254989E-001
      95    4.8716617959391E-001    7.0916186702711E-001    6.8696048426317E-001
      96    4.3475936259380E-001    6.6179049231504E-001    6.5694410488273E-001
      97    3.8338559399590E-001    6.1227045618047E-001    6.2617033065350E-001
      98    3.3614984004644E-001    5.6433730901479E-001    5.9565411443962E-001
      99    2.9299401487779E-001    5.1817762990759E-001    5.6543161643245E-001
     100    2.5537753154139E-001    4.7593032780330E-001    5.3658595937792E-001
     101    2.2358313245619E-001    4.3888009943611E-001    5.0944012440633E-001
     102    1.9703715201313E-001    4.0720112204963E-001    4.8388165293197E-001
     103    1.7607419753671E-001    3.8259348971504E-001    4.6021221549759E-001
     104    1.6023547573090E-001    3.6529047293801E-001    4.3865221680197E-001
     105    1.4998991478910E-001    3.5723464985001E-001    4.1986384817955E-001
     106    1.4347797796060E-001    3.5605047869317E-001    4.0297088909194E-001
     107    1.4065548460491E-001    3.6251714501056E-001    3.8799677902356E-001
     108    1.4037997412890E-001    3.7500240742775E-001    3.7434419445947E-001
     109    1.4302062499873E-001    3.9495338030135E-001    3.6212027072563E-001
     110    1.4725337174258E-001    4.1959489569565E-001    3.5094176133492E-001
     111    1.5315278017296E-001    4.4966032246222E-001    3.4059660708852E-001
     112    1.5988380320672E-001    4.8314502577257E-001    3.3092300381455E-001
     113    1.6674145379221E-001    5.1869868022129E-001    3.2146111056438E-001
     114    1.7272458773766E-001    5.5341585370063E-001    3.1210632399247E-001
     115    1.7795787271780E-001    5.8711042457380E-001    3.0310801046836E-001
     116    1.8231629421933E-001    6.1935812312700E-001    2.9436328904327E-001
     117    1.8539056672023E-001    6.4869906622176E-001    2.8578824353796E-001
     118    1.8743300451286E-001    6.7512363884411E-001    2.7762767251606E-001
     119    1.8772029823358E-001    6.9589218524786E-001    2.6975485888912E-001
     120    1.8722704537927E-001    7.1372814373006E-001    2.6232263225714E-001
     121    1.8577047492151E-001    7.2787757116828E-001    2.5522214487711E-001
     122    1.8373243206478E-001    7.3966733615233E-001    2.4839873695185E-001
     123    1.8166253923660E-001    7.5008449032881E-001    2.4218943542876E-001
     124    1.7923440221870E-001    7.5868696671807E-001    2.3624289078542E-001
     125    1.7671396170786E-001    7.6628248143723E-001    2.3061203405879E-001
     126    1.7413316441253E-001    7.7309111684654E-001    2.2524274386029E-001
     127    1.7205033308547E-001    7.8112978105258E-001    2.2025831975531E-001
     128    1.7047918449771E-001    7.9062679000964E-001    2.1562535781975E-001
     129    1.6906306855523E-001    8.0032168809105E-001    2.1124389238843E-001
     130    1.6758497548444E-001    8.0978698377141E-001    2.0694945565061E-001
     131    1.6644867820848E-001    8.2019599901197E-001    2.0293768612501E-001
     132    1.6536554088881E-001    8.3039330241132E-001    1.9914122670380E-001
     133    1.6420636962404E-001    8.4020790854311E-001    1.9543540111253E-001
     134    1.6302280069948E-001    8.4949004686620E-001    1.9190666365178E-001
     135    1.6204988913895E-001    8.5900621314618E-001    1.8864809899969E-001
     136    1.6112727627071E-001    8.6839450734656E-001    1.8554617159320E-001
     137    1.6009753830816E-001    8.7661344618061E-001    1.8263185330513E-001
     138    1.5917899366191E-001    8.8481735624251E-001    1.7990039700157E-001
     139    1.5815051195866E-001    8.9230546667131E-001    1.7723808478798E-001
     140    1.5723923334367E-001    8.9974444957004E-001    1.7475988145169E-001
     141    1.5630281819609E-001    9.0651235086311E-001    1.7242216065481E-001
     142    1.5520132174491E-001    9.1229043479512E-001    1.7012271073494E-001
     143    1.5427320237692E-001    9.1811424694073E-001    1.6803268535585E-001
     144    1.5345144388595E-001    9.2409933101019E-001    1.6605514010946E-001
     145    1.5252704934221E-001    9.2933946578710E-001    1.6412414941727E-001
     146    1.5173571115745E-001    9.3453701822803E-001    1.6236458074732E-001
     147    1.5094484010309E-001    9.3958439616641E-001    1.6065064588019E-001
     148    1.5019333115271E-001    9.4440300779675E-001    1.5903521051156E-001
     149    1.4946336328729E-001    9.4876679432561E-001    1.5753435320587E-001
     150    1.4881910123085E-001    9.5302891419934E-001    1.5615381549664E-001
     151    1.4808307985188E-001    9.5671951427011E-001    1.5478212542247E-001
     152    1.4739370275383E-001    9.6016452941275E-001    1.5350879795984E-001
     153    1.4669959009405E-001    9.6345294294463E-001    1.5226440602868E-001
     154    1.4599689486208E-001    9.6637013848546E-001    1.5107761410229E-001
     155    1.4534531101364E-001    9.6912235084521E-001    1.4997622424752E-001
     156    1.4474913536733E-001    9.7189062067349E-001    1.4893562329783E-001
     157    1.4415826164341E-001    9.7427540442442E-001    1.4796459090392E-001
     158    1.4356443712395E-001    9.7643350629093E-001    1.4702940466402E-001
     159    1.4301934893827E-001    9.7857386314390E-001    1.4615079589270E-001
     160    1.4244723990312E-001    9.8035262733731E-001    1.4530204329641E-001
     161    1.4189542790103E-001    9.8206579129644E-001    1.4448668221475E-001
     162    1.4133829833933E-001    9.8358665521074E-001    1.4369684418811E-001
     163    1.4084806564370E-001    9.8501877251578E-001    1.4299023488046E-001
     164    1.4038700664868E-001    9.8629209562344E-001    1.4233816459813E-001
     165    1.3992156913505E-001    9.8751775203415E-001    1.4169018110999E-001
     166    1.3948132741510E-001    9.8861629039305E-001    1.4108742569844E-001
     167    1.3905644792857E-001    9.8967112201895E-001    1.4050773518065E-001
     168    1.3863259714243E-001    9.9062359164578E-001    1.3994477651407E-001
     169    1.3824698950517E-001    9.9149400183705E-001    1.3943300640147E-001
     170    1.3787355194486E-001    9.9228066736812E-001    1.3894612328844E-001
     171    1.3754924310079E-001    9.9302377869941E-001    1.3851555828899E-001
     172    1.3720712113104E-001    9.9367991565764E-001    1.3807979709465E-001
     173    1.3689214992157E-001    9.9428439249210E-001    1.3767906944457E-001
     174    1.3653764752386E-001    9.9479210077509E-001    1.3725244442278E-001
     175    1.3624174037565E-001    9.9531328548258E-001    1.3688327319934E-001
     176    1.3595568553748E-001    9.9580007881663E-001    1.3652909698405E-001
     177    1.3566356408176E-001    9.9618311728559E-001    1.3618335999451E-001
     178    1.3538441031486E-001    9.9651563812674E-001    1.3585778801160E-001
     179    1.3512006239245E-001    9.9684710282746E-001    1.3554742949967E-001
     180    1.3487810445747E-001    9.9714770751281E-001    1.3526391671089E-001
     181    1.3464700032262E-001    9.9742724519603E-001    1.3499430757594E-001
     182    1.3444596935661E-001    9.9770678621653E-001    1.3475499136018E-001
     183    1.3423884510903E-001    9.9793098327207E-001    1.3451716337024E-001
     184    1.3404272186264E-001    9.9813636263270E-001    1.3429299530686E-001
     185    1.3385743422846E-001    9.9830235423353E-001    1.3408506316830E-001
     186    1.3367373523486E-001    9.9846649639512E-001    1.3387903922413E-001
     187    1.3348839382297E-001    9.9860072350157E-001    1.3367544272839E-001
     188    1.3333406656573E-001    9.9876453821209E-001    1.3349899947831E-001
     189    1.3316371377350E-001    9.9887771013885E-001    1.3331332997208E-001
     190    1.3301952483637E-001    9.9899276257949E-001    1.3315364216744E-001
     191    1.3286959714573E-001    9.9909500165824E-001    1.3298995283252E-001
     192    1.3273346287813E-001    9.9918950300527E-001    1.3284113021495E-001
     193    1.3259637256009E-001    9.9927180516264E-001    1.3269299891685E-001
     194    1.3246385335395E-001    9.9934024163632E-001    1.3255130518617E-001
     195    1.3235625158869E-001    9.9941065533183E-001    1.3243430103788E-001
     196    1.3224650836723E-001    9.9946422108081E-001    1.3231740124146E-001
     197    1.3214636146081E-001    9.9951875223687E-001    1.3220998722142E-001
     198    1.3204905485017E-001    9.9956662153559E-001    1.3210630687859E-001
     199    1.3195234603216E-001    9.9960665015734E-001    1.3200426989096E-001
     200    1.3186409272184E-001    9.9964718602849E-001    1.3191063263602E-001
     201    1.3176519956139E-001    9.9968142825476E-001    1.3180718960782E-001
     202    1.3167096475199E-001    9.9970711967282E-001    1.3170953988513E-001
     203    1.3160134414289E-001    9.9974194907587E-001    1.3163531275700E-001
     204    1.3153049517926E-001    9.9976715951156E-001    1.3156112793655E-001
     205    1.3146127776988E-001    9.9979266149760E-001    1.3148854040693E-001
     206    1.3138765059926E-001    9.9981191646493E-001    1.3141236710182E-001
     207    1.3133103488937E-001    9.9983424811336E-001    1.3135280686493E-001
     208    1.3126980155272E-001    9.9985275261696E-001    1.3128913353405E-001
     209    1.3120188595735E-001    9.9986347009606E-001    1.3121980138423E-001
     210    1.3115415263370E-001    9.9987801541572E-001    1.3117015337032E-001
     211    1.3110236877299E-001    9.9988912524706E-001    1.3111690632759E-001
     212    1.3104461642779E-001    9.9989789418815E-001    1.3105799821110E-001
     213    1.3099685534977E-001    9.9990784424660E-001    1.3100892857629E-001
     214    1.3095519180032E-001    9.9991692022632E-001    1.3096607243197E-001
     215    1.3091211188704E-001    9.9992690017192E-001    1.3092168223950E-001
     216    1.3087042657626E-001    9.9993560144868E-001    1.3087885498492E-001
     217    1.3083927547121E-001    9.9994193728570E-001    1.3084687279580E-001
     218    1.3081963924821E-001    9.9994952024915E-001    1.3082624332437E-001
     219    1.3078155998291E-001    9.9995403265653E-001    1.3078757194015E-001
     220    1.3074980803691E-001    9.9995955121807E-001    1.3075509692131E-001
     221    1.3072718351373E-001    9.9996388055232E-001    1.3073190547795E-001
     222    1.3069936412805E-001    9.9996785161677E-001    1.3070356603638E-001
     223    1.3067107477201E-001    9.9997212198860E-001    1.3067471772328E-001
     224    1.3064824172386E-001    9.9997474969379E-001    1.3065154071527E-001
     225    1.3062700240372E-001    9.9997772184816E-001    1.3062991259675E-001
     226    1.3060788732205E-001    9.9998116457739E-001    1.3061034742314E-001
     227    1.3057875631469E-001    9.9998277764831E-001    1.3058100522669E-001
     228    1.3055527792188E-001    9.9998427889858E-001    1.3055733042692E-001
     229    1.3053232907607E-001    9.9998586249994E-001    1.3053417450297E-001
     230    1.3051351197775E-001    9.9998753917764E-001    1.3051513830370E-001
     231    1.3049770476147E-001    9.9998860943987E-001    1.3049919122035E-001
     232    1.3048128053470E-001    9.9998887783685E-001    1.3048273178493E-001
     233    1.3046396778992E-001    9.9999020314799E-001    1.3046524593863E-001
     234    1.3044608207559E-001    9.9999105993996E-001    1.3044724828182E-001
     235    1.3043019749537E-001    9.9999147363635E-001    1.3043130960015E-001
     236    1.3041590352800E-001    9.9999224380508E-001    1.3041691506702E-001
     237    1.3040730152596E-001    9.9999329192250E-001    1.3040817631411E-001
     238    1.3039710386314E-001    9.9999392379346E-001    1.3039789618769E-001
     239    1.3039051272992E-001    9.9999461761449E-001    1.3039121454571E-001
     240    1.3037977057872E-001    9.9999500478748E-001    1.3038042185664E-001
     241    1.3037166221312E-001    9.9999587910849E-001    1.3037219946281E-001
     242    1.3036506571479E-001    9.9999652178105E-001    1.3036551915460E-001
     243    1.3035329950514E-001    9.9999691997974E-001    1.3035370099718E-001
     244    1.3034048193283E-001    9.9999712697913E-001    1.3034085640483E-001
     245    1.3033074696826E-001    9.9999732677857E-001    1.3033109537214E-001
     246    1.3032410812047E-001    9.9999762840281E-001    1.3032441719749E-001
     247    1.3031386216400E-001    9.9999783910233E-001    1.3031414375952E-001
     248    1.3030722544833E-001    9.9999815040171E-001    1.3030746646480E-001
     249    1.3029954884170E-001    9.9999836160134E-001    1.3029976232466E-001
     250    1.3029547221505E-001    9.9999860760097E-001    1.3029565363859E-001
     251    1.3028880198694E-001    9.9999865440091E-001    1.3028897730367E-001
     252    1.3028471131754E-001    9.9999879000073E-001    1.3028486896213E-001
     253    1.3028266983263E-001    9.9999888697562E-001    1.3028281484058E-001
     254    1.3027703459235E-001    9.9999898997551E-001    1.3027716617548E-001
     255    1.3027036312220E-001    9.9999901990048E-001    1.3027049080025E-001
     256    1.3026677645704E-001    9.9999907840042E-001    1.3026689651096E-001
     257    1.3026062841917E-001    9.9999918097534E-001    1.3026073510593E-001
     258    1.3025705456931E-001    9.9999933577522E-001    1.3025714108933E-001
     259    1.3025295853069E-001    9.9999942240017E-001    1.3025303376482E-001
     260    1.3024679878012E-001    9.9999942997516E-001    1.3024687302407E-001
     261    1.3024321738615E-001    9.9999952390011E-001    1.3024327939496E-001
     262    1.3023911491827E-001    9.9999955777510E-001    1.3023917251328E-001
     263    1.3023809892763E-001    9.9999964000006E-001    1.3023814581336E-001
     264    1.3023450632193E-001    9.9999964597506E-001    1.3023455242821E-001
     265    1.3023091757053E-001    9.9999968077505E-001    1.3023095914351E-001
     266    1.3022989523413E-001    9.9999971377504E-001    1.3022993250918E-001
     267    1.3022784199067E-001    9.9999971377504E-001    1.3022787926514E-001
     268    1.3022527954549E-001    9.9999974497503E-001    1.3022531275620E-001
     269    1.3022323203071E-001    9.9999978840002E-001    1.3022325958595E-001
     270    1.3022169451886E-001    9.9999980640002E-001    1.3022171972978E-001
     271    1.3022170092577E-001    9.9999985560001E-001    1.3022171972978E-001
     272    1.3022170423014E-001    9.9999988097501E-001    1.3022171972978E-001
     273    1.3021965286247E-001    9.9999989437501E-001    1.3021966661692E-001
     274    1.3021914385086E-001    9.9999992710000E-001    1.3021915334383E-001
     275    1.3021709180460E-001    9.9999993497500E-001    1.3021710027197E-001
     276    1.3021555360119E-001    9.9999994710000E-001    1.3021556048959E-001
     277    1.3021452708991E-001    9.9999994710000E-001    1.3021453397826E-001
     278    1.3021247496111E-001    9.9999995377500E-001    1.3021248098018E-001
     279    1.3021144979281E-001    9.9999996390000E-001    1.3021145449345E-001
     280    1.3020939633619E-001    9.9999996000000E-001    1.3020940154456E-001
     281    1.3020939732578E-001    9.9999996760000E-001    1.3020940154456E-001
     282    1.3020837153750E-001    9.9999997277500E-001    1.3020837508242E-001
     283    1.3020580519998E-001    9.9999997110000E-001    1.3020580896293E-001
     284    1.3020477898465E-001    9.9999997277500E-001    1.3020478252948E-001
     285    1.3020477898465E-001    9.9999997277500E-001    1.3020478252948E-001
     286    1.3020375211674E-001    9.9999996937500E-001    1.3020375610423E-001
     287    1.3020323956147E-001    9.9999997440000E-001    1.3020324289468E-001
     288    1.3020272635398E-001    9.9999997440000E-001    1.3020272968717E-001
     289    1.3020170034878E-001    9.9999997750000E-001    1.3020170327832E-001
     290    1.3020118752502E-001    9.9999998040000E-001    1.3020119007697E-001
     291    1.3020016112849E-001    9.9999998040000E-001    1.3020016368041E-001
     292    1.3019964845083E-001    9.9999998437500E-001    1.3019965048520E-001
     293    1.3019964876331E-001    9.9999998677500E-001    1.3019965048520E-001
     294    1.3019913599006E-001    9.9999999000000E-001    1.3019913729205E-001
     295    1.3019862266550E-001    9.9999998897500E-001    1.3019862410094E-001
     296    1.3019810960990E-001    9.9999999000000E-001    1.3019811091189E-001
     297    1.3019811017952E-001    9.9999999437500E-001    1.3019811091189E-001
     298    1.3019657052376E-001    9.9999999360000E-001    1.3019657135701E-001
     299    1.3019657052376E-001    9.9999999360000E-001    1.3019657135701E-001
     300    1.3019657071905E-001    9.9999999510000E-001    1.3019657135701E-001
