       1    1.0000000000000E+001    1.0000000000000E+001
       2    1.0000000000000E+001    1.0000000000000E+001
       3    1.0000000000000E+001    1.0000000000000E+001
       4    1.0000000000000E+001    1.0000000000000E+001
       5    1.0000000000000E+001    1.0000000000000E+001
       6    1.2000000000000E+001    1.4000000000000E+001
       7    1.4000000000000E+001    1.7000000000000E+001
       8    1.6000000000000E+001    2.1000000000000E+001
       9    1.9000000000000E+001    2.4000000000000E+001
      10    2.2000000000000E+001    2.7000000000000E+001
      11    2.5000000000000E+001    3.1000000000000E+001
      12    2.9000000000000E+001    3.6000000000000E+001
      13    3.3000000000000E+001    4.2000000000000E+001
      14    3.9000000000000E+001    4.9000000000000E+001
      15    4.5000000000000E+001    5.7000000000000E+001
      16    5.2000000000000E+001    6.6000000000000E+001
      17    6.0000000000000E+001    7.6000000000000E+001
      18    6.9000000000000E+001    8.8000000000000E+001
      19    8.0000000000000E+001    1.0200000000000E+002
      20    9.3000000000000E+001    1.1900000000000E+002
      21    1.0700000000000E+002    1.3700000000000E+002
      22    1.2400000000000E+002    1.5900000000000E+002
      23    1.4100000000000E+002    1.8100000000000E+002
      24    1.6100000000000E+002    2.0800000000000E+002
      25    1.8300000000000E+002    2.3800000000000E+002
      26    2.0900000000000E+002    2.7200000000000E+002
      27    2.4000000000000E+002    3.1200000000000E+002
      28    2.7400000000000E+002    3.5700000000000E+002
      29    3.1400000000000E+002    4.0900000000000E+002
      30    3.5900000000000E+002    4.6900000000000E+002
      31    4.1000000000000E+002    5.3600000000000E+002
      32    4.6900000000000E+002    6.1300000000000E+002
      33    5.3600000000000E+002    7.0100000000000E+002
      34    6.1300000000000E+002    8.0200000000000E+002
      35    7.0000000000000E+002    9.1800000000000E+002
      36    8.0000000000000E+002    1.0510000000000E+003
      37    9.1300000000000E+002    1.2000000000000E+003
      38    1.0430000000000E+003    1.3730000000000E+003
      39    1.1920000000000E+003    1.5670000000000E+003
      40    1.3610000000000E+003    1.7905000000000E+003
      41    1.5530000000000E+003    2.0440000000000E+003
      42    1.7745000000000E+003    2.3355000000000E+003
      43    2.0275000000000E+003    2.6670000000000E+003
      44    2.3160000000000E+003    3.0480000000000E+003
      45    2.6425000000000E+003    3.4790000000000E+003
      46    3.0160000000000E+003    3.9735000000000E+003
      47    3.4415000000000E+003    4.5320000000000E+003
      48    3.9340000000000E+003    5.1715000000000E+003
      49    4.4850000000000E+003    5.9060000000000E+003
      50    5.1170000000000E+003    6.7440000000000E+003
      51    5.8460000000000E+003    7.6950000000000E+003
      52    6.6630000000000E+003    8.7755000000000E+003
      53    7.6080000000000E+003    1.0018500000000E+004
      54    8.6730000000000E+003    1.1420500000000E+004
      55    9.8830000000000E+003    1.3034500000000E+004
      56    1.1287000000000E+004    1.4857500000000E+004
      57    1.2870000000000E+004    1.6931000000000E+004
      58    1.4666500000000E+004    1.9287000000000E+004
      59    1.6720000000000E+004    2.1984000000000E+004
      60    1.9028000000000E+004    2.5027000000000E+004
      61    2.1676500000000E+004    2.8456000000000E+004
      62    2.4694500000000E+004    3.2411000000000E+004
      63    2.8121000000000E+004    3.6827500000000E+004
      64    3.1964000000000E+004    4.1848500000000E+004
      65    3.6346500000000E+004    4.7501000000000E+004
      66    4.1302500000000E+004    5.3888000000000E+004
      67    4.6887000000000E+004    6.1114500000000E+004
      68    5.3226500000000E+004    6.9207000000000E+004
      69    6.0358000000000E+004    7.8328500000000E+004
      70    6.8368500000000E+004    8.8465000000000E+004
      71    7.7329000000000E+004    9.9788000000000E+004
      72    8.7369000000000E+004    1.1240650000000E+005
      73    9.8581000000000E+004    1.2636450000000E+005
      74    1.1103800000000E+005    1.4180350000000E+005
      75    1.2485600000000E+005    1.5874350000000E+005
      76    1.4008500000000E+005    1.7718950000000E+005
      77    1.5681750000000E+005    1.9713450000000E+005
      78    1.7519450000000E+005    2.1877000000000E+005
      79    1.9507550000000E+005    2.4179250000000E+005
      80    2.1644850000000E+005    2.6630050000000E+005
      81    2.3931750000000E+005    2.9197100000000E+005
      82    2.6369050000000E+005    3.1863500000000E+005
      83    2.8927650000000E+005    3.4621150000000E+005
      84    3.1585950000000E+005    3.7433400000000E+005
      85    3.4335200000000E+005    4.0235200000000E+005
      86    3.7136300000000E+005    4.3037650000000E+005
      87    3.9957150000000E+005    4.5797500000000E+005
      88    4.2766550000000E+005    4.8472650000000E+005
      89    4.5529300000000E+005    5.1064050000000E+005
      90    4.8223700000000E+005    5.3512300000000E+005
      91    5.0808950000000E+005    5.5826000000000E+005
      92    5.3273350000000E+005    5.8010750000000E+005
      93    5.5600250000000E+005    6.0043300000000E+005
      94    5.7796600000000E+005    6.1925000000000E+005
      95    5.9839850000000E+005    6.3654700000000E+005
      96    6.1731900000000E+005    6.5254100000000E+005
      97    6.3488050000000E+005    6.6725500000000E+005
      98    6.5096000000000E+005    6.8062800000000E+005
      99    6.6576850000000E+005    6.9295400000000E+005
     100    6.7934500000000E+005    7.0416050000000E+005
     101    6.9177000000000E+005    7.1434350000000E+005
     102    7.0311950000000E+005    7.2358450000000E+005
     103    7.1340450000000E+005    7.3197500000000E+005
     104    7.2273800000000E+005    7.3954300000000E+005
     105    7.3121250000000E+005    7.4645850000000E+005
     106    7.3885600000000E+005    7.5261750000000E+005
     107    7.4577650000000E+005    7.5814500000000E+005
     108    7.5203550000000E+005    7.6311050000000E+005
     109    7.5760350000000E+005    7.6758250000000E+005
     110    7.6264400000000E+005    7.7158950000000E+005
     111    7.6716550000000E+005    7.7517900000000E+005
     112    7.7122050000000E+005    7.7838100000000E+005
     113    7.7483100000000E+005    7.8127150000000E+005
     114    7.7807400000000E+005    7.8383650000000E+005
     115    7.8094650000000E+005    7.8614450000000E+005
     116    7.8355400000000E+005    7.8822500000000E+005
     117    7.8590250000000E+005    7.9007250000000E+005
     118    7.8797300000000E+005    7.9173050000000E+005
     119    7.8982100000000E+005    7.9320200000000E+005
     120    7.9148350000000E+005    7.9451900000000E+005
     121    7.9296950000000E+005    7.9570800000000E+005
     122    7.9428300000000E+005    7.9677000000000E+005
     123    7.9544900000000E+005    7.9771950000000E+005
     124    7.9649400000000E+005    7.9855750000000E+005
     125    7.9742000000000E+005    7.9930150000000E+005
     126    7.9824400000000E+005    7.9997450000000E+005
     127    7.9898400000000E+005    8.0058400000000E+005
     128    7.9963550000000E+005    8.0110650000000E+005
     129    8.0022000000000E+005    8.0157950000000E+005
     130    8.0074500000000E+005    8.0201400000000E+005
     131    8.0119600000000E+005    8.0240750000000E+005
     132    8.0160700000000E+005    8.0275950000000E+005
     133    8.0196700000000E+005    8.0307550000000E+005
     134    8.0229000000000E+005    8.0334900000000E+005
     135    8.0258000000000E+005    8.0360100000000E+005
     136    8.0283800000000E+005    8.0381800000000E+005
     137    8.0306150000000E+005    8.0402050000000E+005
     138    8.0326350000000E+005    8.0419800000000E+005
     139    8.0344900000000E+005    8.0435900000000E+005
     140    8.0360950000000E+005    8.0450600000000E+005
     141    8.0375200000000E+005    8.0463700000000E+005
     142    8.0387600000000E+005    8.0475300000000E+005
     143    8.0398950000000E+005    8.0485700000000E+005
     144    8.0408800000000E+005    8.0495300000000E+005
     145    8.0417700000000E+005    8.0503800000000E+005
     146    8.0425450000000E+005    8.0511500000000E+005
     147    8.0432500000000E+005    8.0518150000000E+005
     148    8.0438750000000E+005    8.0524000000000E+005
     149    8.0444450000000E+005    8.0528900000000E+005
     150    8.0449450000000E+005    8.0533850000000E+005
     151    8.0453900000000E+005    8.0538200000000E+005
     152    8.0457900000000E+005    8.0542200000000E+005
     153    8.0461600000000E+005    8.0545350000000E+005
     154    8.0464400000000E+005    8.0548350000000E+005
     155    8.0467100000000E+005    8.0550900000000E+005
     156    8.0469600000000E+005    8.0553400000000E+005
     157    8.0471800000000E+005    8.0555600000000E+005
     158    8.0473800000000E+005    8.0557450000000E+005
     159    8.0475500000000E+005    8.0559450000000E+005
     160    8.0476900000000E+005    8.0560600000000E+005
     161    8.0478250000000E+005    8.0561800000000E+005
     162    8.0479350000000E+005    8.0563100000000E+005
     163    8.0480400000000E+005    8.0564100000000E+005
     164    8.0481500000000E+005    8.0565100000000E+005
     165    8.0482250000000E+005    8.0566050000000E+005
     166    8.0483050000000E+005    8.0566900000000E+005
     167    8.0483800000000E+005    8.0567450000000E+005
     168    8.0484250000000E+005    8.0567900000000E+005
     169    8.0484850000000E+005    8.0568600000000E+005
     170    8.0485300000000E+005    8.0569100000000E+005
     171    8.0485850000000E+005    8.0569600000000E+005
     172    8.0486250000000E+005    8.0569800000000E+005
     173    8.0486650000000E+005    8.0570150000000E+005
     174    8.0486800000000E+005    8.0570550000000E+005
     175    8.0487100000000E+005    8.0570850000000E+005
     176    8.0487300000000E+005    8.0571100000000E+005
     177    8.0487600000000E+005    8.0571300000000E+005
     178    8.0487800000000E+005    8.0571500000000E+005
     179    8.0488000000000E+005    8.0571600000000E+005
     180    8.0488100000000E+005    8.0571800000000E+005
     181    8.0488150000000E+005    8.0571900000000E+005
     182    8.0488300000000E+005    8.0572050000000E+005
     183    8.0488500000000E+005    8.0572200000000E+005
     184    8.0488550000000E+005    8.0572200000000E+005
     185    8.0488700000000E+005    8.0572300000000E+005
     186    8.0488800000000E+005    8.0572350000000E+005
     187    8.0488900000000E+005    8.0572400000000E+005
     188    8.0488900000000E+005    8.0572450000000E+005
     189    8.0489000000000E+005    8.0572500000000E+005
     190    8.0489100000000E+005    8.0572550000000E+005
     191    8.0489200000000E+005    8.0572600000000E+005
     192    8.0489200000000E+005    8.0572650000000E+005
     193    8.0489250000000E+005    8.0572700000000E+005
     194    8.0489300000000E+005    8.0572700000000E+005
     195    8.0489350000000E+005    8.0572800000000E+005
     196    8.0489350000000E+005    8.0572800000000E+005
     197    8.0489350000000E+005    8.0572800000000E+005
     198    8.0489350000000E+005    8.0572800000000E+005
     199    8.0489400000000E+005    8.0572800000000E+005
     200    8.0489400000000E+005    8.0572850000000E+005
