       1    7.0000000000000E+000    7.0000000000000E+000
       2    7.0000000000000E+000    7.0000000000000E+000
       3    7.0000000000000E+000    7.0000000000000E+000
       4    7.0000000000000E+000    7.0000000000000E+000
       5    7.0000000000000E+000    7.0000000000000E+000
       6    8.0000000000000E+000    1.0000000000000E+001
       7    1.0000000000000E+001    1.2000000000000E+001
       8    1.1000000000000E+001    1.5000000000000E+001
       9    1.3000000000000E+001    1.7000000000000E+001
      10    1.5000000000000E+001    1.9000000000000E+001
      11    1.7000000000000E+001    2.2000000000000E+001
      12    2.0000000000000E+001    2.6000000000000E+001
      13    2.3000000000000E+001    3.0000000000000E+001
      14    2.6000000000000E+001    3.5000000000000E+001
      15    3.0000000000000E+001    4.1000000000000E+001
      16    3.5000000000000E+001    4.7000000000000E+001
      17    4.1000000000000E+001    5.5000000000000E+001
      18    4.7000000000000E+001    6.3000000000000E+001
      19    5.4000000000000E+001    7.3000000000000E+001
      20    6.3000000000000E+001    8.5000000000000E+001
      21    7.3000000000000E+001    9.8000000000000E+001
      22    8.4000000000000E+001    1.1400000000000E+002
      23    9.6000000000000E+001    1.3000000000000E+002
      24    1.0900000000000E+002    1.4900000000000E+002
      25    1.2300000000000E+002    1.6900000000000E+002
      26    1.3800000000000E+002    1.8900000000000E+002
      27    1.5300000000000E+002    2.1000000000000E+002
      28    1.6700000000000E+002    2.3000000000000E+002
      29    1.8100000000000E+002    2.5000000000000E+002
      30    1.9500000000000E+002    2.6900000000000E+002
      31    2.0650000000000E+002    2.8600000000000E+002
      32    2.1900000000000E+002    3.0400000000000E+002
      33    2.3300000000000E+002    3.2400000000000E+002
      34    2.4800000000000E+002    3.4500000000000E+002
      35    2.6450000000000E+002    3.6800000000000E+002
      36    2.8100000000000E+002    3.9100000000000E+002
      37    2.9800000000000E+002    4.1600000000000E+002
      38    3.1550000000000E+002    4.4100000000000E+002
      39    3.3400000000000E+002    4.6700000000000E+002
      40    3.5300000000000E+002    4.9300000000000E+002
      41    3.7300000000000E+002    5.2100000000000E+002
      42    3.9300000000000E+002    5.4900000000000E+002
      43    4.1300000000000E+002    5.7800000000000E+002
      44    4.3400000000000E+002    6.0800000000000E+002
      45    4.5600000000000E+002    6.3900000000000E+002
      46    4.7600000000000E+002    6.7000000000000E+002
      47    4.9900000000000E+002    7.0150000000000E+002
      48    5.2200000000000E+002    7.3400000000000E+002
      49    5.4650000000000E+002    7.6700000000000E+002
      50    5.7000000000000E+002    8.0250000000000E+002
      51    5.9500000000000E+002    8.4000000000000E+002
      52    6.2200000000000E+002    8.7750000000000E+002
      53    6.4800000000000E+002    9.1600000000000E+002
      54    6.7650000000000E+002    9.5600000000000E+002
      55    7.0600000000000E+002    9.9900000000000E+002
      56    7.3500000000000E+002    1.0410000000000E+003
      57    7.6600000000000E+002    1.0850000000000E+003
      58    7.9700000000000E+002    1.1320000000000E+003
      59    8.2900000000000E+002    1.1770000000000E+003
      60    8.6200000000000E+002    1.2250000000000E+003
      61    8.9600000000000E+002    1.2730000000000E+003
      62    9.3150000000000E+002    1.3235000000000E+003
      63    9.6800000000000E+002    1.3760000000000E+003
      64    1.0055000000000E+003    1.4320000000000E+003
      65    1.0440000000000E+003    1.4860000000000E+003
      66    1.0840000000000E+003    1.5445000000000E+003
      67    1.1240000000000E+003    1.6040000000000E+003
      68    1.1680000000000E+003    1.6660000000000E+003
      69    1.2120000000000E+003    1.7280000000000E+003
      70    1.2575000000000E+003    1.7915000000000E+003
      71    1.3040000000000E+003    1.8610000000000E+003
      72    1.3500000000000E+003    1.9290000000000E+003
      73    1.3975000000000E+003    1.9985000000000E+003
      74    1.4510000000000E+003    2.0710000000000E+003
      75    1.5015000000000E+003    2.1435000000000E+003
      76    1.5570000000000E+003    2.2230000000000E+003
      77    1.6110000000000E+003    2.3005000000000E+003
      78    1.6670000000000E+003    2.3830000000000E+003
      79    1.7380000000000E+003    2.4880000000000E+003
      80    1.8275000000000E+003    2.6155000000000E+003
      81    1.9330000000000E+003    2.7705000000000E+003
      82    2.0470000000000E+003    2.9280000000000E+003
      83    2.1570000000000E+003    3.0940000000000E+003
      84    2.2740000000000E+003    3.2650000000000E+003
      85    2.4005000000000E+003    3.4490000000000E+003
      86    2.5390000000000E+003    3.6555000000000E+003
      87    2.6860000000000E+003    3.8715000000000E+003
      88    2.8480000000000E+003    4.1055000000000E+003
      89    3.0230000000000E+003    4.3580000000000E+003
      90    3.2170000000000E+003    4.6260000000000E+003
      91    3.4190000000000E+003    4.9225000000000E+003
      92    3.6405000000000E+003    5.2410000000000E+003
      93    3.8840000000000E+003    5.5380000000000E+003
      94    4.1365000000000E+003    5.8255000000000E+003
      95    4.3670000000000E+003    6.0930000000000E+003
      96    4.5590000000000E+003    6.3380000000000E+003
      97    4.6930000000000E+003    6.4960000000000E+003
      98    4.7890000000000E+003    6.6350000000000E+003
      99    5.0105000000000E+003    6.9440000000000E+003
     100    5.2175000000000E+003    7.2210000000000E+003
     101    5.4310000000000E+003    7.5070000000000E+003
     102    5.6490000000000E+003    7.8085000000000E+003
     103    5.8410000000000E+003    8.0600000000000E+003
     104    5.9905000000000E+003    8.2660000000000E+003
     105    6.0980000000000E+003    8.4015000000000E+003
     106    6.3510000000000E+003    8.7335000000000E+003
     107    6.5840000000000E+003    9.0510000000000E+003
     108    6.7940000000000E+003    9.3250000000000E+003
     109    6.9770000000000E+003    9.5605000000000E+003
     110    7.1955000000000E+003    9.8510000000000E+003
     111    7.3430000000000E+003    1.0043500000000E+004
     112    7.4575000000000E+003    1.0193500000000E+004
     113    7.6635000000000E+003    1.0453000000000E+004
     114    7.8965000000000E+003    1.0763000000000E+004
     115    8.1030000000000E+003    1.1045000000000E+004
     116    8.3180000000000E+003    1.1340500000000E+004
     117    8.5405000000000E+003    1.1625000000000E+004
     118    8.6815000000000E+003    1.1820000000000E+004
     119    8.7855000000000E+003    1.1962000000000E+004
     120    9.0290000000000E+003    1.2296500000000E+004
     121    9.2810000000000E+003    1.2623500000000E+004
     122    9.5030000000000E+003    1.2917500000000E+004
     123    9.7125000000000E+003    1.3209500000000E+004
     124    9.9460000000000E+003    1.3529000000000E+004
     125    1.0098000000000E+004    1.3727500000000E+004
     126    1.0221000000000E+004    1.3896000000000E+004
     127    1.0512000000000E+004    1.4283000000000E+004
     128    1.0825000000000E+004    1.4686500000000E+004
     129    1.1094000000000E+004    1.5037500000000E+004
     130    1.1353000000000E+004    1.5393000000000E+004
     131    1.1627500000000E+004    1.5742000000000E+004
     132    1.1802000000000E+004    1.5974000000000E+004
     133    1.1920000000000E+004    1.6123000000000E+004
     134    1.2250000000000E+004    1.6559000000000E+004
     135    1.2550500000000E+004    1.6961000000000E+004
     136    1.2820500000000E+004    1.7319500000000E+004
     137    1.3043000000000E+004    1.7623500000000E+004
     138    1.3264500000000E+004    1.7909500000000E+004
     139    1.3392500000000E+004    1.8080000000000E+004
     140    1.3520500000000E+004    1.8262000000000E+004
     141    1.3855000000000E+004    1.8696500000000E+004
     142    1.4092000000000E+004    1.9005000000000E+004
     143    1.4329000000000E+004    1.9314500000000E+004
     144    1.4551000000000E+004    1.9618500000000E+004
     145    1.4743500000000E+004    1.9882500000000E+004
     146    1.4884500000000E+004    2.0071500000000E+004
     147    1.4991000000000E+004    2.0224500000000E+004
     148    1.5254000000000E+004    2.0587500000000E+004
     149    1.5486500000000E+004    2.0901000000000E+004
     150    1.5757500000000E+004    2.1256000000000E+004
     151    1.5995000000000E+004    2.1570500000000E+004
     152    1.6244000000000E+004    2.1886500000000E+004
     153    1.6364000000000E+004    2.2049000000000E+004
     154    1.6480000000000E+004    2.2207000000000E+004
     155    1.6742000000000E+004    2.2568000000000E+004
     156    1.6982500000000E+004    2.2881000000000E+004
     157    1.7216000000000E+004    2.3187000000000E+004
     158    1.7453500000000E+004    2.3494500000000E+004
     159    1.7657500000000E+004    2.3775500000000E+004
     160    1.7770500000000E+004    2.3937500000000E+004
     161    1.7887500000000E+004    2.4088500000000E+004
     162    1.8204000000000E+004    2.4500500000000E+004
     163    1.8459000000000E+004    2.4827000000000E+004
     164    1.8675500000000E+004    2.5130500000000E+004
     165    1.8910500000000E+004    2.5429000000000E+004
     166    1.9105500000000E+004    2.5696000000000E+004
     167    1.9229500000000E+004    2.5857500000000E+004
     168    1.9342500000000E+004    2.5995500000000E+004
     169    1.9619000000000E+004    2.6347000000000E+004
     170    1.9872000000000E+004    2.6689000000000E+004
     171    2.0146000000000E+004    2.7059000000000E+004
     172    2.0378000000000E+004    2.7375000000000E+004
     173    2.0624000000000E+004    2.7695500000000E+004
     174    2.0716000000000E+004    2.7810000000000E+004
     175    2.0827000000000E+004    2.7969500000000E+004
     176    2.1135500000000E+004    2.8395500000000E+004
     177    2.1390500000000E+004    2.8728000000000E+004
     178    2.1668000000000E+004    2.9095500000000E+004
     179    2.1947000000000E+004    2.9444500000000E+004
     180    2.2161500000000E+004    2.9733000000000E+004
     181    2.2255500000000E+004    2.9869000000000E+004
     182    2.2359500000000E+004    3.0014500000000E+004
     183    2.2692000000000E+004    3.0471000000000E+004
     184    2.2984500000000E+004    3.0858000000000E+004
     185    2.3258000000000E+004    3.1210000000000E+004
     186    2.3491000000000E+004    3.1526000000000E+004
     187    2.3705000000000E+004    3.1826500000000E+004
     188    2.3796500000000E+004    3.1952500000000E+004
     189    2.3913000000000E+004    3.2124000000000E+004
     190    2.4237000000000E+004    3.2545000000000E+004
     191    2.4421000000000E+004    3.2791500000000E+004
     192    2.4537500000000E+004    3.2936500000000E+004
     193    2.4850000000000E+004    3.3371500000000E+004
     194    2.5096000000000E+004    3.3709000000000E+004
     195    2.5212500000000E+004    3.3865000000000E+004
     196    2.5321500000000E+004    3.4009500000000E+004
     197    2.5651000000000E+004    3.4444000000000E+004
     198    2.5992500000000E+004    3.4901500000000E+004
     199    2.6277500000000E+004    3.5286000000000E+004
     200    2.6564500000000E+004    3.5682500000000E+004
     201    2.6853000000000E+004    3.6081000000000E+004
     202    2.6933000000000E+004    3.6200000000000E+004
     203    2.7038500000000E+004    3.6339000000000E+004
     204    2.7336500000000E+004    3.6710500000000E+004
     205    2.7695000000000E+004    3.7174000000000E+004
     206    2.7997000000000E+004    3.7574000000000E+004
     207    2.8255000000000E+004    3.7919500000000E+004
     208    2.8483000000000E+004    3.8212000000000E+004
     209    2.8598500000000E+004    3.8360500000000E+004
     210    2.8684000000000E+004    3.8475500000000E+004
     211    2.8938500000000E+004    3.8837000000000E+004
     212    2.9206000000000E+004    3.9205500000000E+004
     213    2.9498000000000E+004    3.9598500000000E+004
     214    2.9735000000000E+004    3.9890500000000E+004
     215    2.9966500000000E+004    4.0191500000000E+004
     216    3.0050500000000E+004    4.0321000000000E+004
     217    3.0172500000000E+004    4.0490000000000E+004
     218    3.0493500000000E+004    4.0903500000000E+004
     219    3.0794500000000E+004    4.1308500000000E+004
     220    3.1104000000000E+004    4.1715000000000E+004
     221    3.1391500000000E+004    4.2096500000000E+004
     222    3.1658000000000E+004    4.2437500000000E+004
     223    3.1793000000000E+004    4.2619000000000E+004
     224    3.1910500000000E+004    4.2786000000000E+004
     225    3.2307500000000E+004    4.3321000000000E+004
     226    3.2653000000000E+004    4.3752500000000E+004
     227    3.2981000000000E+004    4.4191500000000E+004
     228    3.3265000000000E+004    4.4553000000000E+004
     229    3.3503500000000E+004    4.4841500000000E+004
     230    3.3627000000000E+004    4.5000000000000E+004
     231    3.3722500000000E+004    4.5132500000000E+004
     232    3.4099500000000E+004    4.5624000000000E+004
     233    3.4395000000000E+004    4.6029500000000E+004
     234    3.4682500000000E+004    4.6428500000000E+004
     235    3.4946500000000E+004    4.6789500000000E+004
     236    3.5195000000000E+004    4.7095000000000E+004
     237    3.5349500000000E+004    4.7303500000000E+004
     238    3.5442500000000E+004    4.7427500000000E+004
     239    3.5719500000000E+004    4.7802000000000E+004
     240    3.6037500000000E+004    4.8219500000000E+004
     241    3.6313000000000E+004    4.8593000000000E+004
     242    3.6573500000000E+004    4.8952500000000E+004
     243    3.6834500000000E+004    4.9293000000000E+004
     244    3.6931500000000E+004    4.9415000000000E+004
     245    3.7021500000000E+004    4.9544000000000E+004
     246    3.7326000000000E+004    4.9972500000000E+004
     247    3.7622000000000E+004    5.0398000000000E+004
     248    3.7926000000000E+004    5.0823000000000E+004
     249    3.8217500000000E+004    5.1202000000000E+004
     250    3.8511000000000E+004    5.1582000000000E+004
     251    3.8638500000000E+004    5.1754500000000E+004
     252    3.8757500000000E+004    5.1900000000000E+004
     253    3.8931500000000E+004    5.2150000000000E+004
     254    3.9273000000000E+004    5.2623000000000E+004
     255    3.9648500000000E+004    5.3111500000000E+004
     256    3.9969500000000E+004    5.3560000000000E+004
     257    4.0248500000000E+004    5.3934000000000E+004
     258    4.0392500000000E+004    5.4129000000000E+004
     259    4.0518500000000E+004    5.4314000000000E+004
     260    4.0969500000000E+004    5.4897000000000E+004
     261    4.1322000000000E+004    5.5356500000000E+004
     262    4.1718500000000E+004    5.5906000000000E+004
     263    4.2079500000000E+004    5.6402000000000E+004
     264    4.2404000000000E+004    5.6843500000000E+004
     265    4.2613000000000E+004    5.7108000000000E+004
     266    4.2736000000000E+004    5.7254000000000E+004
     267    4.3128000000000E+004    5.7787500000000E+004
     268    4.3550000000000E+004    5.8317500000000E+004
     269    4.3965000000000E+004    5.8873000000000E+004
     270    4.4335500000000E+004    5.9369000000000E+004
     271    4.4660000000000E+004    5.9806000000000E+004
     272    4.4798500000000E+004    6.0010000000000E+004
     273    4.4910000000000E+004    6.0193500000000E+004
     274    4.5326500000000E+004    6.0705500000000E+004
     275    4.5682500000000E+004    6.1177500000000E+004
     276    4.6053000000000E+004    6.1657500000000E+004
     277    4.6398000000000E+004    6.2122000000000E+004
     278    4.6753500000000E+004    6.2606000000000E+004
     279    4.6982000000000E+004    6.2911500000000E+004
     280    4.7117000000000E+004    6.3111000000000E+004
     281    4.7553000000000E+004    6.3700500000000E+004
     282    4.7924500000000E+004    6.4185500000000E+004
     283    4.8348500000000E+004    6.4732000000000E+004
     284    4.8744500000000E+004    6.5269000000000E+004
     285    4.9075000000000E+004    6.5724000000000E+004
     286    4.9233000000000E+004    6.5925500000000E+004
     287    4.9417000000000E+004    6.6184000000000E+004
     288    4.9911000000000E+004    6.6831500000000E+004
     289    5.0305000000000E+004    6.7350500000000E+004
     290    5.0660500000000E+004    6.7821500000000E+004
     291    5.0987500000000E+004    6.8258000000000E+004
     292    5.1156500000000E+004    6.8474500000000E+004
     293    5.1387000000000E+004    6.8783000000000E+004
     294    5.1622500000000E+004    6.9119000000000E+004
     295    5.2186000000000E+004    6.9885500000000E+004
     296    5.2732000000000E+004    7.0603500000000E+004
     297    5.3227500000000E+004    7.1271500000000E+004
     298    5.3591500000000E+004    7.1754500000000E+004
     299    5.3788000000000E+004    7.2024500000000E+004
     300    5.4084000000000E+004    7.2449000000000E+004
     301    5.4355000000000E+004    7.2826000000000E+004
     302    5.5054500000000E+004    7.3757000000000E+004
     303    5.5791000000000E+004    7.4723500000000E+004
     304    5.6645500000000E+004    7.5825500000000E+004
     305    5.7407500000000E+004    7.6832500000000E+004
     306    5.8279000000000E+004    7.8072500000000E+004
     307    5.8650500000000E+004    7.8577500000000E+004
     308    5.8992500000000E+004    7.9045500000000E+004
     309    6.0090500000000E+004    8.0496500000000E+004
     310    6.0912000000000E+004    8.1584000000000E+004
     311    6.1736500000000E+004    8.2734000000000E+004
     312    6.2447000000000E+004    8.3660000000000E+004
     313    6.3182500000000E+004    8.4643000000000E+004
     314    6.3508500000000E+004    8.5077000000000E+004
     315    6.3803500000000E+004    8.5486000000000E+004
     316    6.4628500000000E+004    8.6591500000000E+004
     317    6.5373500000000E+004    8.7598500000000E+004
     318    6.6140000000000E+004    8.8608000000000E+004
     319    6.6848500000000E+004    8.9514500000000E+004
     320    6.7417500000000E+004    9.0304500000000E+004
     321    6.7703500000000E+004    9.0701500000000E+004
     322    6.7984000000000E+004    9.1080500000000E+004
     323    6.8767500000000E+004    9.2118000000000E+004
     324    6.9385500000000E+004    9.2965000000000E+004
     325    6.9983000000000E+004    9.3783500000000E+004
     326    7.0543000000000E+004    9.4470500000000E+004
     327    7.1001000000000E+004    9.5079500000000E+004
     328    7.1193500000000E+004    9.5340000000000E+004
     329    7.1346500000000E+004    9.5564000000000E+004
     330    7.1602000000000E+004    9.5903500000000E+004
     331    7.2027000000000E+004    9.6465500000000E+004
     332    7.2489500000000E+004    9.7079000000000E+004
     333    7.2807500000000E+004    9.7547000000000E+004
     334    7.3109000000000E+004    9.7948000000000E+004
     335    7.3257000000000E+004    9.8141000000000E+004
     336    7.3377500000000E+004    9.8308500000000E+004
     337    7.3723500000000E+004    9.8774000000000E+004
     338    7.4033000000000E+004    9.9180000000000E+004
     339    7.4362000000000E+004    9.9574500000000E+004
     340    7.4652500000000E+004    9.9980000000000E+004
     341    7.4941000000000E+004    1.0036450000000E+005
     342    7.5022500000000E+004    1.0047650000000E+005
     343    7.5115000000000E+004    1.0061300000000E+005
     344    7.5452500000000E+004    1.0105050000000E+005
     345    7.5697500000000E+004    1.0137200000000E+005
     346    7.5918000000000E+004    1.0167600000000E+005
     347    7.6150000000000E+004    1.0200350000000E+005
     348    7.6344500000000E+004    1.0226300000000E+005
     349    7.6419500000000E+004    1.0235550000000E+005
     350    7.6495500000000E+004    1.0246000000000E+005
     351    7.6771000000000E+004    1.0284000000000E+005
     352    7.7045000000000E+004    1.0320850000000E+005
     353    7.7293500000000E+004    1.0355450000000E+005
     354    7.7508500000000E+004    1.0384950000000E+005
     355    7.7688000000000E+004    1.0411400000000E+005
     356    7.7757500000000E+004    1.0420200000000E+005
     357    7.7833000000000E+004    1.0431400000000E+005
     358    7.8088000000000E+004    1.0466600000000E+005
     359    7.8271000000000E+004    1.0492150000000E+005
     360    7.8448000000000E+004    1.0517450000000E+005
     361    7.8614500000000E+004    1.0540350000000E+005
     362    7.8757500000000E+004    1.0559900000000E+005
     363    7.8812000000000E+004    1.0567150000000E+005
     364    7.8876500000000E+004    1.0576050000000E+005
     365    7.9037500000000E+004    1.0599700000000E+005
     366    7.9196500000000E+004    1.0620850000000E+005
     367    7.9315000000000E+004    1.0637800000000E+005
     368    7.9436500000000E+004    1.0654050000000E+005
     369    7.9560500000000E+004    1.0670600000000E+005
     370    7.9613500000000E+004    1.0677200000000E+005
     371    7.9654000000000E+004    1.0682250000000E+005
     372    7.9701000000000E+004    1.0690000000000E+005
     373    7.9886500000000E+004    1.0714400000000E+005
     374    8.0003000000000E+004    1.0729850000000E+005
     375    8.0124000000000E+004    1.0746050000000E+005
     376    8.0253500000000E+004    1.0764050000000E+005
     377    8.0305000000000E+004    1.0769750000000E+005
     378    8.0344000000000E+004    1.0775400000000E+005
     379    8.0482500000000E+004    1.0795700000000E+005
     380    8.0590000000000E+004    1.0809700000000E+005
     381    8.0676500000000E+004    1.0823200000000E+005
     382    8.0788000000000E+004    1.0838550000000E+005
     383    8.0863000000000E+004    1.0851050000000E+005
     384    8.0920500000000E+004    1.0857900000000E+005
     385    8.0965000000000E+004    1.0864250000000E+005
     386    8.1104000000000E+004    1.0882500000000E+005
     387    8.1195500000000E+004    1.0895700000000E+005
     388    8.1279500000000E+004    1.0908450000000E+005
     389    8.1330500000000E+004    1.0914750000000E+005
     390    8.1384000000000E+004    1.0921600000000E+005
     391    8.1428000000000E+004    1.0928000000000E+005
     392    8.1493500000000E+004    1.0936700000000E+005
     393    8.1614500000000E+004    1.0954050000000E+005
     394    8.1775000000000E+004    1.0973950000000E+005
     395    8.1879500000000E+004    1.0987750000000E+005
     396    8.1993500000000E+004    1.1002400000000E+005
     397    8.2104500000000E+004    1.1018900000000E+005
     398    8.2165500000000E+004    1.1027850000000E+005
     399    8.2216500000000E+004    1.1034900000000E+005
     400    8.2342000000000E+004    1.1052350000000E+005
     401    8.2432000000000E+004    1.1064350000000E+005
     402    8.2536000000000E+004    1.1077550000000E+005
     403    8.2623500000000E+004    1.1090400000000E+005
     404    8.2706500000000E+004    1.1101900000000E+005
     405    8.2745000000000E+004    1.1106650000000E+005
     406    8.2776500000000E+004    1.1111400000000E+005
     407    8.2885000000000E+004    1.1126100000000E+005
     408    8.2987000000000E+004    1.1141950000000E+005
     409    8.3062500000000E+004    1.1152750000000E+005
     410    8.3136500000000E+004    1.1162200000000E+005
     411    8.3218500000000E+004    1.1172800000000E+005
     412    8.3254500000000E+004    1.1177050000000E+005
     413    8.3275500000000E+004    1.1181150000000E+005
     414    8.3401000000000E+004    1.1196700000000E+005
     415    8.3472500000000E+004    1.1207650000000E+005
     416    8.3548000000000E+004    1.1220800000000E+005
     417    8.3620500000000E+004    1.1232450000000E+005
     418    8.3671000000000E+004    1.1239400000000E+005
     419    8.3697000000000E+004    1.1242200000000E+005
     420    8.3714000000000E+004    1.1245650000000E+005
     421    8.3813500000000E+004    1.1258450000000E+005
     422    8.3877000000000E+004    1.1269900000000E+005
     423    8.3976500000000E+004    1.1281600000000E+005
     424    8.4071000000000E+004    1.1292100000000E+005
     425    8.4125000000000E+004    1.1298850000000E+005
     426    8.4155500000000E+004    1.1303050000000E+005
     427    8.4186500000000E+004    1.1307300000000E+005
     428    8.4227000000000E+004    1.1312450000000E+005
     429    8.4309500000000E+004    1.1325050000000E+005
     430    8.4369500000000E+004    1.1334750000000E+005
     431    8.4415000000000E+004    1.1341300000000E+005
     432    8.4453000000000E+004    1.1348950000000E+005
     433    8.4473000000000E+004    1.1351800000000E+005
     434    8.4489000000000E+004    1.1354650000000E+005
     435    8.4556500000000E+004    1.1363700000000E+005
     436    8.4617500000000E+004    1.1370500000000E+005
     437    8.4678500000000E+004    1.1379250000000E+005
     438    8.4709000000000E+004    1.1384000000000E+005
     439    8.4765000000000E+004    1.1391100000000E+005
     440    8.4784500000000E+004    1.1393100000000E+005
     441    8.4808000000000E+004    1.1396400000000E+005
     442    8.4879000000000E+004    1.1405800000000E+005
     443    8.4925500000000E+004    1.1415950000000E+005
     444    8.4977500000000E+004    1.1421550000000E+005
     445    8.5042500000000E+004    1.1428800000000E+005
     446    8.5090000000000E+004    1.1434150000000E+005
     447    8.5109500000000E+004    1.1436400000000E+005
     448    8.5131000000000E+004    1.1440050000000E+005
     449    8.5200000000000E+004    1.1449200000000E+005
     450    8.5242500000000E+004    1.1455350000000E+005
     451    8.5310000000000E+004    1.1463850000000E+005
     452    8.5368500000000E+004    1.1473350000000E+005
     453    8.5410000000000E+004    1.1480200000000E+005
     454    8.5423500000000E+004    1.1482700000000E+005
     455    8.5445000000000E+004    1.1486300000000E+005
     456    8.5501000000000E+004    1.1493600000000E+005
     457    8.5550000000000E+004    1.1499750000000E+005
     458    8.5592000000000E+004    1.1504400000000E+005
     459    8.5645500000000E+004    1.1510100000000E+005
     460    8.5701000000000E+004    1.1516950000000E+005
     461    8.5733500000000E+004    1.1521150000000E+005
     462    8.5758000000000E+004    1.1523600000000E+005
     463    8.5823500000000E+004    1.1533050000000E+005
     464    8.5867500000000E+004    1.1538200000000E+005
     465    8.5902500000000E+004    1.1542400000000E+005
     466    8.5956500000000E+004    1.1548750000000E+005
     467    8.6022000000000E+004    1.1557450000000E+005
     468    8.6043000000000E+004    1.1559800000000E+005
     469    8.6080000000000E+004    1.1565500000000E+005
     470    8.6171000000000E+004    1.1577350000000E+005
     471    8.6238500000000E+004    1.1586700000000E+005
     472    8.6317000000000E+004    1.1598700000000E+005
     473    8.6403500000000E+004    1.1610200000000E+005
     474    8.6520500000000E+004    1.1625600000000E+005
     475    8.6556500000000E+004    1.1631650000000E+005
     476    8.6603500000000E+004    1.1637600000000E+005
     477    8.6768000000000E+004    1.1659000000000E+005
     478    8.6907000000000E+004    1.1680050000000E+005
     479    8.7042500000000E+004    1.1699900000000E+005
     480    8.7187000000000E+004    1.1721350000000E+005
     481    8.7314000000000E+004    1.1739450000000E+005
     482    8.7384000000000E+004    1.1749850000000E+005
     483    8.7470000000000E+004    1.1758450000000E+005
     484    8.7810500000000E+004    1.1800500000000E+005
     485    8.8140000000000E+004    1.1846300000000E+005
     486    8.8512000000000E+004    1.1892100000000E+005
     487    8.8904000000000E+004    1.1939900000000E+005
     488    8.9087000000000E+004    1.1961500000000E+005
     489    8.9223500000000E+004    1.1981800000000E+005
     490    8.9371500000000E+004    1.2004950000000E+005
     491    8.9641500000000E+004    1.2047650000000E+005
     492    9.0291500000000E+004    1.2135650000000E+005
     493    9.0930500000000E+004    1.2216050000000E+005
     494    9.1596500000000E+004    1.2304950000000E+005
     495    9.2262000000000E+004    1.2393950000000E+005
     496    9.2487000000000E+004    1.2429000000000E+005
     497    9.2693000000000E+004    1.2457850000000E+005
     498    9.3586500000000E+004    1.2581850000000E+005
     499    9.4531500000000E+004    1.2717200000000E+005
     500    9.5459000000000E+004    1.2836400000000E+005
     501    9.6358000000000E+004    1.2969650000000E+005
     502    9.7204000000000E+004    1.3085550000000E+005
     503    9.7635000000000E+004    1.3137600000000E+005
     504    9.7947000000000E+004    1.3182250000000E+005
     505    9.9249000000000E+004    1.3352100000000E+005
     506    1.0022050000000E+005    1.3496550000000E+005
     507    1.0132650000000E+005    1.3646350000000E+005
     508    1.0238800000000E+005    1.3791350000000E+005
     509    1.0332300000000E+005    1.3925400000000E+005
     510    1.0363900000000E+005    1.3970900000000E+005
     511    1.0394400000000E+005    1.4013150000000E+005
     512    1.0501550000000E+005    1.4165750000000E+005
     513    1.0607900000000E+005    1.4305550000000E+005
     514    1.0710450000000E+005    1.4441450000000E+005
     515    1.0800600000000E+005    1.4569600000000E+005
     516    1.0878600000000E+005    1.4686150000000E+005
     517    1.0908000000000E+005    1.4727900000000E+005
     518    1.0938700000000E+005    1.4773150000000E+005
     519    1.1058150000000E+005    1.4931300000000E+005
     520    1.1155600000000E+005    1.5064200000000E+005
     521    1.1155600000000E+005    1.5064200000000E+005
     522    1.1155600000000E+005    1.5064200000000E+005
     523    1.1155600000000E+005    1.5064200000000E+005
     524    1.1155600000000E+005    1.5064200000000E+005
     525    1.1155600000000E+005    1.5064200000000E+005
     526    1.1155600000000E+005    1.5064200000000E+005
     527    1.1155600000000E+005    1.5064200000000E+005
     528    1.1155600000000E+005    1.5064200000000E+005
     529    1.1155600000000E+005    1.5064200000000E+005
     530    1.1155600000000E+005    1.5064200000000E+005
     531    1.1155600000000E+005    1.5064200000000E+005
     532    1.1155600000000E+005    1.5064200000000E+005
     533    1.1155600000000E+005    1.5064200000000E+005
     534    1.1155600000000E+005    1.5064200000000E+005
     535    1.1155600000000E+005    1.5064200000000E+005
     536    1.1155600000000E+005    1.5064200000000E+005
     537    1.1155600000000E+005    1.5064200000000E+005
     538    1.1155600000000E+005    1.5064200000000E+005
     539    1.1155600000000E+005    1.5064200000000E+005
     540    1.1155600000000E+005    1.5064200000000E+005
