       1    0.0000000000000E+000    0.0000000000000E+000    9.9999960000000E+006    4.0000000000000E+000    0.0000000000000E+000    0.0000000000000E+000    4.0000000000000E+000    4.0000000000000E+000    4.0000000000000E+000    0.0000000000000E+000    0.0000000000000E+000
       2    0.0000000000000E+000    0.0000000000000E+000    9.9999960000000E+006    4.0000000000000E+000    0.0000000000000E+000    0.0000000000000E+000    4.0000000000000E-002    4.0000000000000E+000    4.0000000000000E+000    0.0000000000000E+000    0.0000000000000E+000
       3    0.0000000000000E+000    1.1600000000000E+000    9.9999948400000E+006    4.0000000000000E+000    0.0000000000000E+000    0.0000000000000E+000    4.0000000000000E-002    4.0000000000000E+000    4.0000000000000E+000    0.0000000000000E+000    0.0000000000000E+000
       4    0.0000000000000E+000    2.3200000000000E+000    9.9999936800000E+006    4.0000000000000E+000    0.0000000000000E+000    0.0000000000000E+000    4.0000000000000E-002    4.0000000000000E+000    4.0000000000000E+000    0.0000000000000E+000    0.0000000000000E+000
       5    0.0000000000000E+000    3.3100000000000E+000    9.9999926900000E+006    4.0000000000000E+000    0.0000000000000E+000    0.0000000000000E+000    4.0000000000000E-002    4.0000000000000E+000    4.0000000000000E+000    0.0000000000000E+000    0.0000000000000E+000
       6    1.1600000000000E+000    4.4500000000000E+000    9.9999915500000E+006    4.0000000000000E+000   -3.9000000000000E-001    3.9000000000000E-001    1.2000000000000E+000    4.0000000000000E+000    6.0000000000000E+000    0.0000000000000E+000    2.0000000000000E+000
       7    1.1600000000000E+000    4.5000000000000E+000    9.9999903400000E+006    5.1600000000000E+000   -3.9000000000000E-001    3.9000000000000E-001    2.3600000000000E+000    4.0000000000000E+000    8.0000000000000E+000    0.0000000000000E+000    2.0000000000000E+000
       8    9.9000000000000E-001    4.8900000000000E+000    9.9999887900000E+006    6.3200000000000E+000   -3.9000000000000E-001    3.9000000000000E-001    3.3500000000000E+000    4.0000000000000E+000    1.0000000000000E+001    0.0000000000000E+000    2.0000000000000E+000
       9    1.1400000000000E+000    5.7200000000000E+000    9.9999869700000E+006    7.3100000000000E+000   -3.9000000000000E-001    3.9000000000000E-001    4.4900000000000E+000    4.0000000000000E+000    1.1000000000000E+001    0.0000000000000E+000    1.0000000000000E+000
      10    1.2100000000000E+000    6.7200000000000E+000    9.9999848300000E+006    8.4500000000000E+000   -3.9000000000000E-001    3.9000000000000E-001    5.7000000000000E+000    5.0000000000000E+000    1.2000000000000E+001    1.0000000000000E+000    1.0000000000000E+000
      11    1.5500000000000E+000    7.7800000000000E+000    9.9999825600000E+006    9.6600000000000E+000   -5.3000000000000E-001    5.3000000000000E-001    7.2500000000000E+000    9.0000000000000E+000    1.5000000000000E+001    4.0000000000000E+000    3.0000000000000E+000
      12    1.8200000000000E+000    9.0600000000000E+000    9.9999797300000E+006    1.1210000000000E+001   -6.5000000000000E-001    6.5000000000000E-001    9.0700000000000E+000    1.0000000000000E+001    1.6000000000000E+001    1.0000000000000E+000    1.0000000000000E+000
      13    2.1400000000000E+000    1.0210000000000E+001    9.9999767600000E+006    1.3030000000000E+001   -7.5000000000000E-001    7.5000000000000E-001    1.1210000000000E+001    1.0000000000000E+001    1.9000000000000E+001    0.0000000000000E+000    3.0000000000000E+000
      14    2.2700000000000E+000    1.2160000000000E+001    9.9999726700000E+006    1.5170000000000E+001   -8.2000000000000E-001    8.2000000000000E-001    1.3480000000000E+001    1.0000000000000E+001    2.1000000000000E+001    0.0000000000000E+000    2.0000000000000E+000
      15    2.8300000000000E+000    1.4380000000000E+001    9.9999681800000E+006    1.7440000000000E+001   -9.1000000000000E-001    9.1000000000000E-001    1.6310000000000E+001    1.1000000000000E+001    2.4000000000000E+001    1.0000000000000E+000    3.0000000000000E+000
      16    2.9700000000000E+000    1.6410000000000E+001    9.9999633200000E+006    2.0270000000000E+001   -1.0700000000000E+000    1.0700000000000E+000    1.9280000000000E+001    1.2000000000000E+001    2.9000000000000E+001    1.0000000000000E+000    5.0000000000000E+000
      17    4.0900000000000E+000    1.9070000000000E+001    9.9999576900000E+006    2.3240000000000E+001   -1.3000000000000E+000    1.3000000000000E+000    2.3370000000000E+001    1.5000000000000E+001    3.9000000000000E+001    3.0000000000000E+000    1.0000000000000E+001
      18    4.4900000000000E+000    2.2000000000000E+001    9.9999506700000E+006    2.7330000000000E+001   -1.5200000000000E+000    1.5200000000000E+000    2.7860000000000E+001    1.8000000000000E+001    4.3000000000000E+001    3.0000000000000E+000    4.0000000000000E+000
      19    4.8600000000000E+000    2.5930000000000E+001    9.9999422500000E+006    2.7820000000000E+001    2.2200000000000E+000    1.7800000000000E+000    3.2720000000000E+001    1.9000000000000E+001    5.2000000000000E+001    1.0000000000000E+000    9.0000000000000E+000
      20    5.6300000000000E+000    2.8850000000000E+001    9.9999344700000E+006    3.2680000000000E+001    1.9600000000000E+000    2.0400000000000E+000    3.8350000000000E+001    2.3000000000000E+001    5.8000000000000E+001    4.0000000000000E+000    6.0000000000000E+000
      21    7.0200000000000E+000    3.2380000000000E+001    9.9999253100000E+006    3.7150000000000E+001    2.7500000000000E+000    2.4100000000000E+000    4.5370000000000E+001    2.7000000000000E+001    6.6000000000000E+001    4.0000000000000E+000    8.0000000000000E+000
      22    8.4200000000000E+000    3.5780000000000E+001    9.9999148900000E+006    4.3010000000000E+001    3.4900000000000E+000    2.8300000000000E+000    5.3790000000000E+001    3.2000000000000E+001    8.4000000000000E+001    5.0000000000000E+000    1.8000000000000E+001
      23    7.7800000000000E+000    4.0270000000000E+001    9.9999019800000E+006    5.0440000000000E+001    4.0700000000000E+000    3.2400000000000E+000    6.1570000000000E+001    3.3000000000000E+001    9.7000000000000E+001    1.0000000000000E+000    1.3000000000000E+001
      24    9.1600000000000E+000    4.6740000000000E+001    9.9998877300000E+006    5.7080000000000E+001    4.7900000000000E+000    3.6600000000000E+000    7.0730000000000E+001    3.5000000000000E+001    1.1000000000000E+002    2.0000000000000E+000    1.3000000000000E+001
      25    1.0420000000000E+001    5.3050000000000E+001    9.9998722600000E+006    6.5030000000000E+001    5.3700000000000E+000    4.2900000000000E+000    8.1150000000000E+001    4.2000000000000E+001    1.2500000000000E+002    7.0000000000000E+000    1.5000000000000E+001
      26    1.2910000000000E+001    6.1060000000000E+001    9.9998538300000E+006    7.3900000000000E+001    6.1300000000000E+000    5.0800000000000E+000    9.4060000000000E+001    4.3000000000000E+001    1.4300000000000E+002    1.0000000000000E+000    1.8000000000000E+001
      27    1.4250000000000E+001    6.9030000000000E+001    9.9998329500000E+006    8.4990000000000E+001    7.0600000000000E+000    5.9700000000000E+000    1.0831000000000E+002    5.1000000000000E+001    1.6100000000000E+002    8.0000000000000E+000    1.8000000000000E+001
      28    1.5470000000000E+001    7.9100000000000E+001    9.9998086300000E+006    9.7100000000000E+001    8.4400000000000E+000    6.7300000000000E+000    1.2378000000000E+002    6.0000000000000E+001    1.9200000000000E+002    9.0000000000000E+000    3.1000000000000E+001
      29    1.8430000000000E+001    9.1030000000000E+001    9.9997812300000E+006    1.1030000000000E+002    9.8000000000000E+000    7.6400000000000E+000    1.4221000000000E+002    6.9000000000000E+001    2.2300000000000E+002    9.0000000000000E+000    3.1000000000000E+001
      30    2.0880000000000E+001    1.0422000000000E+002    9.9997496100000E+006    1.2590000000000E+002    1.1620000000000E+001    8.6500000000000E+000    1.6309000000000E+002    7.5000000000000E+001    2.5200000000000E+002    6.0000000000000E+000    2.9000000000000E+001
      31    2.4320000000000E+001    1.1827000000000E+002    9.9997146800000E+006    1.4381000000000E+002    1.3440000000000E+001    9.8000000000000E+000    1.8741000000000E+002    8.3000000000000E+001    2.9100000000000E+002    8.0000000000000E+000    3.9000000000000E+001
      32    2.7400000000000E+001    1.2625000000000E+002    9.9996823800000E+006    1.6404000000000E+002    1.5980000000000E+001    1.1350000000000E+001    2.1481000000000E+002    8.7000000000000E+001    3.3200000000000E+002    4.0000000000000E+000    4.1000000000000E+001
      33    3.1620000000000E+001    1.2434000000000E+002    9.9996568900000E+006    1.8695000000000E+002    1.8960000000000E+001    1.2860000000000E+001    2.4643000000000E+002    9.6000000000000E+001    3.8600000000000E+002    9.0000000000000E+000    5.4000000000000E+001
      34    3.4930000000000E+001    1.1043000000000E+002    9.9996391800000E+006    2.1371000000000E+002    2.2040000000000E+001    1.4640000000000E+001    2.8136000000000E+002    1.0800000000000E+002    4.5100000000000E+002    1.2000000000000E+001    6.5000000000000E+001
      35    3.2300000000000E+001    9.6090000000000E+001    9.9996185900000E+006    2.4301000000000E+002    2.5770000000000E+001    1.6540000000000E+001    3.1366000000000E+002    1.2300000000000E+002    4.9700000000000E+002    1.5000000000000E+001    4.6000000000000E+001
      36    2.5490000000000E+001    8.6560000000000E+001    9.9995958200000E+006    2.6829000000000E+002    3.0350000000000E+001    1.8980000000000E+001    3.3915000000000E+002    1.3100000000000E+002    5.4200000000000E+002    8.0000000000000E+000    4.5000000000000E+001
      37    1.7710000000000E+001    8.6480000000000E+001    9.9995704100000E+006    2.8536000000000E+002    3.6140000000000E+001    2.1610000000000E+001    3.5686000000000E+002    1.3900000000000E+002    5.8100000000000E+002    8.0000000000000E+000    3.9000000000000E+001
      38    2.0590000000000E+001    9.6010000000000E+001    9.9995431700000E+006    2.9529000000000E+002    4.0620000000000E+001    2.4910000000000E+001    3.7745000000000E+002    1.4600000000000E+002    6.1200000000000E+002    7.0000000000000E+000    3.1000000000000E+001
      39    2.2770000000000E+001    1.0346000000000E+002    9.9995151300000E+006    3.0672000000000E+002    4.6280000000000E+001    2.8410000000000E+001    4.0022000000000E+002    1.4800000000000E+002    6.5500000000000E+002    2.0000000000000E+000    4.3000000000000E+001
      40    2.5410000000000E+001    1.1004000000000E+002    9.9994857800000E+006    3.1907000000000E+002    5.3440000000000E+001    3.1670000000000E+001    4.2563000000000E+002    1.6000000000000E+002    6.9300000000000E+002    1.2000000000000E+001    3.8000000000000E+001
      41    2.7240000000000E+001    1.1505000000000E+002    9.9994553600000E+006    3.3157000000000E+002    6.4080000000000E+001    3.3940000000000E+001    4.5287000000000E+002    1.7000000000000E+002    7.4500000000000E+002    1.0000000000000E+001    5.2000000000000E+001
      42    2.8040000000000E+001    1.1832000000000E+002    9.9994248500000E+006    3.4456000000000E+002    7.6440000000000E+001    3.5830000000000E+001    4.8091000000000E+002    1.7800000000000E+002    7.8400000000000E+002    8.0000000000000E+000    3.9000000000000E+001
      43    2.9350000000000E+001    1.2239000000000E+002    9.9993927400000E+006    3.5713000000000E+002    8.9850000000000E+001    3.7890000000000E+001    5.1026000000000E+002    1.8600000000000E+002    8.3700000000000E+002    8.0000000000000E+000    5.3000000000000E+001
      44    3.0420000000000E+001    1.2740000000000E+002    9.9993583800000E+006    3.6805000000000E+002    1.0596000000000E+002    4.0210000000000E+001    5.4068000000000E+002    1.9400000000000E+002    8.8400000000000E+002    8.0000000000000E+000    4.7000000000000E+001
      45    3.0510000000000E+001    1.3122000000000E+002    9.9993241400000E+006    3.7759000000000E+002    1.2446000000000E+002    4.2590000000000E+001    5.7119000000000E+002    2.0200000000000E+002    9.4700000000000E+002    8.0000000000000E+000    6.3000000000000E+001
      46    3.2110000000000E+001    1.3723000000000E+002    9.9992876200000E+006    3.8378000000000E+002    1.4594000000000E+002    4.5430000000000E+001    6.0330000000000E+002    2.0900000000000E+002    1.0120000000000E+003    7.0000000000000E+000    6.5000000000000E+001
      47    3.4360000000000E+001    1.4061000000000E+002    9.9992521300000E+006    3.8849000000000E+002    1.7045000000000E+002    4.8320000000000E+001    6.3766000000000E+002    2.2400000000000E+002    1.0770000000000E+003    1.5000000000000E+001    6.5000000000000E+001
      48    3.4240000000000E+001    1.4377000000000E+002    9.9992146100000E+006    3.9123000000000E+002    1.9914000000000E+002    5.1250000000000E+001    6.7190000000000E+002    2.3400000000000E+002    1.1520000000000E+003    1.0000000000000E+001    7.5000000000000E+001
      49    3.6520000000000E+001    1.4509000000000E+002    9.9991790500000E+006    3.9054000000000E+002    2.3071000000000E+002    5.4610000000000E+001    7.0842000000000E+002    2.5200000000000E+002    1.2170000000000E+003    1.8000000000000E+001    6.5000000000000E+001
      50    3.5490000000000E+001    1.4578000000000E+002    9.9991418400000E+006    3.9476000000000E+002    2.6011000000000E+002    5.7510000000000E+001    7.4391000000000E+002    2.6800000000000E+002    1.2730000000000E+003    1.6000000000000E+001    5.6000000000000E+001
      51    3.7520000000000E+001    1.4785000000000E+002    9.9991042800000E+006    4.0476000000000E+002    2.8267000000000E+002    6.0440000000000E+001    7.8143000000000E+002    2.7900000000000E+002    1.3290000000000E+003    1.1000000000000E+001    5.6000000000000E+001
      52    3.5560000000000E+001    1.4800000000000E+002    9.9990666100000E+006    4.2457000000000E+002    2.9706000000000E+002    6.3760000000000E+001    8.1699000000000E+002    2.8800000000000E+002    1.4010000000000E+003    9.0000000000000E+000    7.2000000000000E+001
      53    3.7210000000000E+001    1.5379000000000E+002    9.9990252600000E+006    4.3954000000000E+002    3.1417000000000E+002    6.7240000000000E+001    8.5420000000000E+002    3.0600000000000E+002    1.4770000000000E+003    1.8000000000000E+001    7.6000000000000E+001
      54    3.7560000000000E+001    1.5728000000000E+002    9.9989845600000E+006    4.5398000000000E+002    3.3354000000000E+002    7.0640000000000E+001    8.9176000000000E+002    3.1400000000000E+002    1.5530000000000E+003    8.0000000000000E+000    7.6000000000000E+001
      55    3.7670000000000E+001    1.6299000000000E+002    9.9989412900000E+006    4.6613000000000E+002    3.5549000000000E+002    7.4100000000000E+001    9.2943000000000E+002    3.2800000000000E+002    1.6200000000000E+003    1.4000000000000E+001    6.7000000000000E+001
      56    4.1350000000000E+001    1.6954000000000E+002    9.9988970700000E+006    4.7656000000000E+002    3.7877000000000E+002    7.8060000000000E+001    9.7078000000000E+002    3.4000000000000E+002    1.6990000000000E+003    1.2000000000000E+001    7.9000000000000E+001
      57    4.0700000000000E+001    1.7289000000000E+002    9.9988523700000E+006    4.8987000000000E+002    4.0345000000000E+002    8.1420000000000E+001    1.0114800000000E+003    3.5100000000000E+002    1.7660000000000E+003    1.1000000000000E+001    6.7000000000000E+001
      58    4.3270000000000E+001    1.7820000000000E+002    9.9988063600000E+006    5.0122000000000E+002    4.2886000000000E+002    8.5360000000000E+001    1.0547500000000E+003    3.6900000000000E+002    1.8520000000000E+003    1.8000000000000E+001    8.6000000000000E+001
      59    4.4220000000000E+001    1.8158000000000E+002    9.9987597100000E+006    5.1407000000000E+002    4.5557000000000E+002    8.9070000000000E+001    1.0989700000000E+003    3.7800000000000E+002    1.9430000000000E+003    9.0000000000000E+000    9.1000000000000E+001
      60    4.4700000000000E+001    1.8730000000000E+002    9.9987097700000E+006    5.2778000000000E+002    4.8237000000000E+002    9.2780000000000E+001    1.1436700000000E+003    3.9200000000000E+002    2.0240000000000E+003    1.4000000000000E+001    8.1000000000000E+001
      61    4.6010000000000E+001    1.9138000000000E+002    9.9986609900000E+006    5.4037000000000E+002    5.1014000000000E+002    9.7120000000000E+001    1.1896800000000E+003    4.0100000000000E+002    2.1250000000000E+003    9.0000000000000E+000    1.0100000000000E+002
      62    4.6650000000000E+001    1.9679000000000E+002    9.9986095700000E+006    5.5202000000000E+002    5.4045000000000E+002    1.0117000000000E+002    1.2363300000000E+003    4.2200000000000E+002    2.2240000000000E+003    2.1000000000000E+001    9.9000000000000E+001
      63    4.9940000000000E+001    2.0121000000000E+002    9.9985585000000E+006    5.6443000000000E+002    5.7004000000000E+002    1.0582000000000E+002    1.2862700000000E+003    4.4500000000000E+002    2.3200000000000E+003    2.3000000000000E+001    9.6000000000000E+001
      64    4.8780000000000E+001    2.0501000000000E+002    9.9985047600000E+006    5.7785000000000E+002    6.0222000000000E+002    1.1016000000000E+002    1.3350500000000E+003    4.5500000000000E+002    2.4200000000000E+003    1.0000000000000E+001    1.0000000000000E+002
      65    5.1420000000000E+001    2.1287000000000E+002    9.9984481200000E+006    5.9114000000000E+002    6.3300000000000E+002    1.1487000000000E+002    1.3864700000000E+003    4.8200000000000E+002    2.5290000000000E+003    2.7000000000000E+001    1.0900000000000E+002
      66    5.1070000000000E+001    2.2150000000000E+002    9.9983880700000E+006    6.0504000000000E+002    6.6572000000000E+002    1.1967000000000E+002    1.4375400000000E+003    4.9400000000000E+002    2.5970000000000E+003    1.2000000000000E+001    6.8000000000000E+001
      67    5.3740000000000E+001    2.2746000000000E+002    9.9983310400000E+006    6.2055000000000E+002    6.9647000000000E+002    1.2448000000000E+002    1.4912800000000E+003    5.1400000000000E+002    2.7400000000000E+003    2.0000000000000E+001    1.4300000000000E+002
      68    5.6640000000000E+001    2.3969000000000E+002    9.9982650700000E+006    6.3708000000000E+002    7.2890000000000E+002    1.2926000000000E+002    1.5479200000000E+003    5.3300000000000E+002    2.8520000000000E+003    1.9000000000000E+001    1.1200000000000E+002
      69    6.0050000000000E+001    2.4336000000000E+002    9.9982047600000E+006    6.5616000000000E+002    7.6158000000000E+002    1.3414000000000E+002    1.6079700000000E+003    5.5400000000000E+002    3.0820000000000E+003    2.1000000000000E+001    2.3000000000000E+002
      70    5.7030000000000E+001    2.3842000000000E+002    9.9981496500000E+006    6.7854000000000E+002    7.9415000000000E+002    1.3924000000000E+002    1.6650000000000E+003    5.7900000000000E+002    3.2030000000000E+003    2.5000000000000E+001    1.2100000000000E+002
      71    6.5970000000000E+001    2.4591000000000E+002    9.9980851300000E+006    6.9422000000000E+002    8.3032000000000E+002    1.4442000000000E+002    1.7309700000000E+003    5.9900000000000E+002    3.4210000000000E+003    2.0000000000000E+001    2.1800000000000E+002
      72    6.0310000000000E+001    2.4374000000000E+002    9.9980213300000E+006    7.1949000000000E+002    8.6538000000000E+002    1.5006000000000E+002    1.7912800000000E+003    6.1300000000000E+002    3.5290000000000E+003    1.4000000000000E+001    1.0800000000000E+002
      73    5.5110000000000E+001    2.5584000000000E+002    9.9979489200000E+006    7.3653000000000E+002    9.0322000000000E+002    1.5549000000000E+002    1.8463900000000E+003    6.2800000000000E+002    3.5630000000000E+003    1.5000000000000E+001    3.4000000000000E+001
      74    6.4520000000000E+001    2.6428000000000E+002    9.9978853700000E+006    7.4742000000000E+002    9.4133000000000E+002    1.6160000000000E+002    1.9109100000000E+003    6.4300000000000E+002    3.7190000000000E+003    1.5000000000000E+001    1.5600000000000E+002
      75    6.3800000000000E+001    2.7135000000000E+002    9.9978137800000E+006    7.6724000000000E+002    9.8039000000000E+002    1.6724000000000E+002    1.9747100000000E+003    6.5200000000000E+002    3.8660000000000E+003    9.0000000000000E+000    1.4700000000000E+002
      76    7.2410000000000E+001    2.7224000000000E+002    9.9977490900000E+006    7.8503000000000E+002    1.0201200000000E+003    1.7352000000000E+002    2.0471200000000E+003    6.6700000000000E+002    4.0620000000000E+003    1.5000000000000E+001    1.9600000000000E+002
      77    6.3550000000000E+001    2.6412000000000E+002    9.9976848000000E+006    8.1079000000000E+002    1.0603300000000E+003    1.7996000000000E+002    2.1106700000000E+003    6.9100000000000E+002    4.1540000000000E+003    2.4000000000000E+001    9.2000000000000E+001
      78    7.1590000000000E+001    2.9334000000000E+002    9.9975920300000E+006    8.2440000000000E+002    1.1046800000000E+003    1.8555000000000E+002    2.1822600000000E+003    7.2100000000000E+002    4.3270000000000E+003    3.0000000000000E+001    1.7300000000000E+002
      79    6.4690000000000E+001    3.3481000000000E+002    9.9974789700000E+006    8.4721000000000E+002    1.1473500000000E+003    1.9166000000000E+002    2.2469500000000E+003    7.4500000000000E+002    4.4340000000000E+003    2.4000000000000E+001    1.0700000000000E+002
      80    6.4290000000000E+001    3.5748000000000E+002    9.9973916100000E+006    8.6048000000000E+002    1.1928000000000E+003    1.9763000000000E+002    2.3112400000000E+003    7.7500000000000E+002    4.5220000000000E+003    3.0000000000000E+001    8.8000000000000E+001
      81    9.2770000000000E+001    3.8133000000000E+002    9.9973034700000E+006    8.7370000000000E+002    1.2366500000000E+003    2.0485000000000E+002    2.4040100000000E+003    7.9500000000000E+002    4.8210000000000E+003    2.0000000000000E+001    2.9900000000000E+002
      82    1.1306000000000E+002    3.8021000000000E+002    9.9972118200000E+006    9.1273000000000E+002    1.2841200000000E+003    2.1112000000000E+002    2.5170700000000E+003    8.1500000000000E+002    5.2120000000000E+003    2.0000000000000E+001    3.9100000000000E+002
      83    8.7360000000000E+001    3.4367000000000E+002    9.9971353000000E+006    9.6915000000000E+002    1.3333900000000E+003    2.1849000000000E+002    2.6044300000000E+003    8.4400000000000E+002    5.4280000000000E+003    2.9000000000000E+001    2.1600000000000E+002
      84    8.8140000000000E+001    3.1649000000000E+002    9.9970751200000E+006    9.9646000000000E+002    1.3866900000000E+003    2.2524000000000E+002    2.6925700000000E+003    8.6600000000000E+002    5.6420000000000E+003    2.2000000000000E+001    2.1400000000000E+002
      85    9.1650000000000E+001    3.3330000000000E+002    9.9969701700000E+006    1.0275700000000E+003    1.4367400000000E+003    2.3222000000000E+002    2.7842200000000E+003    8.9500000000000E+002    5.8660000000000E+003    2.9000000000000E+001    2.2400000000000E+002
      86    7.6520000000000E+001    3.5926000000000E+002    9.9968525600000E+006    1.0532500000000E+003    1.4927600000000E+003    2.4217000000000E+002    2.8607400000000E+003    9.1700000000000E+002    6.0110000000000E+003    2.2000000000000E+001    1.4500000000000E+002
      87    6.0180000000000E+001    3.8807000000000E+002    9.9967472300000E+006    1.0694600000000E+003    1.5416000000000E+003    2.5364000000000E+002    2.9209200000000E+003    9.4900000000000E+002    6.0650000000000E+003    3.2000000000000E+001    5.4000000000000E+001
      88    1.0495000000000E+002    4.8143000000000E+002    9.9965936900000E+006    1.0745300000000E+003    1.5884900000000E+003    2.6186000000000E+002    3.0258700000000E+003    9.7400000000000E+002    6.3450000000000E+003    2.5000000000000E+001    2.8000000000000E+002
      89    1.1761000000000E+002    5.4613000000000E+002    9.9964240400000E+006    1.1149600000000E+003    1.6440800000000E+003    2.7079000000000E+002    3.1434800000000E+003    1.0030000000000E+003    6.6790000000000E+003    2.9000000000000E+001    3.3400000000000E+002
      90    1.0533000000000E+002    5.3647000000000E+002    9.9963160900000E+006    1.1687700000000E+003    1.6986000000000E+003    2.8007000000000E+002    3.2488100000000E+003    1.0340000000000E+003    6.9440000000000E+003    3.1000000000000E+001    2.6500000000000E+002
      91    1.5354000000000E+002    5.0877000000000E+002    9.9962384600000E+006    1.2016900000000E+003    1.7633800000000E+003    2.8770000000000E+002    3.4023500000000E+003    1.0590000000000E+003    7.3400000000000E+003    2.5000000000000E+001    3.9600000000000E+002
      92    1.6965000000000E+002    5.9002000000000E+002    9.9960036700000E+006    1.2916800000000E+003    1.8210300000000E+003    2.9360000000000E+002    3.5720000000000E+003    1.0870000000000E+003    7.8090000000000E+003    2.8000000000000E+001    4.6900000000000E+002
      93    1.0795000000000E+002    6.0655000000000E+002    9.9958174900000E+006    1.3897400000000E+003    1.8819800000000E+003    3.0424000000000E+002    3.6799500000000E+003    1.1230000000000E+003    8.0770000000000E+003    3.6000000000000E+001    2.6800000000000E+002
      94    7.7630000000000E+001    7.5996000000000E+002    9.9955561300000E+006    1.4330000000000E+003    1.9358400000000E+003    3.1507000000000E+002    3.7575800000000E+003    1.1610000000000E+003    8.2240000000000E+003    3.8000000000000E+001    1.4700000000000E+002
      95    2.3479000000000E+002    9.2361000000000E+002    9.9953148500000E+006    1.4463400000000E+003    1.9894700000000E+003    3.2573000000000E+002    3.9923700000000E+003    1.2050000000000E+003    8.8890000000000E+003    4.4000000000000E+001    6.6500000000000E+002
      96    1.8618000000000E+002    9.7510000000000E+002    9.9950285700000E+006    1.5883600000000E+003    2.0667000000000E+003    3.4127000000000E+002    4.1785500000000E+003    1.2330000000000E+003    9.3880000000000E+003    2.8000000000000E+001    4.9900000000000E+002
      97    2.6136000000000E+002    1.0201100000000E+003    9.9947973800000E+006    1.6614800000000E+003    2.1628800000000E+003    3.5815000000000E+002    4.4399100000000E+003    1.2650000000000E+003    1.0151000000000E+004    3.2000000000000E+001    7.6300000000000E+002
      98    2.4128000000000E+002    8.9652000000000E+002    9.9946596100000E+006    1.8354800000000E+003    2.2394500000000E+003    3.6894000000000E+002    4.6811900000000E+003    1.3060000000000E+003    1.0835000000000E+004    4.1000000000000E+001    6.8400000000000E+002
      99    2.8628000000000E+002    1.0056100000000E+003    9.9943092400000E+006    1.9886200000000E+003    2.3201200000000E+003    3.7641000000000E+002    4.9674700000000E+003    1.3390000000000E+003    1.1652000000000E+004    3.3000000000000E+001    8.1700000000000E+002
     100    2.3119000000000E+002    9.8746000000000E+002    9.9940411100000E+006    2.1832500000000E+003    2.3872600000000E+003    4.0092000000000E+002    5.1986600000000E+003    1.3700000000000E+003    1.2246000000000E+004    3.1000000000000E+001    5.9400000000000E+002
     101    1.3777000000000E+002    9.8132000000000E+002    9.9938160600000E+006    2.3379200000000E+003    2.4445500000000E+003    4.2015000000000E+002    5.3364300000000E+003    1.4170000000000E+003    1.2600000000000E+004    4.7000000000000E+001    3.5400000000000E+002
     102    3.5037000000000E+002    1.1251600000000E+003    9.9935344500000E+006    2.4155100000000E+003    2.4790100000000E+003    4.4587000000000E+002    5.6868000000000E+003    1.4590000000000E+003    1.3543000000000E+004    4.2000000000000E+001    9.4300000000000E+002
     103    2.6813000000000E+002    1.0285100000000E+003    9.9932807300000E+006    2.6609300000000E+003    2.5597300000000E+003    4.7010000000000E+002    5.9549300000000E+003    1.5020000000000E+003    1.4304000000000E+004    4.3000000000000E+001    7.6100000000000E+002
     104    2.2505000000000E+002    9.7419000000000E+002    9.9930669200000E+006    2.8114500000000E+003    2.6482200000000E+003    4.9922000000000E+002    6.1799800000000E+003    1.5450000000000E+003    1.4898000000000E+004    4.3000000000000E+001    5.9400000000000E+002
     105    2.8161000000000E+002    8.8099000000000E+002    9.9929350700000E+006    2.9311700000000E+003    2.7307400000000E+003    5.2203000000000E+002    6.4615900000000E+003    1.5890000000000E+003    1.5657000000000E+004    4.4000000000000E+001    7.5900000000000E+002
     106    2.5372000000000E+002    9.5808000000000E+002    9.9925763700000E+006    3.0592400000000E+003    2.8711400000000E+003    5.3517000000000E+002    6.7153100000000E+003    1.6390000000000E+003    1.6316000000000E+004    5.0000000000000E+001    6.5900000000000E+002
     107    2.1381000000000E+002    1.0811900000000E+003    9.9921995400000E+006    3.1433100000000E+003    3.0052800000000E+003    5.7068000000000E+002    6.9291200000000E+003    1.6930000000000E+003    1.6905000000000E+004    5.4000000000000E+001    5.8900000000000E+002
     108    1.3185000000000E+002    1.2427100000000E+003    9.9918242100000E+006    3.2491700000000E+003    3.0876800000000E+003    5.9623000000000E+002    7.0609700000000E+003    1.7490000000000E+003    1.7234000000000E+004    5.6000000000000E+001    3.2900000000000E+002
     109    3.5870000000000E+002    1.4866300000000E+003    9.9914484400000E+006    3.3033900000000E+003    3.1431100000000E+003    6.1843000000000E+002    7.4196700000000E+003    1.7950000000000E+003    1.8250000000000E+004    4.6000000000000E+001    1.0160000000000E+003
     110    3.7683000000000E+002    1.5193000000000E+003    9.9910570700000E+006    3.4273000000000E+003    3.3497700000000E+003    6.4656000000000E+002    7.7965000000000E+003    1.8400000000000E+003    1.9309000000000E+004    4.5000000000000E+001    1.0590000000000E+003
     111    3.7533000000000E+002    1.4009300000000E+003    9.9907986100000E+006    3.6179500000000E+003    3.5111900000000E+003    6.7132000000000E+002    8.1718300000000E+003    1.8970000000000E+003    2.0272000000000E+004    5.7000000000000E+001    9.6300000000000E+002
     112    3.7577000000000E+002    1.2414800000000E+003    9.9905827300000E+006    3.7319200000000E+003    3.7516600000000E+003    6.9221000000000E+002    8.5476000000000E+003    1.9600000000000E+003    2.1299000000000E+004    6.3000000000000E+001    1.0270000000000E+003
     113    3.9137000000000E+002    1.3482600000000E+003    9.9901001800000E+006    3.8664100000000E+003    3.9795300000000E+003    7.0562000000000E+002    8.9389700000000E+003    2.0260000000000E+003    2.2405000000000E+004    6.6000000000000E+001    1.1060000000000E+003
     114    2.5846000000000E+002    1.4174300000000E+003    9.9896396400000E+006    3.9715000000000E+003    4.2296600000000E+003    7.4177000000000E+002    9.1974300000000E+003    2.0800000000000E+003    2.3116000000000E+004    5.4000000000000E+001    7.1100000000000E+002
     115    2.1588000000000E+002    1.6826100000000E+003    9.9891160000000E+006    3.9987700000000E+003    4.4236500000000E+003    7.7897000000000E+002    9.4133100000000E+003    2.1390000000000E+003    2.3710000000000E+004    5.9000000000000E+001    5.9400000000000E+002
     116    4.8255000000000E+002    1.9000300000000E+003    9.9886827000000E+006    4.0768800000000E+003    4.5235800000000E+003    8.1681000000000E+002    9.8958600000000E+003    2.2170000000000E+003    2.5077000000000E+004    7.8000000000000E+001    1.3670000000000E+003
     117    4.6054000000000E+002    1.8434500000000E+003    9.9882567300000E+006    4.2090600000000E+003    4.8359500000000E+003    8.5481000000000E+002    1.0356400000000E+004    2.2860000000000E+003    2.6343000000000E+004    6.9000000000000E+001    1.2660000000000E+003
     118    5.2364000000000E+002    1.6790600000000E+003    9.9879605800000E+006    4.4014700000000E+003    5.0648400000000E+003    8.9405000000000E+002    1.0880040000000E+004    2.3580000000000E+003    2.7767000000000E+004    7.2000000000000E+001    1.4240000000000E+003
     119    4.3330000000000E+002    1.4020800000000E+003    9.9877139200000E+006    4.7000600000000E+003    5.2635100000000E+003    9.2043000000000E+002    1.1313340000000E+004    2.4510000000000E+003    2.8934000000000E+004    9.3000000000000E+001    1.1670000000000E+003
     120    4.2597000000000E+002    1.6170500000000E+003    9.9870656500000E+006    4.8517500000000E+003    5.5227300000000E+003    9.4282000000000E+002    1.1739310000000E+004    2.5110000000000E+003    3.0146000000000E+004    6.0000000000000E+001    1.2120000000000E+003
     121    2.9615000000000E+002    1.7982700000000E+003    9.9864584600000E+006    5.0240000000000E+003    5.7282000000000E+003    9.9107000000000E+002    1.2035460000000E+004    2.6110000000000E+003    3.0961000000000E+004    1.0000000000000E+002    8.1500000000000E+002
     122    2.4666000000000E+002    2.0515000000000E+003    9.9859090800000E+006    5.1063400000000E+003    5.8960400000000E+003    1.0370400000000E+003    1.2282120000000E+004    2.7060000000000E+003    3.1665000000000E+004    9.5000000000000E+001    7.0400000000000E+002
     123    6.4827000000000E+002    2.3996500000000E+003    9.9853142700000E+006    5.2211500000000E+003    5.9751200000000E+003    1.0898100000000E+003    1.2930390000000E+004    2.7850000000000E+003    3.3462000000000E+004    7.9000000000000E+001    1.7970000000000E+003
     124    6.0719000000000E+002    2.3006800000000E+003    9.9847649700000E+006    5.5107200000000E+003    6.2902300000000E+003    1.1334000000000E+003    1.3537580000000E+004    2.8740000000000E+003    3.5101000000000E+004    8.9000000000000E+001    1.6390000000000E+003
     125    5.4938000000000E+002    2.0830900000000E+003    9.9843753700000E+006    5.7410800000000E+003    6.6241800000000E+003    1.1762800000000E+003    1.4086960000000E+004    2.9540000000000E+003    3.6695000000000E+004    8.0000000000000E+001    1.5940000000000E+003
     126    5.9481000000000E+002    1.8293900000000E+003    9.9840796900000E+006    5.9151300000000E+003    6.9707500000000E+003    1.2050400000000E+003    1.4681770000000E+004    3.0560000000000E+003    3.8302000000000E+004    1.0200000000000E+002    1.6070000000000E+003
     127    5.4930000000000E+002    1.9430000000000E+003    9.9833712700000E+006    6.1341700000000E+003    7.3220400000000E+003    1.2295200000000E+003    1.5231070000000E+004    3.1680000000000E+003    3.9842000000000E+004    1.1200000000000E+002    1.5400000000000E+003
     128    3.8960000000000E+002    2.1071200000000E+003    9.9826578500000E+006    6.2921000000000E+003    7.6486800000000E+003    1.2942500000000E+003    1.5620670000000E+004    3.2880000000000E+003    4.0920000000000E+004    1.2000000000000E+002    1.0780000000000E+003
     129    2.9568000000000E+002    2.4188200000000E+003    9.9819565500000E+006    6.4232400000000E+003    7.8468500000000E+003    1.3545400000000E+003    1.5916350000000E+004    3.3390000000000E+003    4.1720000000000E+004    5.1000000000000E+001    8.0000000000000E+002
     130    7.0842000000000E+002    2.8061900000000E+003    9.9812735000000E+006    6.5030400000000E+003    8.0079100000000E+003    1.4093600000000E+003    1.6624770000000E+004    3.4830000000000E+003    4.3613000000000E+004    1.4400000000000E+002    1.8930000000000E+003
     131    7.1342000000000E+002    2.7245200000000E+003    9.9806467500000E+006    6.7289100000000E+003    8.4314800000000E+003    1.4683400000000E+003    1.7338190000000E+004    3.6070000000000E+003    4.5587000000000E+004    1.2400000000000E+002    1.9740000000000E+003
     132    7.0130000000000E+002    2.3113700000000E+003    9.9803464800000E+006    6.9817900000000E+003    8.8376100000000E+003    1.5227500000000E+003    1.8039490000000E+004    3.7260000000000E+003    4.7494000000000E+004    1.1900000000000E+002    1.9070000000000E+003
     133    6.8305000000000E+002    1.8473100000000E+003    9.9801092400000E+006    7.1594500000000E+003    9.3214200000000E+003    1.5625800000000E+003    1.8722540000000E+004    3.8450000000000E+003    4.9417000000000E+004    1.1900000000000E+002    1.9230000000000E+003
     134    6.2675000000000E+002    1.8500300000000E+003    9.9794234700000E+006    7.4092000000000E+003    9.7258800000000E+003    1.5914200000000E+003    1.9349290000000E+004    3.9620000000000E+003    5.1139000000000E+004    1.1700000000000E+002    1.7220000000000E+003
     135    3.0027000000000E+002    1.9313700000000E+003    9.9787153800000E+006    7.6099800000000E+003    1.0081670000000E+004    1.6616000000000E+003    1.9649560000000E+004    4.0140000000000E+003    5.1951000000000E+004    5.2000000000000E+001    8.1200000000000E+002
     136    2.3724000000000E+002    2.2601600000000E+003    9.9780863200000E+006    7.6141000000000E+003    1.0305810000000E+004    1.7336100000000E+003    1.9886800000000E+004    4.0560000000000E+003    5.2587000000000E+004    4.2000000000000E+001    6.3600000000000E+002
     137    6.8577000000000E+002    2.7634200000000E+003    9.9773458200000E+006    7.6046800000000E+003    1.0482710000000E+004    1.8033700000000E+003    2.0572570000000E+004    4.1730000000000E+003    5.4472000000000E+004    1.1700000000000E+002    1.8850000000000E+003
     138    7.0809000000000E+002    2.7369700000000E+003    9.9766865000000E+006    7.6421800000000E+003    1.1063230000000E+004    1.8711200000000E+003    2.1280660000000E+004    4.2860000000000E+003    5.6428000000000E+004    1.1300000000000E+002    1.9560000000000E+003
     139    6.2906000000000E+002    2.3611300000000E+003    9.9763542500000E+006    7.7430800000000E+003    1.1608090000000E+004    1.9334500000000E+003    2.1909720000000E+004    4.4070000000000E+003    5.8161000000000E+004    1.2100000000000E+002    1.7330000000000E+003
     140    7.4050000000000E+002    1.8946400000000E+003    9.9761916800000E+006    7.8227600000000E+003    1.2127250000000E+004    1.9636700000000E+003    2.2650220000000E+004    4.5240000000000E+003    6.0121000000000E+004    1.1700000000000E+002    1.9600000000000E+003
     141    6.5932000000000E+002    1.4241400000000E+003    9.9759216800000E+006    7.9684500000000E+003    1.2698780000000E+004    1.9869500000000E+003    2.3309540000000E+004    4.6490000000000E+003    6.1962000000000E+004    1.2500000000000E+002    1.8410000000000E+003
     142    3.3225000000000E+002    1.2028400000000E+003    9.9754836600000E+006    8.0784700000000E+003    1.3180060000000E+004    2.0549700000000E+003    2.3641790000000E+004    4.7140000000000E+003    6.2867000000000E+004    6.5000000000000E+001    9.0500000000000E+002
     143    1.6257000000000E+002    1.2245700000000E+003    9.9751296800000E+006    8.0211200000000E+003    1.3497150000000E+004    2.1274800000000E+003    2.3804360000000E+004    4.7570000000000E+003    6.3300000000000E+004    4.3000000000000E+001    4.3300000000000E+002
     144    2.7000000000000E+002    1.4907300000000E+003    9.9747009500000E+006    7.8880100000000E+003    1.3729840000000E+004    2.1904700000000E+003    2.4074360000000E+004    4.8190000000000E+003    6.4032000000000E+004    6.2000000000000E+001    7.3200000000000E+002
     145    4.3802000000000E+002    1.6339200000000E+003    9.9742877600000E+006    7.4495900000000E+003    1.4365100000000E+004    2.2636300000000E+003    2.4512380000000E+004    4.8870000000000E+003    6.5190000000000E+004    6.8000000000000E+001    1.1580000000000E+003
     146    3.5398000000000E+002    1.3498900000000E+003    9.9741337700000E+006    7.1741900000000E+003    1.5012080000000E+004    2.3300700000000E+003    2.4866360000000E+004    4.9460000000000E+003    6.6163000000000E+004    5.9000000000000E+001    9.7300000000000E+002
     147    4.2873000000000E+002    1.1254900000000E+003    9.9740041900000E+006    6.8268700000000E+003    1.5680520000000E+004    2.3629300000000E+003    2.5295090000000E+004    5.0160000000000E+003    6.7329000000000E+004    7.0000000000000E+001    1.1660000000000E+003
     148    4.1319000000000E+002    1.1449200000000E+003    9.9735560300000E+006    6.5725500000000E+003    1.6347590000000E+004    2.3789100000000E+003    2.5708280000000E+004    5.0870000000000E+003    6.8481000000000E+004    7.1000000000000E+001    1.1520000000000E+003
     149    1.5399000000000E+002    1.2252600000000E+003    9.9730625000000E+006    6.3589900000000E+003    1.6947380000000E+004    2.4058700000000E+003    2.5862270000000E+004    5.1180000000000E+003    6.8881000000000E+004    3.1000000000000E+001    4.0000000000000E+002
     150    1.2958000000000E+002    1.5297500000000E+003    9.9726040200000E+006    6.2127100000000E+003    1.7204200000000E+004    2.4493200000000E+003    2.5991850000000E+004    5.1420000000000E+003    6.9252000000000E+004    2.4000000000000E+001    3.7100000000000E+002
     151    4.4816000000000E+002    1.8260200000000E+003    9.9721781700000E+006    6.1050500000000E+003    1.7406360000000E+004    2.4844000000000E+003    2.6440010000000E+004    5.2120000000000E+003    7.0454000000000E+004    7.0000000000000E+001    1.2020000000000E+003
     152    4.9353000000000E+002    1.8709300000000E+003    9.9716851000000E+006    5.8674400000000E+003    1.8049410000000E+004    2.5271200000000E+003    2.6933540000000E+004    5.3100000000000E+003    7.1833000000000E+004    9.8000000000000E+001    1.3790000000000E+003
     153    4.5848000000000E+002    1.6333100000000E+003    9.9714291900000E+006    5.6528800000000E+003    1.8715970000000E+004    2.5686500000000E+003    2.7392020000000E+004    5.3750000000000E+003    7.3078000000000E+004    6.5000000000000E+001    1.2450000000000E+003
     154    4.2585000000000E+002    1.3718300000000E+003    9.9712321900000E+006    5.4823000000000E+003    1.9329430000000E+004    2.5842500000000E+003    2.7817870000000E+004    5.4540000000000E+003    7.4225000000000E+004    7.9000000000000E+001    1.1470000000000E+003
     155    4.9307000000000E+002    1.4070400000000E+003    9.9707711300000E+006    5.1676500000000E+003    2.0057010000000E+004    2.5971700000000E+003    2.8310940000000E+004    5.5750000000000E+003    7.5596000000000E+004    1.2100000000000E+002    1.3710000000000E+003
     156    2.5591000000000E+002    1.3595300000000E+003    9.9703255700000E+006    5.0014000000000E+003    2.0671870000000E+004    2.6416300000000E+003    2.8566850000000E+004    5.6100000000000E+003    7.6327000000000E+004    3.5000000000000E+001    7.3100000000000E+002
     157    1.9700000000000E+002    1.5513800000000E+003    9.9698778100000E+006    4.9250600000000E+003    2.0955830000000E+004    2.6899200000000E+003    2.8763850000000E+004    5.6490000000000E+003    7.6864000000000E+004    3.9000000000000E+001    5.3700000000000E+002
     158    4.6106000000000E+002    1.8415000000000E+003    9.9693906900000E+006    4.9594900000000E+003    2.1072240000000E+004    2.7360800000000E+003    2.9224910000000E+004    5.7120000000000E+003    7.8117000000000E+004    6.3000000000000E+001    1.2530000000000E+003
     159    4.4556000000000E+002    1.8051400000000E+003    9.9689659900000E+006    5.1505500000000E+003    2.1299290000000E+004    2.7790300000000E+003    2.9670470000000E+004    5.8060000000000E+003    7.9338000000000E+004    9.4000000000000E+001    1.2210000000000E+003
     160    4.4776000000000E+002    1.6068000000000E+003    9.9687187700000E+006    5.1580900000000E+003    2.1687590000000E+004    2.8287500000000E+003    3.0118230000000E+004    5.8930000000000E+003    8.0554000000000E+004    8.7000000000000E+001    1.2160000000000E+003
     161    4.8712000000000E+002    1.3504300000000E+003    9.9685273800000E+006    5.2518700000000E+003    2.2016600000000E+004    2.8537200000000E+003    3.0605350000000E+004    5.9720000000000E+003    8.1818000000000E+004    7.9000000000000E+001    1.2640000000000E+003
     162    4.2470000000000E+002    1.3773600000000E+003    9.9680133300000E+006    5.3102600000000E+003    2.2425990000000E+004    2.8730600000000E+003    3.1030050000000E+004    6.0360000000000E+003    8.3029000000000E+004    6.4000000000000E+001    1.2110000000000E+003
     163    2.4722000000000E+002    1.4222000000000E+003    9.9675437900000E+006    5.3217700000000E+003    2.2793140000000E+004    2.9191000000000E+003    3.1277270000000E+004    6.0820000000000E+003    8.3713000000000E+004    4.6000000000000E+001    6.8400000000000E+002
     164    1.9139000000000E+002    1.6819700000000E+003    9.9670368000000E+006    5.4150000000000E+003    2.2902650000000E+004    2.9635800000000E+003    3.1468660000000E+004    6.1240000000000E+003    8.4215000000000E+004    4.2000000000000E+001    5.0200000000000E+002
     165    5.1405000000000E+002    1.9682300000000E+003    9.9665591500000E+006    5.4768100000000E+003    2.2986980000000E+004    3.0088300000000E+003    3.1982710000000E+004    6.2100000000000E+003    8.5576000000000E+004    8.6000000000000E+001    1.3610000000000E+003
     166    4.6954000000000E+002    1.8493700000000E+003    9.9661639600000E+006    5.5427000000000E+003    2.3386460000000E+004    3.0575100000000E+003    3.2452250000000E+004    6.3010000000000E+003    8.6835000000000E+004    9.1000000000000E+001    1.2590000000000E+003
     167    5.0699000000000E+002    1.6593100000000E+003    9.9658844800000E+006    5.5187100000000E+003    2.3836720000000E+004    3.1007800000000E+003    3.2959240000000E+004    6.3830000000000E+003    8.8229000000000E+004    8.2000000000000E+001    1.3940000000000E+003
     168    4.7765000000000E+002    1.3310200000000E+003    9.9657057800000E+006    5.5672200000000E+003    2.4270680000000E+004    3.1253000000000E+003    3.3436890000000E+004    6.4630000000000E+003    8.9576000000000E+004    8.0000000000000E+001    1.3470000000000E+003
     169    3.9519000000000E+002    1.3691000000000E+003    9.9651900500000E+006    5.6190200000000E+003    2.4677040000000E+004    3.1447900000000E+003    3.3832080000000E+004    6.5170000000000E+003    9.0649000000000E+004    5.4000000000000E+001    1.0730000000000E+003
     170    2.7948000000000E+002    1.6345100000000E+003    9.9645294500000E+006    5.5211400000000E+003    2.5117700000000E+004    3.1972000000000E+003    3.4111560000000E+004    6.5730000000000E+003    9.1368000000000E+004    5.6000000000000E+001    7.1900000000000E+002
     171    1.7870000000000E+002    2.0027600000000E+003    9.9638817200000E+006    5.5447100000000E+003    2.5327400000000E+004    3.2434100000000E+003    3.4290260000000E+004    6.6140000000000E+003    9.1844000000000E+004    4.1000000000000E+001    4.7600000000000E+002
     172    5.1573000000000E+002    2.4685900000000E+003    9.9632371900000E+006    5.5264100000000E+003    2.5474850000000E+004    3.2929600000000E+003    3.4805990000000E+004    6.7090000000000E+003    9.3185000000000E+004    9.5000000000000E+001    1.3410000000000E+003
     173    6.6060000000000E+002    2.5375400000000E+003    9.9626525100000E+006    5.5810800000000E+003    2.5888050000000E+004    3.3408200000000E+003    3.5466590000000E+004    6.8120000000000E+003    9.4978000000000E+004    1.0300000000000E+002    1.7930000000000E+003
     174    6.4773000000000E+002    2.1720700000000E+003    9.9623573800000E+006    5.7961200000000E+003    2.6293650000000E+004    3.3807800000000E+003    3.6114320000000E+004    6.9250000000000E+003    9.6739000000000E+004    1.1300000000000E+002    1.7610000000000E+003
     175    6.4453000000000E+002    1.7198000000000E+003    9.9621619200000E+006    5.9960900000000E+003    2.6713110000000E+004    3.4090800000000E+003    3.6758850000000E+004    7.0250000000000E+003    9.8533000000000E+004    1.0000000000000E+002    1.7940000000000E+003
     176    5.8468000000000E+002    1.5884700000000E+003    9.9616487200000E+006    6.1535000000000E+003    2.7182420000000E+004    3.4268900000000E+003    3.7343530000000E+004    7.1140000000000E+003    1.0013200000000E+005    8.9000000000000E+001    1.5990000000000E+003
     177    2.9513000000000E+002    1.5929100000000E+003    9.9610596000000E+006    6.3134800000000E+003    2.7555800000000E+004    3.4782100000000E+003    3.7638660000000E+004    7.1610000000000E+003    1.0092500000000E+005    4.7000000000000E+001    7.9300000000000E+002
     178    1.9546000000000E+002    1.8538200000000E+003    9.9605035600000E+006    6.3613900000000E+003    2.7738120000000E+004    3.5431100000000E+003    3.7834120000000E+004    7.1870000000000E+003    1.0148300000000E+005    2.6000000000000E+001    5.5800000000000E+002
     179    5.1320000000000E+002    2.2235800000000E+003    9.9599383400000E+006    6.3654600000000E+003    2.7865670000000E+004    3.6069500000000E+003    3.8347320000000E+004    7.2640000000000E+003    1.0286000000000E+005    7.7000000000000E+001    1.3770000000000E+003
     180    5.8912000000000E+002    2.2129600000000E+003    9.9594357600000E+006    6.3646100000000E+003    2.8316370000000E+004    3.6703000000000E+003    3.8936440000000E+004    7.3600000000000E+003    1.0441000000000E+005    9.6000000000000E+001    1.5500000000000E+003
     181    5.5604000000000E+002    1.6238400000000E+003    9.9594357600000E+006    6.4841900000000E+003    2.8728060000000E+004    3.7281500000000E+003    3.9492480000000E+004    7.4500000000000E+003    1.0590600000000E+005    9.0000000000000E+001    1.4960000000000E+003
     182    5.6522000000000E+002    1.0678000000000E+003    9.9594357600000E+006    6.5332400000000E+003    2.9206380000000E+004    3.7568200000000E+003    4.0057700000000E+004    7.5420000000000E+003    1.0743700000000E+005    9.2000000000000E+001    1.5310000000000E+003
     183    5.0258000000000E+002    5.0258000000000E+002    9.9594357600000E+006    6.6208100000000E+003    2.9664780000000E+004    3.7760700000000E+003    4.0560280000000E+004    7.6410000000000E+003    1.0876400000000E+005    9.9000000000000E+001    1.3270000000000E+003
     184    0.0000000000000E+000    0.0000000000000E+000    9.9594357600000E+006    6.7282000000000E+003    3.0009360000000E+004    3.8266800000000E+003    4.0560280000000E+004    7.6410000000000E+003    1.0876400000000E+005    0.0000000000000E+000    0.0000000000000E+000
     185    0.0000000000000E+000    0.0000000000000E+000    9.9594357600000E+006    6.4487200000000E+003    3.0231550000000E+004    3.8839700000000E+003    4.0560280000000E+004    7.6410000000000E+003    1.0876400000000E+005    0.0000000000000E+000    0.0000000000000E+000
     186    0.0000000000000E+000    0.0000000000000E+000    9.9594357600000E+006    6.2700200000000E+003    3.0353410000000E+004    3.9408100000000E+003    4.0560280000000E+004    7.6410000000000E+003    1.0876400000000E+005    0.0000000000000E+000    0.0000000000000E+000
     187    0.0000000000000E+000    0.0000000000000E+000    9.9594357600000E+006    5.7542900000000E+003    3.0811640000000E+004    3.9983100000000E+003    4.0560280000000E+004    7.6410000000000E+003    1.0876400000000E+005    0.0000000000000E+000    0.0000000000000E+000
     188    0.0000000000000E+000    0.0000000000000E+000    9.9594357600000E+006    5.0936900000000E+003    3.1420860000000E+004    4.0496900000000E+003    4.0560280000000E+004    7.6410000000000E+003    1.0876400000000E+005    0.0000000000000E+000    0.0000000000000E+000
     189    0.0000000000000E+000    0.0000000000000E+000    9.9594357600000E+006    4.4459600000000E+003    3.2068590000000E+004    4.0496900000000E+003    4.0560280000000E+004    7.6410000000000E+003    1.0876400000000E+005    0.0000000000000E+000    0.0000000000000E+000
     190    0.0000000000000E+000    0.0000000000000E+000    9.9594357600000E+006    3.8014300000000E+003    3.2713120000000E+004    4.0496900000000E+003    4.0560280000000E+004    7.6410000000000E+003    1.0876400000000E+005    0.0000000000000E+000    0.0000000000000E+000
     191    0.0000000000000E+000    0.0000000000000E+000    9.9594357600000E+006    3.2167500000000E+003    3.3297800000000E+004    4.0496900000000E+003    4.0560280000000E+004    7.6410000000000E+003    1.0876400000000E+005    0.0000000000000E+000    0.0000000000000E+000
     192    0.0000000000000E+000    0.0000000000000E+000    9.9594357600000E+006    2.9216200000000E+003    3.3592930000000E+004    4.0496900000000E+003    4.0560280000000E+004    7.6410000000000E+003    1.0876400000000E+005    0.0000000000000E+000    0.0000000000000E+000
     193    0.0000000000000E+000    0.0000000000000E+000    9.9594357600000E+006    2.7261600000000E+003    3.3788390000000E+004    4.0496900000000E+003    4.0560280000000E+004    7.6410000000000E+003    1.0876400000000E+005    0.0000000000000E+000    0.0000000000000E+000
     194    0.0000000000000E+000    0.0000000000000E+000    9.9594357600000E+006    2.2129600000000E+003    3.4301590000000E+004    4.0496900000000E+003    4.0560280000000E+004    7.6410000000000E+003    1.0876400000000E+005    0.0000000000000E+000    0.0000000000000E+000
     195    0.0000000000000E+000    0.0000000000000E+000    9.9594357600000E+006    1.6238400000000E+003    3.4890710000000E+004    4.0496900000000E+003    4.0560280000000E+004    7.6410000000000E+003    1.0876400000000E+005    0.0000000000000E+000    0.0000000000000E+000
     196    0.0000000000000E+000    0.0000000000000E+000    9.9594357600000E+006    1.0678000000000E+003    3.5446750000000E+004    4.0496900000000E+003    4.0560280000000E+004    7.6410000000000E+003    1.0876400000000E+005    0.0000000000000E+000    0.0000000000000E+000
     197    0.0000000000000E+000    0.0000000000000E+000    9.9594357600000E+006    5.0258000000000E+002    3.6011970000000E+004    4.0496900000000E+003    4.0560280000000E+004    7.6410000000000E+003    1.0876400000000E+005    0.0000000000000E+000    0.0000000000000E+000
     198    0.0000000000000E+000    0.0000000000000E+000    9.9594357600000E+006    0.0000000000000E+000    3.6514550000000E+004    4.0496900000000E+003    4.0560280000000E+004    7.6410000000000E+003    1.0876400000000E+005    0.0000000000000E+000    0.0000000000000E+000
     199    0.0000000000000E+000    0.0000000000000E+000    9.9594357600000E+006    0.0000000000000E+000    3.6514550000000E+004    4.0496900000000E+003    4.0560280000000E+004    7.6410000000000E+003    1.0876400000000E+005    0.0000000000000E+000    0.0000000000000E+000
     200    0.0000000000000E+000    0.0000000000000E+000    9.9594357600000E+006    0.0000000000000E+000    3.6514550000000E+004    4.0496900000000E+003    4.0560280000000E+004    7.6410000000000E+003    1.0876400000000E+005    0.0000000000000E+000    0.0000000000000E+000
