       1    4.0000000000000E+000    9.9999900000000E+006    3.0000000000000E+000    0.0000000000000E+000    0.0000000000000E+000    3.0000000000000E+000
       2    2.8000000000000E+001    9.9999660000000E+006    3.0000000000000E+000    0.0000000000000E+000    0.0000000000000E+000    3.0000000000000E+000
       3    2.8000000000000E+001    9.9999660000000E+006    3.0000000000000E+000    0.0000000000000E+000    0.0000000000000E+000    3.0000000000000E+000
       4    2.6000000000000E+001    9.9999640000000E+006    7.0000000000000E+000    0.0000000000000E+000    0.0000000000000E+000    7.0000000000000E+000
       5    2.8000000000000E+001    9.9999620000000E+006    7.0000000000000E+000    0.0000000000000E+000    0.0000000000000E+000    7.0000000000000E+000
       6    1.1000000000000E+001    9.9999550000000E+006    3.1000000000000E+001    0.0000000000000E+000    0.0000000000000E+000    3.1000000000000E+001
       7    1.7000000000000E+001    9.9999490000000E+006    3.1000000000000E+001    0.0000000000000E+000    0.0000000000000E+000    3.1000000000000E+001
       8    2.8000000000000E+001    9.9999360000000E+006    3.3000000000000E+001    0.0000000000000E+000    0.0000000000000E+000    3.3000000000000E+001
       9    2.8000000000000E+001    9.9999340000000E+006    3.5000000000000E+001    0.0000000000000E+000    0.0000000000000E+000    3.5000000000000E+001
      10    2.2000000000000E+001    9.9999330000000E+006    4.2000000000000E+001   -5.0000000000000E+000    5.0000000000000E+000    4.2000000000000E+001
      11    2.1000000000000E+001    9.9999280000000E+006    4.8000000000000E+001   -5.0000000000000E+000    5.0000000000000E+000    4.8000000000000E+001
      12    1.6000000000000E+001    9.9999200000000E+006    6.1000000000000E+001   -5.0000000000000E+000    5.0000000000000E+000    6.1000000000000E+001
      13    1.4000000000000E+001    9.9999200000000E+006    6.3000000000000E+001   -5.0000000000000E+000    5.0000000000000E+000    6.3000000000000E+001
      14    1.3000000000000E+001    9.9999200000000E+006    6.4000000000000E+001   -5.0000000000000E+000    5.0000000000000E+000    6.4000000000000E+001
      15    1.4000000000000E+001    9.9999140000000E+006    6.9000000000000E+001   -6.0000000000000E+000    6.0000000000000E+000    6.9000000000000E+001
      16    6.0000000000000E+000    9.9999140000000E+006    7.7000000000000E+001   -9.0000000000000E+000    9.0000000000000E+000    7.7000000000000E+001
      17    1.2000000000000E+001    9.9999080000000E+006    7.7000000000000E+001   -1.0000000000000E+001    1.0000000000000E+001    7.7000000000000E+001
      18    1.4000000000000E+001    9.9999060000000E+006    7.4000000000000E+001   -7.0000000000000E+000    1.0000000000000E+001    7.7000000000000E+001
      19    8.0000000000000E+000    9.9999060000000E+006    8.0000000000000E+001   -8.0000000000000E+000    1.1000000000000E+001    8.3000000000000E+001
      20    8.0000000000000E+000    9.9999060000000E+006    5.6000000000000E+001    1.6000000000000E+001    1.1000000000000E+001    8.3000000000000E+001
      21    8.0000000000000E+000    9.9999000000000E+006    6.2000000000000E+001    1.6000000000000E+001    1.1000000000000E+001    8.9000000000000E+001
      22    7.0000000000000E+000    9.9998990000000E+006    6.2000000000000E+001    1.8000000000000E+001    1.1000000000000E+001    9.1000000000000E+001
      23    1.1000000000000E+001    9.9998950000000E+006    6.0000000000000E+001    1.9000000000000E+001    1.2000000000000E+001    9.1000000000000E+001
      24    1.1000000000000E+001    9.9998950000000E+006    5.3000000000000E+001    2.6000000000000E+001    1.2000000000000E+001    9.1000000000000E+001
      25    1.3000000000000E+001    9.9998870000000E+006    5.3000000000000E+001    3.2000000000000E+001    1.2000000000000E+001    9.7000000000000E+001
      26    1.5000000000000E+001    9.9998840000000E+006    4.1000000000000E+001    4.5000000000000E+001    1.2000000000000E+001    9.8000000000000E+001
      27    1.9000000000000E+001    9.9998760000000E+006    4.3000000000000E+001    4.7000000000000E+001    1.2000000000000E+001    1.0200000000000E+002
      28    1.9000000000000E+001    9.9998760000000E+006    4.2000000000000E+001    4.8000000000000E+001    1.2000000000000E+001    1.0200000000000E+002
      29    3.9000000000000E+001    9.9998480000000E+006    4.5000000000000E+001    5.3000000000000E+001    1.2000000000000E+001    1.1000000000000E+002
      30    4.3000000000000E+001    9.9998410000000E+006    4.0000000000000E+001    6.1000000000000E+001    1.2000000000000E+001    1.1300000000000E+002
      31    5.0000000000000E+001    9.9998260000000E+006    4.8000000000000E+001    6.1000000000000E+001    1.2000000000000E+001    1.2100000000000E+002
      32    6.7000000000000E+001    9.9998090000000E+006    4.8000000000000E+001    6.1000000000000E+001    1.2000000000000E+001    1.2100000000000E+002
      33    5.1000000000000E+001    9.9997970000000E+006    7.0000000000000E+001    6.5000000000000E+001    1.4000000000000E+001    1.4900000000000E+002
      34    5.3000000000000E+001    9.9997880000000E+006    7.7000000000000E+001    6.5000000000000E+001    1.4000000000000E+001    1.5600000000000E+002
      35    5.4000000000000E+001    9.9997720000000E+006    8.6000000000000E+001    7.0000000000000E+001    1.5000000000000E+001    1.7100000000000E+002
      36    4.4000000000000E+001    9.9997650000000E+006    1.0100000000000E+002    7.2000000000000E+001    1.5000000000000E+001    1.8800000000000E+002
      37    3.6000000000000E+001    9.9997610000000E+006    1.1300000000000E+002    6.9000000000000E+001    1.8000000000000E+001    2.0000000000000E+002
      38    2.9000000000000E+001    9.9997590000000E+006    1.2200000000000E+002    6.8000000000000E+001    1.9000000000000E+001    2.0900000000000E+002
      39    1.8000000000000E+001    9.9997540000000E+006    1.3200000000000E+002    7.3000000000000E+001    2.0000000000000E+001    2.2500000000000E+002
      40    3.7000000000000E+001    9.9997280000000E+006    1.3800000000000E+002    7.2000000000000E+001    2.2000000000000E+001    2.3200000000000E+002
      41    5.0000000000000E+001    9.9997110000000E+006    1.3800000000000E+002    7.3000000000000E+001    2.5000000000000E+001    2.3600000000000E+002
      42    5.5000000000000E+001    9.9997040000000E+006    1.4000000000000E+002    7.2000000000000E+001    2.6000000000000E+001    2.3800000000000E+002
      43    5.3000000000000E+001    9.9997010000000E+006    1.3700000000000E+002    8.0000000000000E+001    2.6000000000000E+001    2.4300000000000E+002
      44    3.1000000000000E+001    9.9996970000000E+006    1.6000000000000E+002    8.2000000000000E+001    2.7000000000000E+001    2.6900000000000E+002
      45    2.2000000000000E+001    9.9996890000000E+006    1.6900000000000E+002    8.8000000000000E+001    2.9000000000000E+001    2.8600000000000E+002
      46    3.6000000000000E+001    9.9996680000000E+006    1.7600000000000E+002    8.8000000000000E+001    2.9000000000000E+001    2.9300000000000E+002
      47    5.4000000000000E+001    9.9996470000000E+006    1.5100000000000E+002    1.1600000000000E+002    2.9000000000000E+001    2.9600000000000E+002
      48    7.7000000000000E+001    9.9996200000000E+006    1.4800000000000E+002    1.2000000000000E+002    3.2000000000000E+001    3.0000000000000E+002
      49    1.0200000000000E+002    9.9995870000000E+006    1.4100000000000E+002    1.3200000000000E+002    3.5000000000000E+001    3.0800000000000E+002
      50    1.0900000000000E+002    9.9995590000000E+006    1.4500000000000E+002    1.4600000000000E+002    3.8000000000000E+001    3.2900000000000E+002
      51    1.0900000000000E+002    9.9995380000000E+006    1.5400000000000E+002    1.5800000000000E+002    3.8000000000000E+001    3.5000000000000E+002
      52    8.7000000000000E+001    9.9995330000000E+006    1.7200000000000E+002    1.6700000000000E+002    3.8000000000000E+001    3.7700000000000E+002
      53    9.6000000000000E+001    9.9994910000000E+006    1.8900000000000E+002    1.8100000000000E+002    4.0000000000000E+001    4.1000000000000E+002
      54    1.3700000000000E+002    9.9994220000000E+006    2.1000000000000E+002    1.8700000000000E+002    4.1000000000000E+001    4.3800000000000E+002
      55    1.5000000000000E+002    9.9993880000000E+006    2.2700000000000E+002    1.9000000000000E+002    4.2000000000000E+001    4.5900000000000E+002
      56    1.5900000000000E+002    9.9993740000000E+006    2.3000000000000E+002    1.8600000000000E+002    4.8000000000000E+001    4.6400000000000E+002
      57    1.4700000000000E+002    9.9993440000000E+006    2.6700000000000E+002    1.8500000000000E+002    5.4000000000000E+001    5.0600000000000E+002
      58    1.0800000000000E+002    9.9993140000000E+006    3.1000000000000E+002    2.0800000000000E+002    5.7000000000000E+001    5.7500000000000E+002
      59    1.0000000000000E+002    9.9992880000000E+006    3.2700000000000E+002    2.2200000000000E+002    6.0000000000000E+001    6.0900000000000E+002
      60    1.3700000000000E+002    9.9992370000000E+006    3.3400000000000E+002    2.2900000000000E+002    6.0000000000000E+001    6.2300000000000E+002
      61    1.4300000000000E+002    9.9992010000000E+006    3.6100000000000E+002    2.2900000000000E+002    6.3000000000000E+001    6.5300000000000E+002
      62    1.7400000000000E+002    9.9991400000000E+006    3.8700000000000E+002    2.2100000000000E+002    7.5000000000000E+001    6.8300000000000E+002
      63    1.8000000000000E+002    9.9991080000000E+006    4.0500000000000E+002    2.2400000000000E+002    8.0000000000000E+001    7.0900000000000E+002
      64    2.1300000000000E+002    9.9990240000000E+006    4.3500000000000E+002    2.4300000000000E+002    8.2000000000000E+001    7.6000000000000E+002
      65    2.0500000000000E+002    9.9989960000000E+006    4.5000000000000E+002    2.6100000000000E+002    8.5000000000000E+001    7.9600000000000E+002
      66    1.6100000000000E+002    9.9989790000000E+006    4.8400000000000E+002    2.8500000000000E+002    8.8000000000000E+001    8.5700000000000E+002
      67    1.7600000000000E+002    9.9989320000000E+006    4.8300000000000E+002    3.1600000000000E+002    9.0000000000000E+001    8.8900000000000E+002
      68    1.3800000000000E+002    9.9988860000000E+006    5.3900000000000E+002    3.3700000000000E+002    9.7000000000000E+001    9.7300000000000E+002
      69    1.8100000000000E+002    9.9988150000000E+006    5.4600000000000E+002    3.5500000000000E+002    1.0000000000000E+002    1.0010000000000E+003
      70    2.0400000000000E+002    9.9987750000000E+006    5.5800000000000E+002    3.5000000000000E+002    1.1000000000000E+002    1.0180000000000E+003
      71    2.0500000000000E+002    9.9987270000000E+006    5.6300000000000E+002    3.8800000000000E+002    1.1400000000000E+002    1.0650000000000E+003
      72    2.0000000000000E+002    9.9986860000000E+006    5.4000000000000E+002    4.4700000000000E+002    1.2400000000000E+002    1.1110000000000E+003
      73    1.6400000000000E+002    9.9986510000000E+006    5.7700000000000E+002    4.7700000000000E+002    1.2800000000000E+002    1.1820000000000E+003
      74    2.0300000000000E+002    9.9985720000000E+006    6.0300000000000E+002    4.8900000000000E+002    1.3000000000000E+002    1.2220000000000E+003
      75    2.6300000000000E+002    9.9984640000000E+006    6.2100000000000E+002    5.1200000000000E+002    1.3700000000000E+002    1.2700000000000E+003
      76    3.0000000000000E+002    9.9983860000000E+006    6.3200000000000E+002    5.4100000000000E+002    1.3800000000000E+002    1.3110000000000E+003
      77    3.4400000000000E+002    9.9983070000000E+006    6.4100000000000E+002    5.6100000000000E+002    1.4400000000000E+002    1.3460000000000E+003
      78    3.3300000000000E+002    9.9982390000000E+006    6.6900000000000E+002    6.1200000000000E+002    1.4400000000000E+002    1.4250000000000E+003
      79    2.7600000000000E+002    9.9981880000000E+006    7.4100000000000E+002    6.4500000000000E+002    1.4700000000000E+002    1.5330000000000E+003
      80    2.1600000000000E+002    9.9981700000000E+006    7.5800000000000E+002    7.0100000000000E+002    1.5200000000000E+002    1.6110000000000E+003
      81    2.1200000000000E+002    9.9980950000000E+006    8.0500000000000E+002    7.2900000000000E+002    1.5600000000000E+002    1.6900000000000E+003
      82    2.5700000000000E+002    9.9979820000000E+006    7.8900000000000E+002    8.1000000000000E+002    1.5900000000000E+002    1.7580000000000E+003
      83    2.8200000000000E+002    9.9979060000000E+006    8.1200000000000E+002    8.2800000000000E+002    1.6900000000000E+002    1.8090000000000E+003
      84    4.1400000000000E+002    9.9977560000000E+006    8.1300000000000E+002    8.3900000000000E+002    1.7500000000000E+002    1.8270000000000E+003
      85    4.9500000000000E+002    9.9976000000000E+006    8.4100000000000E+002    8.8000000000000E+002    1.8100000000000E+002    1.9020000000000E+003
      86    4.5600000000000E+002    9.9975260000000E+006    9.0800000000000E+002    9.1900000000000E+002    1.8800000000000E+002    2.0150000000000E+003
      87    4.2600000000000E+002    9.9974800000000E+006    9.1300000000000E+002    9.8600000000000E+002    1.9200000000000E+002    2.0910000000000E+003
      88    4.9400000000000E+002    9.9972620000000E+006    1.0230000000000E+003    1.0220000000000E+003    1.9600000000000E+002    2.2410000000000E+003
      89    5.0200000000000E+002    9.9970980000000E+006    1.1310000000000E+003    1.0610000000000E+003    2.0500000000000E+002    2.3970000000000E+003
      90    6.8200000000000E+002    9.9968440000000E+006    1.1640000000000E+003    1.0860000000000E+003    2.2100000000000E+002    2.4710000000000E+003
      91    8.6500000000000E+002    9.9966150000000E+006    1.1750000000000E+003    1.1170000000000E+003    2.2500000000000E+002    2.5170000000000E+003
      92    8.9100000000000E+002    9.9963710000000E+006    1.3140000000000E+003    1.1820000000000E+003    2.3900000000000E+002    2.7350000000000E+003
      93    9.3400000000000E+002    9.9961640000000E+006    1.3700000000000E+003    1.2790000000000E+003    2.5000000000000E+002    2.8990000000000E+003
      94    7.9700000000000E+002    9.9960470000000E+006    1.5460000000000E+003    1.3480000000000E+003    2.5900000000000E+002    3.1530000000000E+003
      95    8.7000000000000E+002    9.9957450000000E+006    1.6960000000000E+003    1.4240000000000E+003    2.6200000000000E+002    3.3820000000000E+003
      96    8.5200000000000E+002    9.9955190000000E+006    1.8720000000000E+003    1.4690000000000E+003    2.8500000000000E+002    3.6260000000000E+003
      97    8.3900000000000E+002    9.9953250000000E+006    2.0280000000000E+003    1.5000000000000E+003    3.0500000000000E+002    3.8330000000000E+003
      98    9.7100000000000E+002    9.9950760000000E+006    2.1270000000000E+003    1.4950000000000E+003    3.2800000000000E+002    3.9500000000000E+003
      99    9.0400000000000E+002    9.9948410000000E+006    2.3540000000000E+003    1.5410000000000E+003    3.5700000000000E+002    4.2520000000000E+003
     100    8.3900000000000E+002    9.9946800000000E+006    2.4670000000000E+003    1.6250000000000E+003    3.8600000000000E+002    4.4780000000000E+003
     101    7.6300000000000E+002    9.9945620000000E+006    2.5850000000000E+003    1.6780000000000E+003    4.0900000000000E+002    4.6720000000000E+003
     102    8.2900000000000E+002    9.9942470000000E+006    2.6840000000000E+003    1.8110000000000E+003    4.2600000000000E+002    4.9210000000000E+003
     103    9.1900000000000E+002    9.9939220000000E+006    2.7630000000000E+003    1.9380000000000E+003    4.5500000000000E+002    5.1560000000000E+003
     104    1.1280000000000E+003    9.9935520000000E+006    2.8500000000000E+003    1.9960000000000E+003    4.7100000000000E+002    5.3170000000000E+003
     105    1.2920000000000E+003    9.9932700000000E+006    2.9220000000000E+003    2.0210000000000E+003    4.9200000000000E+002    5.4350000000000E+003
     106    1.3140000000000E+003    9.9929330000000E+006    3.0190000000000E+003    2.2160000000000E+003    5.1500000000000E+002    5.7500000000000E+003
     107    1.2140000000000E+003    9.9927080000000E+006    3.1800000000000E+003    2.3590000000000E+003    5.3600000000000E+002    6.0750000000000E+003
     108    1.0230000000000E+003    9.9925290000000E+006    3.2960000000000E+003    2.5910000000000E+003    5.5800000000000E+002    6.4450000000000E+003
     109    1.1490000000000E+003    9.9921210000000E+006    3.3490000000000E+003    2.8070000000000E+003    5.7100000000000E+002    6.7270000000000E+003
     110    1.1780000000000E+003    9.9917550000000E+006    3.4420000000000E+003    3.0100000000000E+003    6.1200000000000E+002    7.0640000000000E+003
     111    1.4270000000000E+003    9.9912810000000E+006    3.4600000000000E+003    3.1810000000000E+003    6.4800000000000E+002    7.2890000000000E+003
     112    1.6510000000000E+003    9.9908780000000E+006    3.5220000000000E+003    3.2520000000000E+003    6.9400000000000E+002    7.4680000000000E+003
     113    1.6110000000000E+003    9.9905100000000E+006    3.6280000000000E+003    3.5230000000000E+003    7.2500000000000E+002    7.8760000000000E+003
     114    1.4800000000000E+003    9.9902750000000E+006    3.7680000000000E+003    3.7090000000000E+003    7.6500000000000E+002    8.2420000000000E+003
     115    1.2100000000000E+003    9.9900710000000E+006    4.0480000000000E+003    3.8840000000000E+003    7.8400000000000E+002    8.7160000000000E+003
     116    1.3800000000000E+003    9.9894980000000E+006    4.2020000000000E+003    4.1190000000000E+003    7.9800000000000E+002    9.1190000000000E+003
     117    1.4980000000000E+003    9.9890120000000E+006    4.3350000000000E+003    4.3050000000000E+003    8.4700000000000E+002    9.4870000000000E+003
     118    1.7360000000000E+003    9.9885390000000E+006    4.4090000000000E+003    4.4280000000000E+003    8.8500000000000E+002    9.7220000000000E+003
     119    2.0690000000000E+003    9.9880020000000E+006    4.4950000000000E+003    4.5040000000000E+003    9.2700000000000E+002    9.9260000000000E+003
     120    1.9940000000000E+003    9.9875040000000E+006    4.7530000000000E+003    4.7830000000000E+003    9.6300000000000E+002    1.0499000000000E+004
     121    1.8360000000000E+003    9.9871760000000E+006    4.9140000000000E+003    5.0680000000000E+003    1.0030000000000E+003    1.0985000000000E+004
     122    1.6110000000000E+003    9.9869280000000E+006    5.0170000000000E+003    5.4100000000000E+003    1.0310000000000E+003    1.1458000000000E+004
     123    1.6610000000000E+003    9.9863410000000E+006    5.2720000000000E+003    5.6720000000000E+003    1.0510000000000E+003    1.1995000000000E+004
     124    1.7420000000000E+003    9.9857620000000E+006    5.4330000000000E+003    5.9540000000000E+003    1.1060000000000E+003    1.2493000000000E+004
     125    2.0930000000000E+003    9.9850830000000E+006    5.5360000000000E+003    6.1260000000000E+003    1.1590000000000E+003    1.2821000000000E+004
     126    2.4380000000000E+003    9.9844900000000E+006    5.6050000000000E+003    6.2500000000000E+003    1.2140000000000E+003    1.3069000000000E+004
     127    2.3800000000000E+003    9.9839610000000E+006    5.7840000000000E+003    6.6070000000000E+003    1.2650000000000E+003    1.3656000000000E+004
     128    2.0680000000000E+003    9.9836940000000E+006    5.9970000000000E+003    6.9210000000000E+003    1.3170000000000E+003    1.4235000000000E+004
     129    1.5950000000000E+003    9.9834880000000E+006    6.2020000000000E+003    7.3690000000000E+003    1.3430000000000E+003    1.4914000000000E+004
     130    1.6310000000000E+003    9.9828590000000E+006    6.3920000000000E+003    7.7430000000000E+003    1.3720000000000E+003    1.5507000000000E+004
     131    1.6680000000000E+003    9.9822930000000E+006    6.5530000000000E+003    8.0520000000000E+003    1.4310000000000E+003    1.6036000000000E+004
     132    1.9500000000000E+003    9.9817440000000E+006    6.5850000000000E+003    8.2330000000000E+003    1.4850000000000E+003    1.6303000000000E+004
     133    2.4080000000000E+003    9.9810800000000E+006    6.5870000000000E+003    8.3620000000000E+003    1.5600000000000E+003    1.6509000000000E+004
     134    2.3520000000000E+003    9.9805070000000E+006    6.6430000000000E+003    8.8820000000000E+003    1.6130000000000E+003    1.7138000000000E+004
     135    2.0820000000000E+003    9.9802110000000E+006    6.7230000000000E+003    9.3070000000000E+003    1.6740000000000E+003    1.7704000000000E+004
     136    1.6940000000000E+003    9.9800500000000E+006    6.7990000000000E+003    9.7550000000000E+003    1.6990000000000E+003    1.8253000000000E+004
     137    1.2670000000000E+003    9.9798130000000E+006    6.9260000000000E+003    1.0271000000000E+004    1.7200000000000E+003    1.8917000000000E+004
     138    1.0890000000000E+003    9.9794180000000E+006    7.0010000000000E+003    1.0708000000000E+004    1.7810000000000E+003    1.9490000000000E+004
     139    1.0960000000000E+003    9.9791150000000E+006    6.9690000000000E+003    1.0981000000000E+004    1.8360000000000E+003    1.9786000000000E+004
     140    1.3360000000000E+003    9.9787140000000E+006    6.8820000000000E+003    1.1186000000000E+004    1.8790000000000E+003    1.9947000000000E+004
     141    1.4550000000000E+003    9.9783580000000E+006    6.5320000000000E+003    1.1717000000000E+004    1.9350000000000E+003    2.0184000000000E+004
     142    1.1960000000000E+003    9.9782220000000E+006    6.3480000000000E+003    1.2232000000000E+004    1.9990000000000E+003    2.0579000000000E+004
     143    9.7900000000000E+002    9.9781360000000E+006    5.9720000000000E+003    1.2880000000000E+004    2.0300000000000E+003    2.0882000000000E+004
     144    9.6600000000000E+002    9.9777480000000E+006    5.7800000000000E+003    1.3457000000000E+004    2.0460000000000E+003    2.1283000000000E+004
     145    1.0460000000000E+003    9.9773120000000E+006    5.6070000000000E+003    1.3956000000000E+004    2.0760000000000E+003    2.1639000000000E+004
     146    1.3440000000000E+003    9.9768780000000E+006    5.4760000000000E+003    1.4183000000000E+004    2.1160000000000E+003    2.1775000000000E+004
     147    1.6230000000000E+003    9.9765130000000E+006    5.3560000000000E+003    1.4366000000000E+004    2.1390000000000E+003    2.1861000000000E+004
     148    1.6470000000000E+003    9.9761010000000E+006    5.1150000000000E+003    1.4952000000000E+004    2.1820000000000E+003    2.2249000000000E+004
     149    1.4470000000000E+003    9.9758650000000E+006    4.9850000000000E+003    1.5480000000000E+004    2.2200000000000E+003    2.2685000000000E+004
     150    1.2080000000000E+003    9.9756700000000E+006    4.8700000000000E+003    1.6018000000000E+004    2.2310000000000E+003    2.3119000000000E+004
     151    1.2500000000000E+003    9.9752630000000E+006    4.5710000000000E+003    1.6672000000000E+004    2.2410000000000E+003    2.3484000000000E+004
     152    1.2510000000000E+003    9.9748500000000E+006    4.4100000000000E+003    1.7216000000000E+004    2.2700000000000E+003    2.3896000000000E+004
     153    1.4520000000000E+003    9.9744130000000E+006    4.3500000000000E+003    1.7482000000000E+004    2.3000000000000E+003    2.4132000000000E+004
     154    1.6690000000000E+003    9.9740010000000E+006    4.3840000000000E+003    1.7604000000000E+004    2.3390000000000E+003    2.4327000000000E+004
     155    1.6260000000000E+003    9.9736370000000E+006    4.5540000000000E+003    1.7804000000000E+004    2.3760000000000E+003    2.4734000000000E+004
     156    1.4220000000000E+003    9.9734280000000E+006    4.5720000000000E+003    1.8157000000000E+004    2.4180000000000E+003    2.5147000000000E+004
     157    1.1620000000000E+003    9.9732510000000E+006    4.7060000000000E+003    1.8436000000000E+004    2.4420000000000E+003    2.5584000000000E+004
     158    1.2210000000000E+003    9.9727800000000E+006    4.7170000000000E+003    1.8819000000000E+004    2.4600000000000E+003    2.5996000000000E+004
     159    1.3150000000000E+003    9.9723220000000E+006    4.7250000000000E+003    1.9139000000000E+004    2.4960000000000E+003    2.6360000000000E+004
     160    1.5510000000000E+003    9.9718770000000E+006    4.7980000000000E+003    1.9230000000000E+004    2.5410000000000E+003    2.6569000000000E+004
     161    1.7990000000000E+003    9.9714520000000E+006    4.8890000000000E+003    1.9271000000000E+004    2.5860000000000E+003    2.6746000000000E+004
     162    1.6730000000000E+003    9.9711070000000E+006    4.9720000000000E+003    1.9616000000000E+004    2.6290000000000E+003    2.7217000000000E+004
     163    1.4520000000000E+003    9.9708700000000E+006    4.9940000000000E+003    2.0008000000000E+004    2.6730000000000E+003    2.7675000000000E+004
     164    1.1540000000000E+003    9.9707230000000E+006    5.0050000000000E+003    2.0422000000000E+004    2.6930000000000E+003    2.8120000000000E+004
     165    1.1700000000000E+003    9.9702820000000E+006    5.0650000000000E+003    2.0773000000000E+004    2.7070000000000E+003    2.8545000000000E+004
     166    1.4460000000000E+003    9.9696610000000E+006    4.9980000000000E+003    2.1140000000000E+004    2.7520000000000E+003    2.8890000000000E+004
     167    1.7880000000000E+003    9.9690820000000E+006    4.9990000000000E+003    2.1334000000000E+004    2.7940000000000E+003    2.9127000000000E+004
     168    2.2290000000000E+003    9.9684940000000E+006    4.9510000000000E+003    2.1486000000000E+004    2.8370000000000E+003    2.9274000000000E+004
     169    2.3220000000000E+003    9.9679600000000E+006    4.9850000000000E+003    2.1853000000000E+004    2.8770000000000E+003    2.9715000000000E+004
     170    1.9480000000000E+003    9.9677130000000E+006    5.1930000000000E+003    2.2220000000000E+004    2.9230000000000E+003    3.0336000000000E+004
     171    1.5500000000000E+003    9.9675320000000E+006    5.3350000000000E+003    2.2635000000000E+004    2.9450000000000E+003    3.0915000000000E+004
     172    1.4050000000000E+003    9.9670890000000E+006    5.5110000000000E+003    2.3028000000000E+004    2.9640000000000E+003    3.1503000000000E+004
     173    1.3870000000000E+003    9.9665730000000E+006    5.6810000000000E+003    2.3348000000000E+004    3.0080000000000E+003    3.2037000000000E+004
     174    1.6040000000000E+003    9.9661090000000E+006    5.7190000000000E+003    2.3483000000000E+004    3.0820000000000E+003    3.2284000000000E+004
     175    1.9280000000000E+003    9.9656040000000E+006    5.7230000000000E+003    2.3594000000000E+004    3.1480000000000E+003    3.2465000000000E+004
     176    1.9320000000000E+003    9.9651570000000E+006    5.6950000000000E+003    2.4022000000000E+004    3.1910000000000E+003    3.2908000000000E+004
     177    1.6150000000000E+003    9.9649580000000E+006    5.7530000000000E+003    2.4434000000000E+004    3.2370000000000E+003    3.3424000000000E+004
     178    1.2980000000000E+003    9.9648110000000E+006    5.7720000000000E+003    2.4850000000000E+004    3.2660000000000E+003    3.3888000000000E+004
     179    1.2170000000000E+003    9.9643870000000E+006    5.8520000000000E+003    2.5258000000000E+004    3.2830000000000E+003    3.4393000000000E+004
     180    1.3410000000000E+003    9.9638160000000E+006    5.9540000000000E+003    2.5558000000000E+004    3.3280000000000E+003    3.4840000000000E+004
     181    1.5850000000000E+003    9.9633730000000E+006    5.9160000000000E+003    2.5739000000000E+004    3.3840000000000E+003    3.5039000000000E+004
     182    1.7940000000000E+003    9.9630170000000E+006    5.9160000000000E+003    2.5831000000000E+004    3.4390000000000E+003    3.5186000000000E+004
     183    1.7360000000000E+003    9.9626510000000E+006    5.8990000000000E+003    2.6227000000000E+004    3.4840000000000E+003    3.5610000000000E+004
     184    1.3810000000000E+003    9.9624350000000E+006    5.8490000000000E+003    2.6789000000000E+004    3.5430000000000E+003    3.6181000000000E+004
     185    1.0600000000000E+003    9.9623130000000E+006    5.7130000000000E+003    2.7353000000000E+004    3.5580000000000E+003    3.6624000000000E+004
     186    1.2450000000000E+003    9.9617720000000E+006    5.4810000000000E+003    2.7921000000000E+004    3.5780000000000E+003    3.6980000000000E+004
     187    1.2070000000000E+003    9.9614440000000E+006    5.3130000000000E+003    2.8404000000000E+004    3.6290000000000E+003    3.7346000000000E+004
     188    1.2410000000000E+003    9.9611940000000E+006    5.2820000000000E+003    2.8597000000000E+004    3.6830000000000E+003    3.7562000000000E+004
     189    1.6940000000000E+003    9.9606190000000E+006    5.2230000000000E+003    2.8743000000000E+004    3.7180000000000E+003    3.7684000000000E+004
     190    1.5720000000000E+003    9.9602000000000E+006    5.3210000000000E+003    2.9137000000000E+004    3.7670000000000E+003    3.8225000000000E+004
     191    1.4730000000000E+003    9.9599710000000E+006    5.1330000000000E+003    2.9627000000000E+004    3.7930000000000E+003    3.8553000000000E+004
     192    1.3760000000000E+003    9.9598180000000E+006    4.9190000000000E+003    3.0076000000000E+004    3.8080000000000E+003    3.8803000000000E+004
     193    1.3340000000000E+003    9.9592850000000E+006    4.9890000000000E+003    3.0567000000000E+004    3.8220000000000E+003    3.9378000000000E+004
     194    1.4910000000000E+003    9.9587090000000E+006    4.9610000000000E+003    3.0970000000000E+004    3.8660000000000E+003    3.9797000000000E+004
     195    1.7360000000000E+003    9.9582350000000E+006    4.9910000000000E+003    3.1132000000000E+004    3.9030000000000E+003    4.0026000000000E+004
     196    2.0610000000000E+003    9.9577570000000E+006    4.9970000000000E+003    3.1251000000000E+004    3.9310000000000E+003    4.0179000000000E+004
     197    1.9580000000000E+003    9.9573270000000E+006    5.1060000000000E+003    3.1614000000000E+004    3.9920000000000E+003    4.0712000000000E+004
     198    1.5810000000000E+003    9.9571280000000E+006    5.1110000000000E+003    3.2142000000000E+004    4.0350000000000E+003    4.1288000000000E+004
     199    1.2490000000000E+003    9.9569860000000E+006    5.1420000000000E+003    3.2559000000000E+004    4.0610000000000E+003    4.1762000000000E+004
     200    1.3620000000000E+003    9.9563950000000E+006    5.2640000000000E+003    3.2902000000000E+004    4.0740000000000E+003    4.2240000000000E+004
     201    1.4070000000000E+003    9.9559200000000E+006    5.3280000000000E+003    3.3224000000000E+004    4.1180000000000E+003    4.2670000000000E+004
     202    1.6040000000000E+003    9.9555240000000E+006    5.3110000000000E+003    3.3374000000000E+004    4.1840000000000E+003    4.2869000000000E+004
     203    1.8680000000000E+003    9.9551180000000E+006    5.3310000000000E+003    3.3455000000000E+004    4.2250000000000E+003    4.3011000000000E+004
     204    1.6200000000000E+003    9.9547750000000E+006    5.3810000000000E+003    3.3950000000000E+004    4.2710000000000E+003    4.3602000000000E+004
     205    1.3700000000000E+003    9.9545500000000E+006    5.5280000000000E+003    3.4241000000000E+004    4.3080000000000E+003    4.4077000000000E+004
     206    1.1250000000000E+003    9.9543990000000E+006    5.6740000000000E+003    3.4471000000000E+004    4.3280000000000E+003    4.4473000000000E+004
     207    1.3000000000000E+003    9.9538180000000E+006    5.5050000000000E+003    3.5030000000000E+004    4.3440000000000E+003    4.4879000000000E+004
     208    1.4810000000000E+003    9.9532940000000E+006    5.4290000000000E+003    3.5394000000000E+004    4.3990000000000E+003    4.5222000000000E+004
     209    1.8010000000000E+003    9.9527490000000E+006    5.4250000000000E+003    3.5566000000000E+004    4.4560000000000E+003    4.5447000000000E+004
     210    2.1560000000000E+003    9.9522430000000E+006    5.4230000000000E+003    3.5687000000000E+004    4.4880000000000E+003    4.5598000000000E+004
     211    2.0730000000000E+003    9.9517450000000E+006    5.4710000000000E+003    3.6174000000000E+004    4.5340000000000E+003    4.6179000000000E+004
     212    1.8660000000000E+003    9.9514280000000E+006    5.4190000000000E+003    3.6716000000000E+004    4.5680000000000E+003    4.6703000000000E+004
     213    1.5130000000000E+003    9.9512360000000E+006    5.4900000000000E+003    3.7167000000000E+004    4.5910000000000E+003    4.7248000000000E+004
     214    1.7020000000000E+003    9.9505410000000E+006    5.5180000000000E+003    3.7630000000000E+004    4.6060000000000E+003    4.7754000000000E+004
     215    1.8000000000000E+003    9.9499450000000E+006    5.5860000000000E+003    3.8005000000000E+004    4.6610000000000E+003    4.8252000000000E+004
     216    1.9920000000000E+003    9.9494360000000E+006    5.7040000000000E+003    3.8155000000000E+004    4.7100000000000E+003    4.8569000000000E+004
     217    2.3650000000000E+003    9.9488710000000E+006    5.7540000000000E+003    3.8244000000000E+004    4.7630000000000E+003    4.8761000000000E+004
     218    2.1780000000000E+003    9.9483630000000E+006    5.8580000000000E+003    3.8784000000000E+004    4.8140000000000E+003    4.9456000000000E+004
     219    1.8660000000000E+003    9.9480790000000E+006    5.9790000000000E+003    3.9213000000000E+004    4.8600000000000E+003    5.0052000000000E+004
     220    1.5630000000000E+003    9.9478730000000E+006    6.0920000000000E+003    3.9576000000000E+004    4.8930000000000E+003    5.0561000000000E+004
     221    1.5790000000000E+003    9.9472920000000E+006    6.2510000000000E+003    3.9963000000000E+004    4.9120000000000E+003    5.1126000000000E+004
     222    1.5820000000000E+003    9.9467810000000E+006    6.4160000000000E+003    4.0247000000000E+004    4.9710000000000E+003    5.1634000000000E+004
     223    1.8480000000000E+003    9.9462310000000E+006    6.4750000000000E+003    4.0414000000000E+004    5.0290000000000E+003    5.1918000000000E+004
     224    2.0680000000000E+003    9.9458050000000E+006    6.5300000000000E+003    4.0519000000000E+004    5.0750000000000E+003    5.2124000000000E+004
     225    1.9760000000000E+003    9.9453160000000E+006    6.5300000000000E+003    4.1055000000000E+004    5.1200000000000E+003    5.2705000000000E+004
     226    1.7540000000000E+003    9.9450270000000E+006    6.5170000000000E+003    4.1519000000000E+004    5.1800000000000E+003    5.3216000000000E+004
     227    1.4000000000000E+003    9.9448310000000E+006    6.5220000000000E+003    4.2040000000000E+004    5.2040000000000E+003    5.3766000000000E+004
     228    1.4810000000000E+003    9.9443240000000E+006    6.4420000000000E+003    4.2528000000000E+004    5.2220000000000E+003    5.4192000000000E+004
     229    1.4490000000000E+003    9.9438670000000E+006    6.4330000000000E+003    4.2960000000000E+004    5.2880000000000E+003    5.4681000000000E+004
     230    1.5750000000000E+003    9.9434520000000E+006    6.4050000000000E+003    4.3234000000000E+004    5.3310000000000E+003    5.4970000000000E+004
     231    1.8250000000000E+003    9.9430060000000E+006    6.4090000000000E+003    4.3366000000000E+004    5.3910000000000E+003    5.5166000000000E+004
     232    1.7590000000000E+003    9.9425650000000E+006    6.2210000000000E+003    4.4017000000000E+004    5.4350000000000E+003    5.5673000000000E+004
     233    1.5420000000000E+003    9.9423250000000E+006    6.0820000000000E+003    4.4566000000000E+004    5.4820000000000E+003    5.6130000000000E+004
     234    1.2810000000000E+003    9.9421710000000E+006    5.9880000000000E+003    4.5041000000000E+004    5.5160000000000E+003    5.6545000000000E+004
     235    1.3780000000000E+003    9.9416280000000E+006    5.8690000000000E+003    4.5579000000000E+004    5.5430000000000E+003    5.6991000000000E+004
     236    1.4880000000000E+003    9.9410770000000E+006    5.8020000000000E+003    4.6035000000000E+004    5.5950000000000E+003    5.7432000000000E+004
     237    1.7890000000000E+003    9.9405360000000E+006    5.7580000000000E+003    4.6277000000000E+004    5.6370000000000E+003    5.7672000000000E+004
     238    2.2410000000000E+003    9.9399300000000E+006    5.7060000000000E+003    4.6457000000000E+004    5.6630000000000E+003    5.7826000000000E+004
     239    2.4850000000000E+003    9.9391430000000E+006    5.6680000000000E+003    4.6997000000000E+004    5.7040000000000E+003    5.8369000000000E+004
     240    2.3780000000000E+003    9.9386990000000E+006    5.7080000000000E+003    4.7455000000000E+004    5.7570000000000E+003    5.8920000000000E+004
     241    2.1190000000000E+003    9.9384170000000E+006    5.6990000000000E+003    4.7973000000000E+004    5.7890000000000E+003    5.9461000000000E+004
     242    2.2190000000000E+003    9.9377110000000E+006    5.8790000000000E+003    4.8380000000000E+004    5.8080000000000E+003    6.0067000000000E+004
     243    2.0940000000000E+003    9.9370490000000E+006    6.1770000000000E+003    4.8812000000000E+004    5.8650000000000E+003    6.0854000000000E+004
     244    2.2610000000000E+003    9.9364380000000E+006    6.3320000000000E+003    4.9043000000000E+004    5.9230000000000E+003    6.1298000000000E+004
     245    2.6070000000000E+003    9.9358100000000E+006    6.4180000000000E+003    4.9185000000000E+004    5.9770000000000E+003    6.1580000000000E+004
     246    2.6180000000000E+003    9.9350930000000E+006    6.6170000000000E+003    4.9620000000000E+004    6.0490000000000E+003    6.2286000000000E+004
     247    2.3350000000000E+003    9.9347140000000E+006    6.8220000000000E+003    5.0002000000000E+004    6.1240000000000E+003    6.2948000000000E+004
     248    2.0310000000000E+003    9.9344070000000E+006    7.0180000000000E+003    5.0367000000000E+004    6.1740000000000E+003    6.3559000000000E+004
     249    1.6660000000000E+003    9.9341440000000E+006    7.2000000000000E+003    5.0779000000000E+004    6.2080000000000E+003    6.4187000000000E+004
     250    1.5300000000000E+003    9.9335630000000E+006    7.4760000000000E+003    5.1159000000000E+004    6.2690000000000E+003    6.4904000000000E+004
     251    1.6550000000000E+003    9.9330590000000E+006    7.6150000000000E+003    5.1323000000000E+004    6.3450000000000E+003    6.5283000000000E+004
     252    1.9570000000000E+003    9.9324500000000E+006    7.7680000000000E+003    5.1433000000000E+004    6.3890000000000E+003    6.5590000000000E+004
     253    2.2870000000000E+003    9.9318570000000E+006    7.4880000000000E+003    5.1902000000000E+004    6.4630000000000E+003    6.5853000000000E+004
     254    1.9870000000000E+003    9.9315760000000E+006    7.5180000000000E+003    5.2390000000000E+004    6.5260000000000E+003    6.6434000000000E+004
     255    1.6610000000000E+003    9.9313980000000E+006    7.4810000000000E+003    5.2907000000000E+004    6.5500000000000E+003    6.6938000000000E+004
     256    1.6060000000000E+003    9.9308440000000E+006    7.4840000000000E+003    5.3476000000000E+004    6.5870000000000E+003    6.7547000000000E+004
     257    1.5170000000000E+003    9.9303400000000E+006    7.2900000000000E+003    5.4235000000000E+004    6.6150000000000E+003    6.8140000000000E+004
     258    1.7740000000000E+003    9.9298020000000E+006    7.1270000000000E+003    5.4610000000000E+004    6.6840000000000E+003    6.8421000000000E+004
     259    2.1040000000000E+003    9.9292940000000E+006    7.0230000000000E+003    5.4846000000000E+004    6.7300000000000E+003    6.8599000000000E+004
     260    2.0300000000000E+003    9.9288140000000E+006    6.8710000000000E+003    5.5486000000000E+004    6.7960000000000E+003    6.9153000000000E+004
     261    1.8140000000000E+003    9.9285260000000E+006    6.7130000000000E+003    5.6096000000000E+004    6.8480000000000E+003    6.9657000000000E+004
     262    1.4150000000000E+003    9.9283870000000E+006    6.6400000000000E+003    5.6681000000000E+004    6.8740000000000E+003    7.0195000000000E+004
     263    1.4430000000000E+003    9.9278510000000E+006    6.5200000000000E+003    5.7292000000000E+004    6.8910000000000E+003    7.0703000000000E+004
     264    1.4460000000000E+003    9.9273680000000E+006    6.2830000000000E+003    5.7952000000000E+004    6.9480000000000E+003    7.1183000000000E+004
     265    1.5980000000000E+003    9.9269280000000E+006    6.1920000000000E+003    5.8294000000000E+004    6.9850000000000E+003    7.1471000000000E+004
     266    1.8750000000000E+003    9.9265120000000E+006    6.0240000000000E+003    5.8546000000000E+004    7.0400000000000E+003    7.1610000000000E+004
     267    1.7180000000000E+003    9.9261330000000E+006    6.2970000000000E+003    5.8764000000000E+004    7.0850000000000E+003    7.2146000000000E+004
     268    1.4720000000000E+003    9.9258960000000E+006    6.1990000000000E+003    5.9291000000000E+004    7.1390000000000E+003    7.2629000000000E+004
     269    1.1620000000000E+003    9.9257660000000E+006    6.1350000000000E+003    5.9770000000000E+004    7.1640000000000E+003    7.3069000000000E+004
     270    1.2160000000000E+003    9.9252960000000E+006    5.9420000000000E+003    6.0368000000000E+004    7.1750000000000E+003    7.3485000000000E+004
     271    1.4470000000000E+003    9.9246860000000E+006    5.7280000000000E+003    6.0912000000000E+004    7.2240000000000E+003    7.3864000000000E+004
     272    1.7970000000000E+003    9.9240990000000E+006    5.6840000000000E+003    6.1150000000000E+004    7.2670000000000E+003    7.4101000000000E+004
     273    2.2340000000000E+003    9.9235320000000E+006    5.6360000000000E+003    6.1283000000000E+004    7.3120000000000E+003    7.4231000000000E+004
     274    2.3480000000000E+003    9.9229480000000E+006    5.5520000000000E+003    6.1796000000000E+004    7.3530000000000E+003    7.4701000000000E+004
     275    2.0980000000000E+003    9.9225880000000E+006    5.6580000000000E+003    6.2253000000000E+004    7.4000000000000E+003    7.5311000000000E+004
     276    1.7720000000000E+003    9.9223270000000E+006    5.7070000000000E+003    6.2770000000000E+004    7.4210000000000E+003    7.5898000000000E+004
     277    1.9660000000000E+003    9.9215660000000E+006    5.7660000000000E+003    6.3264000000000E+004    7.4350000000000E+003    7.6465000000000E+004
     278    2.0640000000000E+003    9.9208840000000E+006    5.8700000000000E+003    6.3683000000000E+004    7.4960000000000E+003    7.7049000000000E+004
     279    2.3240000000000E+003    9.9202640000000E+006    5.9420000000000E+003    6.3908000000000E+004    7.5590000000000E+003    7.7409000000000E+004
     280    2.5970000000000E+003    9.9197300000000E+006    6.0640000000000E+003    6.3989000000000E+004    7.6170000000000E+003    7.7670000000000E+004
     281    2.3040000000000E+003    9.9192620000000E+006    6.2890000000000E+003    6.4462000000000E+004    7.6800000000000E+003    7.8431000000000E+004
     282    1.8760000000000E+003    9.9190080000000E+006    6.4880000000000E+003    6.4878000000000E+004    7.7470000000000E+003    7.9113000000000E+004
     283    1.4740000000000E+003    9.9187900000000E+006    6.6680000000000E+003    6.5280000000000E+004    7.7850000000000E+003    7.9733000000000E+004
     284    1.5790000000000E+003    9.9181510000000E+006    6.7860000000000E+003    6.5666000000000E+004    7.8150000000000E+003    8.0267000000000E+004
     285    1.8010000000000E+003    9.9174610000000E+006    6.8750000000000E+003    6.5964000000000E+004    7.8960000000000E+003    8.0735000000000E+004
     286    2.0960000000000E+003    9.9169120000000E+006    6.8920000000000E+003    6.6130000000000E+004    7.9670000000000E+003    8.0989000000000E+004
     287    2.3460000000000E+003    9.9164440000000E+006    6.9800000000000E+003    6.6201000000000E+004    8.0260000000000E+003    8.1207000000000E+004
     288    1.9100000000000E+003    9.9162410000000E+006    7.1490000000000E+003    6.6624000000000E+004    8.0730000000000E+003    8.1846000000000E+004
     289    1.5690000000000E+003    9.9158920000000E+006    7.2290000000000E+003    6.7186000000000E+004    8.1210000000000E+003    8.2536000000000E+004
     290    1.3080000000000E+003    9.9156040000000E+006    7.1910000000000E+003    6.7757000000000E+004    8.1370000000000E+003    8.3085000000000E+004
     291    1.6110000000000E+003    9.9148330000000E+006    7.0920000000000E+003    6.8301000000000E+004    8.1600000000000E+003    8.3553000000000E+004
     292    2.2030000000000E+003    9.9140380000000E+006    6.7110000000000E+003    6.8819000000000E+004    8.2260000000000E+003    8.3756000000000E+004
     293    2.5770000000000E+003    9.9133150000000E+006    6.7000000000000E+003    6.9102000000000E+004    8.3030000000000E+003    8.4105000000000E+004
     294    3.0020000000000E+003    9.9126020000000E+006    6.7270000000000E+003    6.9316000000000E+004    8.3500000000000E+003    8.4393000000000E+004
     295    2.3790000000000E+003    9.9124540000000E+006    6.7370000000000E+003    7.0027000000000E+004    8.4000000000000E+003    8.5164000000000E+004
     296    2.1130000000000E+003    9.9119250000000E+006    6.8500000000000E+003    7.0693000000000E+004    8.4160000000000E+003    8.5959000000000E+004
     297    1.7480000000000E+003    9.9115670000000E+006    6.9530000000000E+003    7.1282000000000E+004    8.4470000000000E+003    8.6682000000000E+004
     298    2.0680000000000E+003    9.9105340000000E+006    7.1320000000000E+003    7.1793000000000E+004    8.4700000000000E+003    8.7395000000000E+004
     299    3.0110000000000E+003    9.9094430000000E+006    6.8120000000000E+003    7.2185000000000E+004    8.5460000000000E+003    8.7543000000000E+004
     300    3.3820000000000E+003    9.9085430000000E+006    7.0870000000000E+003    7.2360000000000E+004    8.6250000000000E+003    8.8072000000000E+004
     301    4.0800000000000E+003    9.9074870000000E+006    7.2270000000000E+003    7.2511000000000E+004    8.6920000000000E+003    8.8430000000000E+004
     302    4.0850000000000E+003    9.9064490000000E+006    7.6210000000000E+003    7.3076000000000E+004    8.7660000000000E+003    8.9463000000000E+004
     303    3.4740000000000E+003    9.9059690000000E+006    8.0220000000000E+003    7.3753000000000E+004    8.7790000000000E+003    9.0554000000000E+004
     304    2.9000000000000E+003    9.9056430000000E+006    8.3730000000000E+003    7.4248000000000E+004    8.8330000000000E+003    9.1454000000000E+004
     305    2.7540000000000E+003    9.9047330000000E+006    8.9610000000000E+003    7.4679000000000E+004    8.8700000000000E+003    9.2510000000000E+004
     306    2.6930000000000E+003    9.9037560000000E+006    9.7960000000000E+003    7.4775000000000E+004    8.9770000000000E+003    9.3548000000000E+004
     307    3.0380000000000E+003    9.9029310000000E+006    9.9270000000000E+003    7.5003000000000E+004    9.0980000000000E+003    9.4028000000000E+004
     308    3.5280000000000E+003    9.9021150000000E+006    9.9650000000000E+003    7.5208000000000E+004    9.1810000000000E+003    9.4354000000000E+004
     309    3.5910000000000E+003    9.9011420000000E+006    1.0104000000000E+004    7.5869000000000E+004    9.2910000000000E+003    9.5264000000000E+004
     310    3.0600000000000E+003    9.9006960000000E+006    1.0286000000000E+004    7.6556000000000E+004    9.3990000000000E+003    9.6241000000000E+004
     311    2.5750000000000E+003    9.9003560000000E+006    1.0388000000000E+004    7.7221000000000E+004    9.4570000000000E+003    9.7066000000000E+004
     312    2.7330000000000E+003    9.8993820000000E+006    1.0491000000000E+004    7.7901000000000E+004    9.4900000000000E+003    9.7882000000000E+004
     313    2.8290000000000E+003    9.8983130000000E+006    1.1316000000000E+004    7.7940000000000E+004    9.5990000000000E+003    9.8855000000000E+004
     314    3.3290000000000E+003    9.8973670000000E+006    1.1233000000000E+004    7.8367000000000E+004    9.7010000000000E+003    9.9301000000000E+004
     315    3.9060000000000E+003    9.8964500000000E+006    1.1215000000000E+004    7.8640000000000E+004    9.7860000000000E+003    9.9641000000000E+004
     316    3.8090000000000E+003    9.8955730000000E+006    1.1156000000000E+004    7.9602000000000E+004    9.8570000000000E+003    1.0061500000000E+005
     317    3.1550000000000E+003    9.8951580000000E+006    1.1134000000000E+004    8.0582000000000E+004    9.9680000000000E+003    1.0168400000000E+005
     318    2.4730000000000E+003    9.8948940000000E+006    1.1180000000000E+004    8.1434000000000E+004    1.0016000000000E+004    1.0263000000000E+005
     319    2.4740000000000E+003    9.8939760000000E+006    1.1041000000000E+004    8.2459000000000E+004    1.0047000000000E+004    1.0354700000000E+005
     320    2.4970000000000E+003    9.8930760000000E+006    1.0880000000000E+004    8.3393000000000E+004    1.0151000000000E+004    1.0442400000000E+005
     321    2.8570000000000E+003    9.8923010000000E+006    1.0815000000000E+004    8.3768000000000E+004    1.0256000000000E+004    1.0483900000000E+005
     322    3.3040000000000E+003    9.8915900000000E+006    1.0753000000000E+004    8.3987000000000E+004    1.0363000000000E+004    1.0510300000000E+005
     323    2.9570000000000E+003    9.8910190000000E+006    1.0761000000000E+004    8.4805000000000E+004    1.0455000000000E+004    1.0602100000000E+005
     324    2.3890000000000E+003    9.8906870000000E+006    1.0684000000000E+004    8.5699000000000E+004    1.0538000000000E+004    1.0692100000000E+005
     325    1.7780000000000E+003    9.8905230000000E+006    1.0634000000000E+004    8.6479000000000E+004    1.0583000000000E+004    1.0769600000000E+005
     326    1.2710000000000E+003    9.8903190000000E+006    1.0529000000000E+004    8.7273000000000E+004    1.0605000000000E+004    1.0840700000000E+005
     327    1.2340000000000E+003    9.8897850000000E+006    1.0127000000000E+004    8.8166000000000E+004    1.0685000000000E+004    1.0897800000000E+005
     328    1.4530000000000E+003    9.8892340000000E+006    1.0013000000000E+004    8.8527000000000E+004    1.0770000000000E+004    1.0931000000000E+005
     329    1.7460000000000E+003    9.8887770000000E+006    9.8370000000000E+003    8.8795000000000E+004    1.0842000000000E+004    1.0947400000000E+005
     330    1.9420000000000E+003    9.8883770000000E+006    9.0670000000000E+003    8.9688000000000E+004    1.0923000000000E+004    1.0967800000000E+005
     331    1.5930000000000E+003    9.8881920000000E+006    8.5320000000000E+003    9.0705000000000E+004    1.0975000000000E+004    1.1021200000000E+005
     332    1.1390000000000E+003    9.8880950000000E+006    8.1370000000000E+003    9.1620000000000E+004    1.1006000000000E+004    1.1076300000000E+005
     333    1.1740000000000E+003    9.8876030000000E+006    7.6770000000000E+003    9.2522000000000E+004    1.1021000000000E+004    1.1122000000000E+005
     334    1.1910000000000E+003    9.8871860000000E+006    7.2000000000000E+003    9.3387000000000E+004    1.1033000000000E+004    1.1162000000000E+005
     335    1.3950000000000E+003    9.8867970000000E+006    6.9700000000000E+003    9.3754000000000E+004    1.1081000000000E+004    1.1180500000000E+005
     336    1.5610000000000E+003    9.8865340000000E+006    6.8030000000000E+003    9.3971000000000E+004    1.1128000000000E+004    1.1190200000000E+005
     337    1.3400000000000E+003    9.8862630000000E+006    6.3770000000000E+003    9.4840000000000E+004    1.1177000000000E+004    1.1239400000000E+005
     338    1.0220000000000E+003    9.8861640000000E+006    5.8940000000000E+003    9.5694000000000E+004    1.1223000000000E+004    1.1281100000000E+005
     339    6.8000000000000E+002    9.8861170000000E+006    5.5080000000000E+003    9.6450000000000E+004    1.1242000000000E+004    1.1320000000000E+005
     340    6.3500000000000E+002    9.8858990000000E+006    5.0600000000000E+003    9.7146000000000E+004    1.1257000000000E+004    1.1346300000000E+005
     341    5.7000000000000E+002    9.8856930000000E+006    4.7600000000000E+003    9.7672000000000E+004    1.1302000000000E+004    1.1373400000000E+005
     342    6.8000000000000E+002    9.8854840000000E+006    4.5270000000000E+003    9.7958000000000E+004    1.1348000000000E+004    1.1383300000000E+005
     343    8.2900000000000E+002    9.8852880000000E+006    4.4100000000000E+003    9.8088000000000E+004    1.1382000000000E+004    1.1388000000000E+005
     344    8.4500000000000E+002    9.8850540000000E+006    4.4240000000000E+003    9.8269000000000E+004    1.1405000000000E+004    1.1409800000000E+005
     345    7.4100000000000E+002    9.8849520000000E+006    4.0960000000000E+003    9.8777000000000E+004    1.1431000000000E+004    1.1430400000000E+005
     346    6.1800000000000E+002    9.8848660000000E+006    3.7540000000000E+003    9.9318000000000E+004    1.1441000000000E+004    1.1451300000000E+005
     347    6.8400000000000E+002    9.8846040000000E+006    3.4930000000000E+003    9.9771000000000E+004    1.1445000000000E+004    1.1470900000000E+005
     348    6.9700000000000E+002    9.8843570000000E+006    3.3270000000000E+003    1.0015000000000E+005    1.1466000000000E+004    1.1494300000000E+005
     349    8.1100000000000E+002    9.8841410000000E+006    3.2440000000000E+003    1.0031700000000E+005    1.1484000000000E+004    1.1504500000000E+005
     350    9.4800000000000E+002    9.8839180000000E+006    3.2330000000000E+003    1.0039800000000E+005    1.1500000000000E+004    1.1513100000000E+005
     351    8.8100000000000E+002    9.8837230000000E+006    3.0030000000000E+003    1.0087600000000E+005    1.1514000000000E+004    1.1539300000000E+005
     352    7.3600000000000E+002    9.8836210000000E+006    2.8330000000000E+003    1.0126700000000E+005    1.1540000000000E+004    1.1564000000000E+005
     353    5.8300000000000E+002    9.8835580000000E+006    2.6600000000000E+003    1.0164700000000E+005    1.1549000000000E+004    1.1585600000000E+005
     354    5.9000000000000E+002    9.8833280000000E+006    2.6200000000000E+003    1.0190400000000E+005    1.1555000000000E+004    1.1607900000000E+005
     355    5.9000000000000E+002    9.8831330000000E+006    2.5440000000000E+003    1.0214800000000E+005    1.1582000000000E+004    1.1627400000000E+005
     356    6.7700000000000E+002    9.8829440000000E+006    2.5470000000000E+003    1.0222000000000E+005    1.1609000000000E+004    1.1637600000000E+005
     357    7.6900000000000E+002    9.8827890000000E+006    2.5630000000000E+003    1.0225000000000E+005    1.1626000000000E+004    1.1643900000000E+005
     358    7.1200000000000E+002    9.8826160000000E+006    2.5750000000000E+003    1.0244500000000E+005    1.1649000000000E+004    1.1666900000000E+005
     359    6.0000000000000E+002    9.8825330000000E+006    2.5640000000000E+003    1.0263000000000E+005    1.1670000000000E+004    1.1686400000000E+005
     360    4.7200000000000E+002    9.8824720000000E+006    2.5440000000000E+003    1.0283200000000E+005    1.1677000000000E+004    1.1705300000000E+005
     361    4.7100000000000E+002    9.8823180000000E+006    2.5030000000000E+003    1.0302200000000E+005    1.1683000000000E+004    1.1720800000000E+005
     362    4.5300000000000E+002    9.8821630000000E+006    2.4420000000000E+003    1.0323100000000E+005    1.1708000000000E+004    1.1738100000000E+005
     363    5.1600000000000E+002    9.8820170000000E+006    2.4230000000000E+003    1.0331800000000E+005    1.1723000000000E+004    1.1746400000000E+005
     364    6.2500000000000E+002    9.8818470000000E+006    2.3980000000000E+003    1.0339000000000E+005    1.1737000000000E+004    1.1752500000000E+005
     365    6.0000000000000E+002    9.8817180000000E+006    2.2900000000000E+003    1.0363300000000E+005    1.1756000000000E+004    1.1767900000000E+005
     366    5.0100000000000E+002    9.8816620000000E+006    2.1980000000000E+003    1.0386300000000E+005    1.1773000000000E+004    1.1783400000000E+005
     367    3.9900000000000E+002    9.8816180000000E+006    2.1280000000000E+003    1.0407200000000E+005    1.1780000000000E+004    1.1798000000000E+005
     368    2.9200000000000E+002    9.8815550000000E+006    2.0750000000000E+003    1.0429100000000E+005    1.1784000000000E+004    1.1815000000000E+005
     369    3.3500000000000E+002    9.8813830000000E+006    2.0090000000000E+003    1.0447000000000E+005    1.1800000000000E+004    1.1827900000000E+005
     370    4.0600000000000E+002    9.8812560000000E+006    1.9630000000000E+003    1.0455300000000E+005    1.1819000000000E+004    1.1833500000000E+005
     371    4.6100000000000E+002    9.8811570000000E+006    1.9440000000000E+003    1.0460300000000E+005    1.1832000000000E+004    1.1837900000000E+005
     372    4.9300000000000E+002    9.8810620000000E+006    1.7770000000000E+003    1.0481700000000E+005    1.1848000000000E+004    1.1844200000000E+005
     373    3.6900000000000E+002    9.8810140000000E+006    1.7540000000000E+003    1.0500400000000E+005    1.1856000000000E+004    1.1861400000000E+005
     374    2.7000000000000E+002    9.8809860000000E+006    1.6920000000000E+003    1.0519100000000E+005    1.1858000000000E+004    1.1874100000000E+005
     375    2.6400000000000E+002    9.8808930000000E+006    1.6360000000000E+003    1.0534000000000E+005    1.1864000000000E+004    1.1884000000000E+005
     376    2.7000000000000E+002    9.8807920000000E+006    1.5580000000000E+003    1.0551200000000E+005    1.1865000000000E+004    1.1893500000000E+005
     377    3.0200000000000E+002    9.8807120000000E+006    1.5230000000000E+003    1.0557400000000E+005    1.1886000000000E+004    1.1898300000000E+005
     378    3.4300000000000E+002    9.8806430000000E+006    1.4900000000000E+003    1.0562400000000E+005    1.1897000000000E+004    1.1901100000000E+005
     379    3.5500000000000E+002    9.8805380000000E+006    1.4290000000000E+003    1.0576800000000E+005    1.1907000000000E+004    1.1910400000000E+005
     380    2.9000000000000E+002    9.8805020000000E+006    1.3750000000000E+003    1.0591500000000E+005    1.1915000000000E+004    1.1920500000000E+005
     381    2.3900000000000E+002    9.8804730000000E+006    1.3090000000000E+003    1.0605600000000E+005    1.1920000000000E+004    1.1928500000000E+005
     382    3.1400000000000E+002    9.8803290000000E+006    1.2080000000000E+003    1.0622300000000E+005    1.1923000000000E+004    1.1935400000000E+005
     383    3.1900000000000E+002    9.8802190000000E+006    1.1840000000000E+003    1.0634100000000E+005    1.1934000000000E+004    1.1945900000000E+005
     384    3.7200000000000E+002    9.8801300000000E+006    1.1640000000000E+003    1.0639100000000E+005    1.1940000000000E+004    1.1949500000000E+005
     385    3.9600000000000E+002    9.8800770000000E+006    1.1490000000000E+003    1.0642400000000E+005    1.1951000000000E+004    1.1952400000000E+005
     386    2.9500000000000E+002    9.8800340000000E+006    1.2300000000000E+003    1.0648200000000E+005    1.1956000000000E+004    1.1966800000000E+005
     387    2.3200000000000E+002    9.8799870000000E+006    1.1680000000000E+003    1.0664400000000E+005    1.1966000000000E+004    1.1977800000000E+005
     388    1.6600000000000E+002    9.8799640000000E+006    1.1300000000000E+003    1.0676700000000E+005    1.1970000000000E+004    1.1986700000000E+005
     389    2.5300000000000E+002    9.8798240000000E+006    1.0840000000000E+003    1.0686500000000E+005    1.1971000000000E+004    1.1992000000000E+005
     390    3.1300000000000E+002    9.8797210000000E+006    1.0320000000000E+003    1.0694700000000E+005    1.1984000000000E+004    1.1996300000000E+005
     391    3.5000000000000E+002    9.8796370000000E+006    1.0310000000000E+003    1.0697800000000E+005    1.2001000000000E+004    1.2001000000000E+005
     392    4.4200000000000E+002    9.8795220000000E+006    1.0260000000000E+003    1.0700000000000E+005    1.2007000000000E+004    1.2003300000000E+005
     393    3.7800000000000E+002    9.8794460000000E+006    1.0730000000000E+003    1.0708600000000E+005    1.2014000000000E+004    1.2017300000000E+005
     394    3.1600000000000E+002    9.8794050000000E+006    1.0750000000000E+003    1.0718300000000E+005    1.2018000000000E+004    1.2027600000000E+005
     395    2.6100000000000E+002    9.8793760000000E+006    1.0790000000000E+003    1.0725700000000E+005    1.2024000000000E+004    1.2036000000000E+005
     396    2.5100000000000E+002    9.8792710000000E+006    1.1250000000000E+003    1.0732400000000E+005    1.2026000000000E+004    1.2047500000000E+005
     397    2.9100000000000E+002    9.8791550000000E+006    1.0960000000000E+003    1.0741700000000E+005    1.2038000000000E+004    1.2055100000000E+005
     398    3.3700000000000E+002    9.8790680000000E+006    1.1010000000000E+003    1.0744000000000E+005    1.2051000000000E+004    1.2059200000000E+005
     399    4.0500000000000E+002    9.8789710000000E+006    1.1010000000000E+003    1.0745500000000E+005    1.2065000000000E+004    1.2062100000000E+005
     400    3.9500000000000E+002    9.8788760000000E+006    1.0620000000000E+003    1.0758500000000E+005    1.2079000000000E+004    1.2072600000000E+005
     401    3.1900000000000E+002    9.8788360000000E+006    1.0680000000000E+003    1.0768600000000E+005    1.2088000000000E+004    1.2084200000000E+005
     402    2.5000000000000E+002    9.8788180000000E+006    1.0660000000000E+003    1.0777100000000E+005    1.2092000000000E+004    1.2092900000000E+005
     403    2.3600000000000E+002    9.8787350000000E+006    1.1100000000000E+003    1.0782200000000E+005    1.2094000000000E+004    1.2102600000000E+005
     404    2.2200000000000E+002    9.8786540000000E+006    1.1620000000000E+003    1.0785700000000E+005    1.2102000000000E+004    1.2112100000000E+005
     405    2.4600000000000E+002    9.8785900000000E+006    1.1550000000000E+003    1.0789300000000E+005    1.2113000000000E+004    1.2116100000000E+005
     406    2.9400000000000E+002    9.8785240000000E+006    1.1500000000000E+003    1.0790700000000E+005    1.2122000000000E+004    1.2117900000000E+005
     407    3.0700000000000E+002    9.8784280000000E+006    1.0930000000000E+003    1.0803700000000E+005    1.2132000000000E+004    1.2126200000000E+005
     408    2.7800000000000E+002    9.8783760000000E+006    1.0710000000000E+003    1.0813000000000E+005    1.2142000000000E+004    1.2134300000000E+005
     409    2.3800000000000E+002    9.8783520000000E+006    1.0510000000000E+003    1.0820900000000E+005    1.2147000000000E+004    1.2140700000000E+005
     410    2.8700000000000E+002    9.8782370000000E+006    1.0020000000000E+003    1.0832400000000E+005    1.2147000000000E+004    1.2147300000000E+005
     411    2.7800000000000E+002    9.8781500000000E+006    1.0220000000000E+003    1.0838700000000E+005    1.2160000000000E+004    1.2156900000000E+005
     412    3.0400000000000E+002    9.8780720000000E+006    1.0330000000000E+003    1.0842100000000E+005    1.2167000000000E+004    1.2162100000000E+005
     413    3.6000000000000E+002    9.8779920000000E+006    1.0280000000000E+003    1.0844300000000E+005    1.2174000000000E+004    1.2164500000000E+005
     414    3.2300000000000E+002    9.8779140000000E+006    1.0380000000000E+003    1.0854400000000E+005    1.2178000000000E+004    1.2176000000000E+005
     415    2.5700000000000E+002    9.8778930000000E+006    1.0090000000000E+003    1.0865100000000E+005    1.2187000000000E+004    1.2184700000000E+005
     416    2.1000000000000E+002    9.8778620000000E+006    1.0000000000000E+003    1.0873000000000E+005    1.2195000000000E+004    1.2192500000000E+005
     417    2.3900000000000E+002    9.8777530000000E+006    9.8300000000000E+002    1.0882500000000E+005    1.2197000000000E+004    1.2200500000000E+005
     418    2.4900000000000E+002    9.8776650000000E+006    9.6600000000000E+002    1.0890900000000E+005    1.2208000000000E+004    1.2208300000000E+005
     419    3.4000000000000E+002    9.8775530000000E+006    9.4700000000000E+002    1.0894100000000E+005    1.2216000000000E+004    1.2210400000000E+005
     420    3.9400000000000E+002    9.8774680000000E+006    9.6000000000000E+002    1.0895200000000E+005    1.2223000000000E+004    1.2213500000000E+005
     421    3.9200000000000E+002    9.8773610000000E+006    9.8600000000000E+002    1.0902800000000E+005    1.2230000000000E+004    1.2224400000000E+005
     422    3.5500000000000E+002    9.8773100000000E+006    9.9300000000000E+002    1.0910200000000E+005    1.2237000000000E+004    1.2233200000000E+005
     423    2.6600000000000E+002    9.8772870000000E+006    1.0410000000000E+003    1.0916400000000E+005    1.2239000000000E+004    1.2244400000000E+005
     424    2.4400000000000E+002    9.8772240000000E+006    1.0600000000000E+003    1.0922800000000E+005    1.2241000000000E+004    1.2252900000000E+005
     425    2.6300000000000E+002    9.8770980000000E+006    1.0710000000000E+003    1.0931200000000E+005    1.2253000000000E+004    1.2263600000000E+005
     426    3.1600000000000E+002    9.8769940000000E+006    1.0700000000000E+003    1.0935800000000E+005    1.2259000000000E+004    1.2268700000000E+005
     427    3.7800000000000E+002    9.8769090000000E+006    1.0690000000000E+003    1.0936400000000E+005    1.2277000000000E+004    1.2271000000000E+005
     428    4.3100000000000E+002    9.8767930000000E+006    1.0170000000000E+003    1.0946700000000E+005    1.2289000000000E+004    1.2277300000000E+005
     429    3.5300000000000E+002    9.8767450000000E+006    1.0560000000000E+003    1.0954600000000E+005    1.2297000000000E+004    1.2289900000000E+005
     430    2.9000000000000E+002    9.8767040000000E+006    1.0820000000000E+003    1.0962000000000E+005    1.2301000000000E+004    1.2300300000000E+005
     431    3.5700000000000E+002    9.8765520000000E+006    1.0870000000000E+003    1.0969900000000E+005    1.2302000000000E+004    1.2308800000000E+005
     432    3.2700000000000E+002    9.8764660000000E+006    1.1250000000000E+003    1.0977400000000E+005    1.2305000000000E+004    1.2320400000000E+005
     433    3.6500000000000E+002    9.8763800000000E+006    1.1520000000000E+003    1.0977700000000E+005    1.2323000000000E+004    1.2325200000000E+005
     434    4.3200000000000E+002    9.8762720000000E+006    1.1620000000000E+003    1.0979600000000E+005    1.2335000000000E+004    1.2329300000000E+005
     435    4.3200000000000E+002    9.8761200000000E+006    1.2050000000000E+003    1.0989700000000E+005    1.2343000000000E+004    1.2344500000000E+005
     436    3.7300000000000E+002    9.8760930000000E+006    1.2030000000000E+003    1.0997300000000E+005    1.2355000000000E+004    1.2353100000000E+005
     437    3.1000000000000E+002    9.8760700000000E+006    1.1770000000000E+003    1.1008000000000E+005    1.2360000000000E+004    1.2361700000000E+005
     438    3.6200000000000E+002    9.8759100000000E+006    1.2000000000000E+003    1.1016100000000E+005    1.2364000000000E+004    1.2372500000000E+005
     439    3.7100000000000E+002    9.8757490000000E+006    1.2450000000000E+003    1.1025300000000E+005    1.2379000000000E+004    1.2387700000000E+005
     440    4.3600000000000E+002    9.8756570000000E+006    1.2210000000000E+003    1.1029000000000E+005    1.2393000000000E+004    1.2390400000000E+005
     441    5.5400000000000E+002    9.8755160000000E+006    1.2210000000000E+003    1.1030400000000E+005    1.2402000000000E+004    1.2392700000000E+005
     442    5.1700000000000E+002    9.8753930000000E+006    1.3180000000000E+003    1.1035500000000E+005    1.2414000000000E+004    1.2408700000000E+005
     443    4.1300000000000E+002    9.8753360000000E+006    1.3530000000000E+003    1.1046300000000E+005    1.2432000000000E+004    1.2424800000000E+005
     444    3.5200000000000E+002    9.8753050000000E+006    1.3410000000000E+003    1.1056500000000E+005    1.2434000000000E+004    1.2434000000000E+005
     445    3.4900000000000E+002    9.8751670000000E+006    1.3970000000000E+003    1.1064900000000E+005    1.2435000000000E+004    1.2448100000000E+005
     446    3.3600000000000E+002    9.8750570000000E+006    1.4040000000000E+003    1.1075600000000E+005    1.2444000000000E+004    1.2460400000000E+005
     447    3.8900000000000E+002    9.8749470000000E+006    1.4130000000000E+003    1.1079200000000E+005    1.2456000000000E+004    1.2466100000000E+005
     448    4.8200000000000E+002    9.8748230000000E+006    1.4030000000000E+003    1.1082300000000E+005    1.2466000000000E+004    1.2469200000000E+005
     449    5.0100000000000E+002    9.8746660000000E+006    1.3890000000000E+003    1.1096400000000E+005    1.2477000000000E+004    1.2483000000000E+005
     450    4.6200000000000E+002    9.8745950000000E+006    1.4130000000000E+003    1.1103500000000E+005    1.2492000000000E+004    1.2494000000000E+005
     451    3.9700000000000E+002    9.8745500000000E+006    1.4370000000000E+003    1.1111500000000E+005    1.2498000000000E+004    1.2505000000000E+005
     452    4.5900000000000E+002    9.8743640000000E+006    1.4530000000000E+003    1.1122000000000E+005    1.2501000000000E+004    1.2517400000000E+005
     453    4.5000000000000E+002    9.8742160000000E+006    1.4580000000000E+003    1.1135800000000E+005    1.2515000000000E+004    1.2533100000000E+005
     454    5.1500000000000E+002    9.8740800000000E+006    1.5020000000000E+003    1.1137400000000E+005    1.2526000000000E+004    1.2540200000000E+005
     455    6.2800000000000E+002    9.8739220000000E+006    1.5240000000000E+003    1.1138900000000E+005    1.2534000000000E+004    1.2544700000000E+005
     456    5.9500000000000E+002    9.8737690000000E+006    1.5500000000000E+003    1.1152600000000E+005    1.2557000000000E+004    1.2563300000000E+005
     457    4.9300000000000E+002    9.8737230000000E+006    1.5370000000000E+003    1.1166900000000E+005    1.2575000000000E+004    1.2578100000000E+005
     458    3.9400000000000E+002    9.8736860000000E+006    1.5810000000000E+003    1.1175300000000E+005    1.2583000000000E+004    1.2591700000000E+005
     459    3.9200000000000E+002    9.8735300000000E+006    1.5980000000000E+003    1.1188900000000E+005    1.2588000000000E+004    1.2607500000000E+005
     460    3.8400000000000E+002    9.8733850000000E+006    1.6280000000000E+003    1.1199900000000E+005    1.2601000000000E+004    1.2622800000000E+005
     461    4.9200000000000E+002    9.8732310000000E+006    1.6170000000000E+003    1.1203700000000E+005    1.2620000000000E+004    1.2627400000000E+005
     462    5.9300000000000E+002    9.8730930000000E+006    1.6230000000000E+003    1.1205300000000E+005    1.2635000000000E+004    1.2631100000000E+005
     463    5.8900000000000E+002    9.8729410000000E+006    1.6410000000000E+003    1.1216800000000E+005    1.2658000000000E+004    1.2646700000000E+005
     464    5.4100000000000E+002    9.8728440000000E+006    1.6760000000000E+003    1.1226000000000E+005    1.2676000000000E+004    1.2661200000000E+005
     465    4.4000000000000E+002    9.8727910000000E+006    1.7200000000000E+003    1.1236300000000E+005    1.2683000000000E+004    1.2676600000000E+005
     466    5.4300000000000E+002    9.8725500000000E+006    1.7340000000000E+003    1.1248500000000E+005    1.2685000000000E+004    1.2690400000000E+005
     467    5.1300000000000E+002    9.8724280000000E+006    1.7290000000000E+003    1.1263100000000E+005    1.2696000000000E+004    1.2705600000000E+005
     468    6.6200000000000E+002    9.8721820000000E+006    1.7550000000000E+003    1.1269100000000E+005    1.2707000000000E+004    1.2715300000000E+005
     469    8.2200000000000E+002    9.8719690000000E+006    1.7630000000000E+003    1.1272100000000E+005    1.2722000000000E+004    1.2720600000000E+005
     470    7.4800000000000E+002    9.8718020000000E+006    1.8180000000000E+003    1.1289700000000E+005    1.2732000000000E+004    1.2744700000000E+005
     471    7.2400000000000E+002    9.8717040000000E+006    1.7920000000000E+003    1.1303000000000E+005    1.2747000000000E+004    1.2756900000000E+005
     472    5.4300000000000E+002    9.8716390000000E+006    1.9020000000000E+003    1.1315400000000E+005    1.2759000000000E+004    1.2781500000000E+005
     473    6.3100000000000E+002    9.8713380000000E+006    1.9570000000000E+003    1.1330200000000E+005    1.2769000000000E+004    1.2802800000000E+005
     474    7.4100000000000E+002    9.8710610000000E+006    1.9710000000000E+003    1.1343400000000E+005    1.2790000000000E+004    1.2819500000000E+005
     475    9.1700000000000E+002    9.8707870000000E+006    2.0230000000000E+003    1.1347500000000E+005    1.2795000000000E+004    1.2829300000000E+005
     476    1.1790000000000E+003    9.8704600000000E+006    2.0510000000000E+003    1.1349300000000E+005    1.2814000000000E+004    1.2835800000000E+005
     477    1.1760000000000E+003    9.8701620000000E+006    2.1960000000000E+003    1.1362700000000E+005    1.2836000000000E+004    1.2865900000000E+005
     478    1.0650000000000E+003    9.8699960000000E+006    2.3280000000000E+003    1.1376000000000E+005    1.2848000000000E+004    1.2893600000000E+005
     479    8.7100000000000E+002    9.8699160000000E+006    2.4480000000000E+003    1.1390000000000E+005    1.2862000000000E+004    1.2921000000000E+005
     480    9.5400000000000E+002    9.8695060000000E+006    2.6370000000000E+003    1.1403100000000E+005    1.2869000000000E+004    1.2953700000000E+005
     481    1.0650000000000E+003    9.8690970000000E+006    2.7830000000000E+003    1.1415700000000E+005    1.2895000000000E+004    1.2983500000000E+005
     482    1.3390000000000E+003    9.8686570000000E+006    2.8520000000000E+003    1.1422300000000E+005    1.2926000000000E+004    1.3000100000000E+005
     483    1.6960000000000E+003    9.8682200000000E+006    2.8790000000000E+003    1.1424800000000E+005    1.2954000000000E+004    1.3008100000000E+005
     484    1.8140000000000E+003    9.8676920000000E+006    3.0480000000000E+003    1.1445200000000E+005    1.2991000000000E+004    1.3049100000000E+005
     485    1.6320000000000E+003    9.8674650000000E+006    3.3350000000000E+003    1.1453900000000E+005    1.3026000000000E+004    1.3090000000000E+005
     486    1.3240000000000E+003    9.8673330000000E+006    3.5290000000000E+003    1.1476800000000E+005    1.3043000000000E+004    1.3134000000000E+005
     487    1.6310000000000E+003    9.8665890000000E+006    3.7530000000000E+003    1.1497400000000E+005    1.3050000000000E+004    1.3177700000000E+005
     488    1.8000000000000E+003    9.8658920000000E+006    4.1140000000000E+003    1.1509900000000E+005    1.3092000000000E+004    1.3230500000000E+005
     489    2.4300000000000E+003    9.8650350000000E+006    4.2430000000000E+003    1.1515600000000E+005    1.3133000000000E+004    1.3253200000000E+005
     490    3.1580000000000E+003    9.8641750000000E+006    4.3100000000000E+003    1.1516900000000E+005    1.3185000000000E+004    1.3266400000000E+005
     491    3.2070000000000E+003    9.8633820000000E+006    4.7530000000000E+003    1.1542900000000E+005    1.3226000000000E+004    1.3340800000000E+005
     492    2.8540000000000E+003    9.8630380000000E+006    5.1730000000000E+003    1.1565900000000E+005    1.3273000000000E+004    1.3410500000000E+005
     493    2.2740000000000E+003    9.8627610000000E+006    5.7560000000000E+003    1.1591700000000E+005    1.3289000000000E+004    1.3496200000000E+005
     494    2.4990000000000E+003    9.8616760000000E+006    6.2890000000000E+003    1.1622300000000E+005    1.3310000000000E+004    1.3582200000000E+005
     495    2.7120000000000E+003    9.8606700000000E+006    6.7840000000000E+003    1.1643500000000E+005    1.3396000000000E+004    1.3661500000000E+005
     496    3.4210000000000E+003    9.8596170000000E+006    6.9620000000000E+003    1.1653600000000E+005    1.3461000000000E+004    1.3695900000000E+005
     497    4.3450000000000E+003    9.8584160000000E+006    7.1590000000000E+003    1.1653200000000E+005    1.3545000000000E+004    1.3723600000000E+005
     498    4.4590000000000E+003    9.8572170000000E+006    7.8340000000000E+003    1.1684200000000E+005    1.3645000000000E+004    1.3832100000000E+005
     499    3.9600000000000E+003    9.8567100000000E+006    8.4310000000000E+003    1.1717900000000E+005    1.3717000000000E+004    1.3932700000000E+005
     500    3.3190000000000E+003    9.8562980000000E+006    9.0440000000000E+003    1.1758600000000E+005    1.3750000000000E+004    1.4038000000000E+005
     501    3.6460000000000E+003    9.8547700000000E+006    9.8080000000000E+003    1.1799400000000E+005    1.3779000000000E+004    1.4158100000000E+005
     502    4.0420000000000E+003    9.8531750000000E+006    1.0479000000000E+004    1.1840100000000E+005    1.3900000000000E+004    1.4278000000000E+005
     503    4.9800000000000E+003    9.8517300000000E+006    1.0759000000000E+004    1.1852600000000E+005    1.4002000000000E+004    1.4328700000000E+005
     504    5.9110000000000E+003    9.8503870000000E+006    1.1039000000000E+004    1.1855100000000E+005    1.4109000000000E+004    1.4369900000000E+005
     505    5.9850000000000E+003    9.8487850000000E+006    1.1823000000000E+004    1.1917900000000E+005    1.4225000000000E+004    1.4522700000000E+005
     506    4.9520000000000E+003    9.8482230000000E+006    1.2721000000000E+004    1.1973500000000E+005    1.4366000000000E+004    1.4682200000000E+005
     507    4.0610000000000E+003    9.8476690000000E+006    1.3309000000000E+004    1.2054700000000E+005    1.4411000000000E+004    1.4826700000000E+005
     508    4.7490000000000E+003    9.8456380000000E+006    1.3792000000000E+004    1.2135400000000E+005    1.4464000000000E+004    1.4961000000000E+005
     509    4.9270000000000E+003    9.8438580000000E+006    1.4601000000000E+004    1.2198300000000E+005    1.4628000000000E+004    1.5121200000000E+005
     510    6.1600000000000E+003    9.8420630000000E+006    1.4819000000000E+004    1.2214800000000E+005    1.4807000000000E+004    1.5177400000000E+005
     511    7.4850000000000E+003    9.8401840000000E+006    1.5096000000000E+004    1.2227600000000E+005    1.4956000000000E+004    1.5232800000000E+005
     512    7.2500000000000E+003    9.8383880000000E+006    1.6042000000000E+004    1.2323600000000E+005    1.5081000000000E+004    1.5435900000000E+005
     513    6.0840000000000E+003    9.8377740000000E+006    1.6816000000000E+004    1.2407300000000E+005    1.5250000000000E+004    1.5613900000000E+005
     514    4.8820000000000E+003    9.8371810000000E+006    1.7558000000000E+004    1.2507900000000E+005    1.5297000000000E+004    1.5793400000000E+005
     515    5.3910000000000E+003    9.8347930000000E+006    1.8236000000000E+004    1.2622600000000E+005    1.5351000000000E+004    1.5981300000000E+005
     516    5.8120000000000E+003    9.8325760000000E+006    1.8833000000000E+004    1.2720800000000E+005    1.5568000000000E+004    1.6160900000000E+005
     517    5.1980000000000E+003    9.8325760000000E+006    1.8940000000000E+004    1.2754000000000E+005    1.5743000000000E+004    1.6222300000000E+005
     518    4.6050000000000E+003    9.8325760000000E+006    1.9121000000000E+004    1.2780800000000E+005    1.5887000000000E+004    1.6281600000000E+005
     519    2.2170000000000E+003    9.8325760000000E+006    1.9981000000000E+004    1.2912800000000E+005    1.6095000000000E+004    1.6520400000000E+005
     520    0.0000000000000E+000    9.8325760000000E+006    2.0603000000000E+004    1.3053000000000E+005    1.6288000000000E+004    1.6742100000000E+005
     521    0.0000000000000E+000    9.8325760000000E+006    1.9158000000000E+004    1.3190600000000E+005    1.6357000000000E+004    1.6742100000000E+005
     522    0.0000000000000E+000    9.8325760000000E+006    1.7815000000000E+004    1.3317900000000E+005    1.6427000000000E+004    1.6742100000000E+005
     523    0.0000000000000E+000    9.8325760000000E+006    1.6213000000000E+004    1.3454300000000E+005    1.6665000000000E+004    1.6742100000000E+005
     524    0.0000000000000E+000    9.8325760000000E+006    1.5651000000000E+004    1.3487000000000E+005    1.6900000000000E+004    1.6742100000000E+005
     525    0.0000000000000E+000    9.8325760000000E+006    1.5097000000000E+004    1.3542400000000E+005    1.6900000000000E+004    1.6742100000000E+005
     526    0.0000000000000E+000    9.8325760000000E+006    1.3066000000000E+004    1.3745500000000E+005    1.6900000000000E+004    1.6742100000000E+005
     527    0.0000000000000E+000    9.8325760000000E+006    1.1286000000000E+004    1.3923500000000E+005    1.6900000000000E+004    1.6742100000000E+005
     528    0.0000000000000E+000    9.8325760000000E+006    9.4910000000000E+003    1.4103000000000E+005    1.6900000000000E+004    1.6742100000000E+005
     529    0.0000000000000E+000    9.8325760000000E+006    7.6120000000000E+003    1.4290900000000E+005    1.6900000000000E+004    1.6742100000000E+005
     530    0.0000000000000E+000    9.8325760000000E+006    5.8160000000000E+003    1.4470500000000E+005    1.6900000000000E+004    1.6742100000000E+005
     531    0.0000000000000E+000    9.8325760000000E+006    5.2020000000000E+003    1.4531900000000E+005    1.6900000000000E+004    1.6742100000000E+005
     532    0.0000000000000E+000    9.8325760000000E+006    4.6090000000000E+003    1.4591200000000E+005    1.6900000000000E+004    1.6742100000000E+005
     533    0.0000000000000E+000    9.8325760000000E+006    2.2210000000000E+003    1.4830000000000E+005    1.6900000000000E+004    1.6742100000000E+005
     534    0.0000000000000E+000    9.8325760000000E+006    4.0000000000000E+000    1.5051700000000E+005    1.6900000000000E+004    1.6742100000000E+005
     535    0.0000000000000E+000    9.8325760000000E+006    4.0000000000000E+000    1.5051700000000E+005    1.6900000000000E+004    1.6742100000000E+005
     536    0.0000000000000E+000    9.8325760000000E+006    4.0000000000000E+000    1.5051700000000E+005    1.6900000000000E+004    1.6742100000000E+005
     537    0.0000000000000E+000    9.8325760000000E+006    4.0000000000000E+000    1.5051700000000E+005    1.6900000000000E+004    1.6742100000000E+005
     538    0.0000000000000E+000    9.8325760000000E+006    4.0000000000000E+000    1.5051700000000E+005    1.6900000000000E+004    1.6742100000000E+005
     539    0.0000000000000E+000    9.8325760000000E+006    4.0000000000000E+000    1.5051700000000E+005    1.6900000000000E+004    1.6742100000000E+005
     540    0.0000000000000E+000    9.8325760000000E+006    4.0000000000000E+000    1.5051700000000E+005    1.6900000000000E+004    1.6742100000000E+005
