         1         0         0         0         3         0         0
         2        24         0         0         3         0         0
         3         0         0         0         3         0         0
         4         2         4         0         3         0         0
         5         2         0         0         7         0         0
         6         7        24         0         7         0         5
         7         6         0         0        31         0         0
         8        13         2         0        31         0         0
         9         2         2         0        33         0         0
        10         1         7         0        35         5         0
        11         5         6         0        42         0         1
        12         8        13         0        48         0         3
        13         0         2         0        61         0         1
        14         0         1         0        63         0         0
        15         6         5         0        64         1         1
        16         0         8         0        69         3         0
        17         6         0         0        77         1         0
        18         2         0         3        77         0         0
        19         0         6         0        74         1         1
        20         0         0        24        80         0         0
        21         6         6         0        56         0         0
        22         1         2         2        62         0         0
        23         4         0         2        62         1         0
        24         0         0         7        60         0         0
        25         8         6         6        53         0         0
        26         3         1        13        53         0         0
        27         8         4         2        41         0         0
        28         0         0         1        43         0         0
        29        28         8         5        42         0         2
        30         7         3         8        45         0         0
        31        15         8         0        40         0         1
        32        17         0         0        48         0         0
        33        12        28         6        48         2         3
        34         9         7         0        70         0         1
        35        16        15         6        77         1         1
        36         7        17         2        86         0         2
        37         4        12         0       101         3         3
        38         2         9         0       113         1         1
        39         5        16         6       122         1         0
        40        26         7         1       132         2         1
        41        17         4         4       138         3         2
        42         7         2         0       138         1         0
        43         3         5         8       140         0         0
        44         4        26         3       137         1         3
        45         8        17         8       160         2         3
        46        21         7         0       169         0         3
        47        21         3        28       176         0         0
        48        27         4         7       151         3         0
        49        33         8        15       148         3         2
        50        28        21        17       141         3         1
        51        21        21        12       145         0         1
        52         5        27         9       154         0         6
        53        42        33        16       172         2         6
        54        69        28         7       189         1         3
        55        34        21         4       210         1         3
        56        14         5         2       227         6         0
        57        30        42         5       230         6         3
        58        30        69        26       267         3        12
        59        26        34        17       310         3         5
        60        51        14         7       327         0         2
        61        36        30         3       334         3         3
        62        61        30         4       361        12         3
        63        32        26         8       387         5         2
        64        84        51        21       405         2         7
        65        28        36        21       435         3         3
        66        17        61        27       450         3        10
        67        47        32        33       484         2         4
        68        46        84        28       483         7        10
        69        71        28        21       539         3         4
        70        40        17         5       546        10         2
        71        48        47        42       558         4         7
        72        41        46        69       563        10         1
        73        35        71        34       540         4         6
        74        79        40        14       577         2         0
        75       108        48        30       603         7         3
        76        78        41        30       621         1         5
        77        79        35        26       632         6         4
        78        68        79        51       641         0         3
        79        51       108        36       669         3        10
        80        18        78        61       741         5         6
        81        75        79        32       758         4         6
        82       113        68        84       805         3         7
        83        76        51        28       789        10         4
        84       150        18        17       812         6         4
        85       156        75        47       813         6         9
        86        74       113        46       841         7        16
        87        46        76        71       908         4         4
        88       218       150        40       913         4        14
        89       164       156        48      1023         9        11
        90       254        74        41      1131        16         9
        91       229        46        35      1164         4         3
        92       244       218        79      1175        14        23
        93       207       164       108      1314        11        20
        94       117       254        78      1370         9        23
        95       302       229        79      1546         3        29
        96       226       244        68      1696        23        29
        97       194       207        51      1872        20        23
        98       249       117        18      2028        23        17
        99       235       302        75      2127        29        29
       100       161       226       113      2354        29        16
       101       118       194        76      2467        23        21
       102       315       249       150      2585        17        23
       103       325       235       156      2684        29        21
       104       370       161        74      2763        16        22
       105       282       118        46      2850        21        13
       106       337       315       218      2922        23        41
       107       225       325       164      3019        21        36
       108       179       370       254      3180        22        46
       109       408       282       229      3296        13        31
       110       366       337       244      3349        41        40
       111       474       225       207      3442        36        19
       112       403       179       117      3460        46        14
       113       368       408       302      3522        31        49
       114       235       366       226      3628        40        38
       115       204       474       194      3768        19        42
       116       573       403       249      4048        14        36
       117       486       368       235      4202        49        40
       118       473       235       161      4335        38        28
       119       537       204       118      4409        42        20
       120       498       573       315      4495        36        55
       121       328       486       325      4753        40        53
       122       248       473       370      4914        28        55
       123       587       537       282      5017        20        51
       124       579       498       337      5272        55        52
       125       679       328       225      5433        53        26
       126       593       248       179      5536        55        29
       127       529       587       408      5605        51        59
       128       267       579       366      5784        52        54
       129       206       679       474      5997        26        75
       130       629       593       403      6202        29        53
       131       566       529       368      6392        59        61
       132       549       267       235      6553        54        25
       133       664       206       204      6585        75        21
       134       573       629       573      6587        53        61
       135       296       566       486      6643        61        55
       136       161       549       473      6723        25        43
       137       237       664       537      6799        21        56
       138       395       573       498      6926        61        64
       139       303       296       328      7001        55        31
       140       401       161       248      6969        43        16
       141       356       237       587      6882        56        30
       142       136       395       579      6532        64        40
       143        86       303       679      6348        31        23
       144       388       401       593      5972        16        43
       145       436       356       529      5780        30        38
       146       434       136       267      5607        40        11
       147       365        86       206      5476        23        10
       148       412       388       629      5356        43        29
       149       236       436       566      5115        38        30
       150       195       434       549      4985        11        39
       151       407       365       664      4870        10        37
       152       413       412       573      4571        29        42
       153       437       236       296      4410        30        24
       154       412       195       161      4350        39        18
       155       364       407       237      4384        37        36
       156       209       413       395      4554        42        45
       157       177       437       303      4572        24        45
       158       471       412       401      4706        18        43
       159       458       364       356      4717        36        44
       160       445       209       136      4725        45        20
       161       425       177        86      4798        45        14
       162       345       471       388      4889        43        45
       163       237       458       436      4972        44        42
       164       147       445       434      4994        20        43
       165       441       425       365      5005        14        40
       166       621       345       412      5065        45        46
       167       579       237       236      4998        42        22
       168       588       147       195      4999        43        19
       169       534       441       407      4951        40        44
       170       247       621       413      4985        46        74
       171       181       579       437      5193        22        66
       172       443       588       412      5335        19        43
       173       516       534       364      5511        44        46
       174       464       247       209      5681        74        29
       175       505       181       177      5719        66        17
       176       447       443       471      5723        43        45
       177       199       516       458      5695        46        56
       178       147       464       445      5753        29        55
       179       424       505       425      5772        17        45
       180       571       447       345      5852        45        59
       181       443       199       237      5954        56        15
       182       356       147       147      5916        55        20
       183       366       424       441      5916        45        51
       184       216       571       621      5899        59        54
       185       122       443       579      5849        15        35
       186       541       356       588      5713        20        49
       187       328       366       534      5481        51        26
       188       250       216       247      5313        54        15
       189       575       122       181      5282        35        14
       190       419       541       443      5223        49        44
       191       229       328       516      5321        26        37
       192       153       250       464      5133        15        28
       193       533       575       505      4919        14        61
       194       576       419       447      4989        44        43
       195       474       229       199      4961        37        26
       196       478       153       147      4991        28        13
       197       430       533       424      4997        61        44
       198       199       576       571      5106        43        66
       199       142       474       443      5111        26        41
       200       591       478       356      5142        13        46
       201       475       430       366      5264        44        37
       202       396       199       216      5328        66        20
       203       406       142       122      5311        41        16
       204       343       591       541      5331        46        55
       205       225       475       328      5381        37        57
       206       151       396       250      5528        20        32
       207       581       406       575      5674        16        46
       208       524       343       419      5505        55        34
       209       545       225       229      5429        57        23
       210       506       151       153      5425        32        15
       211       498       581       533      5423        46        55
       212       317       524       576      5471        34        49
       213       192       545       474      5419        23        53
       214       695       506       478      5490        15        51
       215       596       498       430      5518        55        46
       216       509       317       199      5586        49        33
       217       565       192       142      5704        53        19
       218       508       695       591      5754        51        59
       219       284       596       475      5858        46        58
       220       206       509       396      5979        33        46
       221       581       565       406      6092        19        45
       222       511       508       343      6251        59        60
       223       550       284       225      6416        58        24
       224       426       206       151      6475        46        18
       225       489       581       581      6530        45        66
       226       289       511       524      6530        60        43
       227       196       550       545      6517        24        60
       228       507       426       506      6522        18        44
       229       457       489       498      6442        66        47
       230       415       289       317      6433        43        34
       231       446       196       192      6405        60        27
       232       441       507       695      6409        44        52
       233       240       457       596      6221        47        42
       234       154       415       509      6082        34        26
       235       543       446       565      5988        27        41
       236       551       441       508      5869        52        53
       237       541       240       284      5802        42        32
       238       606       154       206      5758        26        19
       239       787       543       581      5706        41        57
       240       444       551       511      5668        53        58
       241       282       541       550      5708        32        54
       242       706       606       426      5699        19        72
       243       662       787       489      5879        57        75
       244       611       444       289      6177        58        50
       245       628       282       196      6332        54        34
       246       717       706       507      6418        72        61
       247       379       662       457      6617        75        76
       248       307       611       415      6822        50        44
       249       263       628       446      7018        34        74
       250       581       717       441      7200        61        63
       251       504       379       240      7476        76        24
       252       609       307       154      7615        44        37
       253       593       263       543      7768        74        28
       254       281       581       551      7488        63        69
       255       178       504       541      7518        24        46
       256       554       609       606      7481        37        66
       257       504       593       787      7484        28        52
       258       538       281       444      7290        69        26
       259       508       178       282      7127        46        17
       260       480       554       706      7023        66        57
       261       288       504       662      6871        52        37
       262       139       538       611      6713        26        55
       263       536       508       628      6640        17        45
       264       483       480       717      6520        57        54
       265       440       288       379      6283        37        25
       266       416       139       307      6192        55        11
       267       379       536       263      6024        45        49
       268       237       483       581      6297        54        43
       269       130       440       504      6199        25        45
       270       470       416       609      6135        11        41
       271       610       379       593      5942        49        47
       272       587       237       281      5728        43        21
       273       567       130       178      5684        45        14
       274       584       470       554      5636        41        61
       275       360       610       504      5552        47        63
       276       261       587       538      5658        21        58
       277       761       567       508      5707        14        63
       278       682       584       480      5766        61        67
       279       620       360       288      5870        63        38
       280       534       261       139      5942        58        30
       281       468       761       536      6064        63        81
       282       254       682       483      6289        67        71
       283       218       620       440      6488        38        59
       284       639       534       416      6668        30        47
       285       690       468       379      6786        81        48
       286       549       254       237      6875        71        16
       287       468       218       130      6892        59        23
       288       203       639       470      6980        47        66
       289       349       690       610      7149        48        77
       290       288       549       587      7229        16        47
       291       771       468       567      7191        23        50
       292       795       203       584      7092        66        16
       293       723       349       360      6711        77        31
       294       713       288       261      6700        47        23
       295       148       771       761      6727        50        76
       296       529       795       682      6737        16        79
       297       358       723       620      6850        31        67
       298      1033       713       534      6953        23        74
       299      1091       148       468      7132        76        13
       300       900       529       254      6812        79        54
       301      1056       358       218      7087        67        37
       302      1038      1033       639      7227        74       107
       303       480      1091       690      7621        13       121
       304       326       900       549      8022        54        83
       305       910      1056       468      8373        37       110
       306       977      1038       203      8961       107       108
       307       825       480       349      9796       121        58
       308       816       326       288      9927        83        33
       309       973       910       771      9965       110       109
       310       446       977       795     10104       108       102
       311       340       825       723     10286        58        85
       312       974       816       713     10388        33        71
       313      1069       973       148     10491       109       111
       314       946       446       529     11316       102        48
       315       917       340       358     11233        85        31
       316       877       974      1033     11215        71       104
       317       415      1069      1091     11156       111       105
       318       264       946       900     11134        48       107
       319       918       917      1056     11180        31        92
       320       900       877      1038     11041       104        83
       321       775       415       480     10880       105        45
       322       711       264       326     10815       107        22
       323       571       918       910     10753        92        80
       324       332       900       977     10761        83        85
       325       164       775       825     10684        45        72
       326       204       711       816     10634        22        81
       327       534       571       973     10529        80        52
       328       551       332       446     10127        85        31
       329       457       164       340     10013        72        15
       330       400       204       974      9837        81        12
       331       185       534      1069      9067        52        48
       332        97       551       946      8532        31        47
       333       492       457       917      8137        15        49
       334       417       400       877      7677        12        46
       335       389       185       415      7200        48        19
       336       263        97       264      6970        47        15
       337       271       492       918      6803        49        45
       338        99       417       900      6377        46        46
       339        47       389       775      5894        19        34
       340       218       263       711      5508        15        23
       341       206       271       571      5060        45        26
       342       209        99       332      4760        46        10
       343       196        47       164      4527        34         4
       344       234       218       204      4410        23        21
       345       102       206       534      4424        26        18
       346        86       209       551      4096        10        16
       347       262       196       457      3754         4        14
       348       247       234       400      3493        21        26
       349       216       102       185      3327        18         9
       350       223        86        97      3244        16         6
       351       195       262       492      3233        14        27
       352       102       247       417      3003        26        27
       353        63       216       389      2833         9        17
       354       230       223       263      2660         6        23
       355       195       195       271      2620        27        21
       356       189       102        99      2544        27         7
       357       155        63        47      2547        17         6
       358       173       230       218      2563        23        25
       359        83       195       206      2575        21        15
       360        61       189       209      2564         7        14
       361       154       155       196      2544         6        19
       362       155       173       234      2503        25        17
       363       146        83       102      2442        15         7
       364       170        61        86      2423        14         4
       365       129       154       262      2398        19        16
       366        56       155       247      2290        17        19
       367        44       146       216      2198         7        13
       368        63       170       223      2128         4        16
       369       172       129       195      2075        16         8
       370       127        56       102      2009        19         2
       371        99        44        63      1963        13         6
       372        95        63       230      1944        16         1
       373        48       172       195      1777         8        21
       374        28       127       189      1754         2        11
       375        93        99       155      1692         6        10
       376       101        95       173      1636         1         8
       377        80        48        83      1558        21         5
       378        69        28        61      1523        11         3
       379       105        93       154      1490        10        11
       380        36       101       155      1429         8         6
       381        29        80       146      1375         5        11
       382       144        69       170      1309         3         5
       383       110       105       129      1208        11        10
       384        89        36        56      1184         6         4
       385        53        29        44      1164        11         1
       386        43       144        63      1149         5        13
       387        47       110       172      1230        10        17
       388        23        89       127      1168         4         6
       389       140        53        99      1130         1         7
       390       103        43        95      1084        13         4
       391        84        47        48      1032        17         6
       392       115        23        28      1031         6         2
       393        76       140        93      1026         7        12
       394        41       103       101      1073         4        13
       395        29        84        80      1075         6        14
       396       105       115        69      1079         2        14
       397       116        76       105      1125        12         9
       398        87        41        36      1096        13         4
       399        97        29        29      1101        14         2
       400        95       105       144      1101        14         8
       401        40       116       110      1062         9        11
       402        18        87        89      1068         4         9
       403        83        97        53      1066         2        10
       404        81        95        43      1110         8        10
       405        64        40        47      1162        11         5
       406        66        18        23      1155         9         0
       407        96        83       140      1150        10        13
       408        52        81       103      1093        10         7
       409        24        64        84      1071         5         7
       410       115        66       115      1051         0         4
       411        87        96        76      1002        13         9
       412        78        52        41      1022         7         8
       413        80        24        29      1033         7         2
       414        78       115       105      1028         4        11
       415        21        87       116      1038         9         8
       416        31        78        87      1009         8         7
       417       109        80        97      1000         2         7
       418        88        78        95       983        11         7
       419       112        21        40       966         8         2
       420        85        31        18       947         7         2
       421       107       109        83       960         7        12
       422        51        88        81       986         7         6
       423        23       112        64       993         2        18
       424        63        85        66      1041         2        12
       425       126       107        96      1060        12         8
       426       104        51        52      1071         6         4
       427        85        23        24      1070        18         1
       428       116        63       115      1069        12         3
       429        48       126        87      1017         8        18
       430        41       104        78      1056         4        12
       431       152        85        80      1082         1         8
       432        86       116        78      1087         3        12
       433        86        48        21      1125        18         5
       434       108        41        31      1152        12         4
       435       152       152       109      1162         8        15
       436        27        86        88      1205        12        14
       437        23        86       112      1203         5         9
       438       160       108        85      1177         4        12
       439       161       152       107      1200        15        18
       440        92        27        51      1245        14         2
       441       141        23        23      1221         9         1
       442       123       160        63      1221        12         9
       443        57       161       126      1318        18        12
       444        31        92       104      1353         2        10
       445       138       141        85      1341         1        11
       446       110       123       116      1397         9        15
       447       110        57        48      1404        12         6
       448       124        31        41      1413        10         3
       449       157       138       152      1403        11        14
       450        71       110        86      1389        15        11
       451        45       110        86      1413         6         8
       452       186       124       108      1437         3        23
       453       148       157       152      1453        14        18
       454       136        71        27      1458        11         8
       455       158        45        23      1502         8         5
       456       153       186       160      1524        23        13
       457        46       148       161      1550        18        19
       458        37       136        92      1537         8        15
       459       156       158       141      1581         5        23
       460       145       153       123      1598        13        18
       461       154        46        57      1628        19         7
       462       138        37        31      1617        15         2
       463       152       156       138      1623        23        11
       464        97       145       110      1641        18        11
       465        53       154       110      1676         7        15
       466       241       138       124      1720         2        10
       467       122       152       157      1734        11        15
       468       246        97        71      1729        11        12
       469       213        53        45      1755        15        10
       470       167       241       186      1763        10        21
       471        98       122       148      1818        15         5
       472        65       246       136      1792        12        19
       473       301       213       158      1902        10        22
       474       277       167       153      1957        21        12
       475       274        98        46      1971         5        14
       476       327        65        37      2023        19         7
       477       298       301       156      2051        22        26
       478       166       277       145      2196        12        31
       479        80       274       154      2328        14        28
       480       410       327       138      2448         7        37
       481       409       298       152      2637        26        35
       482       440       166        97      2783        31        17
       483       437        80        53      2852        28         7
       484       528       410       241      2879        37        42
       485       227       409       122      3048        35        41
       486       132       440       246      3335        17        52
       487       744       437       213      3529         7        41
       488       697       528       167      3753        42        47
       489       857       227        98      4114        41        16
       490       860       132        65      4243        52        21
       491       793       744       301      4310        41        86
       492       344       697       277      4753        47        65
       493       277       857       274      5173        16        84
       494      1085       860       327      5756        21       100
       495      1006       793       298      6289        86        72
       496      1053       344       166      6784        65        33
       497      1201       277        80      6962        84        29
       498      1199      1085       410      7159       100       121
       499       507      1006       409      7834        72       102
       500       412      1053       440      8431        33       107
       501      1528      1201       437      9044        29       116
       502      1595      1199       528      9808       121       141
       503      1445       507       227     10479       102        45
       504      1343       412       132     10759       107        53
       505      1602      1528       744     11039       116       164
       506       562      1595       697     11823       141       179
       507       554      1445       857     12721        45       149
       508      2031      1343       860     13309        53       125
       509      1780      1602       793     13792       164       169
       510      1795       562       344     14601       179        47
       511      1879       554       277     14819       149        54
       512      1796      2031      1085     15096       125       217
       513       614      1780      1006     16042       169       175
       514       593      1795      1053     16816        47       144
       515      2388      1879      1201     17558        54       208
       516      2217      1796      1199     18236       217       193
       517         0       614       507     18833       175        69
       518         0       593       412     18940       144        70
       519         0      2388      1528     19121       208       238
       520         0      2217      1595     19981       193       235
       521         0         0      1445     20603        69         0
       522         0         0      1343     19158        70         0
       523         0         0      1602     17815       238         0
       524         0         0       562     16213       235         0
       525         0         0       554     15651         0         0
       526         0         0      2031     15097         0         0
       527         0         0      1780     13066         0         0
       528         0         0      1795     11286         0         0
       529         0         0      1879      9491         0         0
       530         0         0      1796      7612         0         0
       531         0         0       614      5816         0         0
       532         0         0       593      5202         0         0
       533         0         0      2388      4609         0         0
       534         0         0      2217      2221         0         0
       535         0         0         0         4         0         0
       536         0         0         0         4         0         0
       537         0         0         0         4         0         0
       538         0         0         0         4         0         0
       539         0         0         0         4         0         0
       540         0         0         0         4         0         0
