       0    0.0000000000000E+000    9.9999900000000E+006    3.0000000000000E+000    0.0000000000000E+000    0.0000000000000E+000    3.0000000000000E+000
       1    4.0000000000000E+000    9.9999900000000E+006    3.0000000000000E+000    0.0000000000000E+000    0.0000000000000E+000    3.0000000000000E+000
       2    2.6000000000000E+001    9.9999680000000E+006    3.0000000000000E+000    0.0000000000000E+000    0.0000000000000E+000    3.0000000000000E+000
       3    2.6000000000000E+001    9.9999680000000E+006    3.0000000000000E+000    0.0000000000000E+000    0.0000000000000E+000    3.0000000000000E+000
       4    2.6000000000000E+001    9.9999640000000E+006    7.0000000000000E+000    0.0000000000000E+000    0.0000000000000E+000    7.0000000000000E+000
       5    3.4000000000000E+001    9.9999560000000E+006    7.0000000000000E+000    0.0000000000000E+000    0.0000000000000E+000    7.0000000000000E+000
       6    1.8000000000000E+001    9.9999500000000E+006    2.9000000000000E+001    0.0000000000000E+000    0.0000000000000E+000    2.9000000000000E+001
       7    2.0000000000000E+001    9.9999480000000E+006    2.9000000000000E+001    0.0000000000000E+000    0.0000000000000E+000    2.9000000000000E+001
       8    2.6000000000000E+001    9.9999380000000E+006    3.3000000000000E+001    0.0000000000000E+000    0.0000000000000E+000    3.3000000000000E+001
       9    2.3000000000000E+001    9.9999330000000E+006    4.1000000000000E+001    0.0000000000000E+000    0.0000000000000E+000    4.1000000000000E+001
      10    2.1000000000000E+001    9.9999290000000E+006    4.7000000000000E+001    0.0000000000000E+000    0.0000000000000E+000    4.7000000000000E+001
      11    2.5000000000000E+001    9.9999230000000E+006    4.9000000000000E+001    0.0000000000000E+000    0.0000000000000E+000    4.9000000000000E+001
      12    2.0000000000000E+001    9.9999180000000E+006    5.9000000000000E+001    0.0000000000000E+000    0.0000000000000E+000    5.9000000000000E+001
      13    2.0000000000000E+001    9.9999130000000E+006    6.4000000000000E+001   -1.0000000000000E+000    1.0000000000000E+000    6.4000000000000E+001
      14    1.6000000000000E+001    9.9999130000000E+006    6.8000000000000E+001   -2.0000000000000E+000    2.0000000000000E+000    6.8000000000000E+001
      15    1.6000000000000E+001    9.9999070000000E+006    7.4000000000000E+001   -2.0000000000000E+000    2.0000000000000E+000    7.4000000000000E+001
      16    1.2000000000000E+001    9.9999060000000E+006    7.9000000000000E+001   -4.0000000000000E+000    4.0000000000000E+000    7.9000000000000E+001
      17    1.0000000000000E+001    9.9999030000000E+006    8.4000000000000E+001   -6.0000000000000E+000    6.0000000000000E+000    8.4000000000000E+001
      18    1.7000000000000E+001    9.9998960000000E+006    8.1000000000000E+001   -3.0000000000000E+000    6.0000000000000E+000    8.4000000000000E+001
      19    1.1000000000000E+001    9.9998960000000E+006    8.7000000000000E+001   -5.0000000000000E+000    8.0000000000000E+000    9.0000000000000E+001
      20    1.0000000000000E+001    9.9998960000000E+006    6.6000000000000E+001    1.6000000000000E+001    9.0000000000000E+000    9.1000000000000E+001
      21    1.3000000000000E+001    9.9998900000000E+006    6.9000000000000E+001    1.6000000000000E+001    9.0000000000000E+000    9.4000000000000E+001
      22    1.0000000000000E+001    9.9998860000000E+006    7.2000000000000E+001    2.0000000000000E+001    9.0000000000000E+000    1.0100000000000E+002
      23    1.2000000000000E+001    9.9998840000000E+006    6.4000000000000E+001    2.7000000000000E+001    1.0000000000000E+001    1.0100000000000E+002
      24    1.3000000000000E+001    9.9998830000000E+006    5.8000000000000E+001    3.3000000000000E+001    1.0000000000000E+001    1.0100000000000E+002
      25    1.7000000000000E+001    9.9998730000000E+006    6.2000000000000E+001    3.5000000000000E+001    1.0000000000000E+001    1.0700000000000E+002
      26    2.4000000000000E+001    9.9998620000000E+006    5.6000000000000E+001    4.5000000000000E+001    1.0000000000000E+001    1.1100000000000E+002
      27    2.9000000000000E+001    9.9998550000000E+006    5.3000000000000E+001    5.0000000000000E+001    1.0000000000000E+001    1.1300000000000E+002
      28    3.3000000000000E+001    9.9998500000000E+006    5.0000000000000E+001    5.4000000000000E+001    1.0000000000000E+001    1.1400000000000E+002
      29    5.0000000000000E+001    9.9998230000000E+006    5.4000000000000E+001    6.0000000000000E+001    1.0000000000000E+001    1.2400000000000E+002
      30    5.0000000000000E+001    9.9998120000000E+006    6.0000000000000E+001    6.5000000000000E+001    1.0000000000000E+001    1.3500000000000E+002
      31    6.5000000000000E+001    9.9997900000000E+006    6.2000000000000E+001    7.0000000000000E+001    1.0000000000000E+001    1.4200000000000E+002
      32    8.5000000000000E+001    9.9997650000000E+006    6.7000000000000E+001    7.0000000000000E+001    1.0000000000000E+001    1.4700000000000E+002
      33    8.1000000000000E+001    9.9997420000000E+006    8.8000000000000E+001    7.5000000000000E+001    1.1000000000000E+001    1.7400000000000E+002
      34    7.3000000000000E+001    9.9997390000000E+006    9.8000000000000E+001    7.6000000000000E+001    1.1000000000000E+001    1.8500000000000E+002
      35    6.9000000000000E+001    9.9997210000000E+006    1.1700000000000E+002    7.8000000000000E+001    1.2000000000000E+001    2.0700000000000E+002
      36    5.6000000000000E+001    9.9997090000000E+006    1.3500000000000E+002    8.5000000000000E+001    1.2000000000000E+001    2.3200000000000E+002
      37    4.1000000000000E+001    9.9997010000000E+006    1.5800000000000E+002    8.2000000000000E+001    1.5000000000000E+001    2.5500000000000E+002
      38    3.8000000000000E+001    9.9997010000000E+006    1.6100000000000E+002    8.1000000000000E+001    1.6000000000000E+001    2.5800000000000E+002
      39    3.4000000000000E+001    9.9996870000000E+006    1.7300000000000E+002    8.6000000000000E+001    1.7000000000000E+001    2.7600000000000E+002
      40    3.8000000000000E+001    9.9996710000000E+006    1.8100000000000E+002    8.5000000000000E+001    2.2000000000000E+001    2.8800000000000E+002
      41    5.2000000000000E+001    9.9996490000000E+006    1.8700000000000E+002    8.4000000000000E+001    2.5000000000000E+001    2.9600000000000E+002
      42    6.3000000000000E+001    9.9996380000000E+006    1.8600000000000E+002    8.5000000000000E+001    2.5000000000000E+001    2.9600000000000E+002
      43    5.8000000000000E+001    9.9996290000000E+006    1.9000000000000E+002    9.2000000000000E+001    2.8000000000000E+001    3.1000000000000E+002
      44    4.4000000000000E+001    9.9996270000000E+006    1.9500000000000E+002    1.0200000000000E+002    2.9000000000000E+001    3.2600000000000E+002
      45    2.9000000000000E+001    9.9996200000000E+006    2.1000000000000E+002    1.0800000000000E+002    3.0000000000000E+001    3.4800000000000E+002
      46    4.4000000000000E+001    9.9995940000000E+006    2.1600000000000E+002    1.1300000000000E+002    3.0000000000000E+001    3.5900000000000E+002
      47    6.3000000000000E+001    9.9995660000000E+006    1.9800000000000E+002    1.4000000000000E+002    3.0000000000000E+001    3.6800000000000E+002
      48    8.7000000000000E+001    9.9995400000000E+006    1.8900000000000E+002    1.5100000000000E+002    3.0000000000000E+001    3.7000000000000E+002
      49    1.1400000000000E+002    9.9995060000000E+006    1.7400000000000E+002    1.6900000000000E+002    3.4000000000000E+001    3.7700000000000E+002
      50    1.1700000000000E+002    9.9994770000000E+006    1.7500000000000E+002    1.9300000000000E+002    3.5000000000000E+001    4.0300000000000E+002
      51    1.1400000000000E+002    9.9994520000000E+006    1.8000000000000E+002    2.1600000000000E+002    3.5000000000000E+001    4.3100000000000E+002
      52    9.9000000000000E+001    9.9994410000000E+006    2.0300000000000E+002    2.1900000000000E+002    3.5000000000000E+001    4.5700000000000E+002
      53    1.0900000000000E+002    9.9993970000000E+006    2.1900000000000E+002    2.3700000000000E+002    3.5000000000000E+001    4.9100000000000E+002
      54    1.4600000000000E+002    9.9993310000000E+006    2.3600000000000E+002    2.4800000000000E+002    3.6000000000000E+001    5.2000000000000E+002
      55    1.4900000000000E+002    9.9993030000000E+006    2.5300000000000E+002    2.5300000000000E+002    3.9000000000000E+001    5.4500000000000E+002
      56    1.6800000000000E+002    9.9992730000000E+006    2.6400000000000E+002    2.4900000000000E+002    4.3000000000000E+001    5.5600000000000E+002
      57    1.5900000000000E+002    9.9992380000000E+006    2.9400000000000E+002    2.5800000000000E+002    4.8000000000000E+001    6.0000000000000E+002
      58    1.2700000000000E+002    9.9992040000000E+006    3.4400000000000E+002    2.6900000000000E+002    5.3000000000000E+001    6.6600000000000E+002
      59    1.1700000000000E+002    9.9991860000000E+006    3.5000000000000E+002    2.8700000000000E+002    5.7000000000000E+001    6.9400000000000E+002
      60    1.3100000000000E+002    9.9991420000000E+006    3.6900000000000E+002    2.9700000000000E+002    5.8000000000000E+001    7.2400000000000E+002
      61    1.3400000000000E+002    9.9991040000000E+006    3.9500000000000E+002    3.0200000000000E+002    6.2000000000000E+001    7.5900000000000E+002
      62    1.6300000000000E+002    9.9990410000000E+006    4.2700000000000E+002    2.9800000000000E+002    6.8000000000000E+001    7.9300000000000E+002
      63    2.0100000000000E+002    9.9989850000000E+006    4.3800000000000E+002    3.0300000000000E+002    7.0000000000000E+001    8.1100000000000E+002
      64    2.3500000000000E+002    9.9989070000000E+006    4.5600000000000E+002    3.2500000000000E+002    7.4000000000000E+001    8.5500000000000E+002
      65    2.2200000000000E+002    9.9988820000000E+006    4.6600000000000E+002    3.5000000000000E+002    7.7000000000000E+001    8.9300000000000E+002
      66    1.7200000000000E+002    9.9988690000000E+006    5.0300000000000E+002    3.7400000000000E+002    7.9000000000000E+001    9.5600000000000E+002
      67    1.7400000000000E+002    9.9988110000000E+006    5.2500000000000E+002    4.0600000000000E+002    8.1000000000000E+001    1.0120000000000E+003
      68    1.3500000000000E+002    9.9987720000000E+006    5.7400000000000E+002    4.2700000000000E+002    8.9000000000000E+001    1.0900000000000E+003
      69    1.7600000000000E+002    9.9987060000000E+006    5.7400000000000E+002    4.5000000000000E+002    9.1000000000000E+001    1.1150000000000E+003
      70    2.0900000000000E+002    9.9986600000000E+006    5.7600000000000E+002    4.5500000000000E+002    9.7000000000000E+001    1.1280000000000E+003
      71    1.8700000000000E+002    9.9986240000000E+006    5.9000000000000E+002    4.9600000000000E+002    1.0000000000000E+002    1.1860000000000E+003
      72    1.9100000000000E+002    9.9985810000000E+006    5.6300000000000E+002    5.5200000000000E+002    1.1000000000000E+002    1.2250000000000E+003
      73    1.6600000000000E+002    9.9985400000000E+006    6.0100000000000E+002    5.7500000000000E+002    1.1500000000000E+002    1.2910000000000E+003
      74    2.1600000000000E+002    9.9984440000000E+006    6.1700000000000E+002    6.0500000000000E+002    1.1500000000000E+002    1.3370000000000E+003
      75    3.0800000000000E+002    9.9983160000000E+006    6.1800000000000E+002    6.3100000000000E+002    1.2400000000000E+002    1.3730000000000E+003
      76    3.3400000000000E+002    9.9982470000000E+006    6.2700000000000E+002    6.5700000000000E+002    1.3200000000000E+002    1.4160000000000E+003
      77    3.7500000000000E+002    9.9981650000000E+006    6.5000000000000E+002    6.6300000000000E+002    1.4400000000000E+002    1.4570000000000E+003
      78    3.5400000000000E+002    9.9980900000000E+006    7.0200000000000E+002    7.0400000000000E+002    1.4700000000000E+002    1.5530000000000E+003
      79    2.7100000000000E+002    9.9980450000000E+006    7.9200000000000E+002    7.3900000000000E+002    1.5000000000000E+002    1.6810000000000E+003
      80    2.2900000000000E+002    9.9980180000000E+006    7.9800000000000E+002    7.9700000000000E+002    1.5500000000000E+002    1.7500000000000E+003
      81    2.4900000000000E+002    9.9979160000000E+006    8.2400000000000E+002    8.5000000000000E+002    1.5800000000000E+002    1.8320000000000E+003
      82    2.7900000000000E+002    9.9978110000000E+006    8.2100000000000E+002    9.2000000000000E+002    1.6600000000000E+002    1.9070000000000E+003
      83    3.1600000000000E+002    9.9977290000000E+006    8.4100000000000E+002    9.3300000000000E+002    1.7800000000000E+002    1.9520000000000E+003
      84    4.5000000000000E+002    9.9975680000000E+006    8.5500000000000E+002    9.3800000000000E+002    1.8600000000000E+002    1.9790000000000E+003
      85    5.1000000000000E+002    9.9974060000000E+006    8.9900000000000E+002    9.9400000000000E+002    1.8800000000000E+002    2.0810000000000E+003
      86    5.0200000000000E+002    9.9973090000000E+006    9.6500000000000E+002    1.0240000000000E+003    1.9700000000000E+002    2.1860000000000E+003
      87    4.7100000000000E+002    9.9972580000000E+006    9.8100000000000E+002    1.0860000000000E+003    2.0100000000000E+002    2.2680000000000E+003
      88    5.2100000000000E+002    9.9970470000000E+006    1.0960000000000E+003    1.1290000000000E+003    2.0400000000000E+002    2.4290000000000E+003
      89    5.3100000000000E+002    9.9968750000000E+006    1.2220000000000E+003    1.1570000000000E+003    2.1200000000000E+002    2.5910000000000E+003
      90    7.0300000000000E+002    9.9966060000000E+006    1.2760000000000E+003    1.1900000000000E+003    2.2200000000000E+002    2.6880000000000E+003
      91    8.8600000000000E+002    9.9963720000000E+006    1.2860000000000E+003    1.2230000000000E+003    2.3000000000000E+002    2.7390000000000E+003
      92    9.6700000000000E+002    9.9960800000000E+006    1.4010000000000E+003    1.3000000000000E+003    2.4900000000000E+002    2.9500000000000E+003
      93    1.0260000000000E+003    9.9958490000000E+006    1.4450000000000E+003    1.4100000000000E+003    2.6700000000000E+002    3.1220000000000E+003
      94    8.4900000000000E+002    9.9957570000000E+006    1.6450000000000E+003    1.4660000000000E+003    2.8000000000000E+002    3.3910000000000E+003
      95    9.6300000000000E+002    9.9954090000000E+006    1.7970000000000E+003    1.5440000000000E+003    2.8400000000000E+002    3.6250000000000E+003
      96    9.0100000000000E+002    9.9951790000000E+006    2.0140000000000E+003    1.5950000000000E+003    3.0800000000000E+002    3.9170000000000E+003
      97    8.7500000000000E+002    9.9949740000000E+006    2.2000000000000E+003    1.6290000000000E+003    3.1900000000000E+002    4.1480000000000E+003
      98    1.0080000000000E+003    9.9947490000000E+006    2.2650000000000E+003    1.6350000000000E+003    3.4000000000000E+002    4.2400000000000E+003
      99    9.1000000000000E+002    9.9944990000000E+006    2.5110000000000E+003    1.7210000000000E+003    3.5600000000000E+002    4.5880000000000E+003
     100    8.5800000000000E+002    9.9943210000000E+006    2.6360000000000E+003    1.7950000000000E+003    3.8700000000000E+002    4.8180000000000E+003
     101    7.6500000000000E+002    9.9942090000000E+006    2.7590000000000E+003    1.8510000000000E+003    4.1300000000000E+002    5.0230000000000E+003
     102    9.2000000000000E+002    9.9938290000000E+006    2.8230000000000E+003    2.0050000000000E+003    4.2000000000000E+002    5.2480000000000E+003
     103    1.0600000000000E+003    9.9934390000000E+006    2.9110000000000E+003    2.1420000000000E+003    4.4500000000000E+002    5.4980000000000E+003
     104    1.2020000000000E+003    9.9931190000000E+006    2.9920000000000E+003    2.2190000000000E+003    4.6500000000000E+002    5.6760000000000E+003
     105    1.4270000000000E+003    9.9927820000000E+006    3.0530000000000E+003    2.2500000000000E+003    4.8500000000000E+002    5.7880000000000E+003
     106    1.4420000000000E+003    9.9923870000000E+006    3.2220000000000E+003    2.4450000000000E+003    5.0100000000000E+002    6.1680000000000E+003
     107    1.3010000000000E+003    9.9921380000000E+006    3.4400000000000E+003    2.5940000000000E+003    5.2400000000000E+002    6.5580000000000E+003
     108    1.1590000000000E+003    9.9919600000000E+006    3.4910000000000E+003    2.8410000000000E+003    5.4600000000000E+002    6.8780000000000E+003
     109    1.2480000000000E+003    9.9915340000000E+006    3.5940000000000E+003    3.0650000000000E+003    5.5600000000000E+002    7.2150000000000E+003
     110    1.2650000000000E+003    9.9911220000000E+006    3.6970000000000E+003    3.3220000000000E+003    5.9100000000000E+002    7.6100000000000E+003
     111    1.5120000000000E+003    9.9906260000000E+006    3.7150000000000E+003    3.5140000000000E+003    6.3000000000000E+002    7.8590000000000E+003
     112    1.7170000000000E+003    9.9902430000000E+006    3.8010000000000E+003    3.5700000000000E+003    6.6600000000000E+002    8.0370000000000E+003
     113    1.6820000000000E+003    9.9898520000000E+006    3.8790000000000E+003    3.8820000000000E+003    7.0200000000000E+002    8.4630000000000E+003
     114    1.5390000000000E+003    9.9895830000000E+006    4.0610000000000E+003    4.0710000000000E+003    7.4300000000000E+002    8.8750000000000E+003
     115    1.2660000000000E+003    9.9893600000000E+006    4.3520000000000E+003    4.2450000000000E+003    7.7400000000000E+002    9.3710000000000E+003
     116    1.4920000000000E+003    9.9887510000000E+006    4.5100000000000E+003    4.4520000000000E+003    7.9200000000000E+002    9.7540000000000E+003
     117    1.6300000000000E+003    9.9882220000000E+006    4.6510000000000E+003    4.6560000000000E+003    8.3800000000000E+002    1.0145000000000E+004
     118    1.8970000000000E+003    9.9876860000000E+006    4.7420000000000E+003    4.7900000000000E+003    8.8200000000000E+002    1.0414000000000E+004
     119    2.2390000000000E+003    9.9871210000000E+006    4.8530000000000E+003    4.8480000000000E+003    9.3600000000000E+002    1.0637000000000E+004
     120    2.1550000000000E+003    9.9865960000000E+006    5.0820000000000E+003    5.1760000000000E+003    9.8800000000000E+002    1.1246000000000E+004
     121    1.9740000000000E+003    9.9862480000000E+006    5.2210000000000E+003    5.5240000000000E+003    1.0300000000000E+003    1.1775000000000E+004
     122    1.7090000000000E+003    9.9859770000000E+006    5.4370000000000E+003    5.8170000000000E+003    1.0570000000000E+003    1.2311000000000E+004
     123    1.7780000000000E+003    9.9853430000000E+006    5.6650000000000E+003    6.1380000000000E+003    1.0730000000000E+003    1.2876000000000E+004
     124    1.8950000000000E+003    9.9847010000000E+006    5.7950000000000E+003    6.4660000000000E+003    1.1400000000000E+003    1.3401000000000E+004
     125    2.2050000000000E+003    9.9840430000000E+006    5.8940000000000E+003    6.6570000000000E+003    1.1980000000000E+003    1.3749000000000E+004
     126    2.5430000000000E+003    9.9834340000000E+006    5.9870000000000E+003    6.7880000000000E+003    1.2450000000000E+003    1.4020000000000E+004
     127    2.4990000000000E+003    9.9828440000000E+006    6.1950000000000E+003    7.1570000000000E+003    1.3020000000000E+003    1.4654000000000E+004
     128    2.1210000000000E+003    9.9825800000000E+006    6.4250000000000E+003    7.5240000000000E+003    1.3470000000000E+003    1.5296000000000E+004
     129    1.6790000000000E+003    9.9823640000000E+006    6.5870000000000E+003    7.9830000000000E+003    1.3840000000000E+003    1.5954000000000E+004
     130    1.6740000000000E+003    9.9817600000000E+006    6.8130000000000E+003    8.3400000000000E+003    1.4100000000000E+003    1.6563000000000E+004
     131    1.7500000000000E+003    9.9810940000000E+006    7.0120000000000E+003    8.6810000000000E+003    1.4600000000000E+003    1.7153000000000E+004
     132    2.0380000000000E+003    9.9805420000000E+006    7.0070000000000E+003    8.8930000000000E+003    1.5170000000000E+003    1.7417000000000E+004
     133    2.4850000000000E+003    9.9798790000000E+006    7.0000000000000E+003    9.0450000000000E+003    1.5880000000000E+003    1.7633000000000E+004
     134    2.4760000000000E+003    9.9792840000000E+006    6.9950000000000E+003    9.5930000000000E+003    1.6490000000000E+003    1.8237000000000E+004
     135    2.1090000000000E+003    9.9789850000000E+006    7.1320000000000E+003    1.0061000000000E+004    1.7100000000000E+003    1.8903000000000E+004
     136    1.6970000000000E+003    9.9788450000000E+006    7.1480000000000E+003    1.0576000000000E+004    1.7310000000000E+003    1.9455000000000E+004
     137    1.2820000000000E+003    9.9785970000000E+006    7.2460000000000E+003    1.1121000000000E+004    1.7510000000000E+003    2.0118000000000E+004
     138    1.1170000000000E+003    9.9781670000000E+006    7.3160000000000E+003    1.1586000000000E+004    1.8110000000000E+003    2.0713000000000E+004
     139    1.1350000000000E+003    9.9778500000000E+006    7.2670000000000E+003    1.1877000000000E+004    1.8680000000000E+003    2.1012000000000E+004
     140    1.3950000000000E+003    9.9774500000000E+006    7.1360000000000E+003    1.2088000000000E+004    1.9280000000000E+003    2.1152000000000E+004
     141    1.5190000000000E+003    9.9770780000000E+006    6.7500000000000E+003    1.2668000000000E+004    1.9820000000000E+003    2.1400000000000E+004
     142    1.2300000000000E+003    9.9769370000000E+006    6.5380000000000E+003    1.3248000000000E+004    2.0440000000000E+003    2.1830000000000E+004
     143    1.0210000000000E+003    9.9768290000000E+006    6.1970000000000E+003    1.3875000000000E+004    2.0750000000000E+003    2.2147000000000E+004
     144    1.0300000000000E+003    9.9764200000000E+006    5.9880000000000E+003    1.4472000000000E+004    2.0870000000000E+003    2.2547000000000E+004
     145    1.1000000000000E+003    9.9759780000000E+006    5.7700000000000E+003    1.5036000000000E+004    2.1130000000000E+003    2.2919000000000E+004
     146    1.3910000000000E+003    9.9755460000000E+006    5.6470000000000E+003    1.5257000000000E+004    2.1560000000000E+003    2.3060000000000E+004
     147    1.6980000000000E+003    9.9751310000000E+006    5.5390000000000E+003    1.5446000000000E+004    2.1830000000000E+003    2.3168000000000E+004
     148    1.7500000000000E+003    9.9746700000000E+006    5.3440000000000E+003    1.6011000000000E+004    2.2220000000000E+003    2.3577000000000E+004
     149    1.5540000000000E+003    9.9744240000000E+006    5.1200000000000E+003    1.6633000000000E+004    2.2660000000000E+003    2.4019000000000E+004
     150    1.2820000000000E+003    9.9742640000000E+006    5.0000000000000E+003    1.7171000000000E+004    2.2800000000000E+003    2.4451000000000E+004
     151    1.3120000000000E+003    9.9738190000000E+006    4.7520000000000E+003    1.7820000000000E+004    2.2940000000000E+003    2.4866000000000E+004
     152    1.2730000000000E+003    9.9733970000000E+006    4.6180000000000E+003    1.8378000000000E+004    2.3310000000000E+003    2.5327000000000E+004
     153    1.4750000000000E+003    9.9729490000000E+006    4.5650000000000E+003    1.8627000000000E+004    2.3810000000000E+003    2.5573000000000E+004
     154    1.7750000000000E+003    9.9724890000000E+006    4.5850000000000E+003    1.8717000000000E+004    2.4310000000000E+003    2.5733000000000E+004
     155    1.7310000000000E+003    9.9720880000000E+006    4.7820000000000E+003    1.8909000000000E+004    2.4870000000000E+003    2.6178000000000E+004
     156    1.5270000000000E+003    9.9718700000000E+006    4.7740000000000E+003    1.9289000000000E+004    2.5370000000000E+003    2.6600000000000E+004
     157    1.2420000000000E+003    9.9717070000000E+006    4.9050000000000E+003    1.9581000000000E+004    2.5620000000000E+003    2.7048000000000E+004
     158    1.2520000000000E+003    9.9712370000000E+006    4.9650000000000E+003    1.9969000000000E+004    2.5740000000000E+003    2.7508000000000E+004
     159    1.3160000000000E+003    9.9707720000000E+006    4.9940000000000E+003    2.0284000000000E+004    2.6310000000000E+003    2.7909000000000E+004
     160    1.6070000000000E+003    9.9702630000000E+006    5.0710000000000E+003    2.0390000000000E+004    2.6660000000000E+003    2.8127000000000E+004
     161    1.8820000000000E+003    9.9698250000000E+006    5.1260000000000E+003    2.0443000000000E+004    2.7210000000000E+003    2.8290000000000E+004
     162    1.7880000000000E+003    9.9694490000000E+006    5.1870000000000E+003    2.0815000000000E+004    2.7580000000000E+003    2.8760000000000E+004
     163    1.6020000000000E+003    9.9691700000000E+006    5.2100000000000E+003    2.1216000000000E+004    2.7990000000000E+003    2.9225000000000E+004
     164    1.2500000000000E+003    9.9690130000000E+006    5.2870000000000E+003    2.1622000000000E+004    2.8250000000000E+003    2.9734000000000E+004
     165    1.3080000000000E+003    9.9685170000000E+006    5.3100000000000E+003    2.2025000000000E+004    2.8370000000000E+003    3.0172000000000E+004
     166    1.5800000000000E+003    9.9678690000000E+006    5.2250000000000E+003    2.2446000000000E+004    2.8770000000000E+003    3.0548000000000E+004
     167    1.9160000000000E+003    9.9672540000000E+006    5.2580000000000E+003    2.2642000000000E+004    2.9270000000000E+003    3.0827000000000E+004
     168    2.3660000000000E+003    9.9666470000000E+006    5.2550000000000E+003    2.2753000000000E+004    2.9760000000000E+003    3.0984000000000E+004
     169    2.4550000000000E+003    9.9660620000000E+006    5.3060000000000E+003    2.3159000000000E+004    3.0150000000000E+003    3.1480000000000E+004
     170    2.1140000000000E+003    9.9657550000000E+006    5.5320000000000E+003    2.3550000000000E+004    3.0460000000000E+003    3.2128000000000E+004
     171    1.6930000000000E+003    9.9655610000000E+006    5.6990000000000E+003    2.3974000000000E+004    3.0700000000000E+003    3.2743000000000E+004
     172    1.5470000000000E+003    9.9651000000000E+006    5.8460000000000E+003    2.4416000000000E+004    3.0880000000000E+003    3.3350000000000E+004
     173    1.5300000000000E+003    9.9645320000000E+006    6.0300000000000E+003    2.4763000000000E+004    3.1420000000000E+003    3.3935000000000E+004
     174    1.7600000000000E+003    9.9639950000000E+006    6.1190000000000E+003    2.4913000000000E+004    3.2100000000000E+003    3.4242000000000E+004
     175    2.0760000000000E+003    9.9634850000000E+006    6.1500000000000E+003    2.5025000000000E+004    3.2610000000000E+003    3.4436000000000E+004
     176    2.1200000000000E+003    9.9629800000000E+006    6.1410000000000E+003    2.5436000000000E+004    3.3200000000000E+003    3.4897000000000E+004
     177    1.7850000000000E+003    9.9627470000000E+006    6.2440000000000E+003    2.5855000000000E+004    3.3660000000000E+003    3.5465000000000E+004
     178    1.3970000000000E+003    9.9625980000000E+006    6.2720000000000E+003    2.6331000000000E+004    3.3990000000000E+003    3.6002000000000E+004
     179    1.3940000000000E+003    9.9620910000000E+006    6.3440000000000E+003    2.6755000000000E+004    3.4130000000000E+003    3.6512000000000E+004
     180    1.5400000000000E+003    9.9614400000000E+006    6.4730000000000E+003    2.7084000000000E+004    3.4600000000000E+003    3.7017000000000E+004
     181    1.8150000000000E+003    9.9609320000000E+006    6.4270000000000E+003    2.7312000000000E+004    3.5110000000000E+003    3.7250000000000E+004
     182    2.0240000000000E+003    9.9605740000000E+006    6.4190000000000E+003    2.7407000000000E+004    3.5730000000000E+003    3.7399000000000E+004
     183    1.9100000000000E+003    9.9601810000000E+006    6.4300000000000E+003    2.7857000000000E+004    3.6190000000000E+003    3.7906000000000E+004
     184    1.4830000000000E+003    9.9599570000000E+006    6.4330000000000E+003    2.8457000000000E+004    3.6670000000000E+003    3.8557000000000E+004
     185    1.1000000000000E+003    9.9598320000000E+006    6.3260000000000E+003    2.9044000000000E+004    3.6950000000000E+003    3.9065000000000E+004
     186    1.3140000000000E+003    9.9592600000000E+006    6.0770000000000E+003    2.9636000000000E+004    3.7100000000000E+003    3.9423000000000E+004
     187    1.2560000000000E+003    9.9589250000000E+006    5.8850000000000E+003    3.0173000000000E+004    3.7580000000000E+003    3.9816000000000E+004
     188    1.2350000000000E+003    9.9587220000000E+006    5.8020000000000E+003    3.0413000000000E+004    3.8250000000000E+003    4.0040000000000E+004
     189    1.7270000000000E+003    9.9581050000000E+006    5.7330000000000E+003    3.0554000000000E+004    3.8780000000000E+003    4.0165000000000E+004
     190    1.6560000000000E+003    9.9576040000000E+006    5.8440000000000E+003    3.0983000000000E+004    3.9100000000000E+003    4.0737000000000E+004
     191    1.5880000000000E+003    9.9573370000000E+006    5.6110000000000E+003    3.1515000000000E+004    3.9460000000000E+003    4.1072000000000E+004
     192    1.5800000000000E+003    9.9571420000000E+006    5.2770000000000E+003    3.2023000000000E+004    3.9750000000000E+003    4.1275000000000E+004
     193    1.5960000000000E+003    9.9565090000000E+006    5.3840000000000E+003    3.2518000000000E+004    3.9900000000000E+003    4.1892000000000E+004
     194    1.6750000000000E+003    9.9559290000000E+006    5.3800000000000E+003    3.2964000000000E+004    4.0490000000000E+003    4.2393000000000E+004
     195    1.9520000000000E+003    9.9553850000000E+006    5.4140000000000E+003    3.3165000000000E+004    4.0810000000000E+003    4.2660000000000E+004
     196    2.2940000000000E+003    9.9548480000000E+006    5.4600000000000E+003    3.3295000000000E+004    4.1000000000000E+003    4.2855000000000E+004
     197    2.0830000000000E+003    9.9544260000000E+006    5.5860000000000E+003    3.3749000000000E+004    4.1530000000000E+003    4.3488000000000E+004
     198    1.7350000000000E+003    9.9541940000000E+006    5.5150000000000E+003    3.4347000000000E+004    4.2060000000000E+003    4.4068000000000E+004
     199    1.3800000000000E+003    9.9540050000000E+006    5.5510000000000E+003    3.4827000000000E+004    4.2340000000000E+003    4.4612000000000E+004
     200    1.5890000000000E+003    9.9532590000000E+006    5.7300000000000E+003    3.5166000000000E+004    4.2530000000000E+003    4.5149000000000E+004
     201    1.6710000000000E+003    9.9527550000000E+006    5.7590000000000E+003    3.5493000000000E+004    4.3190000000000E+003    4.5571000000000E+004
     202    1.8880000000000E+003    9.9523060000000E+006    5.7670000000000E+003    3.5666000000000E+004    4.3700000000000E+003    4.5803000000000E+004
     203    2.1290000000000E+003    9.9518760000000E+006    5.8310000000000E+003    3.5730000000000E+004    4.4310000000000E+003    4.5992000000000E+004
     204    1.8360000000000E+003    9.9514230000000E+006    6.0050000000000E+003    3.6254000000000E+004    4.4790000000000E+003    4.6738000000000E+004
     205    1.6280000000000E+003    9.9511270000000E+006    6.1740000000000E+003    3.6551000000000E+004    4.5170000000000E+003    4.7242000000000E+004
     206    1.3530000000000E+003    9.9509530000000E+006    6.4200000000000E+003    3.6739000000000E+004    4.5320000000000E+003    4.7691000000000E+004
     207    1.6530000000000E+003    9.9502230000000E+006    6.2330000000000E+003    3.7338000000000E+004    4.5500000000000E+003    4.8121000000000E+004
     208    1.8250000000000E+003    9.9495980000000E+006    6.1850000000000E+003    3.7765000000000E+004    4.6240000000000E+003    4.8574000000000E+004
     209    2.2180000000000E+003    9.9489090000000E+006    6.2140000000000E+003    3.7970000000000E+004    4.6860000000000E+003    4.8870000000000E+004
     210    2.5890000000000E+003    9.9483640000000E+006    6.1930000000000E+003    3.8121000000000E+004    4.7300000000000E+003    4.9044000000000E+004
     211    2.4580000000000E+003    9.9477650000000E+006    6.2900000000000E+003    3.8715000000000E+004    4.7690000000000E+003    4.9774000000000E+004
     212    2.2010000000000E+003    9.9473970000000E+006    6.3350000000000E+003    3.9255000000000E+004    4.8090000000000E+003    5.0399000000000E+004
     213    1.7400000000000E+003    9.9471690000000E+006    6.4800000000000E+003    3.9770000000000E+004    4.8380000000000E+003    5.1088000000000E+004
     214    2.0150000000000E+003    9.9463490000000E+006    6.4880000000000E+003    4.0293000000000E+004    4.8520000000000E+003    5.1633000000000E+004
     215    2.1360000000000E+003    9.9456290000000E+006    6.6650000000000E+003    4.0635000000000E+004    4.9320000000000E+003    5.2232000000000E+004
     216    2.3640000000000E+003    9.9450330000000E+006    6.8010000000000E+003    4.0802000000000E+004    4.9970000000000E+003    5.2600000000000E+004
     217    2.7480000000000E+003    9.9444210000000E+006    6.8400000000000E+003    4.0915000000000E+004    5.0730000000000E+003    5.2828000000000E+004
     218    2.5610000000000E+003    9.9437880000000E+006    6.9140000000000E+003    4.1604000000000E+004    5.1300000000000E+003    5.3648000000000E+004
     219    2.1840000000000E+003    9.9434450000000E+006    7.1300000000000E+003    4.2044000000000E+004    5.1940000000000E+003    5.4368000000000E+004
     220    1.8010000000000E+003    9.9432320000000E+006    7.2770000000000E+003    4.2448000000000E+004    5.2390000000000E+003    5.4964000000000E+004
     221    1.8200000000000E+003    9.9426010000000E+006    7.4590000000000E+003    4.2849000000000E+004    5.2680000000000E+003    5.5576000000000E+004
     222    1.7520000000000E+003    9.9420360000000E+006    7.6390000000000E+003    4.3222000000000E+004    5.3480000000000E+003    5.6209000000000E+004
     223    2.1050000000000E+003    9.9413400000000E+006    7.6860000000000E+003    4.3447000000000E+004    5.4190000000000E+003    5.6552000000000E+004
     224    2.4090000000000E+003    9.9408230000000E+006    7.7250000000000E+003    4.3569000000000E+004    5.4710000000000E+003    5.6765000000000E+004
     225    2.3540000000000E+003    9.9402470000000E+006    7.6260000000000E+003    4.4226000000000E+004    5.5440000000000E+003    5.7396000000000E+004
     226    2.0890000000000E+003    9.9399470000000E+006    7.5660000000000E+003    4.4788000000000E+004    5.6070000000000E+003    5.7961000000000E+004
     227    1.5950000000000E+003    9.9397450000000E+006    7.5730000000000E+003    4.5449000000000E+004    5.6350000000000E+003    5.8657000000000E+004
     228    1.7000000000000E+003    9.9391230000000E+006    7.5450000000000E+003    4.5968000000000E+004    5.6610000000000E+003    5.9174000000000E+004
     229    1.7310000000000E+003    9.9385160000000E+006    7.5220000000000E+003    4.6502000000000E+004    5.7260000000000E+003    5.9750000000000E+004
     230    1.9630000000000E+003    9.9379840000000E+006    7.4540000000000E+003    4.6808000000000E+004    5.7880000000000E+003    6.0050000000000E+004
     231    2.3260000000000E+003    9.9374190000000E+006    7.4280000000000E+003    4.6973000000000E+004    5.8510000000000E+003    6.0252000000000E+004
     232    2.2060000000000E+003    9.9369170000000E+006    7.2300000000000E+003    4.7746000000000E+004    5.8980000000000E+003    6.0874000000000E+004
     233    1.8390000000000E+003    9.9366770000000E+006    7.1170000000000E+003    4.8413000000000E+004    5.9510000000000E+003    6.1481000000000E+004
     234    1.4920000000000E+003    9.9364920000000E+006    7.0530000000000E+003    4.8982000000000E+004    5.9780000000000E+003    6.2013000000000E+004
     235    1.5120000000000E+003    9.9359070000000E+006    7.0060000000000E+003    4.9576000000000E+004    5.9960000000000E+003    6.2578000000000E+004
     236    1.6600000000000E+003    9.9352570000000E+006    6.8750000000000E+003    5.0152000000000E+004    6.0530000000000E+003    6.3080000000000E+004
     237    2.0680000000000E+003    9.9346090000000E+006    6.7720000000000E+003    5.0439000000000E+004    6.1090000000000E+003    6.3320000000000E+004
     238    2.5990000000000E+003    9.9338930000000E+006    6.7440000000000E+003    5.0596000000000E+004    6.1650000000000E+003    6.3505000000000E+004
     239    2.9720000000000E+003    9.9329350000000E+006    6.6980000000000E+003    5.1172000000000E+004    6.2200000000000E+003    6.4090000000000E+004
     240    2.8090000000000E+003    9.9324480000000E+006    6.7830000000000E+003    5.1693000000000E+004    6.2640000000000E+003    6.4740000000000E+004
     241    2.5170000000000E+003    9.9320920000000E+006    6.7350000000000E+003    5.2366000000000E+004    6.2870000000000E+003    6.5388000000000E+004
     242    2.6790000000000E+003    9.9312140000000E+006    6.9340000000000E+003    5.2868000000000E+004    6.3020000000000E+003    6.6104000000000E+004
     243    2.6410000000000E+003    9.9302940000000E+006    7.3160000000000E+003    5.3393000000000E+004    6.3530000000000E+003    6.7062000000000E+004
     244    2.8710000000000E+003    9.9295770000000E+006    7.5030000000000E+003    5.3617000000000E+004    6.4290000000000E+003    6.7549000000000E+004
     245    3.2820000000000E+003    9.9288100000000E+006    7.6570000000000E+003    5.3738000000000E+004    6.5100000000000E+003    6.7905000000000E+004
     246    3.1440000000000E+003    9.9280700000000E+006    7.9130000000000E+003    5.4295000000000E+004    6.5750000000000E+003    6.8783000000000E+004
     247    2.6700000000000E+003    9.9276240000000E+006    8.2260000000000E+003    5.4809000000000E+004    6.6680000000000E+003    6.9703000000000E+004
     248    2.2980000000000E+003    9.9272790000000E+006    8.4110000000000E+003    5.5287000000000E+004    6.7220000000000E+003    7.0420000000000E+004
     249    1.8680000000000E+003    9.9269420000000E+006    8.6130000000000E+003    5.5819000000000E+004    6.7550000000000E+003    7.1187000000000E+004
     250    1.8500000000000E+003    9.9262200000000E+006    8.8510000000000E+003    5.6215000000000E+004    6.8610000000000E+003    7.1927000000000E+004
     251    2.0260000000000E+003    9.9255980000000E+006    9.0570000000000E+003    5.6372000000000E+004    6.9440000000000E+003    7.2373000000000E+004
     252    2.3420000000000E+003    9.9249370000000E+006    9.2170000000000E+003    5.6483000000000E+004    7.0180000000000E+003    7.2718000000000E+004
     253    2.7010000000000E+003    9.9242410000000E+006    8.9690000000000E+003    5.6983000000000E+004    7.1030000000000E+003    7.3055000000000E+004
     254    2.3360000000000E+003    9.9238840000000E+006    9.0410000000000E+003    5.7559000000000E+004    7.1770000000000E+003    7.3777000000000E+004
     255    1.9460000000000E+003    9.9236520000000E+006    9.0150000000000E+003    5.8170000000000E+004    7.2140000000000E+003    7.4399000000000E+004
     256    1.9390000000000E+003    9.9229980000000E+006    8.9600000000000E+003    5.8854000000000E+004    7.2460000000000E+003    7.5060000000000E+004
     257    1.8170000000000E+003    9.9224240000000E+006    8.6980000000000E+003    5.9776000000000E+004    7.2820000000000E+003    7.5756000000000E+004
     258    2.1070000000000E+003    9.9217770000000E+006    8.5680000000000E+003    6.0192000000000E+004    7.3530000000000E+003    7.6113000000000E+004
     259    2.5110000000000E+003    9.9211410000000E+006    8.4440000000000E+003    6.0489000000000E+004    7.4120000000000E+003    7.6345000000000E+004
     260    2.4610000000000E+003    9.9205370000000E+006    8.2200000000000E+003    6.1297000000000E+004    7.4820000000000E+003    7.6999000000000E+004
     261    2.2500000000000E+003    9.9201740000000E+006    7.8740000000000E+003    6.2143000000000E+004    7.5560000000000E+003    7.7573000000000E+004
     262    1.7870000000000E+003    9.9199900000000E+006    7.8040000000000E+003    6.2816000000000E+004    7.6000000000000E+003    7.8220000000000E+004
     263    1.7660000000000E+003    9.9193750000000E+006    7.6730000000000E+003    6.3568000000000E+004    7.6150000000000E+003    7.8856000000000E+004
     264    1.7740000000000E+003    9.9187630000000E+006    7.5370000000000E+003    6.4235000000000E+004    7.6880000000000E+003    7.9460000000000E+004
     265    1.9030000000000E+003    9.9182710000000E+006    7.4540000000000E+003    6.4631000000000E+004    7.7380000000000E+003    7.9823000000000E+004
     266    2.1690000000000E+003    9.9178210000000E+006    7.2930000000000E+003    6.4912000000000E+004    7.8020000000000E+003    8.0007000000000E+004
     267    1.9790000000000E+003    9.9173960000000E+006    7.5710000000000E+003    6.5194000000000E+004    7.8570000000000E+003    8.0622000000000E+004
     268    1.6450000000000E+003    9.9171180000000E+006    7.4610000000000E+003    6.5844000000000E+004    7.9290000000000E+003    8.1234000000000E+004
     269    1.3010000000000E+003    9.9169700000000E+006    7.3310000000000E+003    6.6427000000000E+004    7.9680000000000E+003    8.1726000000000E+004
     270    1.4700000000000E+003    9.9163510000000E+006    7.1200000000000E+003    6.7063000000000E+004    7.9930000000000E+003    8.2176000000000E+004
     271    1.7580000000000E+003    9.9156380000000E+006    6.8490000000000E+003    6.7695000000000E+004    8.0570000000000E+003    8.2601000000000E+004
     272    2.1900000000000E+003    9.9149280000000E+006    6.7700000000000E+003    6.7998000000000E+004    8.1110000000000E+003    8.2879000000000E+004
     273    2.7240000000000E+003    9.9142460000000E+006    6.6860000000000E+003    6.8183000000000E+004    8.1580000000000E+003    8.3027000000000E+004
     274    2.8230000000000E+003    9.9135280000000E+006    6.6510000000000E+003    6.8788000000000E+004    8.2070000000000E+003    8.3646000000000E+004
     275    2.5190000000000E+003    9.9131190000000E+006    6.7900000000000E+003    6.9327000000000E+004    8.2420000000000E+003    8.4359000000000E+004
     276    2.1360000000000E+003    9.9127920000000E+006    6.8530000000000E+003    6.9935000000000E+004    8.2810000000000E+003    8.5069000000000E+004
     277    2.3280000000000E+003    9.9119180000000E+006    6.8990000000000E+003    7.0546000000000E+004    8.3060000000000E+003    8.5751000000000E+004
     278    2.4180000000000E+003    9.9111100000000E+006    7.0130000000000E+003    7.1078000000000E+004    8.3780000000000E+003    8.6469000000000E+004
     279    2.7120000000000E+003    9.9104070000000E+006    7.0590000000000E+003    7.1364000000000E+004    8.4550000000000E+003    8.6878000000000E+004
     280    3.0170000000000E+003    9.9097750000000E+006    7.2020000000000E+003    7.1476000000000E+004    8.5270000000000E+003    8.7205000000000E+004
     281    2.6830000000000E+003    9.9092350000000E+006    7.4610000000000E+003    7.2011000000000E+004    8.6070000000000E+003    8.8079000000000E+004
     282    2.2370000000000E+003    9.9088730000000E+006    7.6570000000000E+003    7.2543000000000E+004    8.6870000000000E+003    8.8887000000000E+004
     283    1.8060000000000E+003    9.9086010000000E+006    7.8680000000000E+003    7.2992000000000E+004    8.7300000000000E+003    8.9590000000000E+004
     284    2.0920000000000E+003    9.9076830000000E+006    8.0500000000000E+003    7.3404000000000E+004    8.7680000000000E+003    9.0222000000000E+004
     285    2.3590000000000E+003    9.9068760000000E+006    8.1650000000000E+003    7.3735000000000E+004    8.8620000000000E+003    9.0762000000000E+004
     286    2.6520000000000E+003    9.9062210000000E+006    8.2490000000000E+003    7.3955000000000E+004    8.9200000000000E+003    9.1124000000000E+004
     287    2.9660000000000E+003    9.9056350000000E+006    8.3730000000000E+003    7.4040000000000E+004    8.9830000000000E+003    9.1396000000000E+004
     288    2.2590000000000E+003    9.9054240000000E+006    8.6720000000000E+003    7.4603000000000E+004    9.0390000000000E+003    9.2314000000000E+004
     289    1.8590000000000E+003    9.9050170000000E+006    8.7660000000000E+003    7.5261000000000E+004    9.0940000000000E+003    9.3121000000000E+004
     290    1.5460000000000E+003    9.9046750000000E+006    8.7110000000000E+003    7.5939000000000E+004    9.1260000000000E+003    9.3776000000000E+004
     291    1.9240000000000E+003    9.9037110000000E+006    8.6150000000000E+003    7.6584000000000E+004    9.1630000000000E+003    9.4362000000000E+004
     292    2.6540000000000E+003    9.9027700000000E+006    8.1080000000000E+003    7.7194000000000E+004    9.2710000000000E+003    9.4573000000000E+004
     293    3.1290000000000E+003    9.9018880000000E+006    8.1060000000000E+003    7.7515000000000E+004    9.3590000000000E+003    9.4980000000000E+004
     294    3.6470000000000E+003    9.9010280000000E+006    8.1210000000000E+003    7.7767000000000E+004    9.4340000000000E+003    9.5322000000000E+004
     295    2.8680000000000E+003    9.9008430000000E+006    8.2110000000000E+003    7.8571000000000E+004    9.5040000000000E+003    9.6286000000000E+004
     296    2.5820000000000E+003    9.9001880000000E+006    8.3440000000000E+003    7.9356000000000E+004    9.5270000000000E+003    9.7227000000000E+004
     297    2.1570000000000E+003    9.8997310000000E+006    8.5230000000000E+003    8.0009000000000E+004    9.5770000000000E+003    9.8109000000000E+004
     298    2.5380000000000E+003    9.8984900000000E+006    8.7510000000000E+003    8.0603000000000E+004    9.6150000000000E+003    9.8969000000000E+004
     299    3.7340000000000E+003    9.8971090000000E+006    8.3960000000000E+003    8.1042000000000E+004    9.7160000000000E+003    9.9154000000000E+004
     300    4.2070000000000E+003    9.8959810000000E+006    8.6890000000000E+003    8.1300000000000E+004    9.8200000000000E+003    9.9809000000000E+004
     301    5.0380000000000E+003    9.8946930000000E+006    8.8740000000000E+003    8.1481000000000E+004    9.9110000000000E+003    1.0026600000000E+005
     302    5.0580000000000E+003    9.8934320000000E+006    9.1970000000000E+003    8.2323000000000E+004    9.9870000000000E+003    1.0150700000000E+005
     303    4.3160000000000E+003    9.8927930000000E+006    9.7710000000000E+003    8.3108000000000E+004    1.0009000000000E+004    1.0288800000000E+005
     304    3.5700000000000E+003    9.8924110000000E+006    1.0244000000000E+004    8.3696000000000E+004    1.0076000000000E+004    1.0401600000000E+005
     305    3.3960000000000E+003    9.8912970000000E+006    1.0946000000000E+004    8.4235000000000E+004    1.0123000000000E+004    1.0530400000000E+005
     306    3.3130000000000E+003    9.8901190000000E+006    1.1996000000000E+004    8.4336000000000E+004    1.0233000000000E+004    1.0656500000000E+005
     307    3.6820000000000E+003    9.8891110000000E+006    1.2228000000000E+004    8.4612000000000E+004    1.0364000000000E+004    1.0720400000000E+005
     308    4.3910000000000E+003    9.8880200000000E+006    1.2268000000000E+004    8.4843000000000E+004    1.0475000000000E+004    1.0758600000000E+005
     309    4.5790000000000E+003    9.8867180000000E+006    1.2418000000000E+004    8.5673000000000E+004    1.0609000000000E+004    1.0870000000000E+005
     310    3.9820000000000E+003    9.8861370000000E+006    1.2655000000000E+004    8.6491000000000E+004    1.0732000000000E+004    1.0987800000000E+005
     311    3.3610000000000E+003    9.8857500000000E+006    1.2781000000000E+004    8.7318000000000E+004    1.0787000000000E+004    1.1088600000000E+005
     312    3.5090000000000E+003    9.8845110000000E+006    1.3012000000000E+004    8.8144000000000E+004    1.0821000000000E+004    1.1197700000000E+005
     313    3.5020000000000E+003    9.8832160000000E+006    1.4129000000000E+004    8.8218000000000E+004    1.0932000000000E+004    1.1327900000000E+005
     314    4.1290000000000E+003    9.8820080000000E+006    1.4055000000000E+004    8.8750000000000E+004    1.1055000000000E+004    1.1386000000000E+005
     315    4.8800000000000E+003    9.8808700000000E+006    1.3985000000000E+004    8.9106000000000E+004    1.1156000000000E+004    1.1424700000000E+005
     316    4.7840000000000E+003    9.8797270000000E+006    1.3983000000000E+004    9.0256000000000E+004    1.1247000000000E+004    1.1548600000000E+005
     317    4.0150000000000E+003    9.8792010000000E+006    1.3897000000000E+004    9.1493000000000E+004    1.1391000000000E+004    1.1678100000000E+005
     318    3.1560000000000E+003    9.8788520000000E+006    1.3977000000000E+004    9.2560000000000E+004    1.1452000000000E+004    1.1798900000000E+005
     319    3.1570000000000E+003    9.8777130000000E+006    1.3827000000000E+004    9.3805000000000E+004    1.1495000000000E+004    1.1912700000000E+005
     320    3.2270000000000E+003    9.8765000000000E+006    1.3709000000000E+004    9.4927000000000E+004    1.1634000000000E+004    1.2027000000000E+005
     321    3.6990000000000E+003    9.8755020000000E+006    1.3596000000000E+004    9.5437000000000E+004    1.1763000000000E+004    1.2079600000000E+005
     322    4.2530000000000E+003    9.8745990000000E+006    1.3563000000000E+004    9.5713000000000E+004    1.1869000000000E+004    1.2114500000000E+005
     323    3.8810000000000E+003    9.8738320000000E+006    1.3588000000000E+004    9.6694000000000E+004    1.2002000000000E+004    1.2228400000000E+005
     324    3.1060000000000E+003    9.8733940000000E+006    1.3623000000000E+004    9.7744000000000E+004    1.2130000000000E+004    1.2349700000000E+005
     325    2.3340000000000E+003    9.8731680000000E+006    1.3613000000000E+004    9.8698000000000E+004    1.2184000000000E+004    1.2449500000000E+005
     326    1.7130000000000E+003    9.8728860000000E+006    1.3425000000000E+004    9.9757000000000E+004    1.2216000000000E+004    1.2539800000000E+005
     327    1.6130000000000E+003    9.8722190000000E+006    1.2890000000000E+004    1.0094500000000E+005    1.2330000000000E+004    1.2616500000000E+005
     328    1.8880000000000E+003    9.8715060000000E+006    1.2747000000000E+004    1.0139000000000E+005    1.2466000000000E+004    1.2660300000000E+005
     329    2.2670000000000E+003    9.8709010000000E+006    1.2586000000000E+004    1.0168200000000E+005    1.2561000000000E+004    1.2682900000000E+005
     330    2.4930000000000E+003    9.8703930000000E+006    1.1629000000000E+004    1.0282400000000E+005    1.2658000000000E+004    1.2711100000000E+005
     331    2.0990000000000E+003    9.8701200000000E+006    1.1001000000000E+004    1.0404400000000E+005    1.2733000000000E+004    1.2777800000000E+005
     332    1.5330000000000E+003    9.8699730000000E+006    1.0506000000000E+004    1.0520700000000E+005    1.2778000000000E+004    1.2849100000000E+005
     333    1.5270000000000E+003    9.8693740000000E+006    9.9730000000000E+003    1.0631900000000E+005    1.2804000000000E+004    1.2909600000000E+005
     334    1.5220000000000E+003    9.8688710000000E+006    9.3380000000000E+003    1.0744200000000E+005    1.2824000000000E+004    1.2960400000000E+005
     335    1.8600000000000E+003    9.8682600000000E+006    9.0850000000000E+003    1.0792000000000E+005    1.2872000000000E+004    1.2987700000000E+005
     336    2.0800000000000E+003    9.8678930000000E+006    8.8830000000000E+003    1.0819200000000E+005    1.2949000000000E+004    1.3002400000000E+005
     337    1.7990000000000E+003    9.8675750000000E+006    8.3430000000000E+003    1.0927700000000E+005    1.3003000000000E+004    1.3062300000000E+005
     338    1.4230000000000E+003    9.8674480000000E+006    7.6330000000000E+003    1.1043000000000E+005    1.3063000000000E+004    1.3112600000000E+005
     339    8.7600000000000E+002    9.8673840000000E+006    7.2460000000000E+003    1.1140000000000E+005    1.3091000000000E+004    1.3173700000000E+005
     340    7.6000000000000E+002    9.8671330000000E+006    6.7100000000000E+003    1.1229100000000E+005    1.3103000000000E+004    1.3210400000000E+005
     341    7.0000000000000E+002    9.8668750000000E+006    6.2610000000000E+003    1.1300700000000E+005    1.3154000000000E+004    1.3242200000000E+005
     342    8.7300000000000E+002    9.8665750000000E+006    5.9500000000000E+003    1.1338900000000E+005    1.3210000000000E+004    1.3254900000000E+005
     343    1.0740000000000E+003    9.8663100000000E+006    5.7880000000000E+003    1.1355000000000E+005    1.3275000000000E+004    1.3261300000000E+005
     344    1.1010000000000E+003    9.8660320000000E+006    5.7570000000000E+003    1.1379800000000E+005    1.3309000000000E+004    1.3286400000000E+005
     345    9.7600000000000E+002    9.8658990000000E+006    5.3480000000000E+003    1.1443700000000E+005    1.3337000000000E+004    1.3312200000000E+005
     346    7.9600000000000E+002    9.8657790000000E+006    4.9350000000000E+003    1.1513500000000E+005    1.3352000000000E+004    1.3342200000000E+005
     347    8.6200000000000E+002    9.8654480000000E+006    4.5950000000000E+003    1.1573200000000E+005    1.3360000000000E+004    1.3368700000000E+005
     348    9.1100000000000E+002    9.8651210000000E+006    4.3650000000000E+003    1.1621600000000E+005    1.3384000000000E+004    1.3396500000000E+005
     349    1.0950000000000E+003    9.8648040000000E+006    4.2250000000000E+003    1.1646000000000E+005    1.3413000000000E+004    1.3409800000000E+005
     350    1.2620000000000E+003    9.8645170000000E+006    4.1980000000000E+003    1.1657900000000E+005    1.3441000000000E+004    1.3421800000000E+005
     351    1.1600000000000E+003    9.8642880000000E+006    3.9300000000000E+003    1.1715700000000E+005    1.3462000000000E+004    1.3454900000000E+005
     352    9.4200000000000E+002    9.8641790000000E+006    3.7540000000000E+003    1.1763400000000E+005    1.3488000000000E+004    1.3487600000000E+005
     353    6.8800000000000E+002    9.8641160000000E+006    3.4600000000000E+003    1.1823200000000E+005    1.3501000000000E+004    1.3519300000000E+005
     354    6.9300000000000E+002    9.8638240000000E+006    3.3800000000000E+003    1.1858600000000E+005    1.3514000000000E+004    1.3548000000000E+005
     355    7.3600000000000E+002    9.8635520000000E+006    3.2910000000000E+003    1.1887900000000E+005    1.3539000000000E+004    1.3570900000000E+005
     356    8.8000000000000E+002    9.8632990000000E+006    3.2730000000000E+003    1.1897800000000E+005    1.3567000000000E+004    1.3581800000000E+005
     357    1.0570000000000E+003    9.8630590000000E+006    3.2720000000000E+003    1.1901500000000E+005    1.3594000000000E+004    1.3588100000000E+005
     358    9.7300000000000E+002    9.8628510000000E+006    3.3130000000000E+003    1.1924600000000E+005    1.3614000000000E+004    1.3617300000000E+005
     359    8.1700000000000E+002    9.8627350000000E+006    3.3270000000000E+003    1.1948600000000E+005    1.3632000000000E+004    1.3644500000000E+005
     360    6.3800000000000E+002    9.8626610000000E+006    3.2800000000000E+003    1.1977400000000E+005    1.3644000000000E+004    1.3669800000000E+005
     361    6.0800000000000E+002    9.8624510000000E+006    3.2550000000000E+003    1.2003200000000E+005    1.3651000000000E+004    1.3693800000000E+005
     362    6.0000000000000E+002    9.8622510000000E+006    3.1850000000000E+003    1.2028000000000E+005    1.3681000000000E+004    1.3714600000000E+005
     363    6.8700000000000E+002    9.8620480000000E+006    3.1680000000000E+003    1.2038300000000E+005    1.3711000000000E+004    1.3726200000000E+005
     364    8.5700000000000E+002    9.8618040000000E+006    3.1220000000000E+003    1.2048200000000E+005    1.3732000000000E+004    1.3733600000000E+005
     365    8.1600000000000E+002    9.8616350000000E+006    3.0010000000000E+003    1.2078500000000E+005    1.3760000000000E+004    1.3754600000000E+005
     366    6.7700000000000E+002    9.8615740000000E+006    2.8740000000000E+003    1.2108900000000E+005    1.3783000000000E+004    1.3774600000000E+005
     367    5.2800000000000E+002    9.8615200000000E+006    2.7600000000000E+003    1.2139700000000E+005    1.3792000000000E+004    1.3794900000000E+005
     368    3.8000000000000E+002    9.8614240000000E+006    2.7170000000000E+003    1.2167700000000E+005    1.3799000000000E+004    1.3819300000000E+005
     369    4.5300000000000E+002    9.8611820000000E+006    2.6570000000000E+003    1.2187600000000E+005    1.3829000000000E+004    1.3836200000000E+005
     370    5.5500000000000E+002    9.8610190000000E+006    2.6090000000000E+003    1.2196300000000E+005    1.3851000000000E+004    1.3842300000000E+005
     371    6.1500000000000E+002    9.8609050000000E+006    2.6000000000000E+003    1.2201100000000E+005    1.3866000000000E+004    1.3847700000000E+005
     372    6.4800000000000E+002    9.8607760000000E+006    2.4040000000000E+003    1.2229100000000E+005    1.3878000000000E+004    1.3857300000000E+005
     373    4.8100000000000E+002    9.8607010000000E+006    2.3740000000000E+003    1.2254800000000E+005    1.3893000000000E+004    1.3881500000000E+005
     374    3.5100000000000E+002    9.8606680000000E+006    2.2840000000000E+003    1.2279600000000E+005    1.3898000000000E+004    1.3897800000000E+005
     375    3.8500000000000E+002    9.8605200000000E+006    2.1580000000000E+003    1.2303100000000E+005    1.3903000000000E+004    1.3909200000000E+005
     376    3.9100000000000E+002    9.8603850000000E+006    2.0790000000000E+003    1.2322800000000E+005    1.3914000000000E+004    1.3922100000000E+005
     377    4.1000000000000E+002    9.8602910000000E+006    2.0380000000000E+003    1.2331400000000E+005    1.3944000000000E+004    1.3929600000000E+005
     378    5.1100000000000E+002    9.8601570000000E+006    1.9970000000000E+003    1.2337300000000E+005    1.3959000000000E+004    1.3932900000000E+005
     379    5.0100000000000E+002    9.8600190000000E+006    1.9350000000000E+003    1.2356900000000E+005    1.3973000000000E+004    1.3947700000000E+005
     380    4.1900000000000E+002    9.8599660000000E+006    1.8700000000000E+003    1.2375500000000E+005    1.3987000000000E+004    1.3961200000000E+005
     381    3.6000000000000E+002    9.8599310000000E+006    1.7610000000000E+003    1.2395200000000E+005    1.3993000000000E+004    1.3970600000000E+005
     382    4.1000000000000E+002    9.8597470000000E+006    1.6510000000000E+003    1.2419200000000E+005    1.3997000000000E+004    1.3984000000000E+005
     383    4.0700000000000E+002    9.8596120000000E+006    1.6200000000000E+003    1.2434100000000E+005    1.4017000000000E+004    1.3997800000000E+005
     384    4.8500000000000E+002    9.8594810000000E+006    1.6120000000000E+003    1.2438800000000E+005    1.4031000000000E+004    1.4003100000000E+005
     385    5.1800000000000E+002    9.8594130000000E+006    1.5930000000000E+003    1.2443700000000E+005    1.4036000000000E+004    1.4006600000000E+005
     386    3.8200000000000E+002    9.8593650000000E+006    1.6810000000000E+003    1.2452500000000E+005    1.4044000000000E+004    1.4025000000000E+005
     387    3.1400000000000E+002    9.8592980000000E+006    1.5740000000000E+003    1.2474900000000E+005    1.4062000000000E+004    1.4038500000000E+005
     388    2.2300000000000E+002    9.8592580000000E+006    1.5420000000000E+003    1.2490600000000E+005    1.4068000000000E+004    1.4051600000000E+005
     389    2.9600000000000E+002    9.8591170000000E+006    1.4960000000000E+003    1.2501400000000E+005    1.4074000000000E+004    1.4058400000000E+005
     390    3.8200000000000E+002    9.8589830000000E+006    1.4150000000000E+003    1.2512800000000E+005    1.4089000000000E+004    1.4063200000000E+005
     391    4.3800000000000E+002    9.8588600000000E+006    1.4070000000000E+003    1.2518600000000E+005    1.4106000000000E+004    1.4069900000000E+005
     392    5.5900000000000E+002    9.8586990000000E+006    1.4140000000000E+003    1.2520600000000E+005    1.4119000000000E+004    1.4073900000000E+005
     393    5.2000000000000E+002    9.8585970000000E+006    1.4070000000000E+003    1.2534800000000E+005    1.4125000000000E+004    1.4088000000000E+005
     394    4.1400000000000E+002    9.8585690000000E+006    1.4060000000000E+003    1.2547800000000E+005    1.4130000000000E+004    1.4101400000000E+005
     395    3.2200000000000E+002    9.8585380000000E+006    1.4350000000000E+003    1.2556500000000E+005    1.4137000000000E+004    1.4113700000000E+005
     396    2.9300000000000E+002    9.8584060000000E+006    1.4620000000000E+003    1.2569700000000E+005    1.4139000000000E+004    1.4129800000000E+005
     397    3.5600000000000E+002    9.8582410000000E+006    1.4260000000000E+003    1.2582500000000E+005    1.4149000000000E+004    1.4140000000000E+005
     398    4.3400000000000E+002    9.8581350000000E+006    1.4010000000000E+003    1.2586200000000E+005    1.4165000000000E+004    1.4142800000000E+005
     399    5.1100000000000E+002    9.8580270000000E+006    1.3970000000000E+003    1.2588400000000E+005    1.4178000000000E+004    1.4145900000000E+005
     400    4.6600000000000E+002    9.8579400000000E+006    1.3450000000000E+003    1.2605100000000E+005    1.4195000000000E+004    1.4159100000000E+005
     401    3.4600000000000E+002    9.8578950000000E+006    1.3750000000000E+003    1.2617900000000E+005    1.4202000000000E+004    1.4175600000000E+005
     402    2.5700000000000E+002    9.8578780000000E+006    1.3500000000000E+003    1.2630200000000E+005    1.4210000000000E+004    1.4186200000000E+005
     403    2.5400000000000E+002    9.8577730000000E+006    1.3900000000000E+003    1.2637000000000E+005    1.4210000000000E+004    1.4197000000000E+005
     404    2.6900000000000E+002    9.8576710000000E+006    1.4290000000000E+003    1.2640300000000E+005    1.4225000000000E+004    1.4205700000000E+005
     405    3.0700000000000E+002    9.8575880000000E+006    1.4070000000000E+003    1.2644900000000E+005    1.4246000000000E+004    1.4210200000000E+005
     406    3.7700000000000E+002    9.8575010000000E+006    1.3840000000000E+003    1.2647900000000E+005    1.4256000000000E+004    1.4211900000000E+005
     407    3.9000000000000E+002    9.8573830000000E+006    1.3480000000000E+003    1.2661200000000E+005    1.4264000000000E+004    1.4222400000000E+005
     408    3.3800000000000E+002    9.8573330000000E+006    1.3160000000000E+003    1.2673400000000E+005    1.4276000000000E+004    1.4232600000000E+005
     409    2.8500000000000E+002    9.8573030000000E+006    1.2760000000000E+003    1.2685000000000E+005    1.4283000000000E+004    1.4240900000000E+005
     410    3.0600000000000E+002    9.8571950000000E+006    1.2020000000000E+003    1.2700700000000E+005    1.4287000000000E+004    1.4249600000000E+005
     411    3.0700000000000E+002    9.8570760000000E+006    1.2180000000000E+003    1.2709200000000E+005    1.4304000000000E+004    1.4261400000000E+005
     412    3.4200000000000E+002    9.8569910000000E+006    1.2400000000000E+003    1.2710500000000E+005    1.4319000000000E+004    1.4266400000000E+005
     413    4.0900000000000E+002    9.8568940000000E+006    1.2390000000000E+003    1.2712900000000E+005    1.4326000000000E+004    1.4269400000000E+005
     414    3.9600000000000E+002    9.8567990000000E+006    1.2150000000000E+003    1.2725100000000E+005    1.4336000000000E+004    1.4280200000000E+005
     415    3.1000000000000E+002    9.8567660000000E+006    1.1690000000000E+003    1.2740700000000E+005    1.4345000000000E+004    1.4292100000000E+005
     416    2.5900000000000E+002    9.8567320000000E+006    1.1480000000000E+003    1.2751000000000E+005    1.4348000000000E+004    1.4300600000000E+005
     417    2.7500000000000E+002    9.8566190000000E+006    1.1370000000000E+003    1.2761500000000E+005    1.4351000000000E+004    1.4310300000000E+005
     418    2.8800000000000E+002    9.8565110000000E+006    1.1450000000000E+003    1.2768800000000E+005    1.4365000000000E+004    1.4319800000000E+005
     419    3.7500000000000E+002    9.8563910000000E+006    1.1330000000000E+003    1.2772200000000E+005    1.4376000000000E+004    1.4323100000000E+005
     420    4.3700000000000E+002    9.8562950000000E+006    1.1500000000000E+003    1.2773500000000E+005    1.4380000000000E+004    1.4326500000000E+005
     421    4.4700000000000E+002    9.8561720000000E+006    1.1580000000000E+003    1.2782800000000E+005    1.4392000000000E+004    1.4337800000000E+005
     422    4.0800000000000E+002    9.8561030000000E+006    1.1640000000000E+003    1.2792000000000E+005    1.4402000000000E+004    1.4348600000000E+005
     423    3.2300000000000E+002    9.8560680000000E+006    1.2010000000000E+003    1.2800100000000E+005    1.4404000000000E+004    1.4360600000000E+005
     424    2.9800000000000E+002    9.8559970000000E+006    1.2100000000000E+003    1.2808300000000E+005    1.4409000000000E+004    1.4370200000000E+005
     425    2.8600000000000E+002    9.8558860000000E+006    1.2150000000000E+003    1.2818900000000E+005    1.4421000000000E+004    1.4382500000000E+005
     426    3.3300000000000E+002    9.8557700000000E+006    1.2340000000000E+003    1.2822800000000E+005    1.4432000000000E+004    1.4389400000000E+005
     427    3.9100000000000E+002    9.8556770000000E+006    1.2390000000000E+003    1.2824100000000E+005    1.4449000000000E+004    1.4392900000000E+005
     428    4.3100000000000E+002    9.8555660000000E+006    1.2020000000000E+003    1.2833900000000E+005    1.4459000000000E+004    1.4400000000000E+005
     429    3.9400000000000E+002    9.8554920000000E+006    1.1940000000000E+003    1.2844600000000E+005    1.4471000000000E+004    1.4411100000000E+005
     430    3.0000000000000E+002    9.8554700000000E+006    1.2250000000000E+003    1.2852300000000E+005    1.4479000000000E+004    1.4422700000000E+005
     431    3.6700000000000E+002    9.8553100000000E+006    1.2210000000000E+003    1.2861700000000E+005    1.4482000000000E+004    1.4432000000000E+005
     432    3.5600000000000E+002    9.8552100000000E+006    1.2370000000000E+003    1.2870500000000E+005    1.4489000000000E+004    1.4443100000000E+005
     433    3.8800000000000E+002    9.8551040000000E+006    1.2780000000000E+003    1.2872600000000E+005    1.4501000000000E+004    1.4450500000000E+005
     434    5.0700000000000E+002    9.8549630000000E+006    1.2660000000000E+003    1.2874700000000E+005    1.4514000000000E+004    1.4452700000000E+005
     435    5.1100000000000E+002    9.8547990000000E+006    1.3130000000000E+003    1.2885200000000E+005    1.4522000000000E+004    1.4468700000000E+005
     436    4.4300000000000E+002    9.8547670000000E+006    1.3050000000000E+003    1.2894700000000E+005    1.4535000000000E+004    1.4478700000000E+005
     437    3.6300000000000E+002    9.8547410000000E+006    1.2910000000000E+003    1.2906000000000E+005    1.4542000000000E+004    1.4489300000000E+005
     438    4.0900000000000E+002    9.8545540000000E+006    1.3360000000000E+003    1.2915200000000E+005    1.4546000000000E+004    1.4503400000000E+005
     439    4.0600000000000E+002    9.8543930000000E+006    1.3770000000000E+003    1.2925800000000E+005    1.4563000000000E+004    1.4519800000000E+005
     440    4.6800000000000E+002    9.8542990000000E+006    1.3400000000000E+003    1.2931100000000E+005    1.4579000000000E+004    1.4523000000000E+005
     441    5.9600000000000E+002    9.8541450000000E+006    1.3310000000000E+003    1.2933200000000E+005    1.4593000000000E+004    1.4525600000000E+005
     442    5.3300000000000E+002    9.8540210000000E+006    1.4470000000000E+003    1.2938500000000E+005    1.4611000000000E+004    1.4544300000000E+005
     443    4.3300000000000E+002    9.8539600000000E+006    1.4970000000000E+003    1.2947800000000E+005    1.4629000000000E+004    1.4560400000000E+005
     444    3.8100000000000E+002    9.8539180000000E+006    1.4750000000000E+003    1.2958900000000E+005    1.4634000000000E+004    1.4569800000000E+005
     445    3.6100000000000E+002    9.8537840000000E+006    1.5360000000000E+003    1.2968100000000E+005    1.4635000000000E+004    1.4585200000000E+005
     446    3.8000000000000E+002    9.8536410000000E+006    1.5490000000000E+003    1.2977100000000E+005    1.4656000000000E+004    1.4597600000000E+005
     447    4.4500000000000E+002    9.8535150000000E+006    1.5360000000000E+003    1.2983600000000E+005    1.4665000000000E+004    1.4603700000000E+005
     448    5.5500000000000E+002    9.8533630000000E+006    1.5560000000000E+003    1.2985100000000E+005    1.4672000000000E+004    1.4607900000000E+005
     449    5.8000000000000E+002    9.8532040000000E+006    1.5300000000000E+003    1.2999600000000E+005    1.4687000000000E+004    1.4621300000000E+005
     450    5.0400000000000E+002    9.8531370000000E+006    1.5730000000000E+003    1.3008000000000E+005    1.4703000000000E+004    1.4635600000000E+005
     451    4.1700000000000E+002    9.8530980000000E+006    1.5930000000000E+003    1.3018100000000E+005    1.4708000000000E+004    1.4648200000000E+005
     452    4.7200000000000E+002    9.8528910000000E+006    1.6040000000000E+003    1.3032000000000E+005    1.4710000000000E+004    1.4663400000000E+005
     453    4.9300000000000E+002    9.8527110000000E+006    1.5990000000000E+003    1.3046800000000E+005    1.4726000000000E+004    1.4679300000000E+005
     454    5.6900000000000E+002    9.8525680000000E+006    1.6340000000000E+003    1.3048500000000E+005    1.4741000000000E+004    1.4686000000000E+005
     455    6.7200000000000E+002    9.8524260000000E+006    1.6470000000000E+003    1.3049700000000E+005    1.4755000000000E+004    1.4689900000000E+005
     456    5.9900000000000E+002    9.8522920000000E+006    1.6670000000000E+003    1.3066700000000E+005    1.4772000000000E+004    1.4710600000000E+005
     457    4.6000000000000E+002    9.8522510000000E+006    1.6860000000000E+003    1.3081900000000E+005    1.4781000000000E+004    1.4728600000000E+005
     458    3.4000000000000E+002    9.8522280000000E+006    1.7350000000000E+003    1.3090600000000E+005    1.4788000000000E+004    1.4742900000000E+005
     459    3.6500000000000E+002    9.8520610000000E+006    1.7230000000000E+003    1.3105600000000E+005    1.4792000000000E+004    1.4757100000000E+005
     460    3.9400000000000E+002    9.8518980000000E+006    1.7330000000000E+003    1.3115000000000E+005    1.4822000000000E+004    1.4770500000000E+005
     461    5.3800000000000E+002    9.8517130000000E+006    1.7130000000000E+003    1.3119600000000E+005    1.4837000000000E+004    1.4774600000000E+005
     462    6.6200000000000E+002    9.8515660000000E+006    1.6940000000000E+003    1.3122300000000E+005    1.4852000000000E+004    1.4776900000000E+005
     463    6.2200000000000E+002    9.8514390000000E+006    1.7270000000000E+003    1.3134200000000E+005    1.4867000000000E+004    1.4793600000000E+005
     464    5.3900000000000E+002    9.8513590000000E+006    1.7470000000000E+003    1.3147400000000E+005    1.4878000000000E+004    1.4809900000000E+005
     465    4.0900000000000E+002    9.8513040000000E+006    1.8060000000000E+003    1.3159600000000E+005    1.4882000000000E+004    1.4828400000000E+005
     466    4.8900000000000E+002    9.8510770000000E+006    1.8010000000000E+003    1.3174500000000E+005    1.4885000000000E+004    1.4843100000000E+005
     467    5.1100000000000E+002    9.8509280000000E+006    1.7690000000000E+003    1.3189000000000E+005    1.4899000000000E+004    1.4855800000000E+005
     468    6.4700000000000E+002    9.8507120000000E+006    1.7820000000000E+003    1.3194100000000E+005    1.4915000000000E+004    1.4863800000000E+005
     469    8.0600000000000E+002    9.8504980000000E+006    1.7980000000000E+003    1.3196300000000E+005    1.4932000000000E+004    1.4869300000000E+005
     470    7.6100000000000E+002    9.8503160000000E+006    1.8180000000000E+003    1.3216000000000E+005    1.4942000000000E+004    1.4892000000000E+005
     471    7.0300000000000E+002    9.8502250000000E+006    1.7870000000000E+003    1.3233100000000E+005    1.4951000000000E+004    1.4906900000000E+005
     472    5.4500000000000E+002    9.8501670000000E+006    1.8600000000000E+003    1.3246900000000E+005    1.4956000000000E+004    1.4928500000000E+005
     473    6.5300000000000E+002    9.8498450000000E+006    1.9320000000000E+003    1.3260600000000E+005    1.4961000000000E+004    1.4949900000000E+005
     474    7.4300000000000E+002    9.8495730000000E+006    1.9800000000000E+003    1.3272400000000E+005    1.4977000000000E+004    1.4968100000000E+005
     475    9.5100000000000E+002    9.8492740000000E+006    2.0300000000000E+003    1.3274600000000E+005    1.4996000000000E+004    1.4977200000000E+005
     476    1.2270000000000E+003    9.8489400000000E+006    2.0650000000000E+003    1.3275100000000E+005    1.5014000000000E+004    1.4983000000000E+005
     477    1.2130000000000E+003    9.8486320000000E+006    2.2200000000000E+003    1.3289200000000E+005    1.5040000000000E+004    1.5015200000000E+005
     478    1.1320000000000E+003    9.8484410000000E+006    2.3290000000000E+003    1.3303100000000E+005    1.5064000000000E+004    1.5042400000000E+005
     479    9.2000000000000E+002    9.8483540000000E+006    2.4430000000000E+003    1.3320600000000E+005    1.5074000000000E+004    1.5072300000000E+005
     480    9.8700000000000E+002    9.8479530000000E+006    2.6300000000000E+003    1.3334700000000E+005    1.5080000000000E+004    1.5105700000000E+005
     481    1.1050000000000E+003    9.8475270000000E+006    2.8110000000000E+003    1.3344200000000E+005    1.5112000000000E+004    1.5136500000000E+005
     482    1.3610000000000E+003    9.8470800000000E+006    2.9220000000000E+003    1.3349000000000E+005    1.5144000000000E+004    1.5155600000000E+005
     483    1.7180000000000E+003    9.8466360000000E+006    2.9540000000000E+003    1.3351800000000E+005    1.5171000000000E+004    1.5164300000000E+005
     484    1.8580000000000E+003    9.8460950000000E+006    3.1280000000000E+003    1.3370800000000E+005    1.5208000000000E+004    1.5204400000000E+005
     485    1.6720000000000E+003    9.8458550000000E+006    3.4050000000000E+003    1.3382100000000E+005    1.5244000000000E+004    1.5247000000000E+005
     486    1.3580000000000E+003    9.8457220000000E+006    3.6360000000000E+003    1.3401400000000E+005    1.5267000000000E+004    1.5291700000000E+005
     487    1.6990000000000E+003    9.8449370000000E+006    3.8660000000000E+003    1.3422500000000E+005    1.5270000000000E+004    1.5336100000000E+005
     488    1.8380000000000E+003    9.8442570000000E+006    4.2250000000000E+003    1.3436400000000E+005    1.5313000000000E+004    1.5390200000000E+005
     489    2.4490000000000E+003    9.8434060000000E+006    4.3740000000000E+003    1.3440900000000E+005    1.5359000000000E+004    1.5414200000000E+005
     490    3.2160000000000E+003    9.8425060000000E+006    4.4490000000000E+003    1.3441400000000E+005    1.5412000000000E+004    1.5427500000000E+005
     491    3.3740000000000E+003    9.8415630000000E+006    4.9120000000000E+003    1.3469100000000E+005    1.5457000000000E+004    1.5506000000000E+005
     492    3.0420000000000E+003    9.8412150000000E+006    5.3200000000000E+003    1.3491400000000E+005    1.5506000000000E+004    1.5574000000000E+005
     493    2.4820000000000E+003    9.8409240000000E+006    5.8720000000000E+003    1.3518500000000E+005    1.5534000000000E+004    1.5659100000000E+005
     494    2.6840000000000E+003    9.8398220000000E+006    6.4380000000000E+003    1.3549800000000E+005    1.5555000000000E+004    1.5749100000000E+005
     495    2.8210000000000E+003    9.8387420000000E+006    7.0730000000000E+003    1.3573600000000E+005    1.5625000000000E+004    1.5843400000000E+005
     496    3.5360000000000E+003    9.8376790000000E+006    7.2300000000000E+003    1.3585900000000E+005    1.5693000000000E+004    1.5878200000000E+005
     497    4.4530000000000E+003    9.8364710000000E+006    7.4340000000000E+003    1.3586800000000E+005    1.5771000000000E+004    1.5907300000000E+005
     498    4.6230000000000E+003    9.8351990000000E+006    8.1350000000000E+003    1.3617800000000E+005    1.5862000000000E+004    1.6017500000000E+005
     499    4.0690000000000E+003    9.8346730000000E+006    8.7890000000000E+003    1.3651800000000E+005    1.5948000000000E+004    1.6125500000000E+005
     500    3.4370000000000E+003    9.8342420000000E+006    9.4050000000000E+003    1.3692900000000E+005    1.5984000000000E+004    1.6231800000000E+005
     501    3.8080000000000E+003    9.8326630000000E+006    1.0169000000000E+004    1.3735000000000E+005    1.6007000000000E+004    1.6352600000000E+005
     502    4.2180000000000E+003    9.8309810000000E+006    1.0900000000000E+004    1.3778200000000E+005    1.6116000000000E+004    1.6479800000000E+005
     503    5.2190000000000E+003    9.8294540000000E+006    1.1186000000000E+004    1.3792600000000E+005    1.6212000000000E+004    1.6532400000000E+005
     504    6.1890000000000E+003    9.8280530000000E+006    1.1484000000000E+004    1.3794900000000E+005    1.6322000000000E+004    1.6575500000000E+005
     505    6.1860000000000E+003    9.8264770000000E+006    1.2278000000000E+004    1.3861400000000E+005    1.6442000000000E+004    1.6733400000000E+005
     506    5.1550000000000E+003    9.8258260000000E+006    1.3280000000000E+004    1.3915600000000E+005    1.6580000000000E+004    1.6901600000000E+005
     507    4.1910000000000E+003    9.8252630000000E+006    1.3956000000000E+004    1.3995500000000E+005    1.6632000000000E+004    1.7054300000000E+005
     508    4.8780000000000E+003    9.8231750000000E+006    1.4457000000000E+004    1.4080200000000E+005    1.6685000000000E+004    1.7194400000000E+005
     509    5.2510000000000E+003    9.8212260000000E+006    1.5090000000000E+004    1.4160500000000E+005    1.6825000000000E+004    1.7352000000000E+005
     510    6.4660000000000E+003    9.8193600000000E+006    1.5393000000000E+004    1.4177000000000E+005    1.7008000000000E+004    1.7417100000000E+005
     511    7.9770000000000E+003    9.8172860000000E+006    1.5665000000000E+004    1.4191600000000E+005    1.7153000000000E+004    1.7473400000000E+005
     512    7.8280000000000E+003    9.8153470000000E+006    1.6651000000000E+004    1.4288000000000E+005    1.7291000000000E+004    1.7682200000000E+005
     513    6.5780000000000E+003    9.8146480000000E+006    1.7520000000000E+004    1.4381100000000E+005    1.7440000000000E+004    1.7877100000000E+005
     514    5.3270000000000E+003    9.8140330000000E+006    1.8323000000000E+004    1.4481200000000E+005    1.7502000000000E+004    1.8063700000000E+005
     515    5.6640000000000E+003    9.8116220000000E+006    1.9189000000000E+004    1.4595700000000E+005    1.7565000000000E+004    1.8271100000000E+005
     516    6.1270000000000E+003    9.8092200000000E+006    1.9856000000000E+004    1.4701600000000E+005    1.7778000000000E+004    1.8465000000000E+005
     517    5.4280000000000E+003    9.8092200000000E+006    2.0029000000000E+004    1.4735900000000E+005    1.7961000000000E+004    1.8534900000000E+005
     518    4.8130000000000E+003    9.8092200000000E+006    2.0213000000000E+004    1.4760600000000E+005    1.8145000000000E+004    1.8596400000000E+005
     519    2.4020000000000E+003    9.8092200000000E+006    2.1045000000000E+004    1.4895900000000E+005    1.8371000000000E+004    1.8837500000000E+005
     520    0.0000000000000E+000    9.8092200000000E+006    2.1765000000000E+004    1.5044500000000E+005    1.8567000000000E+004    1.9077700000000E+005
     521    0.0000000000000E+000    9.8092200000000E+006    2.0238000000000E+004    1.5189600000000E+005    1.8643000000000E+004    1.9077700000000E+005
     522    0.0000000000000E+000    9.8092200000000E+006    1.8837000000000E+004    1.5323700000000E+005    1.8703000000000E+004    1.9077700000000E+005
     523    0.0000000000000E+000    9.8092200000000E+006    1.7261000000000E+004    1.5457900000000E+005    1.8937000000000E+004    1.9077700000000E+005
     524    0.0000000000000E+000    9.8092200000000E+006    1.6610000000000E+004    1.5501600000000E+005    1.9151000000000E+004    1.9077700000000E+005
     525    0.0000000000000E+000    9.8092200000000E+006    1.6047000000000E+004    1.5557900000000E+005    1.9151000000000E+004    1.9077700000000E+005
     526    0.0000000000000E+000    9.8092200000000E+006    1.3959000000000E+004    1.5766700000000E+005    1.9151000000000E+004    1.9077700000000E+005
     527    0.0000000000000E+000    9.8092200000000E+006    1.2010000000000E+004    1.5961600000000E+005    1.9151000000000E+004    1.9077700000000E+005
     528    0.0000000000000E+000    9.8092200000000E+006    1.0144000000000E+004    1.6148200000000E+005    1.9151000000000E+004    1.9077700000000E+005
     529    0.0000000000000E+000    9.8092200000000E+006    8.0700000000000E+003    1.6355600000000E+005    1.9151000000000E+004    1.9077700000000E+005
     530    0.0000000000000E+000    9.8092200000000E+006    6.1310000000000E+003    1.6549500000000E+005    1.9151000000000E+004    1.9077700000000E+005
     531    0.0000000000000E+000    9.8092200000000E+006    5.4320000000000E+003    1.6619400000000E+005    1.9151000000000E+004    1.9077700000000E+005
     532    0.0000000000000E+000    9.8092200000000E+006    4.8170000000000E+003    1.6680900000000E+005    1.9151000000000E+004    1.9077700000000E+005
     533    0.0000000000000E+000    9.8092200000000E+006    2.4060000000000E+003    1.6922000000000E+005    1.9151000000000E+004    1.9077700000000E+005
     534    0.0000000000000E+000    9.8092200000000E+006    4.0000000000000E+000    1.7162200000000E+005    1.9151000000000E+004    1.9077700000000E+005
     535    0.0000000000000E+000    9.8092200000000E+006    4.0000000000000E+000    1.7162200000000E+005    1.9151000000000E+004    1.9077700000000E+005
     536    0.0000000000000E+000    9.8092200000000E+006    4.0000000000000E+000    1.7162200000000E+005    1.9151000000000E+004    1.9077700000000E+005
     537    0.0000000000000E+000    9.8092200000000E+006    4.0000000000000E+000    1.7162200000000E+005    1.9151000000000E+004    1.9077700000000E+005
     538    0.0000000000000E+000    9.8092200000000E+006    4.0000000000000E+000    1.7162200000000E+005    1.9151000000000E+004    1.9077700000000E+005
     539    0.0000000000000E+000    9.8092200000000E+006    4.0000000000000E+000    1.7162200000000E+005    1.9151000000000E+004    1.9077700000000E+005
     540    0.0000000000000E+000    9.8092200000000E+006    4.0000000000000E+000    1.7162200000000E+005    1.9151000000000E+004    1.9077700000000E+005
