       1    0.0000000000000E+000    9.9999000000000E+005    1.0000000000000E+001    0.0000000000000E+000    0.0000000000000E+000    1.0000000000000E+001
       2    4.0000000000000E+000    9.9998600000000E+005    1.0000000000000E+001    0.0000000000000E+000    0.0000000000000E+000    1.0000000000000E+001
       3    4.0000000000000E+000    9.9998600000000E+005    1.0000000000000E+001    0.0000000000000E+000    0.0000000000000E+000    1.0000000000000E+001
       4    1.0000000000000E+001    9.9998000000000E+005    1.0000000000000E+001    0.0000000000000E+000    0.0000000000000E+000    1.0000000000000E+001
       5    1.1000000000000E+001    9.9997900000000E+005    1.0000000000000E+001   -1.0000000000000E+000    1.0000000000000E+000    1.0000000000000E+001
       6    1.2000000000000E+001    9.9997400000000E+005    1.4000000000000E+001   -1.0000000000000E+000    1.0000000000000E+000    1.4000000000000E+001
       7    1.2000000000000E+001    9.9997400000000E+005    1.4000000000000E+001   -1.0000000000000E+000    1.0000000000000E+000    1.4000000000000E+001
       8    8.0000000000000E+000    9.9997200000000E+005    2.0000000000000E+001   -1.0000000000000E+000    1.0000000000000E+000    2.0000000000000E+001
       9    3.3000000000000E+001    9.9994600000000E+005    2.1000000000000E+001   -1.0000000000000E+000    1.0000000000000E+000    2.1000000000000E+001
      10    2.9000000000000E+001    9.9994500000000E+005    2.6000000000000E+001   -2.0000000000000E+000    2.0000000000000E+000    2.6000000000000E+001
      11    3.9000000000000E+001    9.9993500000000E+005    2.6000000000000E+001   -2.0000000000000E+000    2.0000000000000E+000    2.6000000000000E+001
      12    4.2000000000000E+001    9.9993000000000E+005    2.8000000000000E+001   -2.0000000000000E+000    2.0000000000000E+000    2.8000000000000E+001
      13    2.2000000000000E+001    9.9992400000000E+005    5.4000000000000E+001   -2.0000000000000E+000    2.0000000000000E+000    5.4000000000000E+001
      14    3.5000000000000E+001    9.9991000000000E+005    5.5000000000000E+001   -2.0000000000000E+000    2.0000000000000E+000    5.5000000000000E+001
      15    3.4000000000000E+001    9.9990100000000E+005    6.5000000000000E+001   -2.0000000000000E+000    2.0000000000000E+000    6.5000000000000E+001
      16    4.3000000000000E+001    9.9988700000000E+005    7.0000000000000E+001   -3.0000000000000E+000    3.0000000000000E+000    7.0000000000000E+001
      17    4.7000000000000E+001    9.9987700000000E+005    7.6000000000000E+001   -5.0000000000000E+000    5.0000000000000E+000    7.6000000000000E+001
      18    3.9000000000000E+001    9.9987100000000E+005    8.0000000000000E+001    5.0000000000000E+000    5.0000000000000E+000    9.0000000000000E+001
      19    3.5000000000000E+001    9.9986600000000E+005    8.9000000000000E+001    3.0000000000000E+000    7.0000000000000E+000    9.9000000000000E+001
      20    3.6000000000000E+001    9.9985100000000E+005    9.9000000000000E+001    7.0000000000000E+000    7.0000000000000E+000    1.1300000000000E+002
      21    5.7000000000000E+001    9.9982000000000E+005    1.0900000000000E+002    6.0000000000000E+000    8.0000000000000E+000    1.2300000000000E+002
      22    9.4000000000000E+001    9.9977700000000E+005    1.0900000000000E+002    1.2000000000000E+001    8.0000000000000E+000    1.2900000000000E+002
      23    1.2500000000000E+002    9.9974100000000E+005    1.1300000000000E+002    1.1000000000000E+001    1.0000000000000E+001    1.3400000000000E+002
      24    1.2900000000000E+002    9.9972200000000E+005    1.2300000000000E+002    1.4000000000000E+001    1.2000000000000E+001    1.4900000000000E+002
      25    1.3000000000000E+002    9.9969000000000E+005    1.5400000000000E+002    1.4000000000000E+001    1.2000000000000E+001    1.8000000000000E+002
      26    1.4600000000000E+002    9.9963100000000E+005    1.9500000000000E+002    1.5000000000000E+001    1.3000000000000E+001    2.2300000000000E+002
      27    1.4700000000000E+002    9.9959400000000E+005    2.0500000000000E+002    4.1000000000000E+001    1.3000000000000E+001    2.5900000000000E+002
      28    1.6900000000000E+002    9.9955300000000E+005    2.2300000000000E+002    3.9000000000000E+001    1.6000000000000E+001    2.7800000000000E+002
      29    1.7800000000000E+002    9.9951200000000E+005    2.4500000000000E+002    4.6000000000000E+001    1.9000000000000E+001    3.1000000000000E+002
      30    1.9600000000000E+002    9.9943500000000E+005    2.9900000000000E+002    4.6000000000000E+001    2.4000000000000E+001    3.6900000000000E+002
      31    2.2600000000000E+002    9.9936800000000E+005    3.3000000000000E+002    4.6000000000000E+001    3.0000000000000E+001    4.0600000000000E+002
      32    2.6200000000000E+002    9.9929100000000E+005    3.5700000000000E+002    6.0000000000000E+001    3.0000000000000E+001    4.4700000000000E+002
      33    4.5400000000000E+002    9.9905800000000E+005    3.8900000000000E+002    6.9000000000000E+001    3.0000000000000E+001    4.8800000000000E+002
      34    4.8300000000000E+002    9.9895200000000E+005    4.5200000000000E+002    7.9000000000000E+001    3.4000000000000E+001    5.6500000000000E+002
      35    5.5200000000000E+002    9.9881600000000E+005    5.0900000000000E+002    8.7000000000000E+001    3.6000000000000E+001    6.3200000000000E+002
      36    5.8200000000000E+002    9.9870900000000E+005    5.8000000000000E+002    8.9000000000000E+001    4.0000000000000E+001    7.0900000000000E+002
      37    5.3500000000000E+002    9.9852300000000E+005    8.0800000000000E+002    9.0000000000000E+001    4.4000000000000E+001    9.4200000000000E+002
      38    6.2600000000000E+002    9.9832600000000E+005    8.9900000000000E+002    9.9000000000000E+001    5.0000000000000E+001    1.0480000000000E+003
      39    8.2000000000000E+002    9.9799600000000E+005    1.0040000000000E+003    1.2200000000000E+002    5.8000000000000E+001    1.1840000000000E+003
      40    9.9600000000000E+002    9.9771300000000E+005    1.0680000000000E+003    1.5500000000000E+002    6.8000000000000E+001    1.2910000000000E+003
      41    1.0640000000000E+003    9.9745900000000E+005    1.2180000000000E+003    1.7000000000000E+002    8.9000000000000E+001    1.4770000000000E+003
      42    1.1750000000000E+003    9.9715100000000E+005    1.3960000000000E+003    1.8100000000000E+002    9.7000000000000E+001    1.6740000000000E+003
      43    1.2270000000000E+003    9.9676900000000E+005    1.6940000000000E+003    1.9900000000000E+002    1.1100000000000E+002    2.0040000000000E+003
      44    1.5260000000000E+003    9.9618700000000E+005    1.9180000000000E+003    2.4300000000000E+002    1.2600000000000E+002    2.2870000000000E+003
      45    1.7800000000000E+003    9.9567900000000E+005    2.1350000000000E+003    2.6400000000000E+002    1.4200000000000E+002    2.5410000000000E+003
      46    2.1020000000000E+003    9.9504900000000E+005    2.4020000000000E+003    2.8700000000000E+002    1.6000000000000E+002    2.8490000000000E+003
      47    2.3690000000000E+003    9.9440000000000E+005    2.7430000000000E+003    2.9800000000000E+002    1.9000000000000E+002    3.2310000000000E+003
      48    2.5790000000000E+003    9.9360800000000E+005    3.2480000000000E+003    3.4600000000000E+002    2.1900000000000E+002    3.8130000000000E+003
      49    2.9760000000000E+003    9.9270300000000E+005    3.6890000000000E+003    3.9200000000000E+002    2.4000000000000E+002    4.3210000000000E+003
      50    3.4630000000000E+003    9.9158600000000E+005    4.2420000000000E+003    4.3100000000000E+002    2.7800000000000E+002    4.9510000000000E+003
      51    4.2020000000000E+003    9.9019800000000E+005    4.6580000000000E+003    6.2600000000000E+002    3.1600000000000E+002    5.6000000000000E+003
      52    4.9920000000000E+003    9.8861600000000E+005    5.3440000000000E+003    6.8000000000000E+002    3.6800000000000E+002    6.3920000000000E+003
      53    5.6870000000000E+003    9.8701600000000E+005    6.1130000000000E+003    7.4600000000000E+002    4.3800000000000E+002    7.2970000000000E+003
      54    6.6390000000000E+003    9.8494700000000E+005    7.1230000000000E+003    7.8700000000000E+002    5.0400000000000E+002    8.4140000000000E+003
      55    7.1280000000000E+003    9.8307000000000E+005    8.3250000000000E+003    9.0500000000000E+002    5.7200000000000E+002    9.8020000000000E+003
      56    7.7660000000000E+003    9.8085000000000E+005    9.7100000000000E+003    1.0160000000000E+003    6.5800000000000E+002    1.1384000000000E+004
      57    9.3560000000000E+003    9.7766000000000E+005    1.0980000000000E+004    1.2470000000000E+003    7.5700000000000E+002    1.2984000000000E+004
      58    1.0324000000000E+004    9.7462300000000E+005    1.2766000000000E+004    1.4140000000000E+003    8.7300000000000E+002    1.5053000000000E+004
      59    1.2226000000000E+004    9.7084400000000E+005    1.4389000000000E+004    1.5410000000000E+003    1.0000000000000E+003    1.6930000000000E+004
      60    1.3969000000000E+004    9.6688100000000E+005    1.6301000000000E+004    1.6900000000000E+003    1.1590000000000E+003    1.9150000000000E+004
      61    1.5891000000000E+004    9.6176900000000E+005    1.9109000000000E+004    1.9110000000000E+003    1.3200000000000E+003    2.2340000000000E+004
      62    1.7628000000000E+004    9.5699500000000E+005    2.1564000000000E+004    2.3090000000000E+003    1.5040000000000E+003    2.5377000000000E+004
      63    1.9515000000000E+004    9.5132900000000E+005    2.4835000000000E+004    2.6500000000000E+003    1.6710000000000E+003    2.9156000000000E+004
      64    2.1971000000000E+004    9.4491000000000E+005    2.8168000000000E+004    3.0380000000000E+003    1.9130000000000E+003    3.3119000000000E+004
      65    2.3989000000000E+004    9.3778000000000E+005    3.2631000000000E+004    3.3550000000000E+003    2.2450000000000E+003    3.8231000000000E+004
      66    2.7860000000000E+004    9.2913500000000E+005    3.6613000000000E+004    3.8540000000000E+003    2.5380000000000E+003    4.3005000000000E+004
      67    3.1611000000000E+004    9.1971800000000E+005    4.1374000000000E+004    4.3950000000000E+003    2.9020000000000E+003    4.8671000000000E+004
      68    3.5863000000000E+004    9.0904700000000E+005    4.6676000000000E+004    5.0920000000000E+003    3.3220000000000E+003    5.5090000000000E+004
      69    4.0321000000000E+004    8.9745900000000E+005    5.2418000000000E+004    5.9860000000000E+003    3.8160000000000E+003    6.2220000000000E+004
      70    4.4945000000000E+004    8.8419000000000E+005    5.9481000000000E+004    7.0780000000000E+003    4.3060000000000E+003    7.0865000000000E+004
      71    4.9880000000000E+004    8.6983800000000E+005    6.7298000000000E+004    8.0990000000000E+003    4.8850000000000E+003    8.0282000000000E+004
      72    5.5027000000000E+004    8.5402000000000E+005    7.5900000000000E+004    9.5300000000000E+003    5.5230000000000E+003    9.0953000000000E+004
      73    6.2137000000000E+004    8.3532200000000E+005    8.5611000000000E+004    1.0687000000000E+004    6.2430000000000E+003    1.0254100000000E+005
      74    6.8752000000000E+004    8.1543800000000E+005    9.6660000000000E+004    1.2004000000000E+004    7.1460000000000E+003    1.1581000000000E+005
      75    7.5014000000000E+004    7.9482400000000E+005    1.0782200000000E+005    1.4206000000000E+004    8.1340000000000E+003    1.3016200000000E+005
      76    8.1292000000000E+004    7.7272800000000E+005    1.2060300000000E+005    1.6108000000000E+004    9.2690000000000E+003    1.4598000000000E+005
      77    8.5777000000000E+004    7.4954500000000E+005    1.3552200000000E+005    1.8784000000000E+004    1.0372000000000E+004    1.6467800000000E+005
      78    9.1621000000000E+004    7.2381700000000E+005    1.5144300000000E+005    2.1397000000000E+004    1.1722000000000E+004    1.8456200000000E+005
      79    9.7336000000000E+004    6.9748800000000E+005    1.6694500000000E+005    2.5120000000000E+004    1.3111000000000E+004    2.0517600000000E+005
      80    1.0242500000000E+005    6.7030300000000E+005    1.8426700000000E+005    2.8312000000000E+004    1.4693000000000E+004    2.2727200000000E+005
      81    1.0757500000000E+005    6.4197000000000E+005    2.0178400000000E+005    3.2110000000000E+004    1.6561000000000E+004    2.5045500000000E+005
      82    1.1083400000000E+005    6.1298300000000E+005    2.2109300000000E+005    3.6497000000000E+004    1.8593000000000E+004    2.7618300000000E+005
      83    1.1245200000000E+005    5.8503600000000E+005    2.4029200000000E+005    4.1557000000000E+004    2.0663000000000E+004    3.0251200000000E+005
      84    1.1300400000000E+005    5.5729900000000E+005    2.5883200000000E+005    4.8040000000000E+004    2.2825000000000E+004    3.2969700000000E+005
      85    1.1185300000000E+005    5.3011700000000E+005    2.7774800000000E+005    5.5166000000000E+004    2.5116000000000E+004    3.5803000000000E+005
      86    1.0905500000000E+005    5.0392800000000E+005    2.9606400000000E+005    6.3269000000000E+004    2.7684000000000E+004    3.8701700000000E+005
      87    1.0672900000000E+005    4.7830700000000E+005    3.1242300000000E+005    7.2219000000000E+004    3.0322000000000E+004    4.1496400000000E+005
      88    1.0241000000000E+005    4.5488900000000E+005    3.2689100000000E+005    8.2784000000000E+004    3.3026000000000E+004    4.4270100000000E+005
      89    9.8016000000000E+004    4.3210100000000E+005    3.3972100000000E+005    9.4268000000000E+004    3.5894000000000E+004    4.6988300000000E+005
      90    9.3492000000000E+004    4.1043600000000E+005    3.5009200000000E+005    1.0723300000000E+005    3.8747000000000E+004    4.9607200000000E+005
      91    8.7479000000000E+004    3.9082800000000E+005    3.5701500000000E+005    1.2309100000000E+005    4.1587000000000E+004    5.2169300000000E+005
      92    8.1746000000000E+004    3.7314300000000E+005    3.6054900000000E+005    1.4015900000000E+005    4.4403000000000E+004    5.4511100000000E+005
      93    7.5670000000000E+004    3.5643100000000E+005    3.6272300000000E+005    1.5805500000000E+005    4.7121000000000E+004    5.6789900000000E+005
      94    6.9467000000000E+004    3.4096900000000E+005    3.6229200000000E+005    1.7755000000000E+005    4.9722000000000E+004    5.8956400000000E+005
      95    6.3753000000000E+004    3.2707500000000E+005    3.5871700000000E+005    1.9814100000000E+005    5.2314000000000E+004    6.0917200000000E+005
      96    5.8520000000000E+004    3.1462300000000E+005    3.5067400000000E+005    2.2151300000000E+005    5.4670000000000E+004    6.2685700000000E+005
      97    5.3670000000000E+004    3.0276100000000E+005    3.4105700000000E+005    2.4556900000000E+005    5.6943000000000E+004    6.4356900000000E+005
      98    4.8879000000000E+004    2.9209000000000E+005    3.2933400000000E+005    2.7059200000000E+005    5.9105000000000E+004    6.5903100000000E+005
      99    4.4765000000000E+004    2.8231000000000E+005    3.1489500000000E+005    2.9699300000000E+005    6.1037000000000E+004    6.7292500000000E+005
     100    4.1232000000000E+004    2.7339100000000E+005    2.9836000000000E+005    3.2424000000000E+005    6.2777000000000E+004    6.8537700000000E+005
     101    3.7591000000000E+004    2.6517000000000E+005    2.8227500000000E+005    3.5058200000000E+005    6.4382000000000E+004    6.9723900000000E+005
     102    3.4211000000000E+004    2.5787900000000E+005    2.6520900000000E+005    3.7676300000000E+005    6.5938000000000E+004    7.0791000000000E+005
     103    3.1050000000000E+004    2.5126000000000E+005    2.4780700000000E+005    4.0257900000000E+005    6.7304000000000E+004    7.1769000000000E+005
     104    2.7866000000000E+004    2.4552500000000E+005    2.3053700000000E+005    4.2757100000000E+005    6.8501000000000E+004    7.2660900000000E+005
     105    2.4964000000000E+004    2.4020600000000E+005    2.1313700000000E+005    4.5196900000000E+005    6.9724000000000E+004    7.3483000000000E+005
     106    2.2472000000000E+004    2.3540700000000E+005    1.9701000000000E+005    4.7437500000000E+005    7.0736000000000E+004    7.4212100000000E+005
     107    2.0076000000000E+004    2.3118400000000E+005    1.8084100000000E+005    4.9618300000000E+005    7.1716000000000E+004    7.4874000000000E+005
     108    1.8145000000000E+004    2.2738000000000E+005    1.6491100000000E+005    5.1693100000000E+005    7.2633000000000E+004    7.5447500000000E+005
     109    1.6134000000000E+004    2.2407200000000E+005    1.5062200000000E+005    5.3574800000000E+005    7.3424000000000E+004    7.5979400000000E+005
     110    1.4370000000000E+004    2.2103700000000E+005    1.3773600000000E+005    5.5270200000000E+005    7.4155000000000E+004    7.6459300000000E+005
     111    1.2956000000000E+004    2.1822800000000E+005    1.2524700000000E+005    5.6877400000000E+005    7.4795000000000E+004    7.6881600000000E+005
     112    1.1443000000000E+004    2.1593700000000E+005    1.1358900000000E+005    5.8366000000000E+005    7.5371000000000E+004    7.7262000000000E+005
     113    1.0333000000000E+004    2.1373900000000E+005    1.0300300000000E+005    5.9703900000000E+005    7.5886000000000E+004    7.7592800000000E+005
     114    9.2090000000000E+003    2.1182800000000E+005    9.3586000000000E+004    6.0899800000000E+005    7.6379000000000E+004    7.7896300000000E+005
     115    8.2510000000000E+003    2.0997700000000E+005    8.4533000000000E+004    6.2046900000000E+005    7.6770000000000E+004    7.8177200000000E+005
     116    7.5130000000000E+003    2.0842400000000E+005    7.6153000000000E+004    6.3073200000000E+005    7.7178000000000E+004    7.8406300000000E+005
     117    6.7210000000000E+003    2.0701800000000E+005    6.8571000000000E+004    6.4018600000000E+005    7.7504000000000E+004    7.8626100000000E+005
     118    6.0590000000000E+003    2.0576900000000E+005    6.1563000000000E+004    6.4880500000000E+005    7.7804000000000E+004    7.8817200000000E+005
     119    5.3130000000000E+003    2.0466400000000E+005    5.5193000000000E+004    6.5674000000000E+005    7.8090000000000E+004    7.9002300000000E+005
     120    4.7260000000000E+003    2.0369800000000E+005    4.9455000000000E+004    6.6380500000000E+005    7.8316000000000E+004    7.9157600000000E+005
     121    4.2850000000000E+003    2.0273300000000E+005    4.4242000000000E+004    6.7019400000000E+005    7.8546000000000E+004    7.9298200000000E+005
     122    3.8190000000000E+003    2.0195000000000E+005    3.9756000000000E+004    6.7573300000000E+005    7.8742000000000E+004    7.9423100000000E+005
     123    3.3890000000000E+003    2.0127500000000E+005    3.5542000000000E+004    6.8087400000000E+005    7.8920000000000E+004    7.9533600000000E+005
     124    3.0450000000000E+003    2.0065300000000E+005    3.1709000000000E+004    6.8550700000000E+005    7.9086000000000E+004    7.9630200000000E+005
     125    2.6580000000000E+003    2.0007500000000E+005    2.8451000000000E+004    6.8958800000000E+005    7.9228000000000E+004    7.9726700000000E+005
     126    2.4290000000000E+003    1.9952100000000E+005    2.5430000000000E+004    6.9327200000000E+005    7.9348000000000E+004    7.9805000000000E+005
     127    2.1810000000000E+003    1.9909400000000E+005    2.2797000000000E+004    6.9647000000000E+005    7.9458000000000E+004    7.9872500000000E+005
     128    1.9070000000000E+003    1.9874600000000E+005    2.0384000000000E+004    6.9941400000000E+005    7.9549000000000E+004    7.9934700000000E+005
     129    1.6840000000000E+003    1.9839100000000E+005    1.8153000000000E+004    7.0212000000000E+005    7.9652000000000E+004    7.9992500000000E+005
     130    1.4050000000000E+003    1.9811600000000E+005    1.6416000000000E+004    7.0432900000000E+005    7.9734000000000E+004    8.0047900000000E+005
     131    1.2760000000000E+003    1.9781800000000E+005    1.4645000000000E+004    7.0646200000000E+005    7.9799000000000E+004    8.0090600000000E+005
     132    1.1820000000000E+003    1.9756400000000E+005    1.3082000000000E+004    7.0830700000000E+005    7.9865000000000E+004    8.0125400000000E+005
     133    1.0310000000000E+003    1.9736000000000E+005    1.1586000000000E+004    7.1009600000000E+005    7.9927000000000E+004    8.0160900000000E+005
     134    9.4500000000000E+002    1.9717100000000E+005    1.0308000000000E+004    7.1159800000000E+005    7.9978000000000E+004    8.0188400000000E+005
     135    8.5000000000000E+002    1.9696800000000E+005    9.2000000000000E+003    7.1296000000000E+005    8.0022000000000E+004    8.0218200000000E+005
     136    7.3000000000000E+002    1.9683400000000E+005    8.2050000000000E+003    7.1417700000000E+005    8.0054000000000E+004    8.0243600000000E+005
     137    6.7300000000000E+002    1.9668700000000E+005    7.3040000000000E+003    7.1524100000000E+005    8.0095000000000E+004    8.0264000000000E+005
     138    6.1200000000000E+002    1.9655900000000E+005    6.5270000000000E+003    7.1617700000000E+005    8.0125000000000E+004    8.0282900000000E+005
     139    5.2500000000000E+002    1.9644300000000E+005    5.7650000000000E+003    7.1711700000000E+005    8.0150000000000E+004    8.0303200000000E+005
     140    5.0800000000000E+002    1.9632600000000E+005    5.1160000000000E+003    7.1788100000000E+005    8.0169000000000E+004    8.0316600000000E+005
     141    4.6000000000000E+002    1.9622700000000E+005    4.5880000000000E+003    7.1853600000000E+005    8.0189000000000E+004    8.0331300000000E+005
     142    4.0700000000000E+002    1.9615200000000E+005    4.0940000000000E+003    7.1913800000000E+005    8.0209000000000E+004    8.0344100000000E+005
     143    3.5700000000000E+002    1.9608600000000E+005    3.6320000000000E+003    7.1969500000000E+005    8.0230000000000E+004    8.0355700000000E+005
     144    3.0800000000000E+002    1.9601800000000E+005    3.1950000000000E+003    7.2023700000000E+005    8.0242000000000E+004    8.0367400000000E+005
     145    2.7000000000000E+002    1.9595700000000E+005    2.8670000000000E+003    7.2064800000000E+005    8.0258000000000E+004    8.0377300000000E+005
     146    2.4800000000000E+002    1.9590400000000E+005    2.5940000000000E+003    7.2097800000000E+005    8.0276000000000E+004    8.0384800000000E+005
     147    2.3500000000000E+002    1.9585100000000E+005    2.3050000000000E+003    7.2131400000000E+005    8.0295000000000E+004    8.0391400000000E+005
     148    2.1700000000000E+002    1.9580100000000E+005    2.0980000000000E+003    7.2158100000000E+005    8.0303000000000E+004    8.0398200000000E+005
     149    1.9600000000000E+002    1.9576100000000E+005    1.8610000000000E+003    7.2187100000000E+005    8.0311000000000E+004    8.0404300000000E+005
     150    1.7400000000000E+002    1.9573000000000E+005    1.6600000000000E+003    7.2212100000000E+005    8.0315000000000E+004    8.0409600000000E+005
     151    1.5500000000000E+002    1.9569600000000E+005    1.5090000000000E+003    7.2232200000000E+005    8.0318000000000E+004    8.0414900000000E+005
     152    1.2600000000000E+002    1.9567500000000E+005    1.3700000000000E+003    7.2250700000000E+005    8.0322000000000E+004    8.0419900000000E+005
     153    1.0200000000000E+002    1.9565900000000E+005    1.2070000000000E+003    7.2270600000000E+005    8.0326000000000E+004    8.0423900000000E+005
     154    9.6000000000000E+001    1.9563400000000E+005    1.1040000000000E+003    7.2283700000000E+005    8.0329000000000E+004    8.0427000000000E+005
     155    7.5000000000000E+001    1.9562100000000E+005    9.9100000000000E+002    7.2297900000000E+005    8.0334000000000E+004    8.0430400000000E+005
     156    7.2000000000000E+001    1.9560300000000E+005    8.8400000000000E+002    7.2310300000000E+005    8.0338000000000E+004    8.0432500000000E+005
     157    6.4000000000000E+001    1.9559500000000E+005    7.8400000000000E+002    7.2321500000000E+005    8.0342000000000E+004    8.0434100000000E+005
     158    5.0000000000000E+001    1.9558400000000E+005    6.9200000000000E+002    7.2332900000000E+005    8.0345000000000E+004    8.0436600000000E+005
     159    5.0000000000000E+001    1.9557100000000E+005    6.0600000000000E+002    7.2342500000000E+005    8.0348000000000E+004    8.0437900000000E+005
     160    3.7000000000000E+001    1.9556600000000E+005    5.4900000000000E+002    7.2349600000000E+005    8.0352000000000E+004    8.0439700000000E+005
     161    3.9000000000000E+001    1.9555600000000E+005    4.9100000000000E+002    7.2356100000000E+005    8.0353000000000E+004    8.0440500000000E+005
     162    3.9000000000000E+001    1.9554500000000E+005    4.3400000000000E+002    7.2362700000000E+005    8.0355000000000E+004    8.0441600000000E+005
     163    2.9000000000000E+001    1.9554200000000E+005    3.8600000000000E+002    7.2368800000000E+005    8.0355000000000E+004    8.0442900000000E+005
     164    3.5000000000000E+001    1.9553100000000E+005    3.3800000000000E+002    7.2373800000000E+005    8.0358000000000E+004    8.0443400000000E+005
     165    3.2000000000000E+001    1.9552400000000E+005    2.9500000000000E+002    7.2379100000000E+005    8.0358000000000E+004    8.0444400000000E+005
     166    2.6000000000000E+001    1.9551900000000E+005    2.5600000000000E+002    7.2383800000000E+005    8.0361000000000E+004    8.0445500000000E+005
     167    2.7000000000000E+001    1.9551500000000E+005    2.1900000000000E+002    7.2387800000000E+005    8.0361000000000E+004    8.0445800000000E+005
     168    1.9000000000000E+001    1.9551200000000E+005    1.9900000000000E+002    7.2390900000000E+005    8.0361000000000E+004    8.0446900000000E+005
     169    1.4000000000000E+001    1.9551000000000E+005    1.7200000000000E+002    7.2394200000000E+005    8.0362000000000E+004    8.0447600000000E+005
     170    1.1000000000000E+001    1.9550800000000E+005    1.5600000000000E+002    7.2396000000000E+005    8.0365000000000E+004    8.0448100000000E+005
     171    1.2000000000000E+001    1.9550300000000E+005    1.4400000000000E+002    7.2397600000000E+005    8.0365000000000E+004    8.0448500000000E+005
     172    1.3000000000000E+001    1.9549900000000E+005    1.2200000000000E+002    7.2399900000000E+005    8.0367000000000E+004    8.0448800000000E+005
     173    1.3000000000000E+001    1.9549700000000E+005    1.1100000000000E+002    7.2401200000000E+005    8.0367000000000E+004    8.0449000000000E+005
     174    1.1000000000000E+001    1.9549700000000E+005    9.5000000000000E+001    7.2402900000000E+005    8.0368000000000E+004    8.0449200000000E+005
     175    1.1000000000000E+001    1.9549200000000E+005    9.2000000000000E+001    7.2403600000000E+005    8.0369000000000E+004    8.0449700000000E+005
     176    7.0000000000000E+000    1.9549200000000E+005    8.5000000000000E+001    7.2404700000000E+005    8.0369000000000E+004    8.0450100000000E+005
     177    7.0000000000000E+000    1.9549000000000E+005    7.4000000000000E+001    7.2406000000000E+005    8.0369000000000E+004    8.0450300000000E+005
     178    1.0000000000000E+001    1.9548700000000E+005    6.9000000000000E+001    7.2406500000000E+005    8.0369000000000E+004    8.0450300000000E+005
     179    5.0000000000000E+000    1.9548700000000E+005    6.4000000000000E+001    7.2407300000000E+005    8.0371000000000E+004    8.0450800000000E+005
     180    8.0000000000000E+000    1.9548400000000E+005    5.3000000000000E+001    7.2408400000000E+005    8.0371000000000E+004    8.0450800000000E+005
     181    9.0000000000000E+000    1.9548100000000E+005    5.2000000000000E+001    7.2408700000000E+005    8.0371000000000E+004    8.0451000000000E+005
     182    8.0000000000000E+000    1.9547900000000E+005    4.4000000000000E+001    7.2409800000000E+005    8.0371000000000E+004    8.0451300000000E+005
     183    9.0000000000000E+000    1.9547800000000E+005    3.7000000000000E+001    7.2410500000000E+005    8.0371000000000E+004    8.0451300000000E+005
     184    7.0000000000000E+000    1.9547700000000E+005    3.5000000000000E+001    7.2411000000000E+005    8.0371000000000E+004    8.0451600000000E+005
     185    4.0000000000000E+000    1.9547700000000E+005    3.4000000000000E+001    7.2411300000000E+005    8.0372000000000E+004    8.0451900000000E+005
     186    2.0000000000000E+000    1.9547700000000E+005    3.3000000000000E+001    7.2411600000000E+005    8.0372000000000E+004    8.0452100000000E+005
     187    1.0000000000000E+000    1.9547700000000E+005    3.2000000000000E+001    7.2411800000000E+005    8.0372000000000E+004    8.0452200000000E+005
     188    0.0000000000000E+000    1.9547700000000E+005    3.1000000000000E+001    7.2412000000000E+005    8.0372000000000E+004    8.0452300000000E+005
     189    0.0000000000000E+000    1.9547700000000E+005    2.6000000000000E+001    7.2412500000000E+005    8.0372000000000E+004    8.0452300000000E+005
     190    1.0000000000000E+000    1.9547600000000E+005    2.2000000000000E+001    7.2412900000000E+005    8.0372000000000E+004    8.0452300000000E+005
     191    2.0000000000000E+000    1.9547500000000E+005    2.0000000000000E+001    7.2413100000000E+005    8.0372000000000E+004    8.0452300000000E+005
     192    2.0000000000000E+000    1.9547500000000E+005    2.0000000000000E+001    7.2413100000000E+005    8.0372000000000E+004    8.0452300000000E+005
     193    3.0000000000000E+000    1.9547400000000E+005    1.5000000000000E+001    7.2413600000000E+005    8.0372000000000E+004    8.0452300000000E+005
     194    2.0000000000000E+000    1.9547400000000E+005    1.6000000000000E+001    7.2413600000000E+005    8.0372000000000E+004    8.0452400000000E+005
     195    1.0000000000000E+000    1.9547400000000E+005    1.5000000000000E+001    7.2413800000000E+005    8.0372000000000E+004    8.0452500000000E+005
     196    1.0000000000000E+000    1.9547400000000E+005    1.2000000000000E+001    7.2414100000000E+005    8.0372000000000E+004    8.0452500000000E+005
     197    0.0000000000000E+000    1.9547400000000E+005    1.3000000000000E+001    7.2414100000000E+005    8.0372000000000E+004    8.0452600000000E+005
     198    0.0000000000000E+000    1.9547400000000E+005    1.0000000000000E+001    7.2414300000000E+005    8.0373000000000E+004    8.0452600000000E+005
     199    0.0000000000000E+000    1.9547400000000E+005    7.0000000000000E+000    7.2414600000000E+005    8.0373000000000E+004    8.0452600000000E+005
     200    0.0000000000000E+000    1.9547400000000E+005    5.0000000000000E+000    7.2414800000000E+005    8.0373000000000E+004    8.0452600000000E+005
