         1         0         0         0        13         0         0
         2         2         0         0        13         0         0
         3         3         0         0        13         0         0
         4         2         0         0        13         0         0
         5         3         0         0        13         0         0
         6         4         2         0        13         0         0
         7         1         3         0        15         0         1
         8         3         2         0        18         0         1
         9         3         3         0        20         0         2
        10         8         4         0        23         0         1
        11         5         1         0        27         1         0
        12         4         3         0        28         1         0
        13         3         3         0        31         2         1
        14         6         8         0        34         1         0
        15         2         5         0        42         0         2
        16         6         4         0        47         0         0
        17         5         3         0        51         1         0
        18        10         6        13        54         0         2
        19         6         2         0        47         2         0
        20         3         6         2        49         0         0
        21         8         5         3        53         0         0
        22         3        10         2        55         2         2
        23         7         6         3        63         0         0
        24        13         3         4        66         0         1
        25         6         8         1        65         0         0
        26         7         3         3        72         2         0
        27         0         7         3        72         0         1
        28        11        13         8        76         1         2
        29         7         6         5        81         0         1
        30         3         7         4        82         0         0
        31        10         0         3        85         1         0
        32        11        11         6        82         2         1
        33        14         7         2        87         1         1
        34        12         3         6        92         0         0
        35         6        10         5        89         0         0
        36        10        11        10        94         1         0
        37        13        14         6        95         1         2
        38        15        12         3       103         0         2
        39         7         6         8       112         0         1
        40         4        10         3       110         0         0
        41         6        13         7       117         2         3
        42        17        15        13       123         2         1
        43        16         7         6       125         1         0
        44        10         4         7       126         0         1
        45        13         6         0       123         3         0
        46        11        17        11       129         1         1
        47        16        16         7       135         0         2
        48        14        10         3       144         1         1
        49        19        13        10       151         0         2
        50        11        11        11       154         1         1
        51        25        16        14       154         2         3
        52        14        14        12       156         1         2
        53        17        19         6       158         2         5
        54        18        11        10       171         1         2
        55        21        25        13       172         3         2
        56        28        14        15       184         2         0
        57        14        17         7       183         5         2
        58        29        18         4       193         2         1
        59        20        21         6       207         2         2
        60        26        28        17       222         0         2
        61        24        14        16       233         2         3
        62        26        29        10       231         1         4
        63        24        20        13       250         2         1
        64        26        26        11       257         2         2
        65        25        24        16       272         3         4
        66        15        26        14       280         4         2
        67        17        24        19       292         1         1
        68        24        26        11       297         2         7
        69        20        25        25       312         4         1
        70        26        15        14       312         2         0
        71        18        17        17       313         1         3
        72        26        24        18       313         7         3
        73        19        20        21       319         1         2
        74        16        26        28       318         0         4
        75        19        18        14       316         3         1
        76        24        26        29       320         3         3
        77        21        19        20       317         2         2
        78        38        16        26       316         4         1
        79        14        19        24       306         1         0
        80        22        24        26       301         3         1
        81        24        21        24       299         2         2
        82        27        38        26       296         1         1
        83        23        14        25       308         0         1
        84        23        22        15       297         1         1
        85        27        24        17       304         2         4
        86        21        27        24       311         1         4
        87        30        23        20       314         1         2
        88        21        23        26       317         1         1
        89        19        27        18       314         4         3
        90        31        21        26       323         4         2
        91        27        30        19       318         2         1
        92        29        21        16       329         1         2
        93        31        19        19       334         3         2
        94        23        31        24       334         2         5
        95        36        27        21       341         1         4
        96        28        29        38       347         2         1
        97        29        31        14       338         2         4
        98        26        23        22       355         5         3
        99        27        36        24       356         4         3
       100        27        28        27       368         1         2
       101        32        29        23       369         4         5
       102        33        26        23       375         3         2
       103        20        27        27       378         3         2
       104        33        27        21       378         2         6
       105        29        32        30       384         5         4
       106        27        33        21       386         2         4
       107        36        20        19       398         2         2
       108        29        33        31       399         6         3
       109        38        29        27       401         4         3
       110        34        27        29       403         4         2
       111        37        36        31       401         2         2
       112        24        29        23       406         3         2
       113        41        38        36       412         3         2
       114        24        34        28       414         2         3
       115        29        37        29       420         2         4
       116        34        24        26       428         2         5
       117        28        41        27       426         2         4
       118        25        24        27       440         3         3
       119        22        29        32       437         4         6
       120        23        34        33       434         5         3
       121        32        28        20       435         4         3
       122        26        25        33       443         3         2
       123        23        22        29       435         6         0
       124        26        23        27       428         3         5
       125        23        32        36       424         3         1
       126        28        26        29       420         2         2
       127        29        23        38       417         0         2
       128        25        26        34       402         5         1
       129        27        23        37       394         1         1
       130        32        28        24       380         2         4
       131        24        29        41       384         2         3
       132        26        25        24       372         1         6
       133        22        27        29       373         1         4
       134        23        32        34       371         4         4
       135        25        24        28       369         3         2
       136        23        26        25       365         6         3
       137        20        22        22       366         4         1
       138        26        23        23       366         4         2
       139        20        25        32       366         2         2
       140        28        23        26       359         3         0
       141        17        20        23       356         1         2
       142        25        26        26       353         2         4
       143        13        20        23       353         2         2
       144        26        28        28       350         0         2
       145        25        17        29       350         2         1
       146        22        25        25       338         4         2
       147        25        13        27       338         2         2
       148        23        26        32       324         2         5
       149        22        25        24       318         1         1
       150        26        22        26       319         2         4
       151        38        25        22       315         2         3
       152        21        23        23       318         5         0
       153        16        22        25       318         1         3
       154        44        26        23       315         4         2
       155        17        38        20       318         3         1
       156        26        21        26       336         0         1
       157        26        16        20       331         3         1
       158        26        44        28       327         2         5
       159        16        17        17       343         1         0
       160        32        26        25       343         1         2
       161        26        26        13       344         1         2
       162        32        26        26       357         5         3
       163        31        16        25       357         0         1
       164        18        32        22       348         2         3
       165        28        26        25       358         2         3
       166        24        32        23       359         3         3
       167        28        31        22       368         1         4
       168        28        18        26       377         3         3
       169        29        28        38       369         3         4
       170        32        24        21       359         3         3
       171        25        28        16       362         4         1
       172        27        28        44       374         3         2
       173        32        29        17       358         4         2
       174        22        32        26       370         3         6
       175        27        25        26       376         1         2
       176        26        27        26       375         2         3
       177        30        32        16       376         2         5
       178        31        22        32       392         6         0
       179        29        27        26       382         2         7
       180        28        26        32       383         3         3
       181        34        30        31       377         5         2
       182        37        31        18       376         0         3
       183        36        29        28       389         7         1
       184        37        28        24       390         3         4
       185        40        34        28       394         2         1
       186        30        37        28       400         3         1
       187        39        36        29       409         1         4
       188        32        37        32       416         4         2
       189        30        40        25       421         1         5
       190        34        30        27       436         1         3
       191        40        39        32       439         4         3
       192        43        32        22       446         2         1
       193        35        30        27       456         5         4
       194        38        34        26       459         3         1
       195        31        40        30       467         3         3
       196        38        43        31       477         1         5
       197        37        35        29       489         4         4
       198        45        38        28       495         1         3
       199        20        31        34       505         3         5
       200        54        38        37       502         5         1
       201        51        37        36       503         4         4
       202        35        45        37       504         3         2
       203        30        20        40       512         5         0
       204        17        54        30       492         1         1
       205        12        51        39       516         4         6
       206        17        35        32       528         2         6
       207        45        30        30       531         0         4
       208        68        17        34       531         1         3
       209        41        12        40       514         6         1
       210        22        17        43       486         6         1
       211        27        45        35       460         4         6
       212         8        68        38       470         3         4
       213        15        41        31       500         1         3
       214        42        22        38       510         1         1
       215        39        27        37       494         6         2
       216        26         8        45       484         4         2
       217        48        15        20       447         3         1
       218        23        42        54       442         1         4
       219        19        39        51       430         2         0
       220        18        26        35       418         2         1
       221        21        48        30       409         1         6
       222        58        23        17       427         4         4
       223        24        19        12       433         0         3
       224        13        18        17       440         1         2
       225        43        21        45       441         6         4
       226        17        58        68       417         4         5
       227        10        24        41       407         3         5
       228        10        13        22       390         2         0
       229        24        43        27       381         4         4
       230        21        17         8       397         5         2
       231        27        10        15       406         5         0
       232        22        10        42       401         0         1
       233         4        24        39       369         4         1
       234        39        21        26       354         2         2
       235        27        27        48       349         0         2
       236        54        22        23       328         1         2
       237        40         4        19       327         1         3
       238        26        39        18       312         2         4
       239        30        27        21       333         2         1
       240        16        54        58       339         2         2
       241        14        40        24       335         3         4
       242        48        26        13       351         4         6
       243        46        30        43       364         1         5
       244        42        16        17       351         2         1
       245        48        14        10       350         4         0
       246        30        48        10       354         6         0
       247        16        46        24       392         5         4
       248        25        42        21       414         1         6
       249        43        48        27       435         0         8
       250        21        30        22       456         0         4
       251        33        16         4       464         4         3
       252        37        25        39       476         6         3
       253        35        43        27       462         8         3
       254        19        21        54       478         4         4
       255        11        33        40       445         3         1
       256        50        37        26       438         3         3
       257        55        35        30       449         3         2
       258        17        19        16       454         4         3
       259        35        11        14       457         1         4
       260        57        50        48       454         3         7
       261        18        55        46       456         2         9
       262        13        17        42       465         3         3
       263        62        35        48       440         4         4
       264        34        57        30       427         7         7
       265        29        18        16       454         9         1
       266        38        13        25       456         3         2
       267        22        62        43       444         4         7
       268        28        34        21       463         7         2
       269        25        29        33       476         1         4
       270        81        38        37       472         2         3
       271        57        22        35       473         7         4
       272        52        28        19       460         2         3
       273        47        25        11       469         4         2
       274        30        81        50       483         3         7
       275        47        57        55       514         4         4
       276        55        52        17       516         3         9
       277       134        47        35       551         2         4
       278        82        30        57       563         7         4
       279        91        47        18       536         4         0
       280        92        55        13       565         9         3
       281       106       134        62       607         4         9
       282        87        82        34       679         4         7
       283        87        91        29       727         0        14
       284       129        92        38       789         3        11
       285       153       106        22       843         9         9
       286       150        87        28       927         7        14
       287       134        87        25       986        14         7
       288       121       129        81      1048        11        11
       289        95       153        57      1096         9        15
       290        65       150        52      1192        14        16
       291       136       134        47      1290         7        11
       292       161       121        30      1377        11        13
       293       201        95        47      1468        15         9
       294       178        65        55      1516        16         7
       295       147       136       134      1526        11        13
       296        92       161        82      1528        13        18
       297        52       201        91      1607         9        20
       298       168       178        92      1717         7        14
       299       150       147       106      1803        13        20
       300       156        92        87      1844        18         4
       301       146        52        87      1849        20         7
       302        73       168       129      1814        14        15
       303        72       150       153      1853        20        12
       304        49       156       150      1850         4        15
       305        31       146       134      1856         7        19
       306        57        73       121      1868        15         9
       307        94        72        95      1820        12         7
       308        68        49        65      1797        15        10
       309        65        31       136      1781        19         4
       310        51        57       161      1676         9         5
       311        40        94       201      1572         7        14
       312        68        68       178      1465        10         5
       313        72        65       147      1355         4         6
       314        59        51        92      1273         5         5
       315        49        40        52      1232        14         2
       316        61        68       168      1220         5         0
       317        34        72       150      1120         6         7
       318        27        59       156      1042         5         5
       319        53        49       146       945         2         4
       320        35        61        73       848         0         4
       321        51        34        72       836         7         2
       322        44        27        49       798         5         0
       323        52        53        31       776         4         5
       324        15        35        57       798         4         3
       325        10        51        94       776         2         5
       326        39        44        68       733         0         3
       327        71        52        65       709         5         2
       328        66        15        51       696         3         1
       329        57        10        40       660         5         0
       330        29        39        68       630         3         6
       331        18        71        72       601         2        10
       332        13        66        59       600         1         8
       333        37        57        49       607         0         8
       334        30        29        61       615         6         3
       335        23        18        34       583        10         2
       336        31        13        27       567         8         1
       337        46        37        53       553         8         1
       338        27        30        35       537         3         5
       339        14        23        51       532         2         6
       340        41        31        44       504         1         5
       341        33        46        52       491         1         2
       342        35        27        15       485         5         3
       343        35        14        10       497         6         1
       344        38        41        39       501         5         1
       345        10        33        71       503         2         4
       346        24        35        66       465         3         4
       347         8        35        57       434         1         5
       348        39        38        29       412         1         6
       349        24        10        18       421         4         1
       350        21        24        13       413         4         2
       351        22         8        37       424         5         2
       352        21        39        30       395         6         4
       353         7        24        23       404         1         4
       354        33        21        31       405         2         1
       355        13        22        46       395         2         2
       356        32        21        27       371         4         3
       357        16         7        14       365         4         0
       358        14        33        41       358         1         3
       359         6        13        33       350         2         2
       360        10        32        35       330         3         1
       361        26        16        35       327         0         2
       362        25        14        38       308         3         1
       363        12         6        10       284         2         1
       364        23        10        24       280         1         0
       365        18        26         8       266         2         1
       366         6        25        39       284         1         2
       367         9        12        24       270         1         2
       368        45        23        21       258         0         2
       369        50        18        22       260         1         2
       370        34         6        21       256         2         1
       371        41         9         7       241         2         2
       372        35        45        33       243         2         5
       373        26        50        13       255         2         9
       374        19        34        32       292         1         5
       375        33        41        16       294         2         6
       376        45        35        14       319         5         3
       377        31        26         6       340         9         2
       378        21        19        10       360         5         2
       379        33        33        26       369         6         1
       380        15        45        25       376         3         3
       381         9        31        12       396         2         2
       382        52        21        23       415         2         2
       383        21        33        18       413         1         4
       384        25        15         6       428         3         1
       385        37         9         9       437         2         1
       386        32        52        45       437         2         5
       387        18        21        50       444         4         1
       388         6        25        34       415         1         1
       389        39        37        41       406         1         6
       390        13        32        35       402         5         5
       391        45        18        26       399         1         5
       392        35         6        19       391         1         2
       393        57        39        33       378         6         4
       394        17        13        45       384         5         0
       395        25        45        31       352         5         4
       396        37        35        21       366         2         4
       397        39        57        33       380         4         5
       398        39        17        15       404         0         1
       399        44        25         9       406         4         2
       400        29        37        52       422         4         4
       401        11        39        21       407         5         5
       402         8        39        25       425         1         1
       403        29        44        37       439         2         3
       404        28        29        32       446         4         7
       405        17        11        18       443         5         1
       406        20         8         6       436         1         2
       407        32        29        39       438         3         3
       408        17        28        13       428         7         3
       409         7        17        45       443         1         2
       410        33        20        35       415         2         2
       411        39        32        57       400         3         5
       412        40        17        17       375         3         1
       413        28         7        25       375         2         1
       414        43        33        37       357         2         2
       415        24        39        39       353         5         5
       416         7        40        39       353         1         3
       417        43        28        44       354         1         3
       418        20        43        29       338         2         2
       419        32        24        11       352         5         3
       420        14         7         8       365         3         1
       421        15        43        29       364         3         3
       422        12        20        28       378         2         4
       423        34        32        17       370         3         2
       424        42        14        20       385         1         1
       425        27        15        32       379         3         1
       426        32        12        17       362         4         0
       427        20        34         7       357         2         5
       428        34        42        33       384         1         6
       429        11        27        39       393         1         3
       430         1        32        40       381         0         1
       431        47        20        28       373         5         0
       432        45        34        43       365         6         4
       433        47        11        24       356         3         2
       434        19         1         7       343         1         0
       435        51        47        43       337         0         6
       436        21        45        20       341         4         9
       437        11        47        32       366         2         1
       438        29        19        14       381         0         1
       439        45        51        15       386         6         7
       440        28        21        12       422         9         3
       441        45        11        34       431         1         1
       442        64        29        42       408         1         1
       443        23        45        27       395         7         6
       444         3        28        32       413         3         4
       445        75        45        20       409         1         4
       446        37        64        34       434         1         6
       447        35        23        11       464         6         3
       448        47         3         1       476         4         1
       449        61        75        47       478         4        11
       450        14        37        45       506         6         6
       451        23        35        47       498         3         4
       452        77        47        19       486         1         2
       453       127        61        51       514        11         2
       454        72        14        21       524         6         2
       455        77        23        11       517         4         2
       456       124        77        29       529         2        11
       457        57       127        45       577         2        16
       458        38        72        28       659         2         6
       459       172        77        45       703         2         3
       460       199       124        64       735        11         8
       461       212        57        23       795        16         6
       462       206        38         3       829         6         3
       463       234       172        75       864         3        15
       464       115       199        37       961         8        22
       465        93       212        35      1123         6        24
       466       284       206        47      1300         3        19
       467       321       234        61      1459        15        26
       468       183       115        14      1632        22        13
       469       458        93        23      1733        24        10
       470       471       284        77      1803        19        22
       471       185       321       127      2010        26        29
       472       209       183        72      2204        13        16
       473       265       458        77      2315        10        51
       474       693       471       124      2696        22        56
       475       707       185        57      3043        29        12
       476       835       209        38      3171        16        18
       477       998       265       172      3342        51        22
       478       314       693       199      3435        56        56
       479       353       707       212      3929        12        77
       480       848       835       206      4424        18        86
       481       920       998       234      5053        22       106
       482       759       314       115      5817        56        34
       483       599       353        93      6016        77        38
       484       540       848       284      6276        86        79
       485       266       920       321      6840       106       105
       486       280       759       183      7439        34        61
       487       928       599       458      8015        38        53
       488      1005       540       471      8156        79        42
       489       795       266       185      8225       105        27
       490       760       280       209      8306        61        28
       491       661       928       265      8377        53        91
       492       294      1005       693      9040        42        98
       493       367       795       707      9352        27        81
       494       982       760       835      9440        28        84
       495       717       661       998      9365        91        69
       496         0       294       314      9028        98        28
       497         0       367       353      9008        81        38
       498         0       982       848      9022        84        97
       499         0       717       920      9156        69        63
       500         0         0       759      8953        28         0
       501         0         0       599      8194        38         0
       502         0         0       540      7595        97         0
       503         0         0       266      7055        63         0
       504         0         0       280      6789         0         0
       505         0         0       928      6509         0         0
       506         0         0      1005      5581         0         0
       507         0         0       795      4576         0         0
       508         0         0       760      3781         0         0
       509         0         0       661      3021         0         0
       510         0         0       294      2360         0         0
       511         0         0       367      2066         0         0
       512         0         0       982      1699         0         0
       513         0         0       717       717         0         0
       514         0         0         0         0         0         0
       515         0         0         0         0         0         0
       516         0         0         0         0         0         0
       517         0         0         0         0         0         0
       518         0         0         0         0         0         0
       519         0         0         0         0         0         0
       520         0         0         0         0         0         0
       521         0         0         0         0         0         0
       522         0         0         0         0         0         0
       523         0         0         0         0         0         0
       524         0         0         0         0         0         0
       525         0         0         0         0         0         0
       526         0         0         0         0         0         0
       527         0         0         0         0         0         0
       528         0         0         0         0         0         0
       529         0         0         0         0         0         0
       530         0         0         0         0         0         0
       531         0         0         0         0         0         0
       532         0         0         0         0         0         0
       533         0         0         0         0         0         0
       534         0         0         0         0         0         0
       535         0         0         0         0         0         0
       536         0         0         0         0         0         0
       537         0         0         0         0         0         0
       538         0         0         0         0         0         0
       539         0         0         0         0         0         0
       540         0         0         0         0         0         0
