       0    0.0000000000000E+000    9.9999990000000E+006    1.0000000000000E+000    0.0000000000000E+000    0.0000000000000E+000    1.0000000000000E+000
       1    0.0000000000000E+000    9.9999990000000E+006    1.0000000000000E+000    0.0000000000000E+000    0.0000000000000E+000    1.0000000000000E+000
       2    0.0000000000000E+000    9.9999990000000E+006    1.0000000000000E+000    0.0000000000000E+000    0.0000000000000E+000    1.0000000000000E+000
       3    2.0000000000000E+000    9.9999970000000E+006    1.0000000000000E+000    0.0000000000000E+000    0.0000000000000E+000    1.0000000000000E+000
       4    2.0000000000000E+000    9.9999970000000E+006    1.0000000000000E+000    0.0000000000000E+000    0.0000000000000E+000    1.0000000000000E+000
       5    2.0000000000000E+000    9.9999970000000E+006    1.0000000000000E+000    0.0000000000000E+000    0.0000000000000E+000    1.0000000000000E+000
       6    2.0000000000000E+000    9.9999970000000E+006    1.0000000000000E+000    0.0000000000000E+000    0.0000000000000E+000    1.0000000000000E+000
       7    0.0000000000000E+000    9.9999970000000E+006    3.0000000000000E+000    0.0000000000000E+000    0.0000000000000E+000    3.0000000000000E+000
       8    1.0000000000000E+000    9.9999960000000E+006    3.0000000000000E+000    0.0000000000000E+000    0.0000000000000E+000    3.0000000000000E+000
       9    1.0000000000000E+000    9.9999960000000E+006    3.0000000000000E+000    0.0000000000000E+000    0.0000000000000E+000    3.0000000000000E+000
      10    2.0000000000000E+000    9.9999950000000E+006    3.0000000000000E+000    0.0000000000000E+000    0.0000000000000E+000    3.0000000000000E+000
      11    2.0000000000000E+000    9.9999950000000E+006    3.0000000000000E+000    0.0000000000000E+000    0.0000000000000E+000    3.0000000000000E+000
      12    2.0000000000000E+000    9.9999940000000E+006    4.0000000000000E+000    0.0000000000000E+000    0.0000000000000E+000    4.0000000000000E+000
      13    3.0000000000000E+000    9.9999930000000E+006    4.0000000000000E+000    0.0000000000000E+000    0.0000000000000E+000    4.0000000000000E+000
      14    7.0000000000000E+000    9.9999880000000E+006    5.0000000000000E+000    0.0000000000000E+000    0.0000000000000E+000    5.0000000000000E+000
      15    7.0000000000000E+000    9.9999880000000E+006    5.0000000000000E+000    0.0000000000000E+000    0.0000000000000E+000    5.0000000000000E+000
      16    9.0000000000000E+000    9.9999850000000E+006    6.0000000000000E+000    0.0000000000000E+000    0.0000000000000E+000    6.0000000000000E+000
      17    8.0000000000000E+000    9.9999850000000E+006    7.0000000000000E+000    0.0000000000000E+000    0.0000000000000E+000    7.0000000000000E+000
      18    6.0000000000000E+000    9.9999820000000E+006    1.1000000000000E+001    1.0000000000000E+000    0.0000000000000E+000    1.2000000000000E+001
      19    8.0000000000000E+000    9.9999800000000E+006    1.1000000000000E+001    1.0000000000000E+000    0.0000000000000E+000    1.2000000000000E+001
      20    1.0000000000000E+001    9.9999750000000E+006    1.4000000000000E+001    1.0000000000000E+000    0.0000000000000E+000    1.5000000000000E+001
      21    1.5000000000000E+001    9.9999700000000E+006    1.2000000000000E+001    3.0000000000000E+000    0.0000000000000E+000    1.5000000000000E+001
      22    1.7000000000000E+001    9.9999650000000E+006    1.5000000000000E+001    3.0000000000000E+000    0.0000000000000E+000    1.8000000000000E+001
      23    1.8000000000000E+001    9.9999620000000E+006    1.7000000000000E+001    3.0000000000000E+000    0.0000000000000E+000    2.0000000000000E+001
      24    1.5000000000000E+001    9.9999600000000E+006    2.2000000000000E+001    2.0000000000000E+000    1.0000000000000E+000    2.5000000000000E+001
      25    1.7000000000000E+001    9.9999530000000E+006    2.7000000000000E+001    2.0000000000000E+000    1.0000000000000E+000    3.0000000000000E+001
      26    1.4000000000000E+001    9.9999510000000E+006    3.1000000000000E+001    2.0000000000000E+000    2.0000000000000E+000    3.5000000000000E+001
      27    1.7000000000000E+001    9.9999450000000E+006    3.4000000000000E+001    2.0000000000000E+000    2.0000000000000E+000    3.8000000000000E+001
      28    1.9000000000000E+001    9.9999410000000E+006    3.5000000000000E+001    3.0000000000000E+000    2.0000000000000E+000    4.0000000000000E+001
      29    1.7000000000000E+001    9.9999360000000E+006    4.2000000000000E+001    2.0000000000000E+000    3.0000000000000E+000    4.7000000000000E+001
      30    2.4000000000000E+001    9.9999270000000E+006    4.3000000000000E+001    2.0000000000000E+000    4.0000000000000E+000    4.9000000000000E+001
      31    3.0000000000000E+001    9.9999150000000E+006    4.8000000000000E+001    3.0000000000000E+000    4.0000000000000E+000    5.5000000000000E+001
      32    4.4000000000000E+001    9.9998970000000E+006    4.7000000000000E+001    8.0000000000000E+000    4.0000000000000E+000    5.9000000000000E+001
      33    5.3000000000000E+001    9.9998830000000E+006    5.2000000000000E+001    8.0000000000000E+000    4.0000000000000E+000    6.4000000000000E+001
      34    5.0000000000000E+001    9.9998770000000E+006    5.8000000000000E+001    1.1000000000000E+001    4.0000000000000E+000    7.3000000000000E+001
      35    5.1000000000000E+001    9.9998640000000E+006    7.0000000000000E+001    1.1000000000000E+001    4.0000000000000E+000    8.5000000000000E+001
      36    5.2000000000000E+001    9.9998450000000E+006    8.5000000000000E+001    1.4000000000000E+001    4.0000000000000E+000    1.0300000000000E+002
      37    5.6000000000000E+001    9.9998270000000E+006    9.7000000000000E+001    1.5000000000000E+001    5.0000000000000E+000    1.1700000000000E+002
      38    7.4000000000000E+001    9.9998030000000E+006    9.8000000000000E+001    1.8000000000000E+001    7.0000000000000E+000    1.2300000000000E+002
      39    9.1000000000000E+001    9.9997730000000E+006    1.0600000000000E+002    2.2000000000000E+001    8.0000000000000E+000    1.3600000000000E+002
      40    1.0900000000000E+002    9.9997360000000E+006    1.2000000000000E+002    2.7000000000000E+001    8.0000000000000E+000    1.5500000000000E+002
      41    1.2300000000000E+002    9.9997040000000E+006    1.3500000000000E+002    2.7000000000000E+001    1.1000000000000E+001    1.7300000000000E+002
      42    1.4800000000000E+002    9.9996550000000E+006    1.5700000000000E+002    2.8000000000000E+001    1.2000000000000E+001    1.9700000000000E+002
      43    1.4100000000000E+002    9.9996320000000E+006    1.8000000000000E+002    3.4000000000000E+001    1.3000000000000E+001    2.2700000000000E+002
      44    1.6200000000000E+002    9.9995740000000E+006    2.1500000000000E+002    3.6000000000000E+001    1.3000000000000E+001    2.6400000000000E+002
      45    1.8800000000000E+002    9.9995160000000E+006    2.4100000000000E+002    4.0000000000000E+001    1.5000000000000E+001    2.9600000000000E+002
      46    2.1200000000000E+002    9.9994430000000E+006    2.8600000000000E+002    4.0000000000000E+001    1.9000000000000E+001    3.4500000000000E+002
      47    2.9000000000000E+002    9.9993420000000E+006    3.0400000000000E+002    4.2000000000000E+001    2.2000000000000E+001    3.6800000000000E+002
      48    3.4500000000000E+002    9.9992290000000E+006    3.5300000000000E+002    4.9000000000000E+001    2.4000000000000E+001    4.2600000000000E+002
      49    4.1600000000000E+002    9.9991000000000E+006    3.9900000000000E+002    5.7000000000000E+001    2.8000000000000E+001    4.8400000000000E+002
      50    4.6300000000000E+002    9.9989800000000E+006    4.5400000000000E+002    7.2000000000000E+001    3.1000000000000E+001    5.5700000000000E+002
      51    4.7300000000000E+002    9.9988690000000E+006    5.4100000000000E+002    8.4000000000000E+001    3.3000000000000E+001    6.5800000000000E+002
      52    5.1500000000000E+002    9.9987140000000E+006    6.4800000000000E+002    8.6000000000000E+001    3.7000000000000E+001    7.7100000000000E+002
      53    6.1400000000000E+002    9.9984860000000E+006    7.6400000000000E+002    9.4000000000000E+001    4.2000000000000E+001    9.0000000000000E+002
      54    6.5700000000000E+002    9.9983230000000E+006    8.6500000000000E+002    1.0300000000000E+002    5.2000000000000E+001    1.0200000000000E+003
      55    8.1300000000000E+002    9.9980560000000E+006    9.5800000000000E+002    1.1000000000000E+002    6.3000000000000E+001    1.1310000000000E+003
      56    9.4400000000000E+002    9.9977700000000E+006    1.0890000000000E+003    1.1900000000000E+002    7.8000000000000E+001    1.2860000000000E+003
      57    1.0500000000000E+003    9.9974360000000E+006    1.2870000000000E+003    1.3100000000000E+002    9.6000000000000E+001    1.5140000000000E+003
      58    1.2860000000000E+003    9.9970370000000E+006    1.4130000000000E+003    1.5800000000000E+002    1.0600000000000E+002    1.6770000000000E+003
      59    1.3880000000000E+003    9.9966680000000E+006    1.6480000000000E+003    1.7900000000000E+002    1.1700000000000E+002    1.9440000000000E+003
      60    1.5620000000000E+003    9.9962080000000E+006    1.8850000000000E+003    2.1400000000000E+002    1.3100000000000E+002    2.2300000000000E+003
      61    1.7830000000000E+003    9.9956530000000E+006    2.1960000000000E+003    2.1400000000000E+002    1.5400000000000E+002    2.5640000000000E+003
      62    1.9700000000000E+003    9.9950670000000E+006    2.5370000000000E+003    2.5400000000000E+002    1.7200000000000E+002    2.9630000000000E+003
      63    2.3210000000000E+003    9.9943470000000E+006    2.8480000000000E+003    2.8300000000000E+002    2.0100000000000E+002    3.3320000000000E+003
      64    2.7460000000000E+003    9.9934620000000E+006    3.2350000000000E+003    3.2900000000000E+002    2.2800000000000E+002    3.7920000000000E+003
      65    3.0960000000000E+003    9.9925570000000E+006    3.6890000000000E+003    3.9600000000000E+002    2.6200000000000E+002    4.3470000000000E+003
      66    3.5660000000000E+003    9.9915010000000E+006    4.1620000000000E+003    4.7300000000000E+002    2.9800000000000E+002    4.9330000000000E+003
      67    3.9890000000000E+003    9.9903580000000E+006    4.7530000000000E+003    5.5800000000000E+002    3.4200000000000E+002    5.6530000000000E+003
      68    4.4230000000000E+003    9.9890390000000E+006    5.5180000000000E+003    6.1700000000000E+002    4.0300000000000E+002    6.5380000000000E+003
      69    5.0790000000000E+003    9.9874780000000E+006    6.3120000000000E+003    6.6800000000000E+002    4.6300000000000E+002    7.4430000000000E+003
      70    5.7300000000000E+003    9.9857710000000E+006    7.2130000000000E+003    7.6000000000000E+002    5.2600000000000E+002    8.4990000000000E+003
      71    6.6700000000000E+003    9.9836880000000E+006    8.1280000000000E+003    9.1700000000000E+002    5.9700000000000E+002    9.6420000000000E+003
      72    7.5860000000000E+003    9.9814530000000E+006    9.2840000000000E+003    1.0040000000000E+003    6.7300000000000E+002    1.0961000000000E+004
      73    8.6030000000000E+003    9.9788750000000E+006    1.0578000000000E+004    1.1780000000000E+003    7.6600000000000E+002    1.2522000000000E+004
      74    9.9040000000000E+003    9.9758670000000E+006    1.1999000000000E+004    1.3590000000000E+003    8.7100000000000E+002    1.4229000000000E+004
      75    1.1242000000000E+004    9.9724460000000E+006    1.3748000000000E+004    1.5760000000000E+003    9.8800000000000E+002    1.6312000000000E+004
      76    1.3048000000000E+004    9.9684050000000E+006    1.5584000000000E+004    1.8610000000000E+003    1.1020000000000E+003    1.8547000000000E+004
      77    1.4966000000000E+004    9.9639090000000E+006    1.7793000000000E+004    2.0860000000000E+003    1.2460000000000E+003    2.1125000000000E+004
      78    1.7011000000000E+004    9.9588560000000E+006    2.0341000000000E+004    2.3700000000000E+003    1.4220000000000E+003    2.4133000000000E+004
      79    1.9519000000000E+004    9.9529270000000E+006    2.3207000000000E+004    2.6960000000000E+003    1.6510000000000E+003    2.7554000000000E+004
      80    2.1986000000000E+004    9.9464190000000E+006    2.6662000000000E+004    3.0440000000000E+003    1.8890000000000E+003    3.1595000000000E+004
      81    2.4902000000000E+004    9.9390070000000E+006    3.0438000000000E+004    3.5150000000000E+003    2.1380000000000E+003    3.6091000000000E+004
      82    2.8509000000000E+004    9.9303470000000E+006    3.4606000000000E+004    4.1080000000000E+003    2.4300000000000E+003    4.1144000000000E+004
      83    3.2409000000000E+004    9.9205180000000E+006    3.9630000000000E+004    4.6600000000000E+003    2.7830000000000E+003    4.7073000000000E+004
      84    3.7081000000000E+004    9.9093380000000E+006    4.5082000000000E+004    5.3110000000000E+003    3.1880000000000E+003    5.3581000000000E+004
      85    4.2460000000000E+004    9.8965470000000E+006    5.1351000000000E+004    6.0020000000000E+003    3.6400000000000E+003    6.0993000000000E+004
      86    4.8015000000000E+004    9.8823320000000E+006    5.8692000000000E+004    6.7830000000000E+003    4.1780000000000E+003    6.9653000000000E+004
      87    5.4631000000000E+004    9.8658870000000E+006    6.6960000000000E+004    7.7390000000000E+003    4.7830000000000E+003    7.9482000000000E+004
      88    6.2148000000000E+004    9.8471900000000E+006    7.6433000000000E+004    8.8040000000000E+003    5.4250000000000E+003    9.0662000000000E+004
      89    7.0652000000000E+004    9.8258950000000E+006    8.7141000000000E+004    1.0164000000000E+004    6.1480000000000E+003    1.0345300000000E+005
      90    8.0445000000000E+004    9.8018870000000E+006    9.9121000000000E+004    1.1518000000000E+004    7.0290000000000E+003    1.1766800000000E+005
      91    9.1732000000000E+004    9.7741550000000E+006    1.1298800000000E+005    1.3100000000000E+004    8.0250000000000E+003    1.3411300000000E+005
      92    1.0376900000000E+005    9.7434210000000E+006    1.2867700000000E+005    1.5007000000000E+004    9.1260000000000E+003    1.5281000000000E+005
      93    1.1715600000000E+005    9.7087390000000E+006    1.4655100000000E+005    1.7204000000000E+004    1.0350000000000E+004    1.7410500000000E+005
      94    1.3271200000000E+005    9.6691750000000E+006    1.6651800000000E+005    1.9734000000000E+004    1.1861000000000E+004    1.9811300000000E+005
      95    1.4898000000000E+005    9.6251750000000E+006    1.8975400000000E+005    2.2495000000000E+004    1.3596000000000E+004    2.2584500000000E+005
      96    1.6763800000000E+005    9.5757830000000E+006    2.1543500000000E+005    2.5634000000000E+004    1.5510000000000E+004    2.5657900000000E+005
      97    1.8858400000000E+005    9.5201550000000E+006    2.4418800000000E+005    2.9410000000000E+004    1.7663000000000E+004    2.9126100000000E+005
      98    2.0968800000000E+005    9.4594870000000E+006    2.7724400000000E+005    3.3442000000000E+004    2.0139000000000E+004    3.3082500000000E+005
      99    2.3359800000000E+005    9.3915770000000E+006    3.1383200000000E+005    3.8137000000000E+004    2.2856000000000E+004    3.7482500000000E+005
     100    2.5867500000000E+005    9.3171080000000E+006    3.5456400000000E+005    4.3756000000000E+004    2.5897000000000E+004    4.2421700000000E+005
     101    2.8337600000000E+005    9.2367790000000E+006    4.0036300000000E+005    5.0074000000000E+004    2.9408000000000E+004    4.7984500000000E+005
     102    3.1004500000000E+005    9.1494420000000E+006    4.4985100000000E+005    5.7356000000000E+004    3.3306000000000E+004    5.4051300000000E+005
     103    3.3496000000000E+005    9.0566170000000E+006    5.0497000000000E+005    6.5690000000000E+004    3.7763000000000E+004    6.0842300000000E+005
     104    3.5696900000000E+005    8.9601390000000E+006    5.6522400000000E+005    7.5085000000000E+004    4.2583000000000E+004    6.8289200000000E+005
     105    3.7651400000000E+005    8.8602650000000E+006    6.2910800000000E+005    8.6030000000000E+004    4.8083000000000E+004    7.6322100000000E+005
     106    3.9006400000000E+005    8.7593780000000E+006    6.9774800000000E+005    9.8518000000000E+004    5.4292000000000E+004    8.5055800000000E+005
     107    3.9648900000000E+005    8.6601280000000E+006    7.6927800000000E+005    1.1302600000000E+005    6.1079000000000E+004    9.4338300000000E+005
     108    3.9542700000000E+005    8.5647120000000E+006    8.4174800000000E+005    1.2962800000000E+005    6.8485000000000E+004    1.0398610000000E+006
     109    3.8714600000000E+005    8.4731190000000E+006    9.1389000000000E+005    1.4935700000000E+005    7.6488000000000E+004    1.1397350000000E+006
     110    3.7169700000000E+005    8.3876810000000E+006    9.8404300000000E+005    1.7133400000000E+005    8.5245000000000E+004    1.2406220000000E+006
     111    3.4979000000000E+005    8.3103380000000E+006    1.0486110000000E+006    1.9650000000000E+005    9.4761000000000E+004    1.3398720000000E+006
     112    3.2485700000000E+005    8.2398550000000E+006    1.1044630000000E+006    2.2639000000000E+005    1.0443500000000E+005    1.4352880000000E+006
     113    2.9700300000000E+005    8.1761160000000E+006    1.1520560000000E+006    2.6033000000000E+005    1.1449500000000E+005    1.5268810000000E+006
     114    2.7006300000000E+005    8.1176180000000E+006    1.1881020000000E+006    2.9981200000000E+005    1.2440500000000E+005    1.6123190000000E+006
     115    2.4697700000000E+005    8.0633610000000E+006    1.2098170000000E+006    3.4528400000000E+005    1.3456100000000E+005    1.6896620000000E+006
     116    2.2757600000000E+005    8.0122790000000E+006    1.2196320000000E+006    3.9647700000000E+005    1.4403600000000E+005    1.7601450000000E+006
     117    2.1305600000000E+005    7.9630600000000E+006    1.2154610000000E+006    4.5512900000000E+005    1.5329400000000E+005    1.8238840000000E+006
     118    2.0302300000000E+005    7.9145950000000E+006    1.1994900000000E+006    5.2104400000000E+005    1.6184800000000E+005    1.8823820000000E+006
     119    1.9795100000000E+005    7.8654100000000E+006    1.1734180000000E+006    5.9381100000000E+005    1.6941000000000E+005    1.9366390000000E+006
     120    1.9694900000000E+005    7.8153300000000E+006    1.1371630000000E+006    6.7410100000000E+005    1.7645700000000E+005    1.9877210000000E+006
     121    1.9952400000000E+005    7.7635360000000E+006    1.0935570000000E+006    7.6057500000000E+005    1.8280800000000E+005    2.0369400000000E+006
     122    2.0490800000000E+005    7.7096870000000E+006    1.0455440000000E+006    8.5118800000000E+005    1.8867300000000E+005    2.0854050000000E+006
     123    2.1197500000000E+005    7.6534350000000E+006    9.9485500000000E+005    9.4559700000000E+005    1.9413800000000E+005    2.1345900000000E+006
     124    2.2006000000000E+005    7.5952700000000E+006    9.4404800000000E+005    1.0412920000000E+006    1.9933000000000E+005    2.1846700000000E+006
     125    2.2804900000000E+005    7.5354870000000E+006    8.9659200000000E+005    1.1356130000000E+006    2.0425900000000E+005    2.2364640000000E+006
     126    2.3618400000000E+005    7.4735030000000E+006    8.5502500000000E+005    1.2261710000000E+006    2.0911700000000E+005    2.2903130000000E+006
     127    2.4176300000000E+005    7.4116720000000E+006    8.1968400000000E+005    1.3129790000000E+006    2.1390200000000E+005    2.3465650000000E+006
     128    2.4535900000000E+005    7.3499110000000E+006    7.9241100000000E+005    1.3935530000000E+006    2.1876600000000E+005    2.4047300000000E+006
     129    2.4718000000000E+005    7.2883070000000E+006    7.7485100000000E+005    1.4658260000000E+006    2.2383600000000E+005    2.4645130000000E+006
     130    2.4559800000000E+005    7.2279050000000E+006    7.6635200000000E+005    1.5308930000000E+006    2.2925200000000E+005    2.5264970000000E+006
     131    2.4310800000000E+005    7.1685640000000E+006    7.6444400000000E+005    1.5890320000000E+006    2.3485200000000E+005    2.5883280000000E+006
     132    2.3956900000000E+005    7.1103420000000E+006    7.6770700000000E+005    1.6418010000000E+006    2.4058100000000E+005    2.6500890000000E+006
     133    2.3472400000000E+005    7.0535830000000E+006    7.7505400000000E+005    1.6900150000000E+006    2.4662400000000E+005    2.7116930000000E+006
     134    2.2958600000000E+005    6.9983190000000E+006    7.8437400000000E+005    1.7349830000000E+006    2.5273800000000E+005    2.7720950000000E+006
     135    2.2421300000000E+005    6.9443510000000E+006    7.9449600000000E+005    1.7781110000000E+006    2.5882900000000E+005    2.8314360000000E+006
     136    2.1893300000000E+005    6.8914090000000E+006    8.0425300000000E+005    1.8204000000000E+006    2.6500500000000E+005    2.8896580000000E+006
     137    2.1394000000000E+005    6.8396430000000E+006    8.1182700000000E+005    1.8634820000000E+006    2.7110800000000E+005    2.9464170000000E+006
     138    2.0920800000000E+005    6.7891110000000E+006    8.1701100000000E+005    1.9075010000000E+006    2.7716900000000E+005    3.0016810000000E+006
     139    2.0482100000000E+005    6.7395300000000E+006    8.1918500000000E+005    1.9532920000000E+006    2.8317200000000E+005    3.0556490000000E+006
     140    1.9993100000000E+005    6.6914780000000E+006    8.1827800000000E+005    2.0011920000000E+006    2.8912100000000E+005    3.1085910000000E+006
     141    1.9590300000000E+005    6.6437400000000E+006    8.1379200000000E+005    2.0517860000000E+006    2.9477900000000E+005    3.1603570000000E+006
     142    1.9200900000000E+005    6.5971020000000E+006    8.0615900000000E+005    2.1044380000000E+006    3.0029200000000E+005    3.2108890000000E+006
     143    1.8850900000000E+005    6.5510210000000E+006    7.9595700000000E+005    2.1589010000000E+006    3.0561200000000E+005    3.2604700000000E+006
     144    1.8584800000000E+005    6.5056300000000E+006    7.8202500000000E+005    2.2155940000000E+006    3.1090300000000E+005    3.3085220000000E+006
     145    1.8332300000000E+005    6.4604170000000E+006    7.6793200000000E+005    2.2722710000000E+006    3.1605700000000E+005    3.3562600000000E+006
     146    1.8098600000000E+005    6.4161160000000E+006    7.5280900000000E+005    2.3289360000000E+006    3.2115300000000E+005    3.4028980000000E+006
     147    1.7852300000000E+005    6.3724980000000E+006    7.3728600000000E+005    2.3856160000000E+006    3.2607700000000E+005    3.4489790000000E+006
     148    1.7591300000000E+005    6.3297170000000E+006    7.2227500000000E+005    2.4413210000000E+006    3.3077400000000E+005    3.4943700000000E+006
     149    1.7336000000000E+005    6.2870570000000E+006    7.0814700000000E+005    2.4959670000000E+006    3.3546900000000E+005    3.5395830000000E+006
     150    1.7104300000000E+005    6.2450730000000E+006    6.9422600000000E+005    2.5495600000000E+006    3.4009800000000E+005    3.5838840000000E+006
     151    1.6827000000000E+005    6.2042280000000E+006    6.8108500000000E+005    2.6017030000000E+006    3.4471400000000E+005    3.6275020000000E+006
     152    1.6536500000000E+005    6.1643520000000E+006    6.6860200000000E+005    2.6524210000000E+006    3.4926000000000E+005    3.6702830000000E+006
     153    1.6250000000000E+005    6.1245570000000E+006    6.5729400000000E+005    2.7017600000000E+006    3.5388900000000E+005    3.7129430000000E+006
     154    1.5941000000000E+005    6.0856630000000E+006    6.4633600000000E+005    2.7502530000000E+006    3.5833800000000E+005    3.7549270000000E+006
     155    1.5693200000000E+005    6.0472960000000E+006    6.3541500000000E+005    2.7976640000000E+006    3.6269300000000E+005    3.7957720000000E+006
     156    1.5507200000000E+005    6.0092800000000E+006    6.2475900000000E+005    2.8439000000000E+006    3.6698900000000E+005    3.8356480000000E+006
     157    1.5185900000000E+005    5.9726980000000E+006    6.1497300000000E+005    2.8892050000000E+006    3.7126500000000E+005    3.8754430000000E+006
     158    1.4908500000000E+005    5.9365780000000E+006    6.0581500000000E+005    2.9330550000000E+006    3.7546700000000E+005    3.9143370000000E+006
     159    1.4591000000000E+005    5.9013860000000E+006    5.9644400000000E+005    2.9766430000000E+006    3.7961700000000E+005    3.9527040000000E+006
     160    1.4257100000000E+005    5.8667090000000E+006    5.8782200000000E+005    3.0191800000000E+006    3.8371800000000E+005    3.9907200000000E+006
     161    1.4028500000000E+005    5.8324130000000E+006    5.7832300000000E+005    3.0613300000000E+006    3.8764900000000E+005    4.0273020000000E+006
     162    1.3780400000000E+005    5.7987740000000E+006    5.6905200000000E+005    3.1027970000000E+006    3.9157300000000E+005    4.0634220000000E+006
     163    1.3565600000000E+005    5.7657300000000E+006    5.5903100000000E+005    3.1442180000000E+006    3.9536500000000E+005    4.0986140000000E+006
     164    1.3301000000000E+005    5.7336990000000E+006    5.4940700000000E+005    3.1847500000000E+006    3.9913400000000E+005    4.1332910000000E+006
     165    1.3038300000000E+005    5.7020300000000E+006    5.4008500000000E+005    3.2247210000000E+006    4.0278100000000E+005    4.1675870000000E+006
     166    1.2742700000000E+005    5.6713470000000E+006    5.3094300000000E+005    3.2638390000000E+006    4.0644400000000E+005    4.2012260000000E+006
     167    1.2462100000000E+005    5.6411090000000E+006    5.2132700000000E+005    3.3028880000000E+006    4.1005500000000E+005    4.2342700000000E+006
     168    1.2216100000000E+005    5.6115380000000E+006    5.1137400000000E+005    3.3414760000000E+006    4.1345100000000E+005    4.2663010000000E+006
     169    1.1973100000000E+005    5.5822990000000E+006    5.0219800000000E+005    3.3789860000000E+006    4.1678600000000E+005    4.2979700000000E+006
     170    1.1740400000000E+005    5.5539430000000E+006    4.9300500000000E+005    3.4154360000000E+006    4.2021200000000E+005    4.3286530000000E+006
     171    1.1524800000000E+005    5.5258610000000E+006    4.8344800000000E+005    3.4518820000000E+006    4.2356100000000E+005    4.3588910000000E+006
     172    1.1305700000000E+005    5.4984810000000E+006    4.7412500000000E+005    3.4875340000000E+006    4.2680300000000E+005    4.3884620000000E+006
     173    1.1046300000000E+005    5.4718360000000E+006    4.6499700000000E+005    3.5227220000000E+006    4.2998200000000E+005    4.4177010000000E+006
     174    1.0810800000000E+005    5.4458350000000E+006    4.5533700000000E+005    3.5576660000000E+006    4.3305400000000E+005    4.4460570000000E+006
     175    1.0558900000000E+005    5.4202720000000E+006    4.4683700000000E+005    3.5911490000000E+006    4.3615300000000E+005    4.4741390000000E+006
     176    1.0334500000000E+005    5.3951360000000E+006    4.3809700000000E+005    3.6243190000000E+006    4.3910300000000E+005    4.5015190000000E+006
     177    1.0121600000000E+005    5.3706200000000E+006    4.2955000000000E+005    3.6566160000000E+006    4.4199800000000E+005    4.5281640000000E+006
     178    9.9395000000000E+004    5.3464400000000E+006    4.2087400000000E+005    3.6884090000000E+006    4.4488200000000E+005    4.5541650000000E+006
     179    9.7132000000000E+004    5.3231400000000E+006    4.1214100000000E+005    3.7198930000000E+006    4.4769400000000E+005    4.5797280000000E+006
     180    9.5237000000000E+004    5.2998990000000E+006    4.0363800000000E+005    3.7507710000000E+006    4.5045500000000E+005    4.6048640000000E+006
     181    9.2864000000000E+004    5.2777560000000E+006    3.9511000000000E+005    3.7811430000000E+006    4.5312700000000E+005    4.6293800000000E+006
     182    9.0462000000000E+004    5.2559780000000E+006    3.8725900000000E+005    3.8105420000000E+006    4.5575900000000E+005    4.6535600000000E+006
     183    8.8404000000000E+004    5.2347360000000E+006    3.7889000000000E+005    3.8396690000000E+006    4.5830100000000E+005    4.6768600000000E+006
     184    8.5773000000000E+004    5.2141260000000E+006    3.7144800000000E+005    3.8677890000000E+006    4.6086400000000E+005    4.7001010000000E+006
     185    8.3828000000000E+004    5.1939280000000E+006    3.6335300000000E+005    3.8955990000000E+006    4.6329200000000E+005    4.7222440000000E+006
     186    8.1772000000000E+004    5.1742060000000E+006    3.5556000000000E+005    3.9228290000000E+006    4.6563300000000E+005    4.7440220000000E+006
     187    7.9603000000000E+004    5.1551330000000E+006    3.4756300000000E+005    3.9497320000000E+006    4.6796900000000E+005    4.7652640000000E+006
     188    7.8190000000000E+004    5.1359360000000E+006    3.3981700000000E+005    3.9757600000000E+006    4.7029700000000E+005    4.7858740000000E+006
     189    7.6449000000000E+004    5.1174790000000E+006    3.3193300000000E+005    4.0016280000000E+006    4.7251100000000E+005    4.8060720000000E+006
     190    7.4723000000000E+004    5.0994830000000E+006    3.2427500000000E+005    4.0268140000000E+006    4.7470500000000E+005    4.8257940000000E+006
     191    7.3242000000000E+004    5.0818910000000E+006    3.1670300000000E+005    4.0513380000000E+006    4.7682600000000E+005    4.8448670000000E+006
     192    7.1192000000000E+004    5.0647440000000E+006    3.0989900000000E+005    4.0752860000000E+006    4.7887900000000E+005    4.8640640000000E+006
     193    6.9084000000000E+004    5.0483950000000E+006    3.0279300000000E+005    4.0988250000000E+006    4.8090300000000E+005    4.8825210000000E+006
     194    6.7229000000000E+004    5.0322540000000E+006    2.9565300000000E+005    4.1220460000000E+006    4.8281800000000E+005    4.9005170000000E+006
     195    6.5046000000000E+004    5.0168450000000E+006    2.8872900000000E+005    4.1446270000000E+006    4.8475300000000E+005    4.9181090000000E+006
     196    6.2997000000000E+004    5.0017470000000E+006    2.8169600000000E+005    4.1668310000000E+006    4.8672900000000E+005    4.9352560000000E+006
     197    6.1707000000000E+004    4.9866880000000E+006    2.7474500000000E+005    4.1882270000000E+006    4.8863300000000E+005    4.9516050000000E+006
     198    5.9942000000000E+004    4.9723120000000E+006    2.6764500000000E+005    4.2096100000000E+006    4.9049100000000E+005    4.9677460000000E+006
     199    5.8528000000000E+004    4.9583170000000E+006    2.6091100000000E+005    4.2300020000000E+006    4.9224200000000E+005    4.9831550000000E+006
     200    5.7160000000000E+004    4.9445870000000E+006    2.5423100000000E+005    4.2500330000000E+006    4.9398900000000E+005    4.9982530000000E+006
     201    5.5359000000000E+004    4.9313290000000E+006    2.4804800000000E+005    4.2696080000000E+006    4.9565600000000E+005    5.0133120000000E+006
     202    5.3826000000000E+004    4.9184860000000E+006    2.4181400000000E+005    4.2885960000000E+006    4.9727800000000E+005    5.0276880000000E+006
     203    5.2514000000000E+004    4.9058030000000E+006    2.3561100000000E+005    4.3072460000000E+006    4.9882600000000E+005    5.0416830000000E+006
     204    5.1017000000000E+004    4.8935700000000E+006    2.2961900000000E+005    4.3254590000000E+006    5.0033500000000E+005    5.0554130000000E+006
     205    4.9672000000000E+004    4.8816570000000E+006    2.2380400000000E+005    4.3430190000000E+006    5.0184800000000E+005    5.0686710000000E+006
     206    4.8394000000000E+004    4.8700920000000E+006    2.1745000000000E+005    4.3608130000000E+006    5.0325100000000E+005    5.0815140000000E+006
     207    4.6891000000000E+004    4.8589120000000E+006    2.1167600000000E+005    4.3778500000000E+006    5.0467100000000E+005    5.0941970000000E+006
     208    4.5645000000000E+004    4.8479250000000E+006    2.0591300000000E+005    4.3944450000000E+006    5.0607200000000E+005    5.1064300000000E+006
     209    4.4279000000000E+004    4.8373780000000E+006    2.0023400000000E+005    4.4106820000000E+006    5.0742700000000E+005    5.1183430000000E+006
     210    4.2985000000000E+004    4.8271070000000E+006    1.9465200000000E+005    4.4265690000000E+006    5.0868700000000E+005    5.1299080000000E+006
     211    4.1692000000000E+004    4.8172200000000E+006    1.8948300000000E+005    4.4416570000000E+006    5.0994800000000E+005    5.1410880000000E+006
     212    4.0238000000000E+004    4.8076870000000E+006    1.8432900000000E+005    4.4566330000000E+006    5.1111300000000E+005    5.1520750000000E+006
     213    3.9039000000000E+004    4.7983390000000E+006    1.7946700000000E+005    4.4708700000000E+006    5.1228500000000E+005    5.1626220000000E+006
     214    3.7895000000000E+004    4.7892120000000E+006    1.7464000000000E+005    4.4848060000000E+006    5.1344700000000E+005    5.1728930000000E+006
     215    3.6736000000000E+004    4.7804840000000E+006    1.6946800000000E+005    4.4987710000000E+006    5.1454100000000E+005    5.1827800000000E+006
     216    3.5843000000000E+004    4.7718440000000E+006    1.6462500000000E+005    4.5120280000000E+006    5.1566000000000E+005    5.1923130000000E+006
     217    3.4803000000000E+004    4.7635360000000E+006    1.5997800000000E+005    4.5249870000000E+006    5.1669600000000E+005    5.2016610000000E+006
     218    3.3843000000000E+004    4.7553690000000E+006    1.5537500000000E+005    4.5377160000000E+006    5.1769700000000E+005    5.2107880000000E+006
     219    3.2979000000000E+004    4.7475050000000E+006    1.5084500000000E+005    4.5500390000000E+006    5.1863200000000E+005    5.2195160000000E+006
     220    3.1937000000000E+004    4.7399070000000E+006    1.4664200000000E+005    4.5619450000000E+006    5.1956900000000E+005    5.2281560000000E+006
     221    3.0980000000000E+004    4.7325560000000E+006    1.4226700000000E+005    4.5736940000000E+006    5.2050300000000E+005    5.2364640000000E+006
     222    2.9994000000000E+004    4.7253750000000E+006    1.3820100000000E+005    4.5850020000000E+006    5.2142800000000E+005    5.2446310000000E+006
     223    2.8959000000000E+004    4.7185460000000E+006    1.3415200000000E+005    4.5960500000000E+006    5.2229300000000E+005    5.2524950000000E+006
     224    2.8003000000000E+004    4.7119040000000E+006    1.3018500000000E+005    4.6067760000000E+006    5.2313200000000E+005    5.2600930000000E+006
     225    2.7069000000000E+004    4.7054870000000E+006    1.2635600000000E+005    4.6170820000000E+006    5.2400600000000E+005    5.2674440000000E+006
     226    2.6152000000000E+004    4.6992230000000E+006    1.2255000000000E+005    4.6272910000000E+006    5.2478400000000E+005    5.2746250000000E+006
     227    2.5510000000000E+004    4.6930360000000E+006    1.1883200000000E+005    4.6370400000000E+006    5.2558200000000E+005    5.2814540000000E+006
     228    2.4716000000000E+004    4.6871880000000E+006    1.1520300000000E+005    4.6465280000000E+006    5.2636500000000E+005    5.2880960000000E+006
     229    2.3977000000000E+004    4.6815100000000E+006    1.1173300000000E+005    4.6556910000000E+006    5.2708900000000E+005    5.2945130000000E+006
     230    2.3211000000000E+004    4.6760120000000E+006    1.0846400000000E+005    4.6645200000000E+006    5.2779300000000E+005    5.3007770000000E+006
     231    2.2409000000000E+004    4.6706270000000E+006    1.0530300000000E+005    4.6731820000000E+006    5.2847900000000E+005    5.3069640000000E+006
     232    2.1648000000000E+004    4.6655400000000E+006    1.0202400000000E+005    4.6816420000000E+006    5.2914600000000E+005    5.3128120000000E+006
     233    2.0933000000000E+004    4.6605770000000E+006    9.8974000000000E+004    4.6896940000000E+006    5.2982200000000E+005    5.3184900000000E+006
     234    2.0280000000000E+004    4.6557320000000E+006    9.5832000000000E+004    4.6977240000000E+006    5.3043200000000E+005    5.3239880000000E+006
     235    1.9652000000000E+004    4.6509750000000E+006    9.2909000000000E+004    4.7054090000000E+006    5.3105500000000E+005    5.3293730000000E+006
     236    1.9188000000000E+004    4.6463520000000E+006    8.9829000000000E+004    4.7129950000000E+006    5.3163600000000E+005    5.3344600000000E+006
     237    1.8560000000000E+004    4.6420170000000E+006    8.6928000000000E+004    4.7203120000000E+006    5.3218300000000E+005    5.3394230000000E+006
     238    1.7878000000000E+004    4.6378540000000E+006    8.4175000000000E+004    4.7273530000000E+006    5.3274000000000E+005    5.3442680000000E+006
     239    1.7196000000000E+004    4.6337790000000E+006    8.1581000000000E+004    4.7341790000000E+006    5.3326500000000E+005    5.3490250000000E+006
     240    1.6519000000000E+004    4.6298330000000E+006    7.9023000000000E+004    4.7408390000000E+006    5.3378600000000E+005    5.3536480000000E+006
     241    1.6013000000000E+004    4.6260040000000E+006    7.6529000000000E+004    4.7471340000000E+006    5.3432000000000E+005    5.3579830000000E+006
     242    1.5518000000000E+004    4.6223360000000E+006    7.4050000000000E+004    4.7533160000000E+006    5.3478000000000E+005    5.3621460000000E+006
     243    1.4951000000000E+004    4.6188280000000E+006    7.1708000000000E+004    4.7592590000000E+006    5.3525400000000E+005    5.3662210000000E+006
     244    1.4501000000000E+004    4.6153320000000E+006    6.9390000000000E+004    4.7650980000000E+006    5.3567900000000E+005    5.3701670000000E+006
     245    1.4068000000000E+004    4.6119360000000E+006    6.7032000000000E+004    4.7708640000000E+006    5.3610000000000E+005    5.3739960000000E+006
     246    1.3688000000000E+004    4.6086480000000E+006    6.4852000000000E+004    4.7762660000000E+006    5.3654600000000E+005    5.3776640000000E+006
     247    1.3318000000000E+004    4.6055100000000E+006    6.2682000000000E+004    4.7815350000000E+006    5.3695500000000E+005    5.3811720000000E+006
     248    1.2838000000000E+004    4.6024940000000E+006    6.0680000000000E+004    4.7866200000000E+006    5.3736800000000E+005    5.3846680000000E+006
     249    1.2303000000000E+004    4.5996330000000E+006    5.8691000000000E+004    4.7916290000000E+006    5.3774400000000E+005    5.3880640000000E+006
     250    1.1794000000000E+004    4.5968540000000E+006    5.6892000000000E+004    4.7963530000000E+006    5.3810700000000E+005    5.3913520000000E+006
     251    1.1385000000000E+004    4.5941250000000E+006    5.5067000000000E+004    4.8009600000000E+006    5.3846300000000E+005    5.3944900000000E+006
     252    1.1062000000000E+004    4.5914320000000E+006    5.3238000000000E+004    4.8054810000000E+006    5.3878700000000E+005    5.3975060000000E+006
     253    1.0772000000000E+004    4.5888610000000E+006    5.1342000000000E+004    4.8098960000000E+006    5.3912900000000E+005    5.4003670000000E+006
     254    1.0477000000000E+004    4.5863770000000E+006    4.9498000000000E+004    4.8142020000000E+006    5.3944600000000E+005    5.4031460000000E+006
     255    1.0054000000000E+004    4.5840710000000E+006    4.7892000000000E+004    4.8182250000000E+006    5.3975800000000E+005    5.4058750000000E+006
     256    9.6740000000000E+003    4.5817580000000E+006    4.6422000000000E+004    4.8220910000000E+006    5.4005500000000E+005    5.4085680000000E+006
     257    9.1910000000000E+003    4.5796700000000E+006    4.4918000000000E+004    4.8258630000000E+006    5.4035800000000E+005    5.4111390000000E+006
     258    8.8520000000000E+003    4.5775250000000E+006    4.3456000000000E+004    4.8295110000000E+006    5.4065600000000E+005    5.4136230000000E+006
     259    8.6450000000000E+003    4.5754260000000E+006    4.1933000000000E+004    4.8330530000000E+006    5.4094300000000E+005    5.4159290000000E+006
     260    8.2890000000000E+003    4.5734690000000E+006    4.0578000000000E+004    4.8364480000000E+006    5.4121600000000E+005    5.4182420000000E+006
     261    8.1150000000000E+003    4.5715550000000E+006    3.9158000000000E+004    4.8396890000000E+006    5.4148300000000E+005    5.4203300000000E+006
     262    7.8920000000000E+003    4.5696330000000E+006    3.7807000000000E+004    4.8429350000000E+006    5.4173300000000E+005    5.4224750000000E+006
     263    7.5520000000000E+003    4.5678740000000E+006    3.6510000000000E+004    4.8461060000000E+006    5.4195800000000E+005    5.4245740000000E+006
     264    7.2550000000000E+003    4.5662140000000E+006    3.5179000000000E+004    4.8491520000000E+006    5.4220000000000E+005    5.4265310000000E+006
     265    7.0170000000000E+003    4.5645380000000E+006    3.3955000000000E+004    4.8520970000000E+006    5.4239300000000E+005    5.4284450000000E+006
     266    6.7410000000000E+003    4.5628920000000E+006    3.2861000000000E+004    4.8549040000000E+006    5.4260200000000E+005    5.4303670000000E+006
     267    6.5580000000000E+003    4.5613160000000E+006    3.1759000000000E+004    4.8575590000000E+006    5.4280800000000E+005    5.4321260000000E+006
     268    6.4270000000000E+003    4.5597870000000E+006    3.0640000000000E+004    4.8601560000000E+006    5.4299000000000E+005    5.4337860000000E+006
     269    6.2480000000000E+003    4.5582900000000E+006    2.9587000000000E+004    4.8626850000000E+006    5.4319000000000E+005    5.4354620000000E+006
     270    6.0270000000000E+003    4.5568650000000E+006    2.8540000000000E+004    4.8652020000000E+006    5.4336600000000E+005    5.4371080000000E+006
     271    5.7860000000000E+003    4.5555300000000E+006    2.7545000000000E+004    4.8676080000000E+006    5.4353100000000E+005    5.4386840000000E+006
     272    5.5790000000000E+003    4.5542080000000E+006    2.6590000000000E+004    4.8699070000000E+006    5.4371600000000E+005    5.4402130000000E+006
     273    5.2950000000000E+003    4.5529950000000E+006    2.5781000000000E+004    4.8720340000000E+006    5.4389500000000E+005    5.4417100000000E+006
     274    5.1020000000000E+003    4.5517630000000E+006    2.4893000000000E+004    4.8741840000000E+006    5.4405800000000E+005    5.4431350000000E+006
     275    4.8890000000000E+003    4.5506410000000E+006    2.4140000000000E+004    4.8761410000000E+006    5.4418900000000E+005    5.4444700000000E+006
     276    4.6670000000000E+003    4.5495410000000E+006    2.3317000000000E+004    4.8781540000000E+006    5.4432100000000E+005    5.4457920000000E+006
     277    4.5630000000000E+003    4.5484320000000E+006    2.2431000000000E+004    4.8801210000000E+006    5.4445300000000E+005    5.4470050000000E+006
     278    4.3820000000000E+003    4.5473810000000E+006    2.1706000000000E+004    4.8819250000000E+006    5.4460600000000E+005    5.4482370000000E+006
     279    4.2950000000000E+003    4.5463460000000E+006    2.0914000000000E+004    4.8837020000000E+006    5.4474300000000E+005    5.4493590000000E+006
     280    4.1710000000000E+003    4.5453700000000E+006    2.0092000000000E+004    4.8854980000000E+006    5.4486900000000E+005    5.4504590000000E+006
     281    3.9450000000000E+003    4.5444870000000E+006    1.9442000000000E+004    4.8871430000000E+006    5.4498300000000E+005    5.4515680000000E+006
     282    3.7660000000000E+003    4.5436150000000E+006    1.8833000000000E+004    4.8886800000000E+006    5.4510600000000E+005    5.4526190000000E+006
     283    3.6320000000000E+003    4.5427140000000E+006    1.8192000000000E+004    4.8902270000000E+006    5.4523500000000E+005    5.4536540000000E+006
     284    3.4650000000000E+003    4.5419050000000E+006    1.7522000000000E+004    4.8917620000000E+006    5.4534600000000E+005    5.4546300000000E+006
     285    3.3840000000000E+003    4.5411030000000E+006    1.6829000000000E+004    4.8932260000000E+006    5.4545800000000E+005    5.4555130000000E+006
     286    3.3210000000000E+003    4.5402940000000E+006    1.6172000000000E+004    4.8946670000000E+006    5.4554600000000E+005    5.4563850000000E+006
     287    3.1940000000000E+003    4.5395200000000E+006    1.5576000000000E+004    4.8960760000000E+006    5.4563400000000E+005    5.4572860000000E+006
     288    3.0610000000000E+003    4.5388440000000E+006    1.4960000000000E+004    4.8973940000000E+006    5.4574100000000E+005    5.4580950000000E+006
     289    2.9280000000000E+003    4.5381750000000E+006    1.4427000000000E+004    4.8986500000000E+006    5.4582000000000E+005    5.4588970000000E+006
     290    2.8430000000000E+003    4.5374510000000E+006    1.3914000000000E+004    4.8998940000000E+006    5.4589800000000E+005    5.4597060000000E+006
     291    2.7210000000000E+003    4.5367990000000E+006    1.3475000000000E+004    4.9010070000000E+006    5.4599800000000E+005    5.4604800000000E+006
     292    2.6860000000000E+003    4.5361580000000E+006    1.2919000000000E+004    4.9021630000000E+006    5.4607400000000E+005    5.4611560000000E+006
     293    2.6030000000000E+003    4.5355720000000E+006    1.2466000000000E+004    4.9032140000000E+006    5.4614500000000E+005    5.4618250000000E+006
     294    2.4660000000000E+003    4.5349850000000E+006    1.2090000000000E+004    4.9042440000000E+006    5.4621500000000E+005    5.4625490000000E+006
     295    2.3570000000000E+003    4.5344420000000E+006    1.1633000000000E+004    4.9052860000000E+006    5.4628200000000E+005    5.4632010000000E+006
     296    2.2140000000000E+003    4.5339440000000E+006    1.1223000000000E+004    4.9062640000000E+006    5.4635500000000E+005    5.4638420000000E+006
     297    2.1500000000000E+003    4.5334220000000E+006    1.0774000000000E+004    4.9072230000000E+006    5.4643100000000E+005    5.4644280000000E+006
     298    2.0600000000000E+003    4.5329250000000E+006    1.0385000000000E+004    4.9081310000000E+006    5.4649900000000E+005    5.4650150000000E+006
     299    1.9460000000000E+003    4.5324960000000E+006    1.0045000000000E+004    4.9089390000000E+006    5.4657400000000E+005    5.4655580000000E+006
     300    1.8970000000000E+003    4.5320470000000E+006    9.6710000000000E+003    4.9097480000000E+006    5.4663700000000E+005    5.4660560000000E+006
     301    1.8020000000000E+003    4.5316200000000E+006    9.2920000000000E+003    4.9105910000000E+006    5.4669500000000E+005    5.4665780000000E+006
     302    1.7130000000000E+003    4.5312120000000E+006    8.9800000000000E+003    4.9113490000000E+006    5.4674600000000E+005    5.4670750000000E+006
     303    1.6840000000000E+003    4.5308120000000E+006    8.6070000000000E+003    4.9120940000000E+006    5.4680300000000E+005    5.4675040000000E+006
     304    1.6120000000000E+003    4.5304350000000E+006    8.2470000000000E+003    4.9128510000000E+006    5.4685500000000E+005    5.4679530000000E+006
     305    1.5760000000000E+003    4.5300440000000E+006    7.9000000000000E+003    4.9135650000000E+006    5.4691500000000E+005    5.4683800000000E+006
     306    1.5510000000000E+003    4.5296610000000E+006    7.6320000000000E+003    4.9141930000000E+006    5.4696300000000E+005    5.4687880000000E+006
     307    1.4850000000000E+003    4.5293270000000E+006    7.3630000000000E+003    4.9148090000000E+006    5.4701600000000E+005    5.4691880000000E+006
     308    1.4220000000000E+003    4.5290130000000E+006    7.0160000000000E+003    4.9154930000000E+006    5.4705600000000E+005    5.4695650000000E+006
     309    1.3540000000000E+003    4.5286900000000E+006    6.7550000000000E+003    4.9160860000000E+006    5.4711500000000E+005    5.4699560000000E+006
     310    1.2990000000000E+003    4.5283620000000E+006    6.4970000000000E+003    4.9166850000000E+006    5.4715700000000E+005    5.4703390000000E+006
     311    1.2840000000000E+003    4.5280430000000E+006    6.2450000000000E+003    4.9172270000000E+006    5.4720100000000E+005    5.4706730000000E+006
     312    1.2470000000000E+003    4.5277660000000E+006    5.9720000000000E+003    4.9177830000000E+006    5.4723200000000E+005    5.4709870000000E+006
     313    1.1750000000000E+003    4.5275150000000E+006    5.7520000000000E+003    4.9182950000000E+006    5.4726300000000E+005    5.4713100000000E+006
     314    1.1150000000000E+003    4.5272470000000E+006    5.5820000000000E+003    4.9187460000000E+006    5.4731000000000E+005    5.4716380000000E+006
     315    1.0630000000000E+003    4.5269800000000E+006    5.3790000000000E+003    4.9192320000000E+006    5.4734600000000E+005    5.4719570000000E+006
     316    1.0440000000000E+003    4.5267220000000E+006    5.1590000000000E+003    4.9196940000000E+006    5.4738100000000E+005    5.4722340000000E+006
     317    1.0240000000000E+003    4.5264910000000E+006    4.9810000000000E+003    4.9200890000000E+006    5.4741500000000E+005    5.4724850000000E+006
     318    9.9000000000000E+002    4.5262570000000E+006    4.8000000000000E+003    4.9205000000000E+006    5.4745300000000E+005    5.4727530000000E+006
     319    9.4300000000000E+002    4.5260370000000E+006    4.6400000000000E+003    4.9208950000000E+006    5.4748500000000E+005    5.4730200000000E+006
     320    8.9000000000000E+002    4.5258320000000E+006    4.4900000000000E+003    4.9212830000000E+006    5.4750500000000E+005    5.4732780000000E+006
     321    8.8100000000000E+002    4.5256100000000E+006    4.3210000000000E+003    4.9216630000000E+006    5.4752500000000E+005    5.4735090000000E+006
     322    8.2200000000000E+002    4.5254350000000E+006    4.1780000000000E+003    4.9220100000000E+006    5.4755500000000E+005    5.4737430000000E+006
     323    7.8600000000000E+002    4.5252510000000E+006    4.0070000000000E+003    4.9223800000000E+006    5.4757600000000E+005    5.4739630000000E+006
     324    7.8500000000000E+002    4.5250470000000E+006    3.8290000000000E+003    4.9227270000000E+006    5.4761200000000E+005    5.4741680000000E+006
     325    7.4800000000000E+002    4.5248620000000E+006    3.7170000000000E+003    4.9230330000000E+006    5.4764000000000E+005    5.4743900000000E+006
     326    7.6000000000000E+002    4.5246750000000E+006    3.5780000000000E+003    4.9233230000000E+006    5.4766400000000E+005    5.4745650000000E+006
     327    7.2300000000000E+002    4.5245280000000E+006    3.4390000000000E+003    4.9236230000000E+006    5.4768700000000E+005    5.4747490000000E+006
     328    6.6700000000000E+002    4.5243800000000E+006    3.3150000000000E+003    4.9239320000000E+006    5.4770600000000E+005    5.4749530000000E+006
     329    6.4200000000000E+002    4.5242200000000E+006    3.1810000000000E+003    4.9242330000000E+006    5.4772400000000E+005    5.4751380000000E+006
     330    5.8100000000000E+002    4.5240940000000E+006    3.0910000000000E+003    4.9244870000000E+006    5.4774700000000E+005    5.4753250000000E+006
     331    5.5900000000000E+002    4.5239690000000E+006    2.9870000000000E+003    4.9247240000000E+006    5.4776100000000E+005    5.4754720000000E+006
     332    5.3500000000000E+002    4.5238450000000E+006    2.8670000000000E+003    4.9249660000000E+006    5.4778700000000E+005    5.4756200000000E+006
     333    5.1000000000000E+002    4.5237100000000E+006    2.7600000000000E+003    4.9252140000000E+006    5.4780600000000E+005    5.4757800000000E+006
     334    5.3100000000000E+002    4.5235630000000E+006    2.6280000000000E+003    4.9254520000000E+006    5.4782600000000E+005    5.4759060000000E+006
     335    5.2100000000000E+002    4.5234480000000E+006    2.5220000000000E+003    4.9256740000000E+006    5.4783500000000E+005    5.4760310000000E+006
     336    4.9400000000000E+002    4.5233510000000E+006    2.4120000000000E+003    4.9258900000000E+006    5.4785300000000E+005    5.4761550000000E+006
     337    4.6300000000000E+002    4.5232470000000E+006    2.3270000000000E+003    4.9261010000000E+006    5.4786200000000E+005    5.4762900000000E+006
     338    4.2400000000000E+002    4.5231390000000E+006    2.2690000000000E+003    4.9262970000000E+006    5.4787100000000E+005    5.4764370000000E+006
     339    4.1600000000000E+002    4.5230320000000E+006    2.1620000000000E+003    4.9265060000000E+006    5.4788400000000E+005    5.4765520000000E+006
     340    4.2300000000000E+002    4.5229280000000E+006    2.0840000000000E+003    4.9266610000000E+006    5.4790400000000E+005    5.4766490000000E+006
     341    4.0300000000000E+002    4.5228440000000E+006    2.0040000000000E+003    4.9268400000000E+006    5.4790900000000E+005    5.4767530000000E+006
     342    3.8800000000000E+002    4.5227510000000E+006    1.9080000000000E+003    4.9270350000000E+006    5.4791800000000E+005    5.4768610000000E+006
     343    3.5800000000000E+002    4.5226740000000E+006    1.8300000000000E+003    4.9272110000000E+006    5.4792700000000E+005    5.4769680000000E+006
     344    3.1600000000000E+002    4.5226120000000E+006    1.7470000000000E+003    4.9273820000000E+006    5.4794300000000E+005    5.4770720000000E+006
     345    3.3300000000000E+002    4.5225110000000E+006    1.6840000000000E+003    4.9275130000000E+006    5.4795900000000E+005    5.4771560000000E+006
     346    3.0500000000000E+002    4.5224460000000E+006    1.6290000000000E+003    4.9276470000000E+006    5.4797300000000E+005    5.4772490000000E+006
     347    2.9800000000000E+002    4.5223760000000E+006    1.5460000000000E+003    4.9277880000000E+006    5.4799200000000E+005    5.4773260000000E+006
     348    3.0300000000000E+002    4.5223090000000E+006    1.4820000000000E+003    4.9278990000000E+006    5.4800700000000E+005    5.4773880000000E+006
     349    2.6700000000000E+002    4.5222440000000E+006    1.4580000000000E+003    4.9280160000000E+006    5.4801500000000E+005    5.4774890000000E+006
     350    2.4800000000000E+002    4.5221980000000E+006    1.3990000000000E+003    4.9281390000000E+006    5.4801600000000E+005    5.4775540000000E+006
     351    2.3400000000000E+002    4.5221420000000E+006    1.3340000000000E+003    4.9282690000000E+006    5.4802100000000E+005    5.4776240000000E+006
     352    2.2500000000000E+002    4.5220840000000E+006    1.2540000000000E+003    4.9284100000000E+006    5.4802700000000E+005    5.4776910000000E+006
     353    2.2100000000000E+002    4.5220230000000E+006    1.2040000000000E+003    4.9285170000000E+006    5.4803500000000E+005    5.4777560000000E+006
     354    2.4100000000000E+002    4.5219570000000E+006    1.1530000000000E+003    4.9286100000000E+006    5.4803900000000E+005    5.4778020000000E+006
     355    2.3000000000000E+002    4.5219120000000E+006    1.1050000000000E+003    4.9287070000000E+006    5.4804600000000E+005    5.4778580000000E+006
     356    2.1800000000000E+002    4.5218660000000E+006    1.0550000000000E+003    4.9288070000000E+006    5.4805400000000E+005    5.4779160000000E+006
     357    2.0300000000000E+002    4.5218200000000E+006    1.0090000000000E+003    4.9289060000000E+006    5.4806200000000E+005    5.4779770000000E+006
     358    1.8900000000000E+002    4.5217680000000E+006    9.7100000000000E+002    4.9290030000000E+006    5.4806900000000E+005    5.4780430000000E+006
     359    1.8000000000000E+002    4.5217320000000E+006    9.3200000000000E+002    4.9290830000000E+006    5.4807300000000E+005    5.4780880000000E+006
     360    1.7100000000000E+002    4.5216950000000E+006    8.8500000000000E+002    4.9291750000000E+006    5.4807400000000E+005    5.4781340000000E+006
     361    1.7600000000000E+002    4.5216440000000E+006    8.5400000000000E+002    4.9292470000000E+006    5.4807900000000E+005    5.4781800000000E+006
     362    1.5900000000000E+002    4.5216090000000E+006    8.4400000000000E+002    4.9293000000000E+006    5.4808800000000E+005    5.4782320000000E+006
     363    1.5900000000000E+002    4.5215730000000E+006    7.7900000000000E+002    4.9293900000000E+006    5.4809900000000E+005    5.4782680000000E+006
     364    1.6700000000000E+002    4.5215280000000E+006    7.5100000000000E+002    4.9294510000000E+006    5.4810300000000E+005    5.4783050000000E+006
     365    1.5100000000000E+002    4.5214930000000E+006    7.3200000000000E+002    4.9295180000000E+006    5.4810600000000E+005    5.4783560000000E+006
     366    1.5400000000000E+002    4.5214550000000E+006    7.0000000000000E+002    4.9295790000000E+006    5.4811200000000E+005    5.4783910000000E+006
     367    1.5400000000000E+002    4.5214190000000E+006    6.7100000000000E+002    4.9296390000000E+006    5.4811700000000E+005    5.4784270000000E+006
     368    1.4000000000000E+002    4.5213880000000E+006    6.7000000000000E+002    4.9296810000000E+006    5.4812100000000E+005    5.4784720000000E+006
     369    1.3900000000000E+002    4.5213540000000E+006    6.4900000000000E+002    4.9297290000000E+006    5.4812900000000E+005    5.4785070000000E+006
     370    1.3400000000000E+002    4.5213210000000E+006    6.2900000000000E+002    4.9297830000000E+006    5.4813300000000E+005    5.4785450000000E+006
     371    1.1600000000000E+002    4.5213030000000E+006    6.0400000000000E+002    4.9298420000000E+006    5.4813500000000E+005    5.4785810000000E+006
     372    1.0100000000000E+002    4.5212870000000E+006    5.6900000000000E+002    4.9299060000000E+006    5.4813700000000E+005    5.4786120000000E+006
     373    8.9000000000000E+001    4.5212650000000E+006    5.5800000000000E+002    4.9299470000000E+006    5.4814100000000E+005    5.4786460000000E+006
     374    7.8000000000000E+001    4.5212430000000E+006    5.4500000000000E+002    4.9299880000000E+006    5.4814600000000E+005    5.4786790000000E+006
     375    9.1000000000000E+001    4.5212120000000E+006    5.1700000000000E+002    4.9300300000000E+006    5.4815000000000E+005    5.4786970000000E+006
     376    1.0200000000000E+002    4.5211850000000E+006    4.8100000000000E+002    4.9300790000000E+006    5.4815300000000E+005    5.4787130000000E+006
     377    1.0000000000000E+002    4.5211650000000E+006    4.6700000000000E+002    4.9301110000000E+006    5.4815700000000E+005    5.4787350000000E+006
     378    1.0900000000000E+002    4.5211340000000E+006    4.5200000000000E+002    4.9301460000000E+006    5.4815900000000E+005    5.4787570000000E+006
     379    9.3000000000000E+001    4.5211190000000E+006    4.3200000000000E+002    4.9301970000000E+006    5.4815900000000E+005    5.4787880000000E+006
     380    8.8000000000000E+001    4.5210970000000E+006    4.2400000000000E+002    4.9302310000000E+006    5.4816000000000E+005    5.4788150000000E+006
     381    9.3000000000000E+001    4.5210720000000E+006    4.0800000000000E+002    4.9302650000000E+006    5.4816200000000E+005    5.4788350000000E+006
     382    7.6000000000000E+001    4.5210580000000E+006    3.9400000000000E+002    4.9303080000000E+006    5.4816400000000E+005    5.4788660000000E+006
     383    8.3000000000000E+001    4.5210360000000E+006    3.7400000000000E+002    4.9303400000000E+006    5.4816700000000E+005    5.4788810000000E+006
     384    7.6000000000000E+001    4.5210210000000E+006    3.5800000000000E+002    4.9303750000000E+006    5.4817000000000E+005    5.4789030000000E+006
     385    7.3000000000000E+001    4.5209990000000E+006    3.4700000000000E+002    4.9304070000000E+006    5.4817400000000E+005    5.4789280000000E+006
     386    8.0000000000000E+001    4.5209780000000E+006    3.3000000000000E+002    4.9304350000000E+006    5.4817700000000E+005    5.4789420000000E+006
     387    7.2000000000000E+001    4.5209640000000E+006    3.1800000000000E+002    4.9304680000000E+006    5.4817800000000E+005    5.4789640000000E+006
     388    7.0000000000000E+001    4.5209510000000E+006    3.0000000000000E+002    4.9305010000000E+006    5.4817800000000E+005    5.4789790000000E+006
     389    5.7000000000000E+001    4.5209420000000E+006    3.0400000000000E+002    4.9305160000000E+006    5.4818100000000E+005    5.4790010000000E+006
     390    5.6000000000000E+001    4.5209220000000E+006    3.0900000000000E+002    4.9305300000000E+006    5.4818300000000E+005    5.4790220000000E+006
     391    5.6000000000000E+001    4.5209080000000E+006    3.0100000000000E+002    4.9305470000000E+006    5.4818800000000E+005    5.4790360000000E+006
     392    5.9000000000000E+001    4.5208920000000E+006    2.9200000000000E+002    4.9305660000000E+006    5.4819100000000E+005    5.4790490000000E+006
     393    6.0000000000000E+001    4.5208820000000E+006    2.7000000000000E+002    4.9305950000000E+006    5.4819300000000E+005    5.4790580000000E+006
     394    5.6000000000000E+001    4.5208660000000E+006    2.6300000000000E+002    4.9306220000000E+006    5.4819300000000E+005    5.4790780000000E+006
     395    5.3000000000000E+001    4.5208550000000E+006    2.5700000000000E+002    4.9306420000000E+006    5.4819300000000E+005    5.4790920000000E+006
     396    4.7000000000000E+001    4.5208450000000E+006    2.4200000000000E+002    4.9306710000000E+006    5.4819500000000E+005    5.4791080000000E+006
     397    4.4000000000000E+001    4.5208380000000E+006    2.3700000000000E+002    4.9306860000000E+006    5.4819500000000E+005    5.4791180000000E+006
     398    3.8000000000000E+001    4.5208280000000E+006    2.3100000000000E+002    4.9307060000000E+006    5.4819700000000E+005    5.4791340000000E+006
     399    3.1000000000000E+001    4.5208240000000E+006    2.1700000000000E+002    4.9307280000000E+006    5.4820000000000E+005    5.4791450000000E+006
     400    2.8000000000000E+001    4.5208170000000E+006    2.1300000000000E+002    4.9307420000000E+006    5.4820000000000E+005    5.4791550000000E+006
