         1         0         1         0         0         0         0
         2         6         0         0         1         0         0
         3         0         0         0         1         0         0
         4         0         3         0         1         0         0
         5         1         0         0         4         0         0
         6         1         6         0         4         0         1
         7         0         0         0        10         0         0
         8         1         0         0        10         0         0
         9         2         1         0        10         0         0
        10         0         1         0        11         1         0
        11         1         0         0        12         0         0
        12         2         1         0        12         0         0
        13         1         2         0        13         0         0
        14         3         0         0        15         0         0
        15         0         1         0        15         0         0
        16         1         2         0        16         0         1
        17         2         1         0        18         0         0
        18         0         3         0        19         0         0
        19         8         0         0        22         0         0
        20         0         1         6        22         1         0
        21         3         2         0        17         0         0
        22         1         0         0        19         0         0
        23         6         8         1        19         0         0
        24         3         0         1        26         0         0
        25         6         3         0        25         0         0
        26         9         1         1        28         0         0
        27         5         6         2        28         0         0
        28         9         3         0        32         0         0
        29        12         6         1        35         0         1
        30        10         9         2        40         0         1
        31         4         5         1        47         0         0
        32        11         9         3        51         0         0
        33        16        12         0        57         1         0
        34         3        10         1        69         1         2
        35        14         4         2        78         0         0
        36         7        11         0        80         0         1
        37        16        16         8        91         0         1
        38        10         3         0        99         2         0
        39         9        14         3       102         0         2
        40        26         7         1       113         1         0
        41        20        16         6       119         1         2
        42        28        10         3       129         0         0
        43        31         9         6       136         2         0
        44        22        26         9       139         0         2
        45        18        20         5       156         2         0
        46        14        28         9       171         0         1
        47        34        31        12       190         0         3
        48        31        22        10       209         2         1
        49        42        18         4       221         0         0
        50        37        14        11       235         1         2
        51        49        34        16       238         3         1
        52        42        31         3       256         1         3
        53        36        42        14       284         0         5
        54        78        37         7       312         2         2
        55        48        49        16       342         1         5
        56        50        42        10       375         3         2
        57        83        36         9       407         5         3
        58        63        78        26       434         2         8
        59        44        48        20       486         5         3
        60        38        50        28       514         2         1
        61       115        83        31       536         3         6
        62        95        63        22       588         8        10
        63       109        44        18       629         3         4
        64       101        38        14       655         1         2
        65        81       115        34       679         6         8
        66        63        95        31       760        10         9
        67        61       109        42       824         4         8
        68       119       101        37       891         2        11
        69       113        81        49       955         8         9
        70       109        63        42       987         9         7
        71        86        61        36      1008         8         4
        72        96       119        78      1033        11         7
        73        56       113        48      1074         9        13
        74        60       109        50      1139         7        17
        75       121        86        83      1198         4        11
        76       101        96        63      1201         7         7
        77        77        56        44      1234        13         4
        78        69        60        38      1246        17         4
        79        80       121       115      1268        11        12
        80        40       101        95      1274         7        10
        81        59        77       109      1280         4         8
        82        80        69       101      1248         4         8
        83        85        80        81      1216        12         5
        84        92        40        63      1215        10         6
        85        74        59        61      1192         8         8
        86        66        80       119      1190         8        11
        87        44        85       113      1151         5         7
        88        39        92       109      1123         6         6
        89        71        74        86      1106         8        10
        90        57        66        96      1094        11        14
        91        64        44        56      1064         7         1
        92        89        39        60      1052         6         4
        93        68        71       121      1031        10         7
        94        33        57       101       981        14         6
        95        36        64        77       937         1        11
        96        43        89        69       924         4        17
        97        42        68        80       944         7         5
        98        54        33        40       932         6         1
        99        54        36        59       925        11         4
       100        50        43        80       902        17         3
       101        31        42        85       865         5         5
       102        11        54        92       822         1         5
       103        37        54        74       784         4         6
       104        28        50        66       764         3         8
       105        20        31        44       748         5         4
       106        29        11        39       735         5         3
       107        30        37        71       707         6         4
       108        16        28        57       673         8         0
       109        21        20        64       644         4         3
       110        66        29        89       600         3         1
       111        87        30        68       540         4         2
       112        40        16        33       502         0         2
       113        46        21        36       485         3         0
       114        33        66        43       470         1         4
       115        16        87        42       493         2         9
       116        65        40        54       538         2         5
       117        40        46        54       524         0         3
       118        24        33        50       516         4         2
       119        27        16        31       499         9         0
       120        24        65        11       484         5         7
       121        46        40        37       538         3         5
       122        17        24        28       541         2         1
       123        18        27        20       537         0         2
       124        44        24        29       544         7         1
       125        33        46        30       539         5         8
       126        32        17        16       555         1         2
       127        22        18        21       556         2         1
       128        43        44        66       553         1         4
       129        20        33        87       531         8         0
       130        18        32        40       477         2         1
       131        29        22        46       469         1         2
       132        34        43        33       445         4         2
       133        42        20        16       455         0         5
       134        31        18        65       459         1         1
       135        20        29        40       412         2         4
       136         9        34        24       401         2         6
       137        12        42        27       411         5         3
       138        24        31        24       426         1         0
       139        13        20        46       433         4         3
       140        22         9        17       407         6         1
       141        32        12        18       399         3         3
       142        16        24        44       393         0         4
       143         7        13        33       373         3         3
       144         9        22        32       353         1         3
       145        16        32        22       343         3         0
       146        23        16        43       353         4         0
       147        17         7        20       326         3         1
       148        23         9        18       313         3         0
       149        30        16        29       304         0         2
       150        11        23        34       291         0         1
       151         7        17        42       280         1         2
       152         8        23        31       255         0         1
       153        22        30        20       247         2         4
       154        11        11         9       257         1         2
       155        11         7        12       259         2         0
       156         6         8        24       254         1         3
       157         6        22        13       238         4         3
       158         6        11        22       247         2         0
       159        22        11        32       236         0         2
       160        16         6        16       215         3         1
       161         9         6         7       205         3         0
       162        13         6         9       204         0         0
       163        15        22        16       201         2         3
       164         8        16        23       207         1         2
       165         4         9        17       200         0         0
       166         8        13        23       192         0         1
       167        16        15        30       182         3         2
       168        16         8        11       167         2         1
       169        31         4         7       164         0         0
       170        13         8         8       161         1         1
       171         6        16        22       161         2         0
       172         1        16        11       155         1         1
       173        10        31        11       160         0         4
       174        11        13         6       180         1         2
       175         5         6         6       187         0         0
       176        16         1         6       187         1         0
       177        11        10        22       182         4         0
       178         7        11        16       170         2         0
       179         2         5         9       165         0         0
       180        21        16        13       161         0         1
       181        16        11        15       164         0         0
       182        12         7         8       160         0         1
       183        14         2         4       159         0         0
       184         5        21         8       157         1         2
       185        11        16        16       170         0         3
       186         7        12        16       170         1         2
       187        13        14        31       166         0         0
       188        16         5        13       149         2         0
       189        12        11         6       141         3         2
       190        16         7         1       146         2         1
       191         5        13        10       152         0         1
       192         4        16        11       155         0         1
       193         3        12         5       160         2         0
       194        15        16        16       167         1         0
       195        11         5        11       167         1         1
       196         4         4         7       161         1         0
       197         4         3         2       158         0         0
       198         8        15        21       159         0         2
       199         6        11        16       153         1         1
       200         3         4        12       148         0         0
       201        18         4        14       140         0         0
       202         3         8         5       130         2         0
       203         9         6        11       133         1         1
       204        15         3         7       128         0         1
       205         5        18        13       124         0         0
       206         3         3        16       129         0         0
       207         1         9        12       116         1         1
       208        16        15        16       113         1         1
       209         3         5         5       112         0         0
       210         5         3         4       112         0         0
       211         4         1         3       111         1         0
       212         4        16        15       109         1         2
       213         5         3        11       110         0         0
       214         4         5         4       102         0         0
       215         7         4         4       103         0         0
       216         7         4         8       103         2         1
       217         5         5         6        99         0         1
       218         9         4         3        98         0         0
       219         0         7        18        99         0         3
       220         2         7         3        88         1         0
       221         0         5         9        92         1         1
       222         5         9        15        88         0         0
       223         3         0         5        82         3         0
       224         1         2         3        77         0         0
       225         3         0         1        76         1         0
       226         6         5        16        75         0         0
       227         4         3         3        64         0         0
       228         1         1         5        64         0         0
       229         4         3         4        60         0         0
       230         9         6         4        59         0         1
       231        13         4         5        61         0         1
       232        12         1         4        60         0         0
       233         6         4         7        57         0         1
       234         3         9         7        54         1         0
       235         2        13         5        56         1         0
       236         1        12         9        64         0         1
       237        18         6         0        67         1         0
       238        14         3         2        73         0         1
       239        11         2         0        74         0         0
       240        13         1         5        76         1         0
       241         1        18         3        72         0         4
       242         7        14         1        87         1         0
       243        17        11         3       100         0         1
       244         7        13         6       108         0         0
       245         6         1         4       115         4         0
       246         9         7         1       112         0         1
       247         3        17         4       118         1         1
       248         1         7         9       131         0         1
       249         6         6        13       129         0         1
       250        11         9        12       122         1         2
       251        18         3         6       119         1         0
       252        15         1         3       116         1         0
       253        20         6         2       114         1         0
       254        20        11         1       118         2         1
       255         8        18        18       128         0         1
       256         3        15        14       128         0         2
       257        21        20        11       129         0         3
       258        29        20        13       138         1         1
       259        18         8         1       145         1         0
       260        23         3         7       152         2         0
       261        25        21        17       148         3         4
       262         1        29         7       152         1         2
       263        14        18         6       174         0         1
       264        33        23         9       186         0         2
       265        17        25         3       200         4         2
       266        31         1         1       222         2         0
       267        30        14         6       222         1         4
       268        20        33        11       230         2         3
       269         7        17        18       252         2         3
       270         6        31        15       251         0         5
       271        44        30        20       267         4         3
       272        20        20        20       277         3         1
       273        24         7         8       277         3         2
       274        12         6         3       276         5         2
       275         8        44        21       279         3         5
       276        19        20        29       302         1         3
       277         9        24        18       293         2         2
       278        16        12        23       299         2         2
       279        27         8        25       288         5         1
       280        26        19         1       271         3         0
       281        17         9        14       289         2         1
       282         7        16        33       284         2         0
       283        15        27        17       267         1         1
       284        10        26        31       277         0         1
       285        38        17        30       272         1         1
       286        31         7        20       259         0         0
       287        59        15         7       246         1         2
       288        61        10         6       254         1         2
       289        42        38        44       258         1         3
       290        22        31        20       252         0         4
       291        24        59        24       263         2         3
       292        64        61        12       298         2         9
       293        66        42         8       347         3         1
       294        38        22        19       381         4         2
       295        38        24         9       384         3         2
       296        46        64        16       399         9         3
       297        10        66        27       447         1         7
       298        37        38        26       486         2         4
       299        59        38        17       498         2         9
       300        31        46         7       519         3         6
       301        40        10        15       558         7         1
       302        39        37        10       553         4         5
       303        32        59        38       580         9         6
       304        10        31        31       601         6         3
       305        17        40        59       601         1         1
       306        39        39        61       582         5         5
       307        61        32        42       560         6         1
       308        49        10        22       550         3         2
       309        40        17        24       538         1         3
       310        65        39        64       531         5         4
       311        32        61        66       506         1         0
       312        30        49        38       501         2         2
       313        15        40        38       512         3         9
       314        30        65        46       514         4         3
       315        39        32        10       533         0         1
       316        15        30        37       555         2         5
       317        22        15        59       548         9         0
       318         6        30        31       504         3         4
       319         4        39        40       503         1         4
       320        22        15        39       502         5         1
       321        30        22        32       478         0         2
       322        30         6        10       468         4         3
       323        30         4        17       464         4         0
       324        36        22        39       451         1         0
       325         2        30        61       434         2         5
       326         4        30        49       403         3         1
       327        16        30        40       384         0         2
       328        13        36        65       374         0         1
       329        16         2        32       345         5         0
       330        35         4        30       315         1         0
       331        19        16        15       289         2         2
       332        11        13        30       290         1         2
       333         6        16        39       273         0         0
       334        19        35        15       250         0         3
       335        26        19        22       270         2         0
       336        20        11         6       267         2         1
       337        12         6         4       272         0         0
       338        18        19        22       274         3         1
       339         9        26        30       271         0         3
       340         7        20        30       267         1         3
       341        32        12        30       257         0         0
       342        20        18        36       239         1         0
       343        31         9         2       221         3         1
       344        15         7         4       228         3         0
       345        20        32        16       231         0         2
       346        10        20        13       247         0         0
       347        11        31        16       254         1         6
       348        31        15        35       269         0         2
       349        26        20        19       249         2         2
       350        54        10        11       250         0         2
       351        38        11         6       249         6         2
       352        19        31        19       254         2         4
       353        14        26        26       266         2         1
       354        16        54        20       266         2         9
       355        10        38        12       300         2         3
       356        25        19        18       326         4         1
       357        12        14         9       327         1         1
       358        26        16         7       332         9         3
       359        20        10        32       341         3         3
       360         4        25        20       319         1         2
       361        21        12        31       324         1         1
       362        16        26        15       305         3         2
       363        33        20        20       316         3         4
       364        13         4        10       316         2         0
       365        12        21        11       310         1         1
       366        22        16        31       320         2         0
       367         7        33        26       305         4         5
       368         5        13        54       312         0         2
       369        18        12        38       271         1         1
       370        22        22        19       245         0         2
       371        26         7        14       248         5         1
       372        17         5        16       241         2         0
       373         8        18        10       230         1         2
       374         3        22        25       238         2         1
       375         6        26        12       235         1         2
       376        30        17        26       249         0         1
       377        27         8        20       240         2         1
       378        44         3         4       228         1         1
       379        48         6        21       227         2         2
       380        34        30        16       212         1         2
       381         9        27        33       226         1         2
       382         5        44        13       220         1         8
       383        21        48        12       251         2         6
       384        16        34        22       287         2         4
       385        18         9         7       299         2         0
       386        25         5         5       301         8         1
       387        26        21        18       301         6         2
       388        11        16        22       304         4         2
       389        11        18        26       298         0         6
       390        25        25        17       290         1         3
       391         9        26         8       298         2         5
       392        17        11         3       316         2         1
       393        23        11         6       324         6         1
       394        28        25        30       329         3         3
       395        13         9        27       324         5         1
       396         5        17        44       306         1         3
       397        39        23        48       279         1         1
       398        25        28        34       254         3         2
       399        21        13         9       248         1         2
       400        15         5         5       252         3         0
       401        20        39        21       252         1         5
       402         6        25        16       270         2         0
       403         3        21        18       279         2         2
       404        36        15        25       282         0         1
       405        15        20        26       272         5         0
       406        36         6        11       266         0         0
       407        24         3        11       261         2         0
       408        10        36        25       253         1         4
       409         3        15         9       264         0         2
       410         6        36        17       270         0         4
       411         8        24        23       289         0         4
       412        33        10        28       290         4         1
       413        21         3        13       272         2         0
       414        20         6         5       262         4         2
       415        14         8        39       263         4         1
       416         9        33        25       232         1         2
       417        11        21        21       240         0         4
       418        29        20        15       240         2         1
       419        35        14        20       245         1         0
       420        15         9         6       239         2         0
       421        19        11         3       242         4         2
       422        26        29        36       250         1         1
       423         7        35        15       243         0         2
       424        11        15        36       263         0         2
       425        26        19        24       242         2         2
       426        16        26        10       237         1         0
       427        18         7         3       253         2         1
       428        49        11         6       257         2         2
       429        17        26         8       262         2         2
       430        20        16        33       280         0         1
       431         8        18        21       263         1         4
       432        43        49        20       260         2         9
       433        17        17        14       289         2         0
       434        45        20         9       292         1         0
       435        27         8        11       303         4         1
       436        35        43        29       300         9         2
       437         5        17        35       314         0         2
       438         8        45        15       296         0         4
       439        48        27        19       326         1         4
       440        62        35        26       334         2         3
       441        15         5         7       343         2         2
       442        31         8        11       341         4         0
       443        42        48        26       338         4         3
       444        29        62        16       360         3         2
       445        26        15        18       406         2         1
       446        68        31        49       403         0         4
       447        49        42        17       385         3         4
       448        29        29        20       410         2         1
       449        60        26         8       419         1         5
       450        66        68        43       437         4         6
       451        37        49        17       462         4         5
       452        25        29        45       494         1         2
       453        70        60        27       478         5         6
       454        68        66        35       511         6         5
       455        57        37         5       542         5         2
       456        75        25         8       574         2         2
       457        45        70        48       591         6         9
       458        17        68        62       613         5        10
       459        44        57        15       619         2         5
       460        63        75        31       661         2         8
       461        63        45        42       705         9         6
       462        44        17        29       708        10         4
       463        50        44        26       696         5         6
       464        60        63        68       714         8         3
       465        30        63        49       709         6         6
       466        12        44        29       723         4         4
       467        71        50        60       738         6         3
       468        68        60        66       728         3         5
       469        79        30        37       722         6         3
       470        54        12        25       715         4         0
       471        72        71        70       702         3        10
       472        46        68        68       703         5         9
       473        35        79        57       703         3         4
       474        99        54        75       725         0        10
       475       128        72        45       704        10         7
       476       107        46        17       731         9         2
       477       141        35        44       760         4         5
       478       144        99        63       751        10        15
       479        71       128        63       787         7        13
       480        62       107        44       852         2        12
       481       154       141        50       915         5        11
       482       158       144        60      1006        15        18
       483       156        71        30      1090        13         5
       484       154        62        12      1131        12        12
       485       250       154        71      1181        11        17
       486       137       158        68      1264        18        14
       487        88       156        79      1354         5        20
       488       231       154        54      1431        12        12
       489       232       250        72      1531        17        29
       490       195       137        46      1709        14        10
       491       253        88        35      1800        20        11
       492       237       231        99      1853        12        29
       493        89       232       128      1985        29        26
       494        97       195       107      2089        10        16
       495       235       253       141      2177        11        16
       496       295       237       144      2289        29        21
       497       253        89        71      2382        26         6
       498       226        97        62      2400        16         7
       499       228       235       154      2435        16        30
       500       122       295       158      2516        21        24
       501       100       253       156      2653         6        30
       502       240       226       154      2750         7        22
       503       242       228       250      2822        30        21
       504         0       122       137      2800        24        11
       505         0       100        88      2785        30         9
       506         0       240       231      2797        22        25
       507         0       242       232      2806        21        20
       508         0         0       195      2816        11         0
       509         0         0       253      2621         9         0
       510         0         0       237      2368        25         0
       511         0         0        89      2131        20         0
       512         0         0        97      2042         0         0
       513         0         0       235      1945         0         0
       514         0         0       295      1710         0         0
       515         0         0       253      1415         0         0
       516         0         0       226      1162         0         0
       517         0         0       228       936         0         0
       518         0         0       122       708         0         0
       519         0         0       100       586         0         0
       520         0         0       240       486         0         0
       521         0         0       242       246         0         0
       522         0         0         0         4         0         0
       523         0         0         0         4         0         0
       524         0         0         0         4         0         0
       525         0         0         0         4         0         0
       526         0         0         0         4         0         0
       527         0         0         0         4         0         0
       528         0         0         0         4         0         0
       529         0         0         0         4         0         0
       530         0         0         0         4         0         0
       531         0         0         0         4         0         0
       532         0         0         0         4         0         0
       533         0         0         0         4         0         0
       534         0         0         0         4         0         0
       535         0         0         0         4         0         0
       536         0         0         0         4         0         0
       537         0         0         0         4         0         0
       538         0         0         0         4         0         0
       539         0         0         0         4         0         0
       540         0         0         0         4         0         0
