       0    0.0000000000000E+000    9.9999900000000E+005    1.0000000000000E+000    0.0000000000000E+000    0.0000000000000E+000    1.0000000000000E+000
       1    0.0000000000000E+000    9.9999900000000E+005    1.0000000000000E+000    0.0000000000000E+000    0.0000000000000E+000    1.0000000000000E+000
       2    0.0000000000000E+000    9.9999900000000E+005    1.0000000000000E+000    0.0000000000000E+000    0.0000000000000E+000    1.0000000000000E+000
       3    0.0000000000000E+000    9.9999900000000E+005    1.0000000000000E+000    0.0000000000000E+000    0.0000000000000E+000    1.0000000000000E+000
       4    0.0000000000000E+000    9.9999900000000E+005    1.0000000000000E+000    0.0000000000000E+000    0.0000000000000E+000    1.0000000000000E+000
       5    0.0000000000000E+000    9.9999900000000E+005    1.0000000000000E+000    0.0000000000000E+000    0.0000000000000E+000    1.0000000000000E+000
       6    0.0000000000000E+000    9.9999900000000E+005    1.0000000000000E+000    0.0000000000000E+000    0.0000000000000E+000    1.0000000000000E+000
       7    0.0000000000000E+000    9.9999900000000E+005    1.0000000000000E+000    0.0000000000000E+000    0.0000000000000E+000    1.0000000000000E+000
       8    0.0000000000000E+000    9.9999900000000E+005    1.0000000000000E+000    0.0000000000000E+000    0.0000000000000E+000    1.0000000000000E+000
       9    1.0000000000000E+000    9.9999800000000E+005    1.0000000000000E+000    0.0000000000000E+000    0.0000000000000E+000    1.0000000000000E+000
      10    1.0000000000000E+000    9.9999800000000E+005    1.0000000000000E+000    0.0000000000000E+000    0.0000000000000E+000    1.0000000000000E+000
      11    1.0000000000000E+000    9.9999800000000E+005    1.0000000000000E+000    0.0000000000000E+000    0.0000000000000E+000    1.0000000000000E+000
      12    1.0000000000000E+000    9.9999800000000E+005    1.0000000000000E+000    0.0000000000000E+000    0.0000000000000E+000    1.0000000000000E+000
      13    0.0000000000000E+000    9.9999800000000E+005    2.0000000000000E+000    0.0000000000000E+000    0.0000000000000E+000    2.0000000000000E+000
      14    0.0000000000000E+000    9.9999800000000E+005    2.0000000000000E+000    0.0000000000000E+000    0.0000000000000E+000    2.0000000000000E+000
      15    0.0000000000000E+000    9.9999800000000E+005    2.0000000000000E+000    0.0000000000000E+000    0.0000000000000E+000    2.0000000000000E+000
      16    0.0000000000000E+000    9.9999800000000E+005    2.0000000000000E+000    0.0000000000000E+000    0.0000000000000E+000    2.0000000000000E+000
      17    0.0000000000000E+000    9.9999800000000E+005    2.0000000000000E+000    0.0000000000000E+000    0.0000000000000E+000    2.0000000000000E+000
      18    0.0000000000000E+000    9.9999800000000E+005    1.0000000000000E+000    1.0000000000000E+000    0.0000000000000E+000    2.0000000000000E+000
      19    1.0000000000000E+000    9.9999700000000E+005    1.0000000000000E+000    1.0000000000000E+000    0.0000000000000E+000    2.0000000000000E+000
      20    1.0000000000000E+000    9.9999700000000E+005    1.0000000000000E+000    1.0000000000000E+000    0.0000000000000E+000    2.0000000000000E+000
      21    1.0000000000000E+000    9.9999700000000E+005    1.0000000000000E+000    1.0000000000000E+000    0.0000000000000E+000    2.0000000000000E+000
      22    1.0000000000000E+000    9.9999700000000E+005    1.0000000000000E+000    1.0000000000000E+000    0.0000000000000E+000    2.0000000000000E+000
      23    6.0000000000000E+000    9.9999100000000E+005    2.0000000000000E+000    1.0000000000000E+000    0.0000000000000E+000    3.0000000000000E+000
      24    6.0000000000000E+000    9.9999100000000E+005    2.0000000000000E+000    1.0000000000000E+000    0.0000000000000E+000    3.0000000000000E+000
      25    6.0000000000000E+000    9.9999100000000E+005    2.0000000000000E+000    1.0000000000000E+000    0.0000000000000E+000    3.0000000000000E+000
      26    6.0000000000000E+000    9.9999100000000E+005    2.0000000000000E+000    1.0000000000000E+000    0.0000000000000E+000    3.0000000000000E+000
      27    0.0000000000000E+000    9.9999100000000E+005    7.0000000000000E+000    2.0000000000000E+000    0.0000000000000E+000    9.0000000000000E+000
      28    2.0000000000000E+000    9.9998900000000E+005    7.0000000000000E+000    2.0000000000000E+000    0.0000000000000E+000    9.0000000000000E+000
      29    3.0000000000000E+000    9.9998800000000E+005    7.0000000000000E+000    2.0000000000000E+000    0.0000000000000E+000    9.0000000000000E+000
      30    4.0000000000000E+000    9.9998700000000E+005    7.0000000000000E+000    2.0000000000000E+000    0.0000000000000E+000    9.0000000000000E+000
      31    7.0000000000000E+000    9.9998400000000E+005    7.0000000000000E+000    1.0000000000000E+000    1.0000000000000E+000    9.0000000000000E+000
      32    6.0000000000000E+000    9.9998300000000E+005    9.0000000000000E+000    1.0000000000000E+000    1.0000000000000E+000    1.1000000000000E+001
      33    9.0000000000000E+000    9.9997900000000E+005    1.0000000000000E+001    1.0000000000000E+000    1.0000000000000E+000    1.2000000000000E+001
      34    8.0000000000000E+000    9.9997900000000E+005    1.1000000000000E+001    1.0000000000000E+000    1.0000000000000E+000    1.3000000000000E+001
      35    1.1000000000000E+001    9.9997300000000E+005    1.4000000000000E+001    1.0000000000000E+000    1.0000000000000E+000    1.6000000000000E+001
      36    1.8000000000000E+001    9.9996500000000E+005    1.5000000000000E+001    1.0000000000000E+000    1.0000000000000E+000    1.7000000000000E+001
      37    1.5000000000000E+001    9.9996400000000E+005    1.8000000000000E+001    2.0000000000000E+000    1.0000000000000E+000    2.1000000000000E+001
      38    2.0000000000000E+001    9.9995900000000E+005    1.8000000000000E+001    2.0000000000000E+000    1.0000000000000E+000    2.1000000000000E+001
      39    1.9000000000000E+001    9.9995400000000E+005    2.4000000000000E+001    1.0000000000000E+000    2.0000000000000E+000    2.7000000000000E+001
      40    1.2000000000000E+001    9.9995300000000E+005    3.2000000000000E+001    1.0000000000000E+000    2.0000000000000E+000    3.5000000000000E+001
      41    2.6000000000000E+001    9.9993800000000E+005    2.7000000000000E+001    7.0000000000000E+000    2.0000000000000E+000    3.6000000000000E+001
      42    2.8000000000000E+001    9.9993100000000E+005    3.2000000000000E+001    7.0000000000000E+000    2.0000000000000E+000    4.1000000000000E+001
      43    3.2000000000000E+001    9.9992200000000E+005    3.7000000000000E+001    7.0000000000000E+000    2.0000000000000E+000    4.6000000000000E+001
      44    3.8000000000000E+001    9.9991500000000E+005    3.8000000000000E+001    7.0000000000000E+000    2.0000000000000E+000    4.7000000000000E+001
      45    3.3000000000000E+001    9.9990500000000E+005    5.3000000000000E+001    7.0000000000000E+000    2.0000000000000E+000    6.2000000000000E+001
      46    5.4000000000000E+001    9.9987700000000E+005    5.8000000000000E+001    8.0000000000000E+000    3.0000000000000E+000    6.9000000000000E+001
      47    6.4000000000000E+001    9.9985800000000E+005    6.6000000000000E+001    7.0000000000000E+000    5.0000000000000E+000    7.8000000000000E+001
      48    7.8000000000000E+001    9.9983700000000E+005    7.2000000000000E+001    8.0000000000000E+000    5.0000000000000E+000    8.5000000000000E+001
      49    7.9000000000000E+001    9.9982600000000E+005    7.9000000000000E+001    8.0000000000000E+000    8.0000000000000E+000    9.5000000000000E+001
      50    7.8000000000000E+001    9.9979900000000E+005    1.0600000000000E+002    9.0000000000000E+000    8.0000000000000E+000    1.2300000000000E+002
      51    8.3000000000000E+001    9.9977500000000E+005    1.2100000000000E+002    1.2000000000000E+001    9.0000000000000E+000    1.4200000000000E+002
      52    9.9000000000000E+001    9.9973800000000E+005    1.4200000000000E+002    1.2000000000000E+001    9.0000000000000E+000    1.6300000000000E+002
      53    1.2000000000000E+002    9.9970600000000E+005    1.4700000000000E+002    1.8000000000000E+001    9.0000000000000E+000    1.7400000000000E+002
      54    1.3200000000000E+002    9.9966700000000E+005    1.6600000000000E+002    2.3000000000000E+001    1.2000000000000E+001    2.0100000000000E+002
      55    1.5500000000000E+002    9.9962000000000E+005    1.8900000000000E+002    2.2000000000000E+001    1.4000000000000E+001    2.2500000000000E+002
      56    1.5500000000000E+002    9.9958300000000E+005    2.2100000000000E+002    2.5000000000000E+001    1.6000000000000E+001    2.6200000000000E+002
      57    1.8400000000000E+002    9.9952200000000E+005    2.4800000000000E+002    2.9000000000000E+001    1.7000000000000E+001    2.9400000000000E+002
      58    2.0900000000000E+002    9.9945800000000E+005    2.8600000000000E+002    2.6000000000000E+001    2.1000000000000E+001    3.3300000000000E+002
      59    2.3900000000000E+002    9.9938100000000E+005    3.1800000000000E+002    4.0000000000000E+001    2.2000000000000E+001    3.8000000000000E+002
      60    2.9500000000000E+002    9.9928800000000E+005    3.4800000000000E+002    4.5000000000000E+001    2.4000000000000E+001    4.1700000000000E+002
      61    3.0700000000000E+002    9.9921500000000E+005    4.0000000000000E+002    4.9000000000000E+001    2.9000000000000E+001    4.7800000000000E+002
      62    3.8900000000000E+002    9.9906900000000E+005    4.5700000000000E+002    5.1000000000000E+001    3.4000000000000E+001    5.4200000000000E+002
      63    4.3100000000000E+002    9.9895000000000E+005    5.2400000000000E+002    5.3000000000000E+001    4.2000000000000E+001    6.1900000000000E+002
      64    4.9700000000000E+002    9.9879100000000E+005    5.8900000000000E+002    7.7000000000000E+001    4.6000000000000E+001    7.1200000000000E+002
      65    5.9700000000000E+002    9.9861800000000E+005    6.4300000000000E+002    8.8000000000000E+001    5.4000000000000E+001    7.8500000000000E+002
      66    6.1900000000000E+002    9.9845000000000E+005    7.6800000000000E+002    1.0000000000000E+002    6.3000000000000E+001    9.3100000000000E+002
      67    7.1100000000000E+002    9.9823900000000E+005    8.7600000000000E+002    1.0100000000000E+002    7.3000000000000E+001    1.0500000000000E+003
      68    8.3700000000000E+002    9.9795400000000E+005    1.0080000000000E+003    1.1700000000000E+002    8.4000000000000E+001    1.2090000000000E+003
      69    9.5700000000000E+002    9.9766100000000E+005    1.1570000000000E+003    1.3000000000000E+002    9.5000000000000E+001    1.3820000000000E+003
      70    1.1260000000000E+003    9.9732400000000E+005    1.2880000000000E+003    1.5500000000000E+002    1.0700000000000E+002    1.5500000000000E+003
      71    1.2450000000000E+003    9.9699400000000E+005    1.4670000000000E+003    1.7700000000000E+002    1.1700000000000E+002    1.7610000000000E+003
      72    1.4020000000000E+003    9.9655200000000E+005    1.7130000000000E+003    1.9700000000000E+002    1.3600000000000E+002    2.0460000000000E+003
      73    1.6290000000000E+003    9.9603200000000E+005    1.9590000000000E+003    2.2600000000000E+002    1.5400000000000E+002    2.3390000000000E+003
      74    1.8270000000000E+003    9.9549700000000E+005    2.2590000000000E+003    2.4400000000000E+002    1.7300000000000E+002    2.6760000000000E+003
      75    2.1150000000000E+003    9.9487900000000E+005    2.5280000000000E+003    2.7600000000000E+002    2.0200000000000E+002    3.0060000000000E+003
      76    2.3740000000000E+003    9.9417800000000E+005    2.9060000000000E+003    3.0600000000000E+002    2.3600000000000E+002    3.4480000000000E+003
      77    2.6950000000000E+003    9.9333700000000E+005    3.3490000000000E+003    3.5900000000000E+002    2.6000000000000E+002    3.9680000000000E+003
      78    3.1120000000000E+003    9.9238500000000E+005    3.7910000000000E+003    4.2000000000000E+002    2.9200000000000E+002    4.5030000000000E+003
      79    3.6800000000000E+003    9.9119900000000E+005    4.3360000000000E+003    4.5800000000000E+002    3.2700000000000E+002    5.1210000000000E+003
      80    4.2750000000000E+003    9.8990300000000E+005    4.8910000000000E+003    5.6500000000000E+002    3.6600000000000E+002    5.8220000000000E+003
      81    4.8280000000000E+003    9.8850900000000E+005    5.6130000000000E+003    6.2600000000000E+002    4.2400000000000E+002    6.6630000000000E+003
      82    5.4710000000000E+003    9.8691400000000E+005    6.4060000000000E+003    7.2300000000000E+002    4.8600000000000E+002    7.6150000000000E+003
      83    6.0810000000000E+003    9.8511800000000E+005    7.4190000000000E+003    8.3700000000000E+002    5.4500000000000E+002    8.8010000000000E+003
      84    6.8370000000000E+003    9.8306600000000E+005    8.5470000000000E+003    9.2300000000000E+002    6.2700000000000E+002    1.0097000000000E+004
      85    7.8030000000000E+003    9.8070600000000E+005    9.7300000000000E+003    1.0530000000000E+003    7.0800000000000E+002    1.1491000000000E+004
      86    8.9550000000000E+003    9.7795900000000E+005    1.1040000000000E+004    1.2350000000000E+003    8.1100000000000E+002    1.3086000000000E+004
      87    1.0284000000000E+004    9.7483400000000E+005    1.2543000000000E+004    1.4190000000000E+003    9.2000000000000E+002    1.4882000000000E+004
      88    1.1662000000000E+004    9.7140400000000E+005    1.4258000000000E+004    1.6250000000000E+003    1.0510000000000E+003    1.6934000000000E+004
      89    1.3293000000000E+004    9.6741300000000E+005    1.6288000000000E+004    1.8080000000000E+003    1.1980000000000E+003    1.9294000000000E+004
      90    1.4979000000000E+004    9.6298000000000E+005    1.8593000000000E+004    2.1120000000000E+003    1.3360000000000E+003    2.2041000000000E+004
      91    1.6772000000000E+004    9.5806200000000E+005    2.1198000000000E+004    2.4470000000000E+003    1.5210000000000E+003    2.5166000000000E+004
      92    1.9136000000000E+004    9.5226800000000E+005    2.4093000000000E+004    2.7810000000000E+003    1.7220000000000E+003    2.8596000000000E+004
      93    2.1633000000000E+004    9.4578000000000E+005    2.7466000000000E+004    3.1840000000000E+003    1.9370000000000E+003    3.2587000000000E+004
      94    2.4434000000000E+004    9.3854600000000E+005    3.1198000000000E+004    3.6140000000000E+003    2.2080000000000E+003    3.7020000000000E+004
      95    2.7872000000000E+004    9.3019000000000E+005    3.5275000000000E+004    4.1800000000000E+003    2.4830000000000E+003    4.1938000000000E+004
      96    3.1287000000000E+004    9.2098100000000E+005    4.0117000000000E+004    4.8020000000000E+003    2.8130000000000E+003    4.7732000000000E+004
      97    3.5008000000000E+004    9.1077200000000E+005    4.5419000000000E+004    5.5870000000000E+003    3.2140000000000E+003    5.4220000000000E+004
      98    3.9061000000000E+004    8.9948500000000E+005    5.1357000000000E+004    6.4500000000000E+003    3.6470000000000E+003    6.1454000000000E+004
      99    4.3408000000000E+004    8.8678200000000E+005    5.8319000000000E+004    7.3470000000000E+003    4.1440000000000E+003    6.9810000000000E+004
     100    4.8190000000000E+004    8.7279100000000E+005    6.5933000000000E+004    8.3840000000000E+003    4.7020000000000E+003    7.9019000000000E+004
     101    5.3337000000000E+004    8.5743500000000E+005    7.4346000000000E+004    9.4900000000000E+003    5.3920000000000E+003    8.9228000000000E+004
     102    5.9063000000000E+004    8.4042200000000E+005    8.3581000000000E+004    1.0840000000000E+004    6.0940000000000E+003    1.0051500000000E+005
     103    6.4816000000000E+004    8.2196600000000E+005    9.3924000000000E+004    1.2417000000000E+004    6.8770000000000E+003    1.1321800000000E+005
     104    7.1196000000000E+004    8.0159500000000E+005    1.0516800000000E+005    1.4249000000000E+004    7.7920000000000E+003    1.2720900000000E+005
     105    7.7357000000000E+004    7.8007800000000E+005    1.1739900000000E+005    1.6384000000000E+004    8.7820000000000E+003    1.4256500000000E+005
     106    8.3479000000000E+004    7.5694300000000E+005    1.3098200000000E+005    1.8695000000000E+004    9.9010000000000E+003    1.5957800000000E+005
     107    8.9982000000000E+004    7.3198400000000E+005    1.4544700000000E+005    2.1350000000000E+004    1.1237000000000E+004    1.7803400000000E+005
     108    9.5436000000000E+004    7.0615900000000E+005    1.6138500000000E+005    2.4322000000000E+004    1.2698000000000E+004    1.9840500000000E+005
     109    1.0075500000000E+005    6.7932300000000E+005    1.7798400000000E+005    2.7678000000000E+004    1.4260000000000E+004    2.1992200000000E+005
     110    1.0523200000000E+005    6.5171100000000E+005    1.9532500000000E+005    3.1802000000000E+004    1.5930000000000E+004    2.4305700000000E+005
     111    1.0820100000000E+005    6.2378300000000E+005    2.1379600000000E+005    3.6438000000000E+004    1.7782000000000E+004    2.6801600000000E+005
     112    8.2669000000000E+004    6.2349000000000E+005    2.3238700000000E+005    4.1616000000000E+004    1.9838000000000E+004    2.9384100000000E+005
     113    5.5962000000000E+004    6.2336100000000E+005    2.5086700000000E+005    4.7797000000000E+004    2.2013000000000E+004    3.2067700000000E+005
     114    2.8398000000000E+004    6.2331300000000E+005    2.6927000000000E+005    5.4663000000000E+004    2.4356000000000E+004    3.4828900000000E+005
     115    4.9500000000000E+002    6.2328800000000E+005    2.8698900000000E+005    6.2400000000000E+004    2.6828000000000E+004    3.7621700000000E+005
     116    2.1000000000000E+002    6.2328000000000E+005    2.7599500000000E+005    7.1035000000000E+004    2.9480000000000E+004    3.7651000000000E+005
     117    9.7000000000000E+001    6.2326400000000E+005    2.6342100000000E+005    8.1117000000000E+004    3.2101000000000E+004    3.7663900000000E+005
     118    6.5000000000000E+001    6.2324800000000E+005    2.4947800000000E+005    9.2367000000000E+004    3.4842000000000E+004    3.7668700000000E+005
     119    8.8000000000000E+001    6.2320000000000E+005    2.3414700000000E+005    1.0488200000000E+005    3.7683000000000E+004    3.7671200000000E+005
     120    1.6000000000000E+002    6.2312000000000E+005    2.1714200000000E+005    1.2186000000000E+005    3.7718000000000E+004    3.7672000000000E+005
     121    3.3000000000000E+002    6.2293400000000E+005    1.9870200000000E+005    1.4030300000000E+005    3.7731000000000E+004    3.7673600000000E+005
     122    6.7300000000000E+002    6.2257500000000E+005    1.7834700000000E+005    1.6067100000000E+005    3.7734000000000E+004    3.7675200000000E+005
     123    1.3370000000000E+003    6.2186300000000E+005    1.5687800000000E+005    1.8218300000000E+005    3.7739000000000E+004    3.7680000000000E+005
     124    2.4350000000000E+003    6.2068500000000E+005    1.3382300000000E+005    2.0531600000000E+005    3.7741000000000E+004    3.7688000000000E+005
     125    4.2610000000000E+003    6.1867300000000E+005    1.0905000000000E+005    2.3027400000000E+005    3.7742000000000E+004    3.7706600000000E+005
     126    6.8940000000000E+003    6.1568100000000E+005    8.3584000000000E+004    2.5609600000000E+005    3.7745000000000E+004    3.7742500000000E+005
     127    9.9570000000000E+003    6.1190600000000E+005    5.7460000000000E+004    2.8292800000000E+005    3.7749000000000E+004    3.7813700000000E+005
     128    1.2474000000000E+004    6.0821100000000E+005    3.1026000000000E+004    3.1053300000000E+005    3.7756000000000E+004    3.7931500000000E+005
     129    1.2931000000000E+004    6.0574200000000E+005    5.1100000000000E+003    3.3843400000000E+005    3.7783000000000E+004    3.8132700000000E+005
     130    1.0355000000000E+004    6.0532600000000E+005    7.8090000000000E+003    3.3868100000000E+005    3.7829000000000E+004    3.8431900000000E+005
     131    7.2350000000000E+003    6.0467100000000E+005    1.1455000000000E+004    3.3875400000000E+005    3.7885000000000E+004    3.8809400000000E+005
     132    4.5510000000000E+003    6.0366000000000E+005    1.5102000000000E+004    3.3868000000000E+005    3.8007000000000E+004    3.9178900000000E+005
     133    3.3550000000000E+003    6.0238700000000E+005    1.7546000000000E+004    3.3848900000000E+005    3.8223000000000E+004    3.9425800000000E+005
     134    4.4050000000000E+003    6.0092100000000E+005    1.7954000000000E+004    3.3821800000000E+005    3.8502000000000E+004    3.9467400000000E+005
     135    5.2020000000000E+003    5.9946900000000E+005    1.8593000000000E+004    3.3785200000000E+005    3.8884000000000E+004    3.9532900000000E+005
     136    5.6930000000000E+003    5.9796700000000E+005    1.9588000000000E+004    3.3751400000000E+005    3.9238000000000E+004    3.9634000000000E+005
     137    5.9560000000000E+003    5.9643100000000E+005    2.0813000000000E+004    3.3732800000000E+005    3.9472000000000E+004    3.9761300000000E+005
     138    6.1120000000000E+003    5.9480900000000E+005    2.2199000000000E+004    3.3736400000000E+005    3.9516000000000E+004    3.9907900000000E+005
     139    6.3560000000000E+003    5.9311300000000E+005    2.3465000000000E+004    3.3748100000000E+005    3.9585000000000E+004    4.0053100000000E+005
     140    6.6440000000000E+003    5.9132300000000E+005    2.4608000000000E+004    3.3775300000000E+005    3.9672000000000E+004    4.0203300000000E+005
     141    6.9340000000000E+003    5.8949700000000E+005    2.5432000000000E+004    3.3834400000000E+005    3.9793000000000E+004    4.0356900000000E+005
     142    7.1950000000000E+003    5.8761400000000E+005    2.5876000000000E+004    3.3938500000000E+005    3.9930000000000E+004    4.0519100000000E+005
     143    7.5160000000000E+003    5.8559700000000E+005    2.5560000000000E+004    3.4127700000000E+005    4.0050000000000E+004    4.0688700000000E+005
     144    7.6180000000000E+003    5.8370500000000E+005    2.4358000000000E+004    3.4412200000000E+005    4.0197000000000E+004    4.0867700000000E+005
     145    7.5600000000000E+003    5.8193700000000E+005    2.2409000000000E+004    3.4773100000000E+005    4.0363000000000E+004    4.1050300000000E+005
     146    7.4380000000000E+003    5.8017600000000E+005    2.0597000000000E+004    3.5125900000000E+005    4.0530000000000E+004    4.1238600000000E+005
     147    6.9160000000000E+003    5.7868100000000E+005    2.0145000000000E+004    3.5356200000000E+005    4.0696000000000E+004    4.1440300000000E+005
     148    6.5290000000000E+003    5.7717600000000E+005    2.1621000000000E+004    3.5379000000000E+005    4.0884000000000E+004    4.1629500000000E+005
     149    6.4270000000000E+003    5.7551000000000E+005    2.2734000000000E+004    3.5427200000000E+005    4.1057000000000E+004    4.1806300000000E+005
     150    6.3570000000000E+003    5.7381900000000E+005    2.3484000000000E+004    3.5510000000000E+005    4.1240000000000E+004    4.1982400000000E+005
     151    6.5920000000000E+003    5.7208900000000E+005    2.3706000000000E+004    3.5616900000000E+005    4.1444000000000E+004    4.2131900000000E+005
     152    6.8200000000000E+003    5.7035600000000E+005    2.3745000000000E+004    3.5745300000000E+005    4.1626000000000E+004    4.2282400000000E+005
     153    6.8690000000000E+003    5.6864100000000E+005    2.3959000000000E+004    3.5873400000000E+005    4.1797000000000E+004    4.2449000000000E+005
     154    6.8880000000000E+003    5.6693100000000E+005    2.4148000000000E+004    3.6004200000000E+005    4.1991000000000E+004    4.2618100000000E+005
     155    6.8480000000000E+003    5.6524100000000E+005    2.4342000000000E+004    3.6143000000000E+005    4.2139000000000E+004    4.2791100000000E+005
     156    6.7970000000000E+003    5.6355900000000E+005    2.4453000000000E+004    3.6291400000000E+005    4.2277000000000E+004    4.2964400000000E+005
     157    6.7730000000000E+003    5.6186800000000E+005    2.4472000000000E+004    3.6446100000000E+005    4.2426000000000E+004    4.3135900000000E+005
     158    6.6590000000000E+003    5.6027200000000E+005    2.4392000000000E+004    3.6608700000000E+005    4.2590000000000E+004    4.3306900000000E+005
     159    6.5440000000000E+003    5.5869700000000E+005    2.4256000000000E+004    3.6775200000000E+005    4.2751000000000E+004    4.3475900000000E+005
     160    6.5380000000000E+003    5.5702100000000E+005    2.4055000000000E+004    3.6945300000000E+005    4.2933000000000E+004    4.3644100000000E+005
     161    6.4800000000000E+003    5.5538800000000E+005    2.3729000000000E+004    3.7126800000000E+005    4.3135000000000E+004    4.3813200000000E+005
     162    6.5240000000000E+003    5.5374800000000E+005    2.3433000000000E+004    3.7298300000000E+005    4.3312000000000E+004    4.3972800000000E+005
     163    6.5090000000000E+003    5.5218800000000E+005    2.3240000000000E+004    3.7457200000000E+005    4.3491000000000E+004    4.4130300000000E+005
     164    6.3120000000000E+003    5.5070900000000E+005    2.3155000000000E+004    3.7618000000000E+005    4.3644000000000E+004    4.4297900000000E+005
     165    6.1680000000000E+003    5.4922000000000E+005    2.3293000000000E+004    3.7749200000000E+005    4.3827000000000E+004    4.4461200000000E+005
     166    6.0690000000000E+003    5.4767900000000E+005    2.3428000000000E+004    3.7884900000000E+005    4.3975000000000E+004    4.4625200000000E+005
     167    5.9790000000000E+003    5.4620900000000E+005    2.3322000000000E+004    3.8036100000000E+005    4.4129000000000E+004    4.4781200000000E+005
     168    6.0180000000000E+003    5.4469100000000E+005    2.3110000000000E+004    3.8189500000000E+005    4.4286000000000E+004    4.4929100000000E+005
     169    6.0010000000000E+003    5.4321900000000E+005    2.2869000000000E+004    3.8344900000000E+005    4.4462000000000E+004    4.5078000000000E+005
     170    5.9260000000000E+003    5.4175300000000E+005    2.2677000000000E+004    3.8501600000000E+005    4.4628000000000E+004    4.5232100000000E+005
     171    5.8900000000000E+003    5.4031900000000E+005    2.2432000000000E+004    3.8658000000000E+005    4.4779000000000E+004    4.5379100000000E+005
     172    5.7410000000000E+003    5.3895000000000E+005    2.2240000000000E+004    3.8813700000000E+005    4.4932000000000E+004    4.5530900000000E+005
     173    5.7300000000000E+003    5.3748900000000E+005    2.2022000000000E+004    3.8968100000000E+005    4.5078000000000E+004    4.5678100000000E+005
     174    5.5950000000000E+003    5.3615800000000E+005    2.1806000000000E+004    3.9120900000000E+005    4.5232000000000E+004    4.5824700000000E+005
     175    5.4870000000000E+003    5.3483200000000E+005    2.1549000000000E+004    3.9275000000000E+005    4.5382000000000E+004    4.5968100000000E+005
     176    5.4910000000000E+003    5.3345900000000E+005    2.1322000000000E+004    3.9418900000000E+005    4.5539000000000E+004    4.6105000000000E+005
     177    5.3410000000000E+003    5.3214800000000E+005    2.1208000000000E+004    3.9561300000000E+005    4.5690000000000E+004    4.6251100000000E+005
     178    5.4060000000000E+003    5.3075200000000E+005    2.0863000000000E+004    3.9714000000000E+005    4.5839000000000E+004    4.6384200000000E+005
     179    5.2990000000000E+003    5.2953300000000E+005    2.0556000000000E+004    3.9863300000000E+005    4.5979000000000E+004    4.6516800000000E+005
     180    5.1920000000000E+003    5.2826700000000E+005    2.0289000000000E+004    4.0010300000000E+005    4.6149000000000E+004    4.6654100000000E+005
     181    5.1060000000000E+003    5.2704200000000E+005    2.0040000000000E+004    4.0152600000000E+005    4.6286000000000E+004    4.6785200000000E+005
     182    4.9270000000000E+003    5.2582500000000E+005    1.9957000000000E+004    4.0287600000000E+005    4.6415000000000E+004    4.6924800000000E+005
     183    4.9540000000000E+003    5.2457900000000E+005    1.9687000000000E+004    4.0423700000000E+005    4.6543000000000E+004    4.7046700000000E+005
     184    4.8770000000000E+003    5.2339000000000E+005    1.9412000000000E+004    4.0563700000000E+005    4.6684000000000E+004    4.7173300000000E+005
     185    4.8160000000000E+003    5.2222600000000E+005    1.9167000000000E+004    4.0699300000000E+005    4.6798000000000E+004    4.7295800000000E+005
     186    4.7270000000000E+003    5.2109800000000E+005    1.8866000000000E+004    4.0836600000000E+005    4.6943000000000E+004    4.7417500000000E+005
     187    4.5620000000000E+003    5.2001700000000E+005    1.8640000000000E+004    4.0971700000000E+005    4.7064000000000E+004    4.7542100000000E+005
     188    4.4250000000000E+003    5.1896500000000E+005    1.8363000000000E+004    4.1106600000000E+005    4.7181000000000E+004    4.7661000000000E+005
     189    4.2970000000000E+003    5.1792900000000E+005    1.8093000000000E+004    4.1235100000000E+005    4.7330000000000E+004    4.7777400000000E+005
     190    4.2310000000000E+003    5.1686700000000E+005    1.7852000000000E+004    4.1360700000000E+005    4.7443000000000E+004    4.7890200000000E+005
     191    4.2090000000000E+003    5.1580800000000E+005    1.7472000000000E+004    4.1495100000000E+005    4.7560000000000E+004    4.7998300000000E+005
     192    4.1480000000000E+003    5.1481700000000E+005    1.7193000000000E+004    4.1615500000000E+005    4.7687000000000E+004    4.8103500000000E+005
     193    4.1050000000000E+003    5.1382400000000E+005    1.6903000000000E+004    4.1735800000000E+005    4.7810000000000E+004    4.8207100000000E+005
     194    4.0470000000000E+003    5.1282000000000E+005    1.6592000000000E+004    4.1861500000000E+005    4.7926000000000E+004    4.8313300000000E+005
     195    3.9240000000000E+003    5.1188400000000E+005    1.6340000000000E+004    4.1982200000000E+005    4.8030000000000E+004    4.8419200000000E+005
     196    3.8920000000000E+003    5.1092500000000E+005    1.5935000000000E+004    4.2111500000000E+005    4.8133000000000E+004    4.8518300000000E+005
     197    3.8000000000000E+003    5.1002400000000E+005    1.5709000000000E+004    4.2222900000000E+005    4.8238000000000E+004    4.8617600000000E+005
     198    3.7270000000000E+003    5.0909300000000E+005    1.5447000000000E+004    4.2338200000000E+005    4.8351000000000E+004    4.8718000000000E+005
     199    3.6290000000000E+003    5.0825500000000E+005    1.5158000000000E+004    4.2450400000000E+005    4.8454000000000E+004    4.8811600000000E+005
     200    3.4880000000000E+003    5.0743700000000E+005    1.4900000000000E+004    4.2560100000000E+005    4.8574000000000E+004    4.8907500000000E+005
     201    3.4320000000000E+003    5.0659200000000E+005    1.4555000000000E+004    4.2676700000000E+005    4.8654000000000E+004    4.8997600000000E+005
     202    3.3650000000000E+003    5.0572800000000E+005    1.4297000000000E+004    4.2786500000000E+005    4.8745000000000E+004    4.9090700000000E+005
     203    3.3410000000000E+003    5.0491400000000E+005    1.3971000000000E+004    4.2894400000000E+005    4.8830000000000E+004    4.9174500000000E+005
     204    3.2830000000000E+003    5.0415400000000E+005    1.3661000000000E+004    4.2997000000000E+005    4.8932000000000E+004    4.9256300000000E+005
     205    3.2030000000000E+003    5.0338900000000E+005    1.3425000000000E+004    4.3096600000000E+005    4.9017000000000E+004    4.9340800000000E+005
     206    3.1030000000000E+003    5.0262500000000E+005    1.3237000000000E+004    4.3193600000000E+005    4.9099000000000E+004    4.9427200000000E+005
     207    2.9770000000000E+003    5.0193700000000E+005    1.3015000000000E+004    4.3289000000000E+005    4.9181000000000E+004    4.9508600000000E+005
     208    2.9900000000000E+003    5.0116400000000E+005    1.2713000000000E+004    4.3387700000000E+005    4.9256000000000E+004    4.9584600000000E+005
     209    2.9180000000000E+003    5.0047100000000E+005    1.2419000000000E+004    4.3484900000000E+005    4.9343000000000E+004    4.9661100000000E+005
     210    2.8150000000000E+003    4.9981000000000E+005    1.2192000000000E+004    4.3573400000000E+005    4.9449000000000E+004    4.9737500000000E+005
     211    2.7950000000000E+003    4.9914200000000E+005    1.1887000000000E+004    4.3664000000000E+005    4.9536000000000E+004    4.9806300000000E+005
     212    2.6780000000000E+003    4.9848600000000E+005    1.1656000000000E+004    4.3755700000000E+005    4.9623000000000E+004    4.9883600000000E+005
     213    2.6410000000000E+003    4.9783000000000E+005    1.1413000000000E+004    4.3841900000000E+005    4.9697000000000E+004    4.9952900000000E+005
     214    2.5890000000000E+003    4.9722100000000E+005    1.1115000000000E+004    4.3929600000000E+005    4.9779000000000E+004    5.0019000000000E+005
     215    2.4960000000000E+003    4.9664600000000E+005    1.0882000000000E+004    4.4013600000000E+005    4.9840000000000E+004    5.0085800000000E+005
     216    2.4560000000000E+003    4.9603000000000E+005    1.0607000000000E+004    4.4099200000000E+005    4.9915000000000E+004    5.0151400000000E+005
     217    2.3850000000000E+003    4.9544500000000E+005    1.0425000000000E+004    4.4176000000000E+005    4.9985000000000E+004    5.0217000000000E+005
     218    2.3590000000000E+003    4.9486200000000E+005    1.0216000000000E+004    4.4251100000000E+005    5.0052000000000E+004    5.0277900000000E+005
     219    2.3160000000000E+003    4.9433000000000E+005    9.9460000000000E+003    4.4329100000000E+005    5.0117000000000E+004    5.0335400000000E+005
     220    2.2170000000000E+003    4.9381300000000E+005    9.6980000000000E+003    4.4410200000000E+005    5.0170000000000E+004    5.0397000000000E+005
     221    2.1400000000000E+003    4.9330500000000E+005    9.4690000000000E+003    4.4485000000000E+005    5.0236000000000E+004    5.0455500000000E+005
     222    2.0570000000000E+003    4.9280500000000E+005    9.2920000000000E+003    4.4554200000000E+005    5.0304000000000E+004    5.0513800000000E+005
     223    2.0000000000000E+003    4.9233000000000E+005    9.0590000000000E+003    4.4626100000000E+005    5.0350000000000E+004    5.0567000000000E+005
     224    1.9750000000000E+003    4.9183800000000E+005    8.8120000000000E+003    4.4695900000000E+005    5.0416000000000E+004    5.0618700000000E+005
     225    1.9340000000000E+003    4.9137100000000E+005    8.6320000000000E+003    4.4759700000000E+005    5.0466000000000E+004    5.0669500000000E+005
     226    1.9200000000000E+003    4.9088500000000E+005    8.3590000000000E+003    4.4829400000000E+005    5.0542000000000E+004    5.0719500000000E+005
     227    1.8850000000000E+003    4.9044500000000E+005    8.1410000000000E+003    4.4893900000000E+005    5.0590000000000E+004    5.0767000000000E+005
     228    1.8170000000000E+003    4.9002100000000E+005    7.9720000000000E+003    4.4955100000000E+005    5.0639000000000E+004    5.0816200000000E+005
     229    1.7860000000000E+003    4.8958500000000E+005    7.7710000000000E+003    4.5016200000000E+005    5.0696000000000E+004    5.0862900000000E+005
     230    1.7210000000000E+003    4.8916400000000E+005    7.6010000000000E+003    4.5077100000000E+005    5.0743000000000E+004    5.0911500000000E+005
     231    1.6970000000000E+003    4.8874800000000E+005    7.3850000000000E+003    4.5136200000000E+005    5.0808000000000E+004    5.0955500000000E+005
     232    1.7120000000000E+003    4.8830900000000E+005    7.2000000000000E+003    4.5192900000000E+005    5.0850000000000E+004    5.0997900000000E+005
     233    1.6870000000000E+003    4.8789800000000E+005    7.0610000000000E+003    4.5244200000000E+005    5.0912000000000E+004    5.1041500000000E+005
     234    1.6530000000000E+003    4.8751100000000E+005    6.8660000000000E+003    4.5300700000000E+005    5.0963000000000E+004    5.1083600000000E+005
     235    1.6140000000000E+003    4.8713400000000E+005    6.6970000000000E+003    4.5354800000000E+005    5.1007000000000E+004    5.1125200000000E+005
     236    1.5170000000000E+003    4.8679200000000E+005    6.5530000000000E+003    4.5409100000000E+005    5.1047000000000E+004    5.1169100000000E+005
     237    1.4670000000000E+003    4.8643100000000E+005    6.4320000000000E+003    4.5457500000000E+005    5.1095000000000E+004    5.1210200000000E+005
     238    1.4580000000000E+003    4.8605300000000E+005    6.3020000000000E+003    4.5504700000000E+005    5.1140000000000E+004    5.1248900000000E+005
     239    1.4140000000000E+003    4.8572000000000E+005    6.1710000000000E+003    4.5551100000000E+005    5.1184000000000E+004    5.1286600000000E+005
     240    1.4300000000000E+003    4.8536200000000E+005    6.0130000000000E+003    4.5596400000000E+005    5.1231000000000E+004    5.1320800000000E+005
     241    1.3670000000000E+003    4.8506400000000E+005    5.8990000000000E+003    4.5640700000000E+005    5.1263000000000E+004    5.1356900000000E+005
     242    1.3160000000000E+003    4.8473700000000E+005    5.7850000000000E+003    4.5685700000000E+005    5.1305000000000E+004    5.1394700000000E+005
     243    1.2820000000000E+003    4.8443800000000E+005    5.6510000000000E+003    4.5727900000000E+005    5.1350000000000E+004    5.1428000000000E+005
     244    1.2580000000000E+003    4.8410400000000E+005    5.5230000000000E+003    4.5774200000000E+005    5.1373000000000E+004    5.1463800000000E+005
     245    1.2430000000000E+003    4.8382100000000E+005    5.3810000000000E+003    4.5814800000000E+005    5.1407000000000E+004    5.1493600000000E+005
     246    1.2040000000000E+003    4.8353300000000E+005    5.2840000000000E+003    4.5853800000000E+005    5.1441000000000E+004    5.1526300000000E+005
     247    1.1860000000000E+003    4.8325200000000E+005    5.1470000000000E+003    4.5894200000000E+005    5.1473000000000E+004    5.1556200000000E+005
     248    1.1280000000000E+003    4.8297600000000E+005    5.0600000000000E+003    4.5932800000000E+005    5.1508000000000E+004    5.1589600000000E+005
     249    1.0960000000000E+003    4.8272500000000E+005    4.9270000000000E+003    4.5970900000000E+005    5.1543000000000E+004    5.1617900000000E+005
     250    1.1110000000000E+003    4.8242200000000E+005    4.7760000000000E+003    4.6011200000000E+005    5.1579000000000E+004    5.1646700000000E+005
     251    1.1020000000000E+003    4.8215000000000E+005    4.6460000000000E+003    4.6050200000000E+005    5.1600000000000E+004    5.1674800000000E+005
     252    1.0770000000000E+003    4.8189900000000E+005    4.5350000000000E+003    4.6085600000000E+005    5.1633000000000E+004    5.1702400000000E+005
     253    1.0920000000000E+003    4.8163300000000E+005    4.4090000000000E+003    4.6120600000000E+005    5.1660000000000E+004    5.1727500000000E+005
     254    1.0460000000000E+003    4.8137600000000E+005    4.3700000000000E+003    4.6151900000000E+005    5.1689000000000E+004    5.1757800000000E+005
     255    9.9100000000000E+002    4.8115900000000E+005    4.2810000000000E+003    4.6185800000000E+005    5.1711000000000E+004    5.1785000000000E+005
     256    9.5600000000000E+002    4.8094300000000E+005    4.1540000000000E+003    4.6220500000000E+005    5.1742000000000E+004    5.1810100000000E+005
     257    8.9400000000000E+002    4.8073900000000E+005    4.0870000000000E+003    4.6251400000000E+005    5.1766000000000E+004    5.1836700000000E+005
     258    8.6800000000000E+002    4.8050800000000E+005    3.9860000000000E+003    4.6283400000000E+005    5.1804000000000E+004    5.1862400000000E+005
     259    8.4000000000000E+002    4.8031900000000E+005    3.9050000000000E+003    4.6310900000000E+005    5.1827000000000E+004    5.1884100000000E+005
     260    8.4100000000000E+002    4.8010200000000E+005    3.7940000000000E+003    4.6340900000000E+005    5.1854000000000E+004    5.1905700000000E+005
     261    8.2000000000000E+002    4.7991900000000E+005    3.6990000000000E+003    4.6368300000000E+005    5.1879000000000E+004    5.1926100000000E+005
     262    7.6100000000000E+002    4.7974700000000E+005    3.5960000000000E+003    4.6399500000000E+005    5.1901000000000E+004    5.1949200000000E+005
     263    7.5700000000000E+002    4.7956200000000E+005    3.5020000000000E+003    4.6426200000000E+005    5.1917000000000E+004    5.1968100000000E+005
     264    7.1900000000000E+002    4.7938300000000E+005    3.4310000000000E+003    4.6453400000000E+005    5.1933000000000E+004    5.1989800000000E+005
     265    7.0700000000000E+002    4.7921200000000E+005    3.3330000000000E+003    4.6478900000000E+005    5.1959000000000E+004    5.2008100000000E+005
     266    7.2100000000000E+002    4.7902600000000E+005    3.2290000000000E+003    4.6503700000000E+005    5.1987000000000E+004    5.2025300000000E+005
     267    7.0600000000000E+002    4.7885600000000E+005    3.1630000000000E+003    4.6527100000000E+005    5.2004000000000E+004    5.2043800000000E+005
     268    6.9600000000000E+002    4.7868700000000E+005    3.0390000000000E+003    4.6554400000000E+005    5.2034000000000E+004    5.2061700000000E+005
     269    6.8700000000000E+002    4.7852500000000E+005    2.9380000000000E+003    4.6580200000000E+005    5.2048000000000E+004    5.2078800000000E+005
     270    6.4500000000000E+002    4.7838100000000E+005    2.8730000000000E+003    4.6604200000000E+005    5.2059000000000E+004    5.2097400000000E+005
     271    6.3200000000000E+002    4.7822400000000E+005    2.7770000000000E+003    4.6629100000000E+005    5.2076000000000E+004    5.2114400000000E+005
     272    6.2000000000000E+002    4.7806700000000E+005    2.6890000000000E+003    4.6652900000000E+005    5.2095000000000E+004    5.2131300000000E+005
     273    5.8500000000000E+002    4.7794000000000E+005    2.6340000000000E+003    4.6672900000000E+005    5.2112000000000E+004    5.2147500000000E+005
     274    5.6000000000000E+002    4.7782100000000E+005    2.5620000000000E+003    4.6692200000000E+005    5.2135000000000E+004    5.2161900000000E+005
     275    5.3600000000000E+002    4.7768800000000E+005    2.5150000000000E+003    4.6710600000000E+005    5.2155000000000E+004    5.2177600000000E+005
     276    4.9400000000000E+002    4.7757300000000E+005    2.4410000000000E+003    4.6732500000000E+005    5.2167000000000E+004    5.2193300000000E+005
     277    5.1000000000000E+002    4.7743000000000E+005    2.3790000000000E+003    4.6749400000000E+005    5.2187000000000E+004    5.2206000000000E+005
     278    5.1400000000000E+002    4.7730700000000E+005    2.2810000000000E+003    4.6769200000000E+005    5.2206000000000E+004    5.2217900000000E+005
     279    4.9400000000000E+002    4.7719400000000E+005    2.2310000000000E+003    4.6785500000000E+005    5.2226000000000E+004    5.2231200000000E+005
     280    4.7900000000000E+002    4.7709400000000E+005    2.1740000000000E+003    4.6801100000000E+005    5.2242000000000E+004    5.2242700000000E+005
     281    4.5500000000000E+002    4.7697500000000E+005    2.1320000000000E+003    4.6818100000000E+005    5.2257000000000E+004    5.2257000000000E+005
     282    4.2500000000000E+002    4.7688200000000E+005    2.0760000000000E+003    4.6834700000000E+005    5.2270000000000E+004    5.2269300000000E+005
     283    4.2100000000000E+002    4.7677300000000E+005    2.0180000000000E+003    4.6850600000000E+005    5.2282000000000E+004    5.2280600000000E+005
     284    4.2900000000000E+002    4.7666500000000E+005    1.9320000000000E+003    4.6868200000000E+005    5.2292000000000E+004    5.2290600000000E+005
     285    4.0200000000000E+002    4.7657300000000E+005    1.8810000000000E+003    4.6884000000000E+005    5.2304000000000E+004    5.2302500000000E+005
     286    4.1700000000000E+002    4.7646500000000E+005    1.8050000000000E+003    4.6899700000000E+005    5.2316000000000E+004    5.2311800000000E+005
     287    3.9300000000000E+002    4.7638000000000E+005    1.7520000000000E+003    4.6914800000000E+005    5.2327000000000E+004    5.2322700000000E+005
     288    3.7000000000000E+002    4.7629500000000E+005    1.7160000000000E+003    4.6927900000000E+005    5.2340000000000E+004    5.2333500000000E+005
     289    3.5200000000000E+002    4.7622100000000E+005    1.6510000000000E+003    4.6942300000000E+005    5.2353000000000E+004    5.2342700000000E+005
     290    3.1800000000000E+002    4.7614700000000E+005    1.6020000000000E+003    4.6957700000000E+005    5.2356000000000E+004    5.2353500000000E+005
     291    3.0500000000000E+002    4.7607500000000E+005    1.5600000000000E+003    4.6969500000000E+005    5.2365000000000E+004    5.2362000000000E+005
     292    2.9400000000000E+002    4.7600100000000E+005    1.5260000000000E+003    4.6980300000000E+005    5.2376000000000E+004    5.2370500000000E+005
     293    2.8300000000000E+002    4.7593800000000E+005    1.4670000000000E+003    4.6992900000000E+005    5.2383000000000E+004    5.2377900000000E+005
     294    2.7800000000000E+002    4.7586900000000E+005    1.4260000000000E+003    4.7002800000000E+005    5.2399000000000E+004    5.2385300000000E+005
     295    2.6100000000000E+002    4.7581400000000E+005    1.3550000000000E+003    4.7016400000000E+005    5.2406000000000E+004    5.2392500000000E+005
     296    2.5600000000000E+002    4.7574500000000E+005    1.3060000000000E+003    4.7028100000000E+005    5.2412000000000E+004    5.2399900000000E+005
     297    2.5600000000000E+002    4.7568200000000E+005    1.2560000000000E+003    4.7038200000000E+005    5.2424000000000E+004    5.2406200000000E+005
     298    2.4300000000000E+002    4.7562600000000E+005    1.2250000000000E+003    4.7047200000000E+005    5.2434000000000E+004    5.2413100000000E+005
     299    2.5000000000000E+002    4.7556400000000E+005    1.1610000000000E+003    4.7058300000000E+005    5.2442000000000E+004    5.2418600000000E+005
     300    2.5600000000000E+002    4.7548900000000E+005    1.1370000000000E+003    4.7067000000000E+005    5.2448000000000E+004    5.2425500000000E+005
