       1    3.0000000000000E+000    3.0000000000000E+000
       2    3.0000000000000E+000    3.0000000000000E+000
       3    5.0000000000000E+000    5.0000000000000E+000
       4    8.0000000000000E+000    8.0000000000000E+000
       5    8.0000000000000E+000    8.0000000000000E+000
       6    8.0000000000000E+000    8.0000000000000E+000
       7    8.0000000000000E+000    8.0000000000000E+000
       8    8.0000000000000E+000    1.0000000000000E+001
       9    9.0000000000000E+000    1.1000000000000E+001
      10    1.1000000000000E+001    1.4000000000000E+001
      11    1.2000000000000E+001    1.6000000000000E+001
      12    1.4000000000000E+001    1.8000000000000E+001
      13    1.6000000000000E+001    2.1000000000000E+001
      14    1.9000000000000E+001    2.4000000000000E+001
      15    2.2000000000000E+001    2.8000000000000E+001
      16    2.4000000000000E+001    3.1000000000000E+001
      17    2.8000000000000E+001    3.6000000000000E+001
      18    2.9000000000000E+001    3.8000000000000E+001
      19    3.1000000000000E+001    4.2000000000000E+001
      20    3.6000000000000E+001    4.8000000000000E+001
      21    4.1000000000000E+001    5.4000000000000E+001
      22    4.6000000000000E+001    6.1000000000000E+001
      23    4.9000000000000E+001    6.5000000000000E+001
      24    5.3000000000000E+001    7.2000000000000E+001
      25    6.0000000000000E+001    8.0000000000000E+001
      26    6.6000000000000E+001    8.9000000000000E+001
      27    7.0000000000000E+001    9.6000000000000E+001
      28    7.6000000000000E+001    1.0400000000000E+002
      29    8.2000000000000E+001    1.1100000000000E+002
      30    8.7000000000000E+001    1.1800000000000E+002
      31    9.6000000000000E+001    1.3050000000000E+002
      32    1.0550000000000E+002    1.4400000000000E+002
      33    1.2100000000000E+002    1.6500000000000E+002
      34    1.2800000000000E+002    1.7600000000000E+002
      35    1.4100000000000E+002    1.9400000000000E+002
      36    1.5100000000000E+002    2.0800000000000E+002
      37    1.6300000000000E+002    2.2300000000000E+002
      38    1.7300000000000E+002    2.3900000000000E+002
      39    1.8000000000000E+002    2.4900000000000E+002
      40    2.0100000000000E+002    2.7500000000000E+002
      41    2.1800000000000E+002    2.9800000000000E+002
      42    2.3100000000000E+002    3.1700000000000E+002
      43    2.4150000000000E+002    3.3300000000000E+002
      44    2.5400000000000E+002    3.5000000000000E+002
      45    2.6550000000000E+002    3.6800000000000E+002
      46    2.7600000000000E+002    3.8400000000000E+002
      47    2.9100000000000E+002    4.0250000000000E+002
      48    3.0850000000000E+002    4.2700000000000E+002
      49    3.2750000000000E+002    4.5300000000000E+002
      50    3.4200000000000E+002    4.7150000000000E+002
      51    3.6200000000000E+002    4.9900000000000E+002
      52    3.7400000000000E+002    5.1900000000000E+002
      53    3.8650000000000E+002    5.3400000000000E+002
      54    4.1200000000000E+002    5.6950000000000E+002
      55    4.4050000000000E+002    6.1050000000000E+002
      56    4.6200000000000E+002    6.3900000000000E+002
      57    4.8700000000000E+002    6.7350000000000E+002
      58    5.0250000000000E+002    6.9200000000000E+002
      59    5.1700000000000E+002    7.1300000000000E+002
      60    5.2250000000000E+002    7.2100000000000E+002
      61    5.5200000000000E+002    7.6150000000000E+002
      62    5.6950000000000E+002    7.8550000000000E+002
      63    5.8600000000000E+002    8.0600000000000E+002
      64    6.1400000000000E+002    8.4800000000000E+002
      65    6.4900000000000E+002    8.9450000000000E+002
      66    6.6900000000000E+002    9.2200000000000E+002
      67    6.8500000000000E+002    9.4850000000000E+002
      68    7.1900000000000E+002    9.9550000000000E+002
      69    7.6400000000000E+002    1.0600000000000E+003
      70    8.2000000000000E+002    1.1330000000000E+003
      71    8.7800000000000E+002    1.2145000000000E+003
      72    9.0450000000000E+002    1.2550000000000E+003
      73    9.2650000000000E+002    1.2835000000000E+003
      74    9.4450000000000E+002    1.3040000000000E+003
      75    1.0245000000000E+003    1.4130000000000E+003
      76    1.0885000000000E+003    1.5055000000000E+003
      77    1.1720000000000E+003    1.6175000000000E+003
      78    1.2400000000000E+003    1.7085000000000E+003
      79    1.3175000000000E+003    1.8180000000000E+003
      80    1.3585000000000E+003    1.8755000000000E+003
      81    1.3850000000000E+003    1.9215000000000E+003
      82    1.4705000000000E+003    2.0350000000000E+003
      83    1.5425000000000E+003    2.1380000000000E+003
      84    1.6150000000000E+003    2.2380000000000E+003
      85    1.6920000000000E+003    2.3395000000000E+003
      86    1.7660000000000E+003    2.4500000000000E+003
      87    1.8075000000000E+003    2.5070000000000E+003
      88    1.8445000000000E+003    2.5555000000000E+003
      89    1.9045000000000E+003    2.6315000000000E+003
      90    1.9775000000000E+003    2.7365000000000E+003
      91    2.0290000000000E+003    2.8110000000000E+003
      92    2.1025000000000E+003    2.9165000000000E+003
      93    2.1550000000000E+003    2.9825000000000E+003
      94    2.1795000000000E+003    3.0185000000000E+003
      95    2.2140000000000E+003    3.0625000000000E+003
      96    2.2775000000000E+003    3.1440000000000E+003
      97    2.3515000000000E+003    3.2475000000000E+003
      98    2.4290000000000E+003    3.3495000000000E+003
      99    2.5090000000000E+003    3.4615000000000E+003
     100    2.5970000000000E+003    3.5830000000000E+003
     101    2.6375000000000E+003    3.6350000000000E+003
     102    2.6880000000000E+003    3.7060000000000E+003
     103    2.7870000000000E+003    3.8390000000000E+003
     104    2.8465000000000E+003    3.9240000000000E+003
     105    2.9385000000000E+003    4.0560000000000E+003
     106    3.0275000000000E+003    4.1855000000000E+003
     107    3.1015000000000E+003    4.2935000000000E+003
     108    3.1405000000000E+003    4.3445000000000E+003
     109    3.1800000000000E+003    4.3980000000000E+003
     110    3.2725000000000E+003    4.5230000000000E+003
     111    3.3595000000000E+003    4.6395000000000E+003
     112    3.4315000000000E+003    4.7465000000000E+003
     113    3.4990000000000E+003    4.8395000000000E+003
     114    3.5650000000000E+003    4.9295000000000E+003
     115    3.5925000000000E+003    4.9670000000000E+003
     116    3.6070000000000E+003    4.9920000000000E+003
     117    3.6605000000000E+003    5.0715000000000E+003
     118    3.7335000000000E+003    5.1680000000000E+003
     119    3.7890000000000E+003    5.2515000000000E+003
     120    3.8365000000000E+003    5.3205000000000E+003
     121    3.8815000000000E+003    5.3845000000000E+003
     122    3.9070000000000E+003    5.4260000000000E+003
     123    3.9320000000000E+003    5.4675000000000E+003
     124    3.9800000000000E+003    5.5250000000000E+003
     125    4.0295000000000E+003    5.5980000000000E+003
     126    4.0690000000000E+003    5.6510000000000E+003
     127    4.1025000000000E+003    5.7015000000000E+003
     128    4.1225000000000E+003    5.7325000000000E+003
     129    4.1375000000000E+003    5.7525000000000E+003
     130    4.1525000000000E+003    5.7690000000000E+003
     131    4.1890000000000E+003    5.8155000000000E+003
     132    4.2110000000000E+003    5.8505000000000E+003
     133    4.2400000000000E+003    5.8850000000000E+003
     134    4.2705000000000E+003    5.9225000000000E+003
     135    4.2820000000000E+003    5.9390000000000E+003
     136    4.2890000000000E+003    5.9565000000000E+003
     137    4.2990000000000E+003    5.9715000000000E+003
     138    4.3245000000000E+003    6.0020000000000E+003
     139    4.3630000000000E+003    6.0495000000000E+003
     140    4.3895000000000E+003    6.0970000000000E+003
     141    4.4125000000000E+003    6.1245000000000E+003
     142    4.4680000000000E+003    6.1915000000000E+003
     143    4.4775000000000E+003    6.2120000000000E+003
     144    4.4875000000000E+003    6.2210000000000E+003
     145    4.5190000000000E+003    6.2595000000000E+003
     146    4.5440000000000E+003    6.2940000000000E+003
     147    4.5620000000000E+003    6.3165000000000E+003
     148    4.5855000000000E+003    6.3475000000000E+003
     149    4.6270000000000E+003    6.3925000000000E+003
     150    4.6335000000000E+003    6.4025000000000E+003
     151    4.6405000000000E+003    6.4075000000000E+003
     152    4.6710000000000E+003    6.4445000000000E+003
     153    4.6855000000000E+003    6.4625000000000E+003
     154    4.7055000000000E+003    6.4950000000000E+003
     155    4.7265000000000E+003    6.5265000000000E+003
     156    4.7360000000000E+003    6.5405000000000E+003
     157    4.7390000000000E+003    6.5430000000000E+003
     158    4.7455000000000E+003    6.5530000000000E+003
     159    4.7620000000000E+003    6.5760000000000E+003
     160    4.7730000000000E+003    6.5920000000000E+003
     161    4.7870000000000E+003    6.6085000000000E+003
     162    4.7925000000000E+003    6.6190000000000E+003
     163    4.8280000000000E+003    6.6510000000000E+003
     164    4.8355000000000E+003    6.6645000000000E+003
     165    4.8420000000000E+003    6.6725000000000E+003
     166    4.8570000000000E+003    6.6910000000000E+003
     167    4.8600000000000E+003    6.6950000000000E+003
     168    4.8645000000000E+003    6.6980000000000E+003
     169    4.8750000000000E+003    6.7095000000000E+003
     170    4.9110000000000E+003    6.7625000000000E+003
     171    4.9160000000000E+003    6.7670000000000E+003
     172    4.9210000000000E+003    6.7775000000000E+003
     173    4.9375000000000E+003    6.8080000000000E+003
     174    4.9410000000000E+003    6.8170000000000E+003
     175    4.9515000000000E+003    6.8390000000000E+003
     176    4.9670000000000E+003    6.8580000000000E+003
     177    4.9800000000000E+003    6.8790000000000E+003
     178    4.9875000000000E+003    6.8885000000000E+003
     179    4.9930000000000E+003    6.8955000000000E+003
     180    5.0110000000000E+003    6.9130000000000E+003
     181    5.0210000000000E+003    6.9310000000000E+003
     182    5.0295000000000E+003    6.9455000000000E+003
     183    5.0430000000000E+003    6.9565000000000E+003
     184    5.0625000000000E+003    6.9845000000000E+003
     185    5.0625000000000E+003    6.9845000000000E+003
     186    5.0680000000000E+003    6.9900000000000E+003
     187    5.0845000000000E+003    7.0130000000000E+003
     188    5.0930000000000E+003    7.0235000000000E+003
     189    5.1070000000000E+003    7.0365000000000E+003
     190    5.1130000000000E+003    7.0455000000000E+003
     191    5.1345000000000E+003    7.0675000000000E+003
     192    5.1355000000000E+003    7.0700000000000E+003
     193    5.1365000000000E+003    7.0705000000000E+003
     194    5.1470000000000E+003    7.0880000000000E+003
     195    5.1575000000000E+003    7.1045000000000E+003
     196    5.1705000000000E+003    7.1220000000000E+003
     197    5.1800000000000E+003    7.1360000000000E+003
     198    5.1995000000000E+003    7.1735000000000E+003
     199    5.2055000000000E+003    7.1825000000000E+003
     200    5.2085000000000E+003    7.1855000000000E+003
     201    5.2255000000000E+003    7.2090000000000E+003
     202    5.2340000000000E+003    7.2220000000000E+003
     203    5.2395000000000E+003    7.2300000000000E+003
     204    5.2600000000000E+003    7.2500000000000E+003
     205    5.2660000000000E+003    7.2610000000000E+003
     206    5.2680000000000E+003    7.2650000000000E+003
     207    5.2735000000000E+003    7.2700000000000E+003
     208    5.2990000000000E+003    7.3115000000000E+003
     209    5.3170000000000E+003    7.3290000000000E+003
     210    5.3345000000000E+003    7.3480000000000E+003
     211    5.3380000000000E+003    7.3570000000000E+003
     212    5.3550000000000E+003    7.3820000000000E+003
     213    5.3560000000000E+003    7.3835000000000E+003
     214    5.3560000000000E+003    7.3835000000000E+003
     215    5.3660000000000E+003    7.3965000000000E+003
     216    5.3710000000000E+003    7.4005000000000E+003
     217    5.3895000000000E+003    7.4205000000000E+003
     218    5.3990000000000E+003    7.4285000000000E+003
     219    5.4045000000000E+003    7.4335000000000E+003
     220    5.4135000000000E+003    7.4405000000000E+003
     221    5.4215000000000E+003    7.4460000000000E+003
     222    5.4290000000000E+003    7.4610000000000E+003
     223    5.4380000000000E+003    7.4715000000000E+003
     224    5.4490000000000E+003    7.4880000000000E+003
     225    5.4630000000000E+003    7.5010000000000E+003
     226    5.4810000000000E+003    7.5260000000000E+003
     227    5.4845000000000E+003    7.5315000000000E+003
     228    5.4880000000000E+003    7.5390000000000E+003
     229    5.4920000000000E+003    7.5465000000000E+003
     230    5.5035000000000E+003    7.5620000000000E+003
     231    5.5340000000000E+003    7.5955000000000E+003
     232    5.5385000000000E+003    7.6030000000000E+003
     233    5.5590000000000E+003    7.6285000000000E+003
     234    5.5620000000000E+003    7.6315000000000E+003
     235    5.5675000000000E+003    7.6425000000000E+003
     236    5.6000000000000E+003    7.6760000000000E+003
     237    5.6095000000000E+003    7.6915000000000E+003
     238    5.6390000000000E+003    7.7355000000000E+003
     239    5.6690000000000E+003    7.7690000000000E+003
     240    5.6795000000000E+003    7.7920000000000E+003
     241    5.6825000000000E+003    7.7950000000000E+003
     242    5.6835000000000E+003    7.7960000000000E+003
     243    5.7015000000000E+003    7.8290000000000E+003
     244    5.7175000000000E+003    7.8435000000000E+003
     245    5.7290000000000E+003    7.8720000000000E+003
     246    5.7425000000000E+003    7.8945000000000E+003
     247    5.7560000000000E+003    7.9205000000000E+003
     248    5.7615000000000E+003    7.9305000000000E+003
     249    5.7630000000000E+003    7.9340000000000E+003
     250    5.7810000000000E+003    7.9590000000000E+003
     251    5.7920000000000E+003    7.9765000000000E+003
     252    5.8110000000000E+003    8.0045000000000E+003
     253    5.8190000000000E+003    8.0120000000000E+003
     254    5.8455000000000E+003    8.0530000000000E+003
     255    5.8565000000000E+003    8.0675000000000E+003
     256    5.8600000000000E+003    8.0715000000000E+003
     257    5.8990000000000E+003    8.1215000000000E+003
     258    5.9165000000000E+003    8.1525000000000E+003
     259    5.9535000000000E+003    8.1920000000000E+003
     260    5.9670000000000E+003    8.2175000000000E+003
     261    5.9915000000000E+003    8.2485000000000E+003
     262    5.9925000000000E+003    8.2515000000000E+003
     263    5.9985000000000E+003    8.2610000000000E+003
     264    6.0275000000000E+003    8.2910000000000E+003
     265    6.0355000000000E+003    8.3065000000000E+003
     266    6.0660000000000E+003    8.3495000000000E+003
     267    6.0920000000000E+003    8.3735000000000E+003
     268    6.0970000000000E+003    8.3775000000000E+003
     269    6.1110000000000E+003    8.3905000000000E+003
     270    6.1150000000000E+003    8.3935000000000E+003
     271    6.1520000000000E+003    8.4435000000000E+003
     272    6.1665000000000E+003    8.4685000000000E+003
     273    6.1865000000000E+003    8.4900000000000E+003
     274    6.2020000000000E+003    8.5150000000000E+003
     275    6.2085000000000E+003    8.5205000000000E+003
     276    6.2200000000000E+003    8.5295000000000E+003
     277    6.2245000000000E+003    8.5340000000000E+003
     278    6.2710000000000E+003    8.5925000000000E+003
     279    6.3060000000000E+003    8.6325000000000E+003
     280    6.3405000000000E+003    8.6845000000000E+003
     281    6.3680000000000E+003    8.7160000000000E+003
     282    6.4185000000000E+003    8.7700000000000E+003
     283    6.4345000000000E+003    8.7825000000000E+003
     284    6.4460000000000E+003    8.7905000000000E+003
     285    6.4880000000000E+003    8.8400000000000E+003
     286    6.5145000000000E+003    8.8725000000000E+003
     287    6.5560000000000E+003    8.9350000000000E+003
     288    6.5830000000000E+003    8.9765000000000E+003
     289    6.6215000000000E+003    9.0230000000000E+003
     290    6.6360000000000E+003    9.0455000000000E+003
     291    6.6480000000000E+003    9.0595000000000E+003
     292    6.6860000000000E+003    9.1145000000000E+003
     293    6.7235000000000E+003    9.1640000000000E+003
     294    6.7590000000000E+003    9.2105000000000E+003
     295    6.7985000000000E+003    9.2615000000000E+003
     296    6.8425000000000E+003    9.3070000000000E+003
     297    6.8605000000000E+003    9.3355000000000E+003
     298    6.8735000000000E+003    9.3520000000000E+003
     299    6.9220000000000E+003    9.4120000000000E+003
     300    6.9525000000000E+003    9.4735000000000E+003
     301    7.0000000000000E+003    9.5285000000000E+003
     302    7.0255000000000E+003    9.5680000000000E+003
     303    7.0770000000000E+003    9.6495000000000E+003
     304    7.0845000000000E+003    9.6600000000000E+003
     305    7.0965000000000E+003    9.6750000000000E+003
     306    7.1070000000000E+003    9.6860000000000E+003
     307    7.1390000000000E+003    9.7200000000000E+003
     308    7.1790000000000E+003    9.7630000000000E+003
     309    7.1990000000000E+003    9.7895000000000E+003
     310    7.2190000000000E+003    9.8220000000000E+003
     311    7.2255000000000E+003    9.8260000000000E+003
     312    7.2270000000000E+003    9.8295000000000E+003
     313    7.2600000000000E+003    9.8660000000000E+003
     314    7.2740000000000E+003    9.8955000000000E+003
     315    7.3110000000000E+003    9.9380000000000E+003
     316    7.3240000000000E+003    9.9545000000000E+003
     317    7.3520000000000E+003    9.9815000000000E+003
     318    7.3570000000000E+003    9.9850000000000E+003
     319    7.3625000000000E+003    9.9945000000000E+003
     320    7.3805000000000E+003    1.0020000000000E+004
     321    7.3945000000000E+003    1.0039500000000E+004
     322    7.4155000000000E+003    1.0059500000000E+004
     323    7.4455000000000E+003    1.0093000000000E+004
     324    7.4620000000000E+003    1.0112500000000E+004
     325    7.4765000000000E+003    1.0128000000000E+004
     326    7.4870000000000E+003    1.0144000000000E+004
     327    7.5255000000000E+003    1.0196500000000E+004
     328    7.5425000000000E+003    1.0219500000000E+004
     329    7.5690000000000E+003    1.0257000000000E+004
     330    7.5845000000000E+003    1.0284500000000E+004
     331    7.6080000000000E+003    1.0316000000000E+004
     332    7.6145000000000E+003    1.0322500000000E+004
     333    7.6255000000000E+003    1.0335500000000E+004
     334    7.6555000000000E+003    1.0375500000000E+004
     335    7.6820000000000E+003    1.0410000000000E+004
     336    7.7055000000000E+003    1.0439000000000E+004
     337    7.7350000000000E+003    1.0477500000000E+004
     338    7.7795000000000E+003    1.0530000000000E+004
     339    7.7865000000000E+003    1.0540000000000E+004
     340    7.7950000000000E+003    1.0546000000000E+004
     341    7.8345000000000E+003    1.0596000000000E+004
     342    7.8565000000000E+003    1.0636000000000E+004
     343    7.8785000000000E+003    1.0670000000000E+004
     344    7.8940000000000E+003    1.0692500000000E+004
     345    7.9095000000000E+003    1.0717000000000E+004
     346    7.9180000000000E+003    1.0732500000000E+004
     347    7.9210000000000E+003    1.0738500000000E+004
     348    7.9290000000000E+003    1.0751500000000E+004
     349    7.9525000000000E+003    1.0784000000000E+004
     350    7.9780000000000E+003    1.0833000000000E+004
     351    7.9940000000000E+003    1.0851000000000E+004
     352    8.0080000000000E+003    1.0873500000000E+004
     353    8.0150000000000E+003    1.0879500000000E+004
     354    8.0250000000000E+003    1.0890000000000E+004
     355    8.0375000000000E+003    1.0912000000000E+004
     356    8.0565000000000E+003    1.0941000000000E+004
     357    8.0860000000000E+003    1.0974000000000E+004
     358    8.1170000000000E+003    1.1006500000000E+004
     359    8.1290000000000E+003    1.1025500000000E+004
     360    8.1470000000000E+003    1.1050000000000E+004
     361    8.1535000000000E+003    1.1057000000000E+004
     362    8.2000000000000E+003    1.1120000000000E+004
     363    8.2355000000000E+003    1.1155000000000E+004
     364    8.2455000000000E+003    1.1173000000000E+004
     365    8.2590000000000E+003    1.1186500000000E+004
     366    8.2670000000000E+003    1.1204000000000E+004
     367    8.2785000000000E+003    1.1219500000000E+004
     368    8.2955000000000E+003    1.1247000000000E+004
     369    8.3070000000000E+003    1.1262000000000E+004
     370    8.3210000000000E+003    1.1280500000000E+004
     371    8.3540000000000E+003    1.1309000000000E+004
     372    8.3700000000000E+003    1.1324500000000E+004
     373    8.3845000000000E+003    1.1347000000000E+004
     374    8.3875000000000E+003    1.1350000000000E+004
     375    8.3960000000000E+003    1.1358500000000E+004
     376    8.4155000000000E+003    1.1395000000000E+004
     377    8.4345000000000E+003    1.1421000000000E+004
     378    8.4465000000000E+003    1.1437500000000E+004
     379    8.4620000000000E+003    1.1468500000000E+004
     380    8.4800000000000E+003    1.1493500000000E+004
     381    8.4830000000000E+003    1.1499500000000E+004
     382    8.4880000000000E+003    1.1505500000000E+004
     383    8.5660000000000E+003    1.1604500000000E+004
     384    8.5730000000000E+003    1.1618500000000E+004
     385    8.5915000000000E+003    1.1639500000000E+004
     386    8.6160000000000E+003    1.1679000000000E+004
     387    8.6365000000000E+003    1.1700000000000E+004
     388    8.6415000000000E+003    1.1712000000000E+004
     389    8.6490000000000E+003    1.1728000000000E+004
     390    8.6615000000000E+003    1.1753500000000E+004
     391    8.6790000000000E+003    1.1808000000000E+004
     392    8.7250000000000E+003    1.1878500000000E+004
     393    8.7665000000000E+003    1.1940500000000E+004
     394    8.8085000000000E+003    1.2007000000000E+004
     395    8.8125000000000E+003    1.2012500000000E+004
     396    8.8260000000000E+003    1.2033000000000E+004
     397    8.8715000000000E+003    1.2124000000000E+004
     398    8.8960000000000E+003    1.2155000000000E+004
     399    8.9145000000000E+003    1.2181000000000E+004
     400    8.9595000000000E+003    1.2231000000000E+004
     401    8.9800000000000E+003    1.2258000000000E+004
     402    8.9865000000000E+003    1.2276500000000E+004
     403    8.9885000000000E+003    1.2277500000000E+004
     404    9.0090000000000E+003    1.2308000000000E+004
     405    9.0350000000000E+003    1.2343500000000E+004
     406    9.0660000000000E+003    1.2389500000000E+004
     407    9.1085000000000E+003    1.2443500000000E+004
     408    9.1330000000000E+003    1.2481000000000E+004
     409    9.1675000000000E+003    1.2514500000000E+004
     410    9.1965000000000E+003    1.2541500000000E+004
     411    9.2430000000000E+003    1.2599500000000E+004
     412    9.2835000000000E+003    1.2663500000000E+004
     413    9.3360000000000E+003    1.2744000000000E+004
     414    9.3880000000000E+003    1.2802000000000E+004
     415    9.4255000000000E+003    1.2867000000000E+004
     416    9.4450000000000E+003    1.2896000000000E+004
     417    9.4735000000000E+003    1.2939000000000E+004
     418    9.5195000000000E+003    1.2997000000000E+004
     419    9.5730000000000E+003    1.3062500000000E+004
     420    9.6095000000000E+003    1.3109000000000E+004
     421    9.6615000000000E+003    1.3173500000000E+004
     422    9.7010000000000E+003    1.3221500000000E+004
     423    9.7250000000000E+003    1.3244500000000E+004
     424    9.7460000000000E+003    1.3273000000000E+004
     425    9.8055000000000E+003    1.3356500000000E+004
     426    9.8730000000000E+003    1.3431000000000E+004
     427    9.9445000000000E+003    1.3532500000000E+004
     428    9.9775000000000E+003    1.3587000000000E+004
     429    1.0025500000000E+004    1.3658000000000E+004
     430    1.0049500000000E+004    1.3696000000000E+004
     431    1.0065000000000E+004    1.3715500000000E+004
     432    1.0135500000000E+004    1.3793500000000E+004
     433    1.0218000000000E+004    1.3880000000000E+004
     434    1.0298500000000E+004    1.3991000000000E+004
     435    1.0364000000000E+004    1.4053000000000E+004
     436    1.0415000000000E+004    1.4135000000000E+004
     437    1.0448000000000E+004    1.4185500000000E+004
     438    1.0491500000000E+004    1.4241500000000E+004
     439    1.0590500000000E+004    1.4386500000000E+004
     440    1.0661500000000E+004    1.4504500000000E+004
     441    1.0792500000000E+004    1.4684000000000E+004
     442    1.0908000000000E+004    1.4831500000000E+004
     443    1.0986000000000E+004    1.4954000000000E+004
     444    1.1022000000000E+004    1.5012000000000E+004
     445    1.1078000000000E+004    1.5088000000000E+004
     446    1.1189000000000E+004    1.5297000000000E+004
     447    1.1309500000000E+004    1.5482000000000E+004
     448    1.1469500000000E+004    1.5663500000000E+004
     449    1.1625000000000E+004    1.5882500000000E+004
     450    1.1745000000000E+004    1.6059000000000E+004
     451    1.1795500000000E+004    1.6131000000000E+004
     452    1.1835500000000E+004    1.6203500000000E+004
     453    1.2030500000000E+004    1.6439000000000E+004
     454    1.2165000000000E+004    1.6607500000000E+004
     455    1.2282500000000E+004    1.6755000000000E+004
     456    1.2419500000000E+004    1.6947500000000E+004
     457    1.2511500000000E+004    1.7091500000000E+004
     458    1.2564000000000E+004    1.7168000000000E+004
     459    1.2609000000000E+004    1.7228000000000E+004
     460    1.2772000000000E+004    1.7462000000000E+004
     461    1.2905000000000E+004    1.7690000000000E+004
     462    1.3097500000000E+004    1.7932500000000E+004
     463    1.3188500000000E+004    1.8081000000000E+004
     464    1.3305000000000E+004    1.8249000000000E+004
     465    1.3356500000000E+004    1.8323000000000E+004
     466    1.3413000000000E+004    1.8383000000000E+004
     467    1.3563500000000E+004    1.8638000000000E+004
     468    1.3687500000000E+004    1.8811000000000E+004
     469    1.3833500000000E+004    1.9043000000000E+004
     470    1.3971000000000E+004    1.9241500000000E+004
     471    1.4091000000000E+004    1.9413500000000E+004
     472    1.4122500000000E+004    1.9468500000000E+004
     473    1.4162500000000E+004    1.9541000000000E+004
     474    1.4333000000000E+004    1.9754000000000E+004
     475    1.4493500000000E+004    1.9944500000000E+004
     476    1.4642500000000E+004    2.0159500000000E+004
     477    1.4788000000000E+004    2.0398000000000E+004
     478    1.4949500000000E+004    2.0621500000000E+004
     479    1.5022500000000E+004    2.0735500000000E+004
     480    1.5083000000000E+004    2.0812500000000E+004
     481    1.5287000000000E+004    2.1101500000000E+004
     482    1.5464000000000E+004    2.1374000000000E+004
     483    1.5670500000000E+004    2.1654000000000E+004
     484    1.5880000000000E+004    2.1937000000000E+004
     485    1.6058500000000E+004    2.2177000000000E+004
     486    1.6147500000000E+004    2.2305000000000E+004
     487    1.6222000000000E+004    2.2414500000000E+004
     488    1.6496000000000E+004    2.2810000000000E+004
     489    1.6716500000000E+004    2.3100000000000E+004
     490    1.6923500000000E+004    2.3352500000000E+004
     491    1.7180000000000E+004    2.3709000000000E+004
     492    1.7420500000000E+004    2.4010000000000E+004
     493    1.7538000000000E+004    2.4175000000000E+004
     494    1.7641500000000E+004    2.4311000000000E+004
     495    1.7954500000000E+004    2.4760500000000E+004
     496    1.8254000000000E+004    2.5189500000000E+004
     497    1.8254000000000E+004    2.5189500000000E+004
     498    1.8254000000000E+004    2.5189500000000E+004
     499    1.8254000000000E+004    2.5189500000000E+004
     500    1.8254000000000E+004    2.5189500000000E+004
     501    1.8254000000000E+004    2.5189500000000E+004
     502    1.8254000000000E+004    2.5189500000000E+004
     503    1.8254000000000E+004    2.5189500000000E+004
     504    1.8254000000000E+004    2.5189500000000E+004
     505    1.8254000000000E+004    2.5189500000000E+004
     506    1.8254000000000E+004    2.5189500000000E+004
     507    1.8254000000000E+004    2.5189500000000E+004
     508    1.8254000000000E+004    2.5189500000000E+004
     509    1.8254000000000E+004    2.5189500000000E+004
     510    1.8254000000000E+004    2.5189500000000E+004
     511    1.8254000000000E+004    2.5189500000000E+004
     512    1.8254000000000E+004    2.5189500000000E+004
     513    1.8254000000000E+004    2.5189500000000E+004
     514    1.8254000000000E+004    2.5189500000000E+004
     515    1.8254000000000E+004    2.5189500000000E+004
     516    1.8254000000000E+004    2.5189500000000E+004
     517    1.8254000000000E+004    2.5189500000000E+004
     518    1.8254000000000E+004    2.5189500000000E+004
     519    1.8254000000000E+004    2.5189500000000E+004
     520    1.8254000000000E+004    2.5189500000000E+004
     521    1.8254000000000E+004    2.5189500000000E+004
     522    1.8254000000000E+004    2.5189500000000E+004
     523    1.8254000000000E+004    2.5189500000000E+004
     524    1.8254000000000E+004    2.5189500000000E+004
     525    1.8254000000000E+004    2.5189500000000E+004
     526    1.8254000000000E+004    2.5189500000000E+004
     527    1.8254000000000E+004    2.5189500000000E+004
     528    1.8254000000000E+004    2.5189500000000E+004
     529    1.8254000000000E+004    2.5189500000000E+004
     530    1.8254000000000E+004    2.5189500000000E+004
     531    1.8254000000000E+004    2.5189500000000E+004
     532    1.8254000000000E+004    2.5189500000000E+004
     533    1.8254000000000E+004    2.5189500000000E+004
     534    1.8254000000000E+004    2.5189500000000E+004
     535    1.8254000000000E+004    2.5189500000000E+004
     536    1.8254000000000E+004    2.5189500000000E+004
     537    1.8254000000000E+004    2.5189500000000E+004
     538    1.8254000000000E+004    2.5189500000000E+004
     539    1.8254000000000E+004    2.5189500000000E+004
     540    1.8254000000000E+004    2.5189500000000E+004
