       1    1.0000000000000E+001    1.0000000000000E+001
       2    1.0000000000000E+001    1.0000000000000E+001
       3    1.0000000000000E+001    1.0000000000000E+001
       4    1.0000000000000E+001    1.0000000000000E+001
       5    1.0000000000000E+001    1.0000000000000E+001
       6    1.1000000000000E+001    1.4000000000000E+001
       7    1.4000000000000E+001    1.7000000000000E+001
       8    1.7000000000000E+001    2.1000000000000E+001
       9    1.9000000000000E+001    2.3000000000000E+001
      10    2.1000000000000E+001    2.6000000000000E+001
      11    2.4000000000000E+001    3.0000000000000E+001
      12    2.8000000000000E+001    3.4000000000000E+001
      13    3.3000000000000E+001    4.1000000000000E+001
      14    3.7000000000000E+001    4.8000000000000E+001
      15    4.3000000000000E+001    5.5000000000000E+001
      16    5.0000000000000E+001    6.4000000000000E+001
      17    5.8000000000000E+001    7.3000000000000E+001
      18    6.7000000000000E+001    8.5000000000000E+001
      19    7.7000000000000E+001    9.8000000000000E+001
      20    9.0000000000000E+001    1.1400000000000E+002
      21    1.0400000000000E+002    1.3300000000000E+002
      22    1.2000000000000E+002    1.5600000000000E+002
      23    1.3800000000000E+002    1.7800000000000E+002
      24    1.5800000000000E+002    2.0300000000000E+002
      25    1.8000000000000E+002    2.3200000000000E+002
      26    2.0500000000000E+002    2.6600000000000E+002
      27    2.3400000000000E+002    3.0600000000000E+002
      28    2.7000000000000E+002    3.4900000000000E+002
      29    3.0800000000000E+002    3.9800000000000E+002
      30    3.5000000000000E+002    4.5800000000000E+002
      31    4.0000000000000E+002    5.2700000000000E+002
      32    4.6000000000000E+002    6.0150000000000E+002
      33    5.2800000000000E+002    6.8900000000000E+002
      34    6.0300000000000E+002    7.8600000000000E+002
      35    6.9000000000000E+002    8.9700000000000E+002
      36    7.8600000000000E+002    1.0250000000000E+003
      37    8.9200000000000E+002    1.1710000000000E+003
      38    1.0110000000000E+003    1.3310000000000E+003
      39    1.1460000000000E+003    1.5050000000000E+003
      40    1.2950000000000E+003    1.7000000000000E+003
      41    1.4545000000000E+003    1.9110000000000E+003
      42    1.6335000000000E+003    2.1350000000000E+003
      43    1.8240000000000E+003    2.3945000000000E+003
      44    2.0240000000000E+003    2.6650000000000E+003
      45    2.2550000000000E+003    2.9605000000000E+003
      46    2.4950000000000E+003    3.2765000000000E+003
      47    2.7490000000000E+003    3.6150000000000E+003
      48    3.0245000000000E+003    3.9315000000000E+003
      49    3.3120000000000E+003    4.1835000000000E+003
      50    3.6170000000000E+003    4.7610000000000E+003
      51    4.0430000000000E+003    5.3200000000000E+003
      52    4.4505000000000E+003    5.8525000000000E+003
      53    4.8165000000000E+003    6.3330000000000E+003
      54    5.3380000000000E+003    6.9795000000000E+003
      55    5.6080000000000E+003    7.3445000000000E+003
      56    5.8600000000000E+003    7.6715000000000E+003
      57    6.3355000000000E+003    8.3045000000000E+003
      58    6.8760000000000E+003    9.0090000000000E+003
      59    7.4465000000000E+003    9.7645000000000E+003
      60    7.9860000000000E+003    1.0445500000000E+004
      61    8.3360000000000E+003    1.0895500000000E+004
      62    8.6655000000000E+003    1.1333000000000E+004
      63    8.9670000000000E+003    1.1729000000000E+004
      64    9.6505000000000E+003    1.2634000000000E+004
      65    1.0225000000000E+004    1.3375000000000E+004
      66    1.0881000000000E+004    1.4235000000000E+004
      67    1.1551500000000E+004    1.5127500000000E+004
      68    1.2284000000000E+004    1.6107000000000E+004
      69    1.2677000000000E+004    1.6625500000000E+004
      70    1.3049500000000E+004    1.7100500000000E+004
      71    1.3821000000000E+004    1.8106500000000E+004
      72    1.4578500000000E+004    1.9123000000000E+004
      73    1.5389000000000E+004    2.0183000000000E+004
      74    1.6130000000000E+004    2.1169500000000E+004
      75    1.6997500000000E+004    2.2332500000000E+004
      76    1.7566000000000E+004    2.3058000000000E+004
      77    1.7923000000000E+004    2.3544000000000E+004
      78    1.8897000000000E+004    2.4842500000000E+004
      79    1.9859500000000E+004    2.6083500000000E+004
      80    2.0825500000000E+004    2.7334000000000E+004
      81    2.1708000000000E+004    2.8503500000000E+004
      82    2.2541500000000E+004    2.9620000000000E+004
      83    2.2994500000000E+004    3.0219000000000E+004
      84    2.3343000000000E+004    3.0667500000000E+004
      85    2.4292000000000E+004    3.1926000000000E+004
      86    2.5114000000000E+004    3.3016000000000E+004
      87    2.6012500000000E+004    3.4185500000000E+004
      88    2.6758000000000E+004    3.5163500000000E+004
      89    2.7600000000000E+004    3.6297000000000E+004
      90    2.8110500000000E+004    3.6955500000000E+004
      91    2.8500000000000E+004    3.7476000000000E+004
      92    2.9481500000000E+004    3.8758000000000E+004
      93    3.0302500000000E+004    3.9837000000000E+004
      94    3.1171000000000E+004    4.1009500000000E+004
      95    3.2000000000000E+004    4.2103000000000E+004
      96    3.2838000000000E+004    4.3224000000000E+004
      97    3.3332500000000E+004    4.3866000000000E+004
      98    3.3678500000000E+004    4.4337500000000E+004
      99    3.4602500000000E+004    4.5558000000000E+004
     100    3.5501000000000E+004    4.6728000000000E+004
     101    3.6355000000000E+004    4.7866000000000E+004
     102    3.7133000000000E+004    4.8887000000000E+004
     103    3.7950000000000E+004    4.9981500000000E+004
     104    3.8309000000000E+004    5.0464500000000E+004
     105    3.8621000000000E+004    5.0873500000000E+004
     106    3.9446000000000E+004    5.1957500000000E+004
     107    4.0336000000000E+004    5.3096500000000E+004
     108    4.1168000000000E+004    5.4217000000000E+004
     109    4.1996500000000E+004    5.5327500000000E+004
     110    4.2774000000000E+004    5.6350000000000E+004
     111    4.3170000000000E+004    5.6885000000000E+004
     112    4.3436500000000E+004    5.7233500000000E+004
     113    4.4214500000000E+004    5.8266000000000E+004
     114    4.5010500000000E+004    5.9309000000000E+004
     115    4.5730500000000E+004    6.0249000000000E+004
     116    4.6452000000000E+004    6.1256500000000E+004
     117    4.7262500000000E+004    6.2332500000000E+004
     118    4.7602500000000E+004    6.2772000000000E+004
     119    4.7905500000000E+004    6.3165500000000E+004
     120    4.8751000000000E+004    6.4312000000000E+004
     121    4.9575500000000E+004    6.5410000000000E+004
     122    5.0475500000000E+004    6.6585500000000E+004
     123    5.1240000000000E+004    6.7594000000000E+004
     124    5.2076500000000E+004    6.8701000000000E+004
     125    5.2417000000000E+004    6.9156000000000E+004
     126    5.2628500000000E+004    6.9443500000000E+004
     127    5.3497000000000E+004    7.0619000000000E+004
     128    5.4328000000000E+004    7.1739500000000E+004
     129    5.5166000000000E+004    7.2853000000000E+004
     130    5.5819500000000E+004    7.3731000000000E+004
     131    5.6594000000000E+004    7.4760500000000E+004
     132    5.6947500000000E+004    7.5249500000000E+004
     133    5.7178500000000E+004    7.5565000000000E+004
     134    5.8138500000000E+004    7.6803500000000E+004
     135    5.8983500000000E+004    7.7908000000000E+004
     136    6.0054000000000E+004    7.9339500000000E+004
     137    6.1033000000000E+004    8.0649500000000E+004
     138    6.2089500000000E+004    8.2027000000000E+004
     139    6.2678000000000E+004    8.2812000000000E+004
     140    6.2922500000000E+004    8.3133500000000E+004
     141    6.3943500000000E+004    8.4488500000000E+004
     142    6.4957500000000E+004    8.5847500000000E+004
     143    6.6006500000000E+004    8.7268500000000E+004
     144    6.6975500000000E+004    8.8565500000000E+004
     145    6.7889000000000E+004    8.9818000000000E+004
     146    6.8359500000000E+004    9.0474500000000E+004
     147    6.8585000000000E+004    9.0798000000000E+004
     148    6.9503500000000E+004    9.2017500000000E+004
     149    7.0468500000000E+004    9.3268000000000E+004
     150    7.1420000000000E+004    9.4517000000000E+004
     151    7.2348500000000E+004    9.5752500000000E+004
     152    7.3192000000000E+004    9.6869500000000E+004
     153    7.3663000000000E+004    9.7499000000000E+004
     154    7.3902500000000E+004    9.7825000000000E+004
     155    7.4670000000000E+004    9.8803000000000E+004
     156    7.5564000000000E+004    1.0002450000000E+005
     157    7.6452500000000E+004    1.0120050000000E+005
     158    7.7225500000000E+004    1.0231000000000E+005
     159    7.8101500000000E+004    1.0346450000000E+005
     160    7.8507500000000E+004    1.0403950000000E+005
     161    7.8668500000000E+004    1.0427450000000E+005
     162    7.9466500000000E+004    1.0530650000000E+005
     163    8.0344500000000E+004    1.0653950000000E+005
     164    8.1268000000000E+004    1.0778500000000E+005
     165    8.2174500000000E+004    1.0896600000000E+005
     166    8.3082500000000E+004    1.1020400000000E+005
     167    8.3502500000000E+004    1.1074400000000E+005
     168    8.3684500000000E+004    1.1097500000000E+005
     169    8.4539500000000E+004    1.1215350000000E+005
     170    8.5591000000000E+004    1.1352750000000E+005
     171    8.6585000000000E+004    1.1485150000000E+005
     172    8.7464000000000E+004    1.1599600000000E+005
     173    8.8423500000000E+004    1.1727050000000E+005
     174    8.8865500000000E+004    1.1789250000000E+005
     175    8.9098000000000E+004    1.1823050000000E+005
     176    9.0086000000000E+004    1.1952100000000E+005
     177    9.1051500000000E+004    1.2080150000000E+005
     178    9.2355500000000E+004    1.2249850000000E+005
     179    9.3470000000000E+004    1.2397600000000E+005
     180    9.4611000000000E+004    1.2549000000000E+005
     181    9.5250500000000E+004    1.2639150000000E+005
     182    9.5492500000000E+004    1.2671150000000E+005
     183    9.6448500000000E+004    1.2797300000000E+005
     184    9.7713500000000E+004    1.2965250000000E+005
     185    9.9015500000000E+004    1.3138450000000E+005
     186    1.0022500000000E+005    1.3297050000000E+005
     187    1.0131400000000E+005    1.3444500000000E+005
     188    1.0192550000000E+005    1.3518900000000E+005
     189    1.0215500000000E+005    1.3550700000000E+005
     190    1.0301700000000E+005    1.3668100000000E+005
     191    1.0419300000000E+005    1.3826050000000E+005
     192    1.0535400000000E+005    1.3981950000000E+005
     193    1.0643050000000E+005    1.4128650000000E+005
     194    1.0747950000000E+005    1.4268550000000E+005
     195    1.0813300000000E+005    1.4356800000000E+005
     196    1.0833400000000E+005    1.4383900000000E+005
     197    1.0919850000000E+005    1.4498950000000E+005
     198    1.0989750000000E+005    1.4592350000000E+005
     199    1.1010300000000E+005    1.4620900000000E+005
     200    1.1125000000000E+005    1.4769950000000E+005
     201    1.1229000000000E+005    1.4902650000000E+005
     202    1.1289150000000E+005    1.4981550000000E+005
     203    1.1313400000000E+005    1.5011750000000E+005
     204    1.1400500000000E+005    1.5126750000000E+005
     205    1.1512550000000E+005    1.5274500000000E+005
     206    1.1623300000000E+005    1.5417550000000E+005
     207    1.1727700000000E+005    1.5553550000000E+005
     208    1.1832450000000E+005    1.5685400000000E+005
     209    1.1900400000000E+005    1.5776350000000E+005
     210    1.1928100000000E+005    1.5812850000000E+005
     211    1.2028500000000E+005    1.5943100000000E+005
     212    1.2138650000000E+005    1.6088600000000E+005
     213    1.2246300000000E+005    1.6227600000000E+005
     214    1.2349650000000E+005    1.6365500000000E+005
     215    1.2440950000000E+005    1.6483950000000E+005
     216    1.2486150000000E+005    1.6547900000000E+005
     217    1.2507300000000E+005    1.6576750000000E+005
     218    1.2596400000000E+005    1.6697700000000E+005
     219    1.2700200000000E+005    1.6838400000000E+005
     220    1.2811150000000E+005    1.6984850000000E+005
     221    1.2920200000000E+005    1.7125800000000E+005
     222    1.3029750000000E+005    1.7266900000000E+005
     223    1.3078400000000E+005    1.7331700000000E+005
     224    1.3104550000000E+005    1.7366950000000E+005
     225    1.3211650000000E+005    1.7511550000000E+005
     226    1.3331300000000E+005    1.7670050000000E+005
     227    1.3442100000000E+005    1.7811100000000E+005
     228    1.3560050000000E+005    1.7969200000000E+005
     229    1.3693250000000E+005    1.8144550000000E+005
     230    1.3751150000000E+005    1.8219750000000E+005
     231    1.3781950000000E+005    1.8258400000000E+005
     232    1.3942350000000E+005    1.8475650000000E+005
     233    1.4114300000000E+005    1.8704150000000E+005
     234    1.4265750000000E+005    1.8906350000000E+005
     235    1.4424200000000E+005    1.9110900000000E+005
     236    1.4587050000000E+005    1.9333700000000E+005
     237    1.4655250000000E+005    1.9425300000000E+005
     238    1.4680750000000E+005    1.9462250000000E+005
     239    1.4849800000000E+005    1.9695250000000E+005
     240    1.5017800000000E+005    1.9917050000000E+005
     241    1.5183950000000E+005    2.0144150000000E+005
     242    1.5325800000000E+005    2.0340650000000E+005
     243    1.5455200000000E+005    2.0515900000000E+005
     244    1.5516550000000E+005    2.0598600000000E+005
     245    1.5543300000000E+005    2.0633050000000E+005
     246    1.5601650000000E+005    2.0711050000000E+005
     247    1.5785650000000E+005    2.0959050000000E+005
     248    1.5962700000000E+005    2.1188550000000E+005
     249    1.6134100000000E+005    2.1416800000000E+005
     250    1.6292200000000E+005    2.1622900000000E+005
     251    1.6362150000000E+005    2.1720300000000E+005
     252    1.6390850000000E+005    2.1762650000000E+005
     253    1.6594750000000E+005    2.2040000000000E+005
     254    1.6799000000000E+005    2.2312600000000E+005
     255    1.6984700000000E+005    2.2558100000000E+005
     256    1.7161500000000E+005    2.2788150000000E+005
     257    1.7341100000000E+005    2.3023800000000E+005
     258    1.7423700000000E+005    2.3131350000000E+005
     259    1.7462400000000E+005    2.3182850000000E+005
     260    1.7503450000000E+005    2.3237100000000E+005
     261    1.7726050000000E+005    2.3530400000000E+005
     262    1.7916200000000E+005    2.3781050000000E+005
     263    1.8087200000000E+005    2.4010650000000E+005
     264    1.8273400000000E+005    2.4261500000000E+005
     265    1.8380650000000E+005    2.4405350000000E+005
     266    1.8420950000000E+005    2.4456950000000E+005
     267    1.8670200000000E+005    2.4785400000000E+005
     268    1.8927000000000E+005    2.5133650000000E+005
     269    1.9172550000000E+005    2.5452950000000E+005
     270    1.9415450000000E+005    2.5778800000000E+005
     271    1.9691000000000E+005    2.6130000000000E+005
     272    1.9840350000000E+005    2.6321700000000E+005
     273    1.9891900000000E+005    2.6390250000000E+005
     274    2.0221850000000E+005    2.6827800000000E+005
     275    2.0573800000000E+005    2.7297350000000E+005
     276    2.0965950000000E+005    2.7799500000000E+005
     277    2.1350150000000E+005    2.8316150000000E+005
     278    2.1745350000000E+005    2.8852700000000E+005
     279    2.1991600000000E+005    2.9173750000000E+005
     280    2.2060350000000E+005    2.9261300000000E+005
     281    2.2523750000000E+005    2.9883850000000E+005
     282    2.2967800000000E+005    3.0462200000000E+005
     283    2.3407050000000E+005    3.1044050000000E+005
     284    2.3874750000000E+005    3.1660450000000E+005
     285    2.4328950000000E+005    3.2257200000000E+005
     286    2.4576300000000E+005    3.2591050000000E+005
     287    2.4638550000000E+005    3.2674300000000E+005
     288    2.5111050000000E+005    3.3299500000000E+005
     289    2.5575700000000E+005    3.3925550000000E+005
     290    2.6025350000000E+005    3.4513600000000E+005
     291    2.6469000000000E+005    3.5110500000000E+005
     292    2.6957450000000E+005    3.5754550000000E+005
     293    2.7212100000000E+005    3.6096650000000E+005
     294    2.7283950000000E+005    3.6190100000000E+005
     295    2.7757850000000E+005    3.6823100000000E+005
     296    2.8221200000000E+005    3.7441100000000E+005
     297    2.8666150000000E+005    3.8043100000000E+005
     298    2.9054350000000E+005    3.8557550000000E+005
     299    2.9105450000000E+005    3.8627900000000E+005
     300    2.9274300000000E+005    3.8852150000000E+005
     301    2.9370850000000E+005    3.8975450000000E+005
     302    2.9896550000000E+005    3.9680300000000E+005
     303    3.0431450000000E+005    4.0387700000000E+005
     304    3.0918050000000E+005    4.1028750000000E+005
     305    3.1337200000000E+005    4.1599650000000E+005
     306    3.1399600000000E+005    4.1682700000000E+005
     307    3.1563700000000E+005    4.1901900000000E+005
     308    3.1657950000000E+005    4.2029800000000E+005
     309    3.2238350000000E+005    4.2812550000000E+005
     310    3.2811750000000E+005    4.3577950000000E+005
     311    3.3385650000000E+005    4.4344850000000E+005
     312    3.3982650000000E+005    4.5129200000000E+005
     313    3.4561650000000E+005    4.5895350000000E+005
     314    3.4899050000000E+005    4.6349850000000E+005
     315    3.5013900000000E+005    4.6505250000000E+005
     316    3.5650400000000E+005    4.7358000000000E+005
     317    3.6241400000000E+005    4.8160700000000E+005
     318    3.6830550000000E+005    4.8956050000000E+005
     319    3.7408850000000E+005    4.9704700000000E+005
     320    3.7955000000000E+005    5.0425450000000E+005
     321    3.8290400000000E+005    5.0852700000000E+005
     322    3.8386050000000E+005    5.0978350000000E+005
     323    3.8979950000000E+005    5.1735850000000E+005
     324    3.9542200000000E+005    5.2479250000000E+005
     325    4.0038750000000E+005    5.3135150000000E+005
     326    4.0526100000000E+005    5.3765700000000E+005
     327    4.1003600000000E+005    5.4406450000000E+005
     328    4.1272750000000E+005    5.4760300000000E+005
     329    4.1367900000000E+005    5.4882300000000E+005
     330    4.1868600000000E+005    5.5554750000000E+005
     331    4.2377250000000E+005    5.6238100000000E+005
     332    4.2819250000000E+005    5.6829400000000E+005
     333    4.3220300000000E+005    5.7358550000000E+005
     334    4.3584400000000E+005    5.7844900000000E+005
     335    4.3790050000000E+005    5.8120250000000E+005
     336    4.3853750000000E+005    5.8213350000000E+005
     337    4.3950950000000E+005    5.8340650000000E+005
     338    4.4337950000000E+005    5.8863700000000E+005
     339    4.4677300000000E+005    5.9317400000000E+005
     340    4.4993350000000E+005    5.9748400000000E+005
     341    4.5304500000000E+005    6.0157900000000E+005
     342    4.5474650000000E+005    6.0375250000000E+005
     343    4.5522450000000E+005    6.0438150000000E+005
     344    4.5862900000000E+005    6.0895800000000E+005
     345    4.6132150000000E+005    6.1250000000000E+005
     346    4.6388350000000E+005    6.1597800000000E+005
     347    4.6616300000000E+005    6.1904250000000E+005
     348    4.6870150000000E+005    6.2242350000000E+005
     349    4.7020550000000E+005    6.2438350000000E+005
     350    4.7064600000000E+005    6.2498850000000E+005
     351    4.7328000000000E+005    6.2835050000000E+005
     352    4.7574250000000E+005    6.3156750000000E+005
     353    4.7795300000000E+005    6.3451500000000E+005
     354    4.8007900000000E+005    6.3731900000000E+005
     355    4.8222800000000E+005    6.4010450000000E+005
     356    4.8338550000000E+005    6.4170600000000E+005
     357    4.8381300000000E+005    6.4227950000000E+005
     358    4.8652050000000E+005    6.4580900000000E+005
     359    4.8890550000000E+005    6.4904950000000E+005
     360    4.9106250000000E+005    6.5184200000000E+005
     361    4.9315400000000E+005    6.5462350000000E+005
     362    4.9544450000000E+005    6.5760350000000E+005
     363    4.9678300000000E+005    6.5935400000000E+005
     364    4.9724200000000E+005    6.5994750000000E+005
     365    4.9984900000000E+005    6.6344300000000E+005
     366    5.0217150000000E+005    6.6646500000000E+005
     367    5.0426950000000E+005    6.6936800000000E+005
     368    5.0631850000000E+005    6.7200700000000E+005
     369    5.0826600000000E+005    6.7462350000000E+005
     370    5.0937800000000E+005    6.7609950000000E+005
     371    5.0983200000000E+005    6.7665400000000E+005
     372    5.1202600000000E+005    6.7953550000000E+005
     373    5.1390050000000E+005    6.8192450000000E+005
     374    5.1550300000000E+005    6.8401450000000E+005
     375    5.1714550000000E+005    6.8618300000000E+005
     376    5.1880200000000E+005    6.8836300000000E+005
     377    5.1973650000000E+005    6.8956500000000E+005
     378    5.2013350000000E+005    6.9006200000000E+005
     379    5.2059550000000E+005    6.9067350000000E+005
     380    5.2264550000000E+005    6.9342900000000E+005
     381    5.2429850000000E+005    6.9570300000000E+005
     382    5.2584100000000E+005    6.9782900000000E+005
     383    5.2717350000000E+005    6.9968550000000E+005
     384    5.2799000000000E+005    7.0076200000000E+005
     385    5.2829600000000E+005    7.0115300000000E+005
     386    5.3012300000000E+005    7.0346300000000E+005
     387    5.3167700000000E+005    7.0556600000000E+005
     388    5.3296050000000E+005    7.0732900000000E+005
     389    5.3426700000000E+005    7.0905000000000E+005
     390    5.3543600000000E+005    7.1063600000000E+005
     391    5.3624850000000E+005    7.1171400000000E+005
     392    5.3655100000000E+005    7.1210800000000E+005
     393    5.3794050000000E+005    7.1400000000000E+005
     394    5.3927850000000E+005    7.1577250000000E+005
     395    5.4052200000000E+005    7.1739450000000E+005
     396    5.4104000000000E+005    7.1807100000000E+005
     397    5.4143200000000E+005    7.1860050000000E+005
     398    5.4170700000000E+005    7.1899550000000E+005
     399    5.4195200000000E+005    7.1932650000000E+005
     400    5.4342750000000E+005    7.2121100000000E+005
     401    5.4465600000000E+005    7.2287100000000E+005
     402    5.4578700000000E+005    7.2449950000000E+005
     403    5.4682600000000E+005    7.2591000000000E+005
     404    5.4787550000000E+005    7.2744250000000E+005
     405    5.4855900000000E+005    7.2841200000000E+005
     406    5.4876450000000E+005    7.2870100000000E+005
     407    5.5002250000000E+005    7.3036550000000E+005
     408    5.5109950000000E+005    7.3186100000000E+005
     409    5.5211350000000E+005    7.3323650000000E+005
     410    5.5311800000000E+005    7.3459300000000E+005
     411    5.5395000000000E+005    7.3572700000000E+005
     412    5.5444650000000E+005    7.3638550000000E+005
     413    5.5462950000000E+005    7.3663850000000E+005
     414    5.5562950000000E+005    7.3801150000000E+005
     415    5.5658500000000E+005    7.3920350000000E+005
     416    5.5756750000000E+005    7.4045200000000E+005
     417    5.5837050000000E+005    7.4144550000000E+005
     418    5.5913750000000E+005    7.4244300000000E+005
     419    5.5964700000000E+005    7.4311550000000E+005
     420    5.5978200000000E+005    7.4329850000000E+005
     421    5.6067300000000E+005    7.4444550000000E+005
     422    5.6152950000000E+005    7.4555450000000E+005
     423    5.6233350000000E+005    7.4661250000000E+005
     424    5.6299900000000E+005    7.4749250000000E+005
     425    5.6365500000000E+005    7.4834100000000E+005
     426    5.6383300000000E+005    7.4861900000000E+005
     427    5.6398350000000E+005    7.4882450000000E+005
     428    5.6466600000000E+005    7.4972400000000E+005
     429    5.6520600000000E+005    7.5042050000000E+005
     430    5.6578950000000E+005    7.5119550000000E+005
     431    5.6631150000000E+005    7.5191000000000E+005
     432    5.6682750000000E+005    7.5262100000000E+005
     433    5.6715800000000E+005    7.5308550000000E+005
     434    5.6724050000000E+005    7.5319200000000E+005
     435    5.6757100000000E+005    7.5360950000000E+005
     436    5.6818600000000E+005    7.5438350000000E+005
     437    5.6874400000000E+005    7.5507000000000E+005
     438    5.6920000000000E+005    7.5564400000000E+005
     439    5.6974650000000E+005    7.5630950000000E+005
     440    5.7002400000000E+005    7.5665000000000E+005
     441    5.7011300000000E+005    7.5675800000000E+005
     442    5.7060450000000E+005    7.5743650000000E+005
     443    5.7111300000000E+005    7.5811200000000E+005
     444    5.7159050000000E+005    7.5871450000000E+005
     445    5.7206150000000E+005    7.5931750000000E+005
     446    5.7257150000000E+005    7.5996750000000E+005
     447    5.7283500000000E+005    7.6029650000000E+005
     448    5.7294150000000E+005    7.6042950000000E+005
     449    5.7348500000000E+005    7.6111700000000E+005
     450    5.7409150000000E+005    7.6188850000000E+005
     451    5.7467700000000E+005    7.6264500000000E+005
     452    5.7517250000000E+005    7.6328650000000E+005
     453    5.7574400000000E+005    7.6405950000000E+005
     454    5.7598100000000E+005    7.6439000000000E+005
     455    5.7607950000000E+005    7.6451500000000E+005
     456    5.7663300000000E+005    7.6524700000000E+005
     457    5.7723950000000E+005    7.6598000000000E+005
     458    5.7784350000000E+005    7.6672450000000E+005
     459    5.7833450000000E+005    7.6739750000000E+005
     460    5.7886250000000E+005    7.6812450000000E+005
     461    5.7913100000000E+005    7.6848250000000E+005
     462    5.7922400000000E+005    7.6859500000000E+005
     463    5.7995700000000E+005    7.6954000000000E+005
     464    5.8072300000000E+005    7.7051600000000E+005
     465    5.8145200000000E+005    7.7154450000000E+005
     466    5.8208450000000E+005    7.7244800000000E+005
     467    5.8272650000000E+005    7.7339550000000E+005
     468    5.8309300000000E+005    7.7388900000000E+005
     469    5.8321050000000E+005    7.7405700000000E+005
     470    5.8398350000000E+005    7.7516700000000E+005
     471    5.8479200000000E+005    7.7624750000000E+005
     472    5.8567300000000E+005    7.7739600000000E+005
     473    5.8657100000000E+005    7.7860300000000E+005
     474    5.8748250000000E+005    7.7983450000000E+005
     475    5.8801550000000E+005    7.8048750000000E+005
     476    5.8821450000000E+005    7.8071600000000E+005
     477    5.8938300000000E+005    7.8216200000000E+005
     478    5.9064750000000E+005    7.8386850000000E+005
     479    5.9193700000000E+005    7.8568050000000E+005
     480    5.9325750000000E+005    7.8752100000000E+005
     481    5.9453600000000E+005    7.8936800000000E+005
     482    5.9535350000000E+005    7.9046650000000E+005
     483    5.9568650000000E+005    7.9092650000000E+005
     484    5.9723900000000E+005    7.9322500000000E+005
     485    5.9879500000000E+005    7.9555000000000E+005
     486    6.0048000000000E+005    7.9772700000000E+005
     487    6.0236250000000E+005    8.0025400000000E+005
     488    6.0429550000000E+005    8.0290000000000E+005
     489    6.0548800000000E+005    8.0448750000000E+005
     490    6.0595650000000E+005    8.0511000000000E+005
     491    6.0856900000000E+005    8.0847600000000E+005
     492    6.1122600000000E+005    8.1202150000000E+005
     493    6.1412000000000E+005    8.1603750000000E+005
     494    6.1698700000000E+005    8.2007300000000E+005
     495    6.1981700000000E+005    8.2385900000000E+005
     496    6.2155300000000E+005    8.2619150000000E+005
     497    6.2228500000000E+005    8.2719850000000E+005
     498    6.2601400000000E+005    8.3212200000000E+005
     499    6.3011150000000E+005    8.3751650000000E+005
     500    6.3396650000000E+005    8.4264000000000E+005
     501    6.3740750000000E+005    8.4732050000000E+005
     502    6.4088200000000E+005    8.5186600000000E+005
     503    6.4288050000000E+005    8.5444950000000E+005
     504    6.4364050000000E+005    8.5554650000000E+005
     505    6.4809600000000E+005    8.6161600000000E+005
     506    6.5267600000000E+005    8.6747350000000E+005
     507    6.5705450000000E+005    8.7317800000000E+005
     508    6.6166700000000E+005    8.7903000000000E+005
     509    6.6554650000000E+005    8.8413450000000E+005
     510    6.6777650000000E+005    8.8733000000000E+005
     511    6.6881150000000E+005    8.8880800000000E+005
     512    6.7342350000000E+005    8.9516850000000E+005
     513    6.7800350000000E+005    9.0118950000000E+005
     514    6.8226850000000E+005    9.0684300000000E+005
     515    6.8694450000000E+005    9.1290650000000E+005
     516    6.9087750000000E+005    9.1809700000000E+005
     517    6.9302100000000E+005    9.2092800000000E+005
     518    6.9401300000000E+005    9.2229300000000E+005
     519    6.9826800000000E+005    9.2824250000000E+005
     520    7.0236400000000E+005    9.3411550000000E+005
     521    7.0612850000000E+005    9.3933200000000E+005
     522    7.1003450000000E+005    9.4466400000000E+005
     523    7.1373750000000E+005    9.4946100000000E+005
     524    7.1595850000000E+005    9.5239850000000E+005
     525    7.1700050000000E+005    9.5375800000000E+005
     526    7.2116200000000E+005    9.5925550000000E+005
     527    7.2548400000000E+005    9.6478100000000E+005
     528    7.2548400000000E+005    9.6478100000000E+005
     529    7.2548400000000E+005    9.6478100000000E+005
     530    7.2548400000000E+005    9.6478100000000E+005
     531    7.2548400000000E+005    9.6478100000000E+005
     532    7.2548400000000E+005    9.6478100000000E+005
     533    7.2548400000000E+005    9.6478100000000E+005
     534    7.2548400000000E+005    9.6478100000000E+005
     535    7.2548400000000E+005    9.6478100000000E+005
     536    7.2548400000000E+005    9.6478100000000E+005
     537    7.2548400000000E+005    9.6478100000000E+005
     538    7.2548400000000E+005    9.6478100000000E+005
     539    7.2548400000000E+005    9.6478100000000E+005
     540    7.2548400000000E+005    9.6478100000000E+005
