       2    1.4000000000000E+001    1.4000000000000E+001    1.0000000000000E+000
       3    5.2500000000000E+000    5.2500000000000E+000    1.0000000000000E+000
       4    1.7500000000000E+000    1.7500000000000E+000    1.0000000000000E+000
       5    1.1666666666667E+000    1.1666666666667E+000    1.0000000000000E+000
       6    3.8888888888889E-001    3.8888888888889E-001    1.0000000000000E+000
       7    2.6923076923077E-001    2.6923076923077E-001    1.0000000000000E+000
       8    6.5625000000000E-001    6.5625000000000E-001    1.0000000000000E+000
       9    0.0000000000000E+000    0.0000000000000E+000    1.0000000000000E+000
      10    6.6666666666667E-001    6.6666666666667E-001    1.0000000000000E+000
      11    7.9545454545455E-001    7.9545454545455E-001    1.0000000000000E+000
      12    1.5217391304348E-001    1.5217391304348E-001    1.0000000000000E+000
      13    8.0769230769231E-001    8.0769230769231E-001    1.0000000000000E+000
      14    2.6923076923077E-001    2.6923076923077E-001    1.0000000000000E+000
      15    2.3333333333333E-001    2.3333333333333E-001    1.0000000000000E+000
      16    6.1764705882353E-001    6.1764705882353E-001    1.0000000000000E+000
      17    6.1764705882353E-001    6.1764705882353E-001    1.0000000000000E+000
      18    3.6842105263158E-001    3.6842105263158E-001    1.0000000000000E+000
      19    9.0000000000000E-001    9.0000000000000E-001    1.0000000000000E+000
      20    2.8378378378378E-001    2.8378378378378E-001    1.0000000000000E+000
      21    1.7948717948718E-001    1.7948717948718E-001    1.0000000000000E+000
      22    3.3333333333333E-001    3.3333333333333E-001    1.0000000000000E+000
      23    1.0340909090909E+000    1.0340909090909E+000    1.0000000000000E+000
      24    1.1200000000000E+000    1.1200000000000E+000    1.0000000000000E+000
      25    6.0576923076923E-001    6.0576923076923E-001    1.0000000000000E+000
      26    5.2830188679245E-001    5.2830188679245E-001    1.0000000000000E+000
      27    1.1018518518519E+000    1.1018518518519E+000    1.0000000000000E+000
      28    3.6567164179104E-001    3.6567164179104E-001    1.0000000000000E+000
      29    3.9873417721519E-001    3.9873417721519E-001    1.0000000000000E+000
      30    1.1807228915663E+000    1.1807228915663E+000    1.0000000000000E+000
      31    5.0555555555556E-001    5.0555555555556E-001    1.0000000000000E+000
      32    4.5049504950495E-001    4.5049504950495E-001    1.0000000000000E+000
      33    6.2735849056604E-001    6.2735849056604E-001    1.0000000000000E+000
      34    7.4336283185841E-001    7.4336283185841E-001    1.0000000000000E+000
      35    7.0000000000000E-001    7.0000000000000E-001    1.0000000000000E+000
      36    4.9295774647887E-001    4.9295774647887E-001    1.0000000000000E+000
      37    7.4172185430464E-001    7.4172185430464E-001    1.0000000000000E+000
      38    6.5217391304348E-001    6.5217391304348E-001    1.0000000000000E+000
      39    4.4230769230769E-001    4.4230769230769E-001    1.0000000000000E+000
      40    4.3961352657005E-001    4.3961352657005E-001    1.0000000000000E+000
      41    3.7668161434978E-001    3.7668161434978E-001    1.0000000000000E+000
      42    2.3140495867769E-001    2.3140495867769E-001    1.0000000000000E+000
      43    3.6914062500000E-001    3.6914062500000E-001    1.0000000000000E+000
      44    5.5740740740741E-001    5.5740740740741E-001    1.0000000000000E+000
      45    2.5520833333333E-001    2.5520833333333E-001    1.0000000000000E+000
      46    4.2711864406780E-001    4.2711864406780E-001    1.0000000000000E+000
      47    3.4539473684211E-001    3.4539473684211E-001    1.0000000000000E+000
      48    4.7826086956522E-001    4.7826086956522E-001    1.0000000000000E+000
      49    4.6735905044510E-001    4.6735905044510E-001    1.0000000000000E+000
      50    2.5362318840580E-001    2.5362318840580E-001    1.0000000000000E+000
      51    6.5625000000000E-001    6.5625000000000E-001    1.0000000000000E+000
      52    5.4485488126649E-001    5.4485488126649E-001    1.0000000000000E+000
      53    8.7719298245614E-001    8.7719298245614E-001    1.0000000000000E+000
      54    6.4628297362110E-001    6.4628297362110E-001    1.0000000000000E+000
      55    8.5426540284360E-001    8.5426540284360E-001    1.0000000000000E+000
      56    3.2788671023965E-001    3.2788671023965E-001    1.0000000000000E+000
      57    1.9364754098361E-001    1.9364754098361E-001    1.0000000000000E+000
      58    4.1504424778761E-001    4.1504424778761E-001    1.0000000000000E+000
      59    3.8068181818182E-001    3.8068181818182E-001    1.0000000000000E+000
      60    5.1366906474820E-001    5.1366906474820E-001    1.0000000000000E+000
      61    3.8296398891967E-001    3.8296398891967E-001    1.0000000000000E+000
      62    4.6537396121884E-001    4.6537396121884E-001    1.0000000000000E+000
      63    1.0321715817694E-001    1.0321715817694E-001    1.0000000000000E+000
      64    1.5467171717172E-001    1.5467171717172E-001    1.0000000000000E+000
      65    4.8135198135198E-001    4.8135198135198E-001    1.0000000000000E+000
      66    3.9360529217200E-001    3.9360529217200E-001    1.0000000000000E+000
      67    3.2846715328467E-001    3.2846715328467E-001    1.0000000000000E+000
      68    4.2254273504274E-001    4.2254273504274E-001    1.0000000000000E+000
      69    4.6987315010571E-001    4.6987315010571E-001    1.0000000000000E+000
      70    1.6532663316583E-001    1.6532663316583E-001    1.0000000000000E+000
      71    1.5510597302505E-001    1.5510597302505E-001    1.0000000000000E+000
      72    5.7538910505837E-001    5.7538910505837E-001    1.0000000000000E+000
      73    4.1447368421053E-001    4.1447368421053E-001    1.0000000000000E+000
      74    4.7610294117647E-001    4.7610294117647E-001    1.0000000000000E+000
      75    4.7435897435897E-001    4.7435897435897E-001    1.0000000000000E+000
      76    4.1584158415842E-001    4.1584158415842E-001    1.0000000000000E+000
      77    2.1352019785655E-001    2.1352019785655E-001    1.0000000000000E+000
      78    1.1556603773585E-001    1.1556603773585E-001    1.0000000000000E+000
      79    5.0189681335357E-001    5.0189681335357E-001    1.0000000000000E+000
      80    4.9711607786590E-001    4.9711607786590E-001    1.0000000000000E+000
      81    3.7877723120169E-001    3.7877723120169E-001    1.0000000000000E+000
      82    4.1050847457627E-001    4.1050847457627E-001    1.0000000000000E+000
      83    4.6997300944669E-001    4.6997300944669E-001    1.0000000000000E+000
      84    1.7804249839021E-001    1.7804249839021E-001    1.0000000000000E+000
      85    1.0406553398058E-001    1.0406553398058E-001    1.0000000000000E+000
      86    4.1501168224299E-001    4.1501168224299E-001    1.0000000000000E+000
      87    3.8910835214447E-001    3.8910835214447E-001    1.0000000000000E+000
      88    3.7960954446855E-001    3.7960954446855E-001    1.0000000000000E+000
      89    3.0597014925373E-001    3.0597014925373E-001    1.0000000000000E+000
      90    4.5263437998936E-001    4.5263437998936E-001    1.0000000000000E+000
      91    2.2503920543649E-001    2.2503920543649E-001    1.0000000000000E+000
      92    8.8205645161290E-002    8.8205645161290E-002    1.0000000000000E+000
      93    3.7647347740668E-001    3.7647347740668E-001    1.0000000000000E+000
      94    3.3601364522417E-001    3.3601364522417E-001    1.0000000000000E+000
      95    2.7669902912621E-001    2.7669902912621E-001    1.0000000000000E+000
      96    2.4525316455696E-001    2.4525316455696E-001    1.0000000000000E+000
      97    1.6396396396396E-001    1.6396396396396E-001    1.0000000000000E+000
      98    1.1044444444444E-001    1.1044444444444E-001    1.0000000000000E+000
      99    4.8222222222222E-002    4.8222222222222E-002    1.0000000000000E+000
     100    2.6709307454786E-001    2.6709307454786E-001    1.0000000000000E+000
     101    2.6300578034682E-001    2.6300578034682E-001    1.0000000000000E+000
     102    1.9498607242340E-001    1.9498607242340E-001    1.0000000000000E+000
     103    1.9734389561976E-001    1.9734389561976E-001    1.0000000000000E+000
     104    2.1217105263158E-001    2.1217105263158E-001    1.0000000000000E+000
     105    7.1734985700667E-002    7.1734985700667E-002    1.0000000000000E+000
     106    5.5797101449275E-002    5.5797101449275E-002    1.0000000000000E+000
     107    2.4798994974874E-001    2.4798994974874E-001    1.0000000000000E+000
     108    2.4088341037494E-001    2.4088341037494E-001    1.0000000000000E+000
     109    2.3677032187670E-001    2.3677032187670E-001    1.0000000000000E+000
     110    2.3359954363948E-001    2.3359954363948E-001    1.0000000000000E+000
     111    2.3790322580645E-001    2.3790322580645E-001    1.0000000000000E+000
     112    1.5621230398070E-001    1.5621230398070E-001    1.0000000000000E+000
     113    1.0313479623824E-001    1.0313479623824E-001    1.0000000000000E+000
     114    3.3462532299742E-001    3.3462532299742E-001    1.0000000000000E+000
     115    3.3609271523179E-001    3.3609271523179E-001    1.0000000000000E+000
     116    3.1692913385827E-001    3.1692913385827E-001    1.0000000000000E+000
     117    2.9338572364113E-001    2.9338572364113E-001    1.0000000000000E+000
     118    3.6973428386261E-001    3.6973428386261E-001    1.0000000000000E+000
     119    2.0520421607378E-001    2.0520421607378E-001    1.0000000000000E+000
     120    1.2182061579652E-001    1.2182061579652E-001    1.0000000000000E+000
     121    4.4212962962963E-001    4.4212962962963E-001    1.0000000000000E+000
     122    4.0783410138249E-001    4.0783410138249E-001    1.0000000000000E+000
     123    3.7862202189311E-001    3.7862202189311E-001    1.0000000000000E+000
     124    4.4652908067542E-001    4.4652908067542E-001    1.0000000000000E+000
     125    4.0451174289246E-001    4.0451174289246E-001    1.0000000000000E+000
     126    1.7206235011990E-001    1.7206235011990E-001    1.0000000000000E+000
     127    1.4319111630625E-001    1.4319111630625E-001    1.0000000000000E+000
     128    4.2079772079772E-001    4.2079772079772E-001    1.0000000000000E+000
     129    4.5792616720955E-001    4.5792616720955E-001    1.0000000000000E+000
     130    3.8827838827839E-001    3.8827838827839E-001    1.0000000000000E+000
     131    3.3376758728504E-001    3.3376758728504E-001    1.0000000000000E+000
     132    3.3161688980433E-001    3.3161688980433E-001    1.0000000000000E+000
     133    1.4837905236908E-001    1.4837905236908E-001    1.0000000000000E+000
     134    9.1623036649215E-002    9.1623036649215E-002    1.0000000000000E+000
     135    3.2988505747126E-001    3.2988505747126E-001    1.0000000000000E+000
     136    3.0134529147982E-001    3.0134529147982E-001    1.0000000000000E+000
     137    3.0941803642825E-001    3.0941803642825E-001    1.0000000000000E+000
     138    3.1619937694704E-001    3.1619937694704E-001    1.0000000000000E+000
     139    3.2977777777778E-001    3.2977777777778E-001    1.0000000000000E+000
     140    1.4840989399293E-001    1.4840989399293E-001    1.0000000000000E+000
     141    1.0903905221588E-001    1.0903905221588E-001    1.0000000000000E+000
     142    4.0151515151515E-001    4.0151515151515E-001    1.0000000000000E+000
     143    3.9865742745777E-001    3.9865742745777E-001    1.0000000000000E+000
     144    3.2690659811482E-001    3.2690659811482E-001    1.0000000000000E+000
     145    2.5191652470187E-001    2.5191652470187E-001    1.0000000000000E+000
     146    3.2183908045977E-001    3.2183908045977E-001    1.0000000000000E+000
     147    1.3545568039950E-001    1.3545568039950E-001    1.0000000000000E+000
     148    9.9587628865979E-002    9.9587628865979E-002    1.0000000000000E+000
     149    4.1896338955162E-001    4.1896338955162E-001    1.0000000000000E+000
     150    3.6057095573024E-001    3.6057095573024E-001    1.0000000000000E+000
     151    3.2870559412005E-001    3.2870559412005E-001    1.0000000000000E+000
     152    3.5327635327635E-001    3.5327635327635E-001    1.0000000000000E+000
     153    3.0311614730878E-001    3.0311614730878E-001    1.0000000000000E+000
     154    1.1634728197106E-001    1.1634728197106E-001    1.0000000000000E+000
     155    9.5065034429992E-002    9.5065034429992E-002    1.0000000000000E+000
     156    3.9829867674858E-001    3.9829867674858E-001    1.0000000000000E+000
     157    3.1617100371747E-001    3.1617100371747E-001    1.0000000000000E+000
     158    3.0943536404160E-001    3.0943536404160E-001    1.0000000000000E+000
     159    2.8851174934726E-001    2.8851174934726E-001    1.0000000000000E+000
     160    3.0548302872063E-001    3.0548302872063E-001    1.0000000000000E+000
     161    1.1722488038278E-001    1.1722488038278E-001    1.0000000000000E+000
     162    1.0771227289581E-001    1.0771227289581E-001    1.0000000000000E+000
     163    3.9418476260582E-001    3.9418476260582E-001    1.0000000000000E+000
     164    3.8931022029614E-001    3.8931022029614E-001    1.0000000000000E+000
     165    3.1019016864011E-001    3.1019016864011E-001    1.0000000000000E+000
     166    3.3554757630162E-001    3.3554757630162E-001    1.0000000000000E+000
     167    2.6884601643444E-001    2.6884601643444E-001    1.0000000000000E+000
     168    1.3184079601990E-001    1.3184079601990E-001    1.0000000000000E+000
     169    1.0598677340759E-001    1.0598677340759E-001    1.0000000000000E+000
     170    3.1366782006920E-001    3.1366782006920E-001    1.0000000000000E+000
     171    3.0560330010313E-001    3.0560330010313E-001    1.0000000000000E+000
     172    2.8745704467354E-001    2.8745704467354E-001    1.0000000000000E+000
     173    3.1166837256909E-001    3.1166837256909E-001    1.0000000000000E+000
     174    2.1733966745843E-001    2.1733966745843E-001    1.0000000000000E+000
     175    9.2771084337349E-002    9.2771084337349E-002    1.0000000000000E+000
     176    8.7620027434842E-002    8.7620027434842E-002    1.0000000000000E+000
     177    2.9876585533082E-001    2.9876585533082E-001    1.0000000000000E+000
     178    2.5448089279675E-001    2.5448089279675E-001    1.0000000000000E+000
     179    1.0839642119752E-001    1.0839642119752E-001    1.0000000000000E+000
     180    2.8440525587828E-001    2.8440525587828E-001    1.0000000000000E+000
     181    2.1495489243581E-001    2.1495489243581E-001    1.0000000000000E+000
     182    9.9115044247788E-002    9.9115044247788E-002    1.0000000000000E+000
     183    7.0461200585652E-002    7.0461200585652E-002    1.0000000000000E+000
     184    3.1805825242718E-001    3.1805825242718E-001    1.0000000000000E+000
     185    2.8214707038930E-001    2.8214707038930E-001    1.0000000000000E+000
     186    3.0319361277445E-001    3.0319361277445E-001    1.0000000000000E+000
     187    2.6260588947156E-001    2.6260588947156E-001    1.0000000000000E+000
     188    2.7033101757254E-001    2.7033101757254E-001    1.0000000000000E+000
     189    1.0838150289017E-001    1.0838150289017E-001    1.0000000000000E+000
     190    8.7020648967552E-002    8.7020648967552E-002    1.0000000000000E+000
     191    3.4389621437686E-001    3.4389621437686E-001    1.0000000000000E+000
     192    3.2754833040422E-001    3.2754833040422E-001    1.0000000000000E+000
     193    2.2699386503067E-001    2.2699386503067E-001    1.0000000000000E+000
     194    2.4714912280702E-001    2.4714912280702E-001    1.0000000000000E+000
     195    2.2087378640777E-001    2.2087378640777E-001    1.0000000000000E+000
     196    1.3545373665480E-001    1.3545373665480E-001    1.0000000000000E+000
     197    6.2333036509350E-002    6.2333036509350E-002    1.0000000000000E+000
     198    2.5217013888889E-001    2.5217013888889E-001    1.0000000000000E+000
     199    2.7780269058296E-001    2.7780269058296E-001    1.0000000000000E+000
     200    2.3588342440801E-001    2.3588342440801E-001    1.0000000000000E+000
     201    2.0971402632773E-001    2.0971402632773E-001    1.0000000000000E+000
     202    1.9035648994516E-001    1.9035648994516E-001    1.0000000000000E+000
     203    1.2051886792453E-001    1.2051886792453E-001    1.0000000000000E+000
     204    8.0305927342256E-002    8.0305927342256E-002    1.0000000000000E+000
     205    3.7370242214533E-001    3.7370242214533E-001    1.0000000000000E+000
     206    3.2706957846623E-001    3.2706957846623E-001    1.0000000000000E+000
     207    2.5065824117957E-001    2.5065824117957E-001    1.0000000000000E+000
     208    2.6568265682657E-001    2.6568265682657E-001    1.0000000000000E+000
     209    2.9321314952280E-001    2.9321314952280E-001    1.0000000000000E+000
     210    1.1036878674506E-001    1.1036878674506E-001    1.0000000000000E+000
     211    8.5504885993485E-002    8.5504885993485E-002    1.0000000000000E+000
     212    3.4808743169399E-001    3.4808743169399E-001    1.0000000000000E+000
     213    4.1698841698842E-001    4.1698841698842E-001    1.0000000000000E+000
     214    2.7571115973742E-001    2.7571115973742E-001    1.0000000000000E+000
     215    2.8388888888889E-001    2.8388888888889E-001    1.0000000000000E+000
     216    2.1135734072022E-001    2.1135734072022E-001    1.0000000000000E+000
     217    1.0378912685338E-001    1.0378912685338E-001    1.0000000000000E+000
     218    9.0322580645161E-002    9.0322580645161E-002    1.0000000000000E+000
     219    3.0926724137931E-001    3.0926724137931E-001    1.0000000000000E+000
     220    3.0320855614973E-001    3.0320855614973E-001    1.0000000000000E+000
     221    2.7849462365591E-001    2.7849462365591E-001    1.0000000000000E+000
     222    2.6806083650190E-001    2.6806083650190E-001    1.0000000000000E+000
     223    2.3003802281369E-001    2.3003802281369E-001    1.0000000000000E+000
     224    8.8038010061487E-002    8.8038010061487E-002    1.0000000000000E+000
     225    7.5268817204301E-002    7.5268817204301E-002    1.0000000000000E+000
     226    1.9870713884205E-001    1.9870713884205E-001    1.0000000000000E+000
     227    2.8378378378378E-001    2.8378378378378E-001    1.0000000000000E+000
     228    3.3007475560667E-001    3.3007475560667E-001    1.0000000000000E+000
     229    2.7594202898551E-001    2.7594202898551E-001    1.0000000000000E+000
     230    2.2002328288708E-001    2.2002328288708E-001    1.0000000000000E+000
     231    9.8350641417227E-002    9.8350641417227E-002    1.0000000000000E+000
     232    1.1629392971246E-001    1.1629392971246E-001    1.0000000000000E+000
     233    3.4227129337539E-001    3.4227129337539E-001    1.0000000000000E+000
     234    3.6666666666667E-001    3.6666666666667E-001    1.0000000000000E+000
     235    2.8907242693774E-001    2.8907242693774E-001    1.0000000000000E+000
     236    3.1960408684547E-001    3.1960408684547E-001    1.0000000000000E+000
     237    2.9649681528662E-001    2.9649681528662E-001    1.0000000000000E+000
     238    1.0538116591928E-001    1.0538116591928E-001    1.0000000000000E+000
     239    7.3849104859335E-002    7.3849104859335E-002    1.0000000000000E+000
     240    1.5394566623545E-001    1.5394566623545E-001    1.0000000000000E+000
     241    4.1602067183463E-001    4.1602067183463E-001    1.0000000000000E+000
     242    3.2532051282051E-001    3.2532051282051E-001    1.0000000000000E+000
     243    3.2490396927017E-001    3.2490396927017E-001    1.0000000000000E+000
     244    2.2928709055877E-001    2.2928709055877E-001    1.0000000000000E+000
     245    1.2860892388451E-001    1.2860892388451E-001    1.0000000000000E+000
     246    1.1189258312020E-001    1.1189258312020E-001    1.0000000000000E+000
     247    3.1035598705502E-001    3.1035598705502E-001    1.0000000000000E+000
     248    4.0315315315315E-001    4.0315315315315E-001    1.0000000000000E+000
     249    3.4140826873385E-001    3.4140826873385E-001    1.0000000000000E+000
     250    3.5718870346598E-001    3.5718870346598E-001    1.0000000000000E+000
     251    3.2390745501285E-001    3.2390745501285E-001    1.0000000000000E+000
     252    1.6384915474642E-001    1.6384915474642E-001    1.0000000000000E+000
     253    1.1050257731959E-001    1.1050257731959E-001    1.0000000000000E+000
     254    3.9383343928798E-001    3.9383343928798E-001    1.0000000000000E+000
     255    4.2070484581498E-001    4.2070484581498E-001    1.0000000000000E+000
     256    4.2218750000000E-001    4.2218750000000E-001    1.0000000000000E+000
     257    2.9292307692308E-001    2.9292307692308E-001    1.0000000000000E+000
     258    3.1352833638026E-001    3.1352833638026E-001    1.0000000000000E+000
     259    9.6000000000000E-002    9.6000000000000E-002    1.0000000000000E+000
     260    1.0159362549801E-001    1.0159362549801E-001    1.0000000000000E+000
     261    3.6648199445983E-001    3.6648199445983E-001    1.0000000000000E+000
     262    3.4298440979955E-001    3.4298440979955E-001    1.0000000000000E+000
     263    2.7946768060837E-001    2.7946768060837E-001    1.0000000000000E+000
     264    3.2651391162029E-001    3.2651391162029E-001    1.0000000000000E+000
     265    3.3206106870229E-001    3.3206106870229E-001    1.0000000000000E+000
     266    1.3732767762460E-001    1.3732767762460E-001    1.0000000000000E+000
     267    9.4795539033457E-002    9.4795539033457E-002    1.0000000000000E+000
     268    4.3400745077169E-001    4.3400745077169E-001    1.0000000000000E+000
     269    4.3865679534638E-001    4.3865679534638E-001    1.0000000000000E+000
     270    3.6074960957834E-001    3.6074960957834E-001    1.0000000000000E+000
     271    3.5491419656786E-001    3.5491419656786E-001    1.0000000000000E+000
     272    3.1454545454545E-001    3.1454545454545E-001    1.0000000000000E+000
     273    1.3427561837456E-001    1.3427561837456E-001    1.0000000000000E+000
     274    1.1223482979773E-001    1.1223482979773E-001    1.0000000000000E+000
     275    4.3750000000000E-001    4.3750000000000E-001    1.0000000000000E+000
     276    3.8163558106169E-001    3.8163558106169E-001    1.0000000000000E+000
     277    3.0255077940482E-001    3.0255077940482E-001    1.0000000000000E+000
     278    2.4801864801865E-001    2.4801864801865E-001    1.0000000000000E+000
     279    1.2806855025475E-001    1.2806855025475E-001    1.0000000000000E+000
     280    1.1803057553957E-001    1.1803057553957E-001    1.0000000000000E+000
     281    1.3840070298770E-001    1.3840070298770E-001    1.0000000000000E+000
     282    5.0259515570934E-001    5.0259515570934E-001    1.0000000000000E+000
     283    4.6402093327519E-001    4.6402093327519E-001    1.0000000000000E+000
     284    4.6656050955414E-001    4.6656050955414E-001    1.0000000000000E+000
     285    3.8517507958163E-001    3.8517507958163E-001    1.0000000000000E+000
     286    1.4075067024129E-001    1.4075067024129E-001    1.0000000000000E+000
     287    2.1865639709029E-001    2.1865639709029E-001    1.0000000000000E+000
     288    1.7179700499168E-001    1.7179700499168E-001    1.0000000000000E+000
     289    4.7478991596639E-001    4.7478991596639E-001    1.0000000000000E+000
     290    5.3888452474470E-001    5.3888452474470E-001    1.0000000000000E+000
     291    5.3288672350792E-001    5.3288672350792E-001    1.0000000000000E+000
     292    4.0761942360837E-001    4.0761942360837E-001    1.0000000000000E+000
     293    3.8302397525135E-001    3.8302397525135E-001    1.0000000000000E+000
     294    1.4152002995133E-001    1.4152002995133E-001    1.0000000000000E+000
     295    1.0987654320988E-001    1.0987654320988E-001    1.0000000000000E+000
     296    3.9428477039974E-001    3.9428477039974E-001    1.0000000000000E+000
     297    4.4826498422713E-001    4.4826498422713E-001    1.0000000000000E+000
     298    3.7759336099585E-001    3.7759336099585E-001    1.0000000000000E+000
     299    2.8764308776049E-001    2.8764308776049E-001    1.0000000000000E+000
     300    2.5278919553729E-001    2.5278919553729E-001    1.0000000000000E+000
     301    1.2503660322108E-001    1.2503660322108E-001    1.0000000000000E+000
     302    1.3733295422235E-001    1.3733295422235E-001    1.0000000000000E+000
     303    3.5214604236343E-001    3.5214604236343E-001    1.0000000000000E+000
     304    3.1660231660232E-001    3.1660231660232E-001    1.0000000000000E+000
     305    2.7763088313062E-001    2.7763088313062E-001    1.0000000000000E+000
     306    2.5332623736030E-001    2.5332623736030E-001    1.0000000000000E+000
     307    2.5198517734251E-001    2.5198517734251E-001    1.0000000000000E+000
     308    1.1421052631579E-001    1.1421052631579E-001    1.0000000000000E+000
     309    1.0211456102784E-001    1.0211456102784E-001    1.0000000000000E+000
     310    3.2600382409178E-001    3.2600382409178E-001    1.0000000000000E+000
     311    2.8765805387576E-001    2.8765805387576E-001    1.0000000000000E+000
     312    2.0071684587814E-001    2.0071684587814E-001    1.0000000000000E+000
     313    2.1905023332418E-001    2.1905023332418E-001    1.0000000000000E+000
     314    1.6816816816817E-001    1.6816816816817E-001    1.0000000000000E+000
     315    7.7395577395577E-002    7.7395577395577E-002    1.0000000000000E+000
     316    8.2677165354331E-002    8.2677165354331E-002    1.0000000000000E+000
     317    1.1838235294118E-001    1.1838235294118E-001    1.0000000000000E+000
     318    2.1744324970131E-001    2.1744324970131E-001    1.0000000000000E+000
     319    1.9219035997559E-001    1.9219035997559E-001    1.0000000000000E+000
     320    1.6651220265678E-001    1.6651220265678E-001    1.0000000000000E+000
     321    1.4734527175620E-001    1.4734527175620E-001    1.0000000000000E+000
     322    9.8910452843037E-002    9.8910452843037E-002    1.0000000000000E+000
     323    5.3425630102946E-002    5.3425630102946E-002    1.0000000000000E+000
     324    1.7649239896181E-001    1.7649239896181E-001    1.0000000000000E+000
     325    1.5471112834432E-001    1.5471112834432E-001    1.0000000000000E+000
     326    1.2904547316673E-001    1.2904547316673E-001    1.0000000000000E+000
     327    1.3416666666667E-001    1.3416666666667E-001    1.0000000000000E+000
     328    1.3496143958869E-001    1.3496143958869E-001    1.0000000000000E+000
     329    9.0418036636919E-002    9.0418036636919E-002    1.0000000000000E+000
     330    8.2818930041152E-002    8.2818930041152E-002    1.0000000000000E+000
     331    1.8592552026287E-001    1.8592552026287E-001    1.0000000000000E+000
     332    1.8431952662722E-001    1.8431952662722E-001    1.0000000000000E+000
     333    1.9201995012469E-001    1.9201995012469E-001    1.0000000000000E+000
     334    2.0849176172370E-001    2.0849176172370E-001    1.0000000000000E+000
     335    1.7045454545455E-001    1.7045454545455E-001    1.0000000000000E+000
     336    1.1038107752957E-001    1.1038107752957E-001    1.0000000000000E+000
     337    9.7291518175339E-002    9.7291518175339E-002    1.0000000000000E+000
     338    2.6964149504195E-001    2.6964149504195E-001    1.0000000000000E+000
     339    2.3221422861711E-001    2.3221422861711E-001    1.0000000000000E+000
     340    2.1140939597315E-001    2.1140939597315E-001    1.0000000000000E+000
     341    2.2990492653414E-001    2.2990492653414E-001    1.0000000000000E+000
     342    2.5498699045967E-001    2.5498699045967E-001    1.0000000000000E+000
     343    1.7218246869410E-001    1.7218246869410E-001    1.0000000000000E+000
     344    1.5455381784729E-001    1.5455381784729E-001    1.0000000000000E+000
     345    2.6847521047708E-001    2.6847521047708E-001    1.0000000000000E+000
     346    3.1576448243115E-001    3.1576448243115E-001    1.0000000000000E+000
     347    2.4403056351480E-001    2.4403056351480E-001    1.0000000000000E+000
     348    2.7077363896848E-001    2.7077363896848E-001    1.0000000000000E+000
     349    2.7025738798856E-001    2.7025738798856E-001    1.0000000000000E+000
     350    9.8162475822050E-002    9.8162475822050E-002    1.0000000000000E+000
     351    1.1442307692308E-001    1.1442307692308E-001    1.0000000000000E+000
     352    3.1414634146341E-001    3.1414634146341E-001    1.0000000000000E+000
     353    2.4209486166008E-001    2.4209486166008E-001    1.0000000000000E+000
     354    2.0628683693517E-001    2.0628683693517E-001    1.0000000000000E+000
     355    1.6116116116116E-001    1.6116116116116E-001    1.0000000000000E+000
     356    2.3239436619718E-001    2.3239436619718E-001    1.0000000000000E+000
     357    8.5279187817259E-002    8.5279187817259E-002    1.0000000000000E+000
     358    8.2818930041152E-002    8.2818930041152E-002    1.0000000000000E+000
     359    1.6770833333333E-001    1.6770833333333E-001    1.0000000000000E+000
     360    3.0860215053763E-001    3.0860215053763E-001    1.0000000000000E+000
     361    2.7631578947368E-001    2.7631578947368E-001    1.0000000000000E+000
     362    2.8603859250851E-001    2.8603859250851E-001    1.0000000000000E+000
     363    3.1892523364486E-001    3.1892523364486E-001    1.0000000000000E+000
     364    1.1951219512195E-001    1.1951219512195E-001    1.0000000000000E+000
     365    1.1710037174721E-001    1.1710037174721E-001    1.0000000000000E+000
     366    3.1699751861042E-001    3.1699751861042E-001    1.0000000000000E+000
     367    3.2496863237139E-001    3.2496863237139E-001    1.0000000000000E+000
     368    3.6586901763224E-001    3.6586901763224E-001    1.0000000000000E+000
     369    2.9129886506936E-001    2.9129886506936E-001    1.0000000000000E+000
     370    2.4936386768448E-001    2.4936386768448E-001    1.0000000000000E+000
     371    1.9621903520209E-001    1.9621903520209E-001    1.0000000000000E+000
     372    1.0440985732815E-001    1.0440985732815E-001    1.0000000000000E+000
     373    3.4382871536524E-001    3.4382871536524E-001    1.0000000000000E+000
     374    3.6117936117936E-001    3.6117936117936E-001    1.0000000000000E+000
     375    3.9179104477612E-001    3.9179104477612E-001    1.0000000000000E+000
     376    1.1057108140948E-001    1.1057108140948E-001    1.0000000000000E+000
     377    1.6160388821385E-001    1.6160388821385E-001    1.0000000000000E+000
     378    9.0058479532164E-002    9.0058479532164E-002    1.0000000000000E+000
     379    1.2252042007001E-001    1.2252042007001E-001    1.0000000000000E+000
     380    4.8800000000000E-001    4.8800000000000E-001    1.0000000000000E+000
     381    3.9264173703257E-001    3.9264173703257E-001    1.0000000000000E+000
     382    3.9923954372624E-001    3.9923954372624E-001    1.0000000000000E+000
     383    3.3971902937420E-001    3.3971902937420E-001    1.0000000000000E+000
     384    2.6272264631043E-001    2.6272264631043E-001    1.0000000000000E+000
     385    1.6347305389222E-001    1.6347305389222E-001    1.0000000000000E+000
     386    1.1885245901639E-001    1.1885245901639E-001    1.0000000000000E+000
     387    3.7804878048780E-001    3.7804878048780E-001    1.0000000000000E+000
     388    2.6923076923077E-001    2.6923076923077E-001    1.0000000000000E+000
     389    2.6830663615561E-001    2.6830663615561E-001    1.0000000000000E+000
     390    2.7356321839080E-001    2.7356321839080E-001    1.0000000000000E+000
     391    1.8378995433790E-001    1.8378995433790E-001    1.0000000000000E+000
     392    1.0606060606061E-001    1.0606060606061E-001    1.0000000000000E+000
     393    1.2013729977117E-001    1.2013729977117E-001    1.0000000000000E+000
     394    3.1257344300823E-001    3.1257344300823E-001    1.0000000000000E+000
     395    2.5867861142217E-001    2.5867861142217E-001    1.0000000000000E+000
     396    2.2142064372919E-001    2.2142064372919E-001    1.0000000000000E+000
     397    2.3565121412804E-001    2.3565121412804E-001    1.0000000000000E+000
     398    2.0088300220751E-001    2.0088300220751E-001    1.0000000000000E+000
     399    9.7674418604651E-002    9.7674418604651E-002    1.0000000000000E+000
     400    7.1428571428571E-002    7.1428571428571E-002    1.0000000000000E+000
     401    2.9750000000000E-001    2.9750000000000E-001    1.0000000000000E+000
     402    2.5859872611465E-001    2.5859872611465E-001    1.0000000000000E+000
     403    2.6542416452442E-001    2.6542416452442E-001    1.0000000000000E+000
     404    3.3027522935780E-001    3.3027522935780E-001    1.0000000000000E+000
     405    1.9107856191744E-001    1.9107856191744E-001    1.0000000000000E+000
     406    1.0606060606061E-001    1.0606060606061E-001    1.0000000000000E+000
     407    1.0251046025105E-001    1.0251046025105E-001    1.0000000000000E+000
     408    2.8138222849083E-001    2.8138222849083E-001    1.0000000000000E+000
     409    3.0434782608696E-001    3.0434782608696E-001    1.0000000000000E+000
     410    2.9166666666667E-001    2.9166666666667E-001    1.0000000000000E+000
     411    2.5889046941679E-001    2.5889046941679E-001    1.0000000000000E+000
     412    2.9250720461095E-001    2.9250720461095E-001    1.0000000000000E+000
     413    1.3481481481481E-001    1.3481481481481E-001    1.0000000000000E+000
     414    1.5648286140089E-002    1.5648286140089E-002    1.0000000000000E+000
     415    1.6641901931649E-001    1.6641901931649E-001    1.0000000000000E+000
     416    3.3207831325301E-001    3.3207831325301E-001    1.0000000000000E+000
     417    2.1417910447761E-001    2.1417910447761E-001    1.0000000000000E+000
     418    1.9791666666667E-001    1.9791666666667E-001    1.0000000000000E+000
     419    1.8617021276596E-001    1.8617021276596E-001    1.0000000000000E+000
     420    1.1254019292605E-001    1.1254019292605E-001    1.0000000000000E+000
     421    1.1164274322169E-001    1.1164274322169E-001    1.0000000000000E+000
     422    2.9885057471264E-001    2.9885057471264E-001    1.0000000000000E+000
     423    2.0695652173913E-001    2.0695652173913E-001    1.0000000000000E+000
     424    1.2302284710018E-001    1.2302284710018E-001    1.0000000000000E+000
     425    1.9753086419753E-001    1.9753086419753E-001    1.0000000000000E+000
     426    1.4840989399293E-001    1.4840989399293E-001    1.0000000000000E+000
     427    7.4866310160428E-002    7.4866310160428E-002    1.0000000000000E+000
     428    1.1163227016886E-001    1.1163227016886E-001    1.0000000000000E+000
     429    2.3380566801619E-001    2.3380566801619E-001    1.0000000000000E+000
     430    1.1814345991561E-001    1.1814345991561E-001    1.0000000000000E+000
     431    1.5909090909091E-001    1.5909090909091E-001    1.0000000000000E+000
     432    2.2183098591549E-001    2.2183098591549E-001    1.0000000000000E+000
     433    1.9886363636364E-001    1.9886363636364E-001    1.0000000000000E+000
     434    1.1111111111111E-001    1.1111111111111E-001    1.0000000000000E+000
     435    1.4213197969543E-001    1.4213197969543E-001    1.0000000000000E+000
     436    1.5013404825737E-001    1.5013404825737E-001    1.0000000000000E+000
     437    2.1270718232044E-001    2.1270718232044E-001    1.0000000000000E+000
     438    1.3920454545455E-001    1.3920454545455E-001    1.0000000000000E+000
     439    1.7196531791908E-001    1.7196531791908E-001    1.0000000000000E+000
     440    1.5350877192982E-001    1.5350877192982E-001    1.0000000000000E+000
     441    6.8627450980392E-002    6.8627450980392E-002    1.0000000000000E+000
     442    4.7619047619048E-002    4.7619047619048E-002    1.0000000000000E+000
     443    2.3090277777778E-001    2.3090277777778E-001    1.0000000000000E+000
     444    2.0512820512821E-001    2.0512820512821E-001    1.0000000000000E+000
     445    1.8560606060606E-001    1.8560606060606E-001    1.0000000000000E+000
     446    2.1705426356589E-001    2.1705426356589E-001    1.0000000000000E+000
     447    2.5714285714286E-001    2.5714285714286E-001    1.0000000000000E+000
     448    1.2121212121212E-001    1.2121212121212E-001    1.0000000000000E+000
     449    7.5757575757576E-002    7.5757575757576E-002    1.0000000000000E+000
     450    1.2444444444444E-001    1.2444444444444E-001    1.0000000000000E+000
     451    1.7990654205607E-001    1.7990654205607E-001    1.0000000000000E+000
     452    2.7053140096618E-001    2.7053140096618E-001    1.0000000000000E+000
     453    3.4825870646766E-001    3.4825870646766E-001    1.0000000000000E+000
     454    2.3947368421053E-001    2.3947368421053E-001    1.0000000000000E+000
     455    1.3461538461538E-001    1.3461538461538E-001    1.0000000000000E+000
     456    1.0233918128655E-001    1.0233918128655E-001    1.0000000000000E+000
     457    5.6647398843931E-001    5.6647398843931E-001    1.0000000000000E+000
     458    2.7840909090909E-001    2.7840909090909E-001    1.0000000000000E+000
     459    5.4310344827586E-001    5.4310344827586E-001    1.0000000000000E+000
     460    4.6000000000000E-001    4.6000000000000E-001    1.0000000000000E+000
     461    3.3806818181818E-001    3.3806818181818E-001    1.0000000000000E+000
     462    2.2702702702703E-001    2.2702702702703E-001    1.0000000000000E+000
     463    3.2513661202186E-001    3.2513661202186E-001    1.0000000000000E+000
     464    7.6785714285714E-001    7.6785714285714E-001    1.0000000000000E+000
     465    5.8620689655172E-001    5.8620689655172E-001    1.0000000000000E+000
     466    5.8910891089109E-001    5.8910891089109E-001    1.0000000000000E+000
     467    5.7766990291262E-001    5.7766990291262E-001    1.0000000000000E+000
     468    6.7431192660550E-001    6.7431192660550E-001    1.0000000000000E+000
     469    4.1501976284585E-001    4.1501976284585E-001    1.0000000000000E+000
     470    2.0289855072464E-001    2.0289855072464E-001    1.0000000000000E+000
     471    7.1428571428571E-001    7.1428571428571E-001    1.0000000000000E+000
     472    6.4772727272727E-001    6.4772727272727E-001    1.0000000000000E+000
     473    6.8545994065282E-001    6.8545994065282E-001    1.0000000000000E+000
     474    7.8750000000000E-001    7.8750000000000E-001    1.0000000000000E+000
     475    6.1320754716981E-001    6.1320754716981E-001    1.0000000000000E+000
     476    2.8660049627792E-001    2.8660049627792E-001    1.0000000000000E+000
     477    3.6098654708520E-001    3.6098654708520E-001    1.0000000000000E+000
     478    1.3639175257732E+000    1.3639175257732E+000    1.0000000000000E+000
     479    1.0699815837937E+000    1.0699815837937E+000    1.0000000000000E+000
     480    8.4686971235195E-001    8.4686971235195E-001    1.0000000000000E+000
     481    1.0008169934641E+000    1.0008169934641E+000    1.0000000000000E+000
     482    1.1248049921997E+000    1.1248049921997E+000    1.0000000000000E+000
     483    3.0241423125794E-001    3.0241423125794E-001    1.0000000000000E+000
     484    2.2850924918390E-001    2.2850924918390E-001    1.0000000000000E+000
     485    7.5243190661479E-001    7.5243190661479E-001    1.0000000000000E+000
     486    6.9161676646707E-001    6.9161676646707E-001    1.0000000000000E+000
     487    5.7764441110278E-001    5.7764441110278E-001    1.0000000000000E+000
     488    7.7097009482130E-001    7.7097009482130E-001    1.0000000000000E+000
     489    6.7031802120141E-001    6.7031802120141E-001    1.0000000000000E+000
     490    2.3762690355330E-001    2.3762690355330E-001    1.0000000000000E+000
     491    2.2600000000000E-001    2.2600000000000E-001    1.0000000000000E+000
     492    7.3345588235294E-001    7.3345588235294E-001    1.0000000000000E+000
     493    5.9129411764706E-001    5.9129411764706E-001    1.0000000000000E+000
     494    4.8198198198198E-001    4.8198198198198E-001    1.0000000000000E+000
     495    5.3555093555094E-001    5.3555093555094E-001    1.0000000000000E+000
     496    5.0829288025890E-001    5.0829288025890E-001    1.0000000000000E+000
     497    1.9183445190157E-001    1.9183445190157E-001    1.0000000000000E+000
     498    2.6660869565217E-001    2.6660869565217E-001    1.0000000000000E+000
     499    4.2188011791680E-001    4.2188011791680E-001    1.0000000000000E+000
     500    4.9276032039433E-001    4.9276032039433E-001    1.0000000000000E+000
     501    5.3648131803472E-001    5.3648131803472E-001    1.0000000000000E+000
     502    4.5083381253594E-001    4.5083381253594E-001    1.0000000000000E+000
     503    4.3786087434699E-001    4.3786087434699E-001    1.0000000000000E+000
     504    1.4984143763214E-001    1.4984143763214E-001    1.0000000000000E+000
     505    1.4401496259352E-001    1.4401496259352E-001    1.0000000000000E+000
     506    4.2704708884250E-001    4.2704708884250E-001    1.0000000000000E+000
     507    4.1070226609827E-001    4.1070226609827E-001    1.0000000000000E+000
     508    1.3487992131466E-321    1.3487992131466E-321    1.0000000000000E+000
     509    0.0000000000000E+000    0.0000000000000E+000    1.0000000000000E+000
     510    4.6391055782429E-310    4.6391055782429E-310    1.0000000000000E+000
     511    0.0000000000000E+000    0.0000000000000E+000    1.0000000000000E+000
     512    0.0000000000000E+000    0.0000000000000E+000    1.0000000000000E+000
     513    0.0000000000000E+000    0.0000000000000E+000    1.0000000000000E+000
     514    0.0000000000000E+000    0.0000000000000E+000    1.0000000000000E+000
     515    0.0000000000000E+000    0.0000000000000E+000    1.0000000000000E+000
     516    0.0000000000000E+000    0.0000000000000E+000    1.0000000000000E+000
     517    0.0000000000000E+000    0.0000000000000E+000    1.0000000000000E+000
     518    0.0000000000000E+000    0.0000000000000E+000    1.0000000000000E+000
     519    0.0000000000000E+000    0.0000000000000E+000    1.0000000000000E+000
     520    0.0000000000000E+000    0.0000000000000E+000    1.0000000000000E+000
     521    0.0000000000000E+000    0.0000000000000E+000    1.0000000000000E+000
     522    0.0000000000000E+000    0.0000000000000E+000    1.0000000000000E+000
     523    0.0000000000000E+000    0.0000000000000E+000    1.0000000000000E+000
     524    0.0000000000000E+000    0.0000000000000E+000    1.0000000000000E+000
     525    0.0000000000000E+000    0.0000000000000E+000    1.0000000000000E+000
     526    0.0000000000000E+000    0.0000000000000E+000    1.0000000000000E+000
     527    0.0000000000000E+000    0.0000000000000E+000    1.0000000000000E+000
     528    0.0000000000000E+000    0.0000000000000E+000    1.0000000000000E+000
     529    0.0000000000000E+000    0.0000000000000E+000    1.0000000000000E+000
     530    0.0000000000000E+000    0.0000000000000E+000    1.0000000000000E+000
     531    0.0000000000000E+000    0.0000000000000E+000    1.0000000000000E+000
     532    0.0000000000000E+000    0.0000000000000E+000    1.0000000000000E+000
     533    0.0000000000000E+000    0.0000000000000E+000    1.0000000000000E+000
     534    0.0000000000000E+000    0.0000000000000E+000    1.0000000000000E+000
     535    0.0000000000000E+000    0.0000000000000E+000    1.0000000000000E+000
     536    0.0000000000000E+000    0.0000000000000E+000    1.0000000000000E+000
     537    0.0000000000000E+000    0.0000000000000E+000    1.0000000000000E+000
     538    0.0000000000000E+000    0.0000000000000E+000    1.0000000000000E+000
     539    0.0000000000000E+000    0.0000000000000E+000    1.0000000000000E+000
     540    0.0000000000000E+000    0.0000000000000E+000    1.0000000000000E+000
