       0    0.0000000000000E+000    9.9999900000000E+005    1.0000000000000E+000    0.0000000000000E+000    0.0000000000000E+000    1.0000000000000E+000
       1    0.0000000000000E+000    9.9999900000000E+005    1.0000000000000E+000    0.0000000000000E+000    0.0000000000000E+000    1.0000000000000E+000
       2    0.0000000000000E+000    9.9999900000000E+005    1.0000000000000E+000    0.0000000000000E+000    0.0000000000000E+000    1.0000000000000E+000
       3    0.0000000000000E+000    9.9999900000000E+005    1.0000000000000E+000    0.0000000000000E+000    0.0000000000000E+000    1.0000000000000E+000
       4    0.0000000000000E+000    9.9999900000000E+005    1.0000000000000E+000    0.0000000000000E+000    0.0000000000000E+000    1.0000000000000E+000
       5    1.0000000000000E+000    9.9999800000000E+005    1.0000000000000E+000    0.0000000000000E+000    0.0000000000000E+000    1.0000000000000E+000
       6    1.0000000000000E+000    9.9999800000000E+005    1.0000000000000E+000    0.0000000000000E+000    0.0000000000000E+000    1.0000000000000E+000
       7    2.0000000000000E+000    9.9999700000000E+005    1.0000000000000E+000    0.0000000000000E+000    0.0000000000000E+000    1.0000000000000E+000
       8    2.0000000000000E+000    9.9999700000000E+005    1.0000000000000E+000    0.0000000000000E+000    0.0000000000000E+000    1.0000000000000E+000
       9    1.0000000000000E+000    9.9999700000000E+005    2.0000000000000E+000    0.0000000000000E+000    0.0000000000000E+000    2.0000000000000E+000
      10    2.0000000000000E+000    9.9999600000000E+005    2.0000000000000E+000    0.0000000000000E+000    0.0000000000000E+000    2.0000000000000E+000
      11    1.0000000000000E+000    9.9999600000000E+005    3.0000000000000E+000    0.0000000000000E+000    0.0000000000000E+000    3.0000000000000E+000
      12    1.0000000000000E+000    9.9999600000000E+005    3.0000000000000E+000    0.0000000000000E+000    0.0000000000000E+000    3.0000000000000E+000
      13    3.0000000000000E+000    9.9999400000000E+005    3.0000000000000E+000    0.0000000000000E+000    0.0000000000000E+000    3.0000000000000E+000
      14    7.0000000000000E+000    9.9998900000000E+005    4.0000000000000E+000    0.0000000000000E+000    0.0000000000000E+000    4.0000000000000E+000
      15    8.0000000000000E+000    9.9998800000000E+005    4.0000000000000E+000    0.0000000000000E+000    0.0000000000000E+000    4.0000000000000E+000
      16    8.0000000000000E+000    9.9998800000000E+005    4.0000000000000E+000    0.0000000000000E+000    0.0000000000000E+000    4.0000000000000E+000
      17    6.0000000000000E+000    9.9998800000000E+005    6.0000000000000E+000    0.0000000000000E+000    0.0000000000000E+000    6.0000000000000E+000
      18    4.0000000000000E+000    9.9998500000000E+005    1.0000000000000E+001    1.0000000000000E+000    0.0000000000000E+000    1.1000000000000E+001
      19    5.0000000000000E+000    9.9998300000000E+005    1.1000000000000E+001    1.0000000000000E+000    0.0000000000000E+000    1.2000000000000E+001
      20    9.0000000000000E+000    9.9997900000000E+005    1.1000000000000E+001    1.0000000000000E+000    0.0000000000000E+000    1.2000000000000E+001
      21    1.1000000000000E+001    9.9997700000000E+005    1.1000000000000E+001    1.0000000000000E+000    0.0000000000000E+000    1.2000000000000E+001
      22    1.4000000000000E+001    9.9997100000000E+005    1.4000000000000E+001    1.0000000000000E+000    0.0000000000000E+000    1.5000000000000E+001
      23    1.8000000000000E+001    9.9996500000000E+005    1.5000000000000E+001    2.0000000000000E+000    0.0000000000000E+000    1.7000000000000E+001
      24    1.5000000000000E+001    9.9996400000000E+005    1.9000000000000E+001    2.0000000000000E+000    0.0000000000000E+000    2.1000000000000E+001
      25    1.6000000000000E+001    9.9996100000000E+005    2.0000000000000E+001    3.0000000000000E+000    0.0000000000000E+000    2.3000000000000E+001
      26    1.3000000000000E+001    9.9995800000000E+005    2.6000000000000E+001    3.0000000000000E+000    0.0000000000000E+000    2.9000000000000E+001
      27    1.5000000000000E+001    9.9995000000000E+005    3.2000000000000E+001    3.0000000000000E+000    0.0000000000000E+000    3.5000000000000E+001
      28    2.1000000000000E+001    9.9994300000000E+005    3.2000000000000E+001    3.0000000000000E+000    1.0000000000000E+000    3.6000000000000E+001
      29    3.0000000000000E+001    9.9993100000000E+005    3.5000000000000E+001    3.0000000000000E+000    1.0000000000000E+000    3.9000000000000E+001
      30    4.6000000000000E+001    9.9991200000000E+005    3.8000000000000E+001    3.0000000000000E+000    1.0000000000000E+000    4.2000000000000E+001
      31    5.4000000000000E+001    9.9989600000000E+005    4.4000000000000E+001    3.0000000000000E+000    3.0000000000000E+000    5.0000000000000E+001
      32    6.6000000000000E+001    9.9987700000000E+005    4.6000000000000E+001    8.0000000000000E+000    3.0000000000000E+000    5.7000000000000E+001
      33    6.8000000000000E+001    9.9986300000000E+005    5.7000000000000E+001    9.0000000000000E+000    3.0000000000000E+000    6.9000000000000E+001
      34    6.9000000000000E+001    9.9984300000000E+005    7.6000000000000E+001    9.0000000000000E+000    3.0000000000000E+000    8.8000000000000E+001
      35    8.2000000000000E+001    9.9981400000000E+005    9.2000000000000E+001    8.0000000000000E+000    4.0000000000000E+000    1.0400000000000E+002
      36    8.4000000000000E+001    9.9979300000000E+005    1.0800000000000E+002    1.1000000000000E+001    4.0000000000000E+000    1.2300000000000E+002
      37    8.5000000000000E+001    9.9977800000000E+005    1.2000000000000E+002    1.2000000000000E+001    5.0000000000000E+000    1.3700000000000E+002
      38    1.1200000000000E+002    9.9973100000000E+005    1.3600000000000E+002    1.3000000000000E+001    8.0000000000000E+000    1.5700000000000E+002
      39    1.1600000000000E+002    9.9969800000000E+005    1.6300000000000E+002    1.3000000000000E+001    1.0000000000000E+001    1.8600000000000E+002
      40    1.4700000000000E+002    9.9964600000000E+005    1.7800000000000E+002    1.9000000000000E+001    1.0000000000000E+001    2.0700000000000E+002
      41    1.8100000000000E+002    9.9959700000000E+005    1.8700000000000E+002    2.3000000000000E+001    1.2000000000000E+001    2.2200000000000E+002
      42    1.7500000000000E+002    9.9955600000000E+005    2.3300000000000E+002    2.1000000000000E+001    1.5000000000000E+001    2.6900000000000E+002
      43    2.0600000000000E+002    9.9949200000000E+005    2.6300000000000E+002    2.4000000000000E+001    1.5000000000000E+001    3.0200000000000E+002
      44    2.0700000000000E+002    9.9943900000000E+005    3.1200000000000E+002    2.6000000000000E+001    1.6000000000000E+001    3.5400000000000E+002
      45    2.0600000000000E+002    9.9939100000000E+005    3.5300000000000E+002    3.3000000000000E+001    1.7000000000000E+001    4.0300000000000E+002
      46    2.5800000000000E+002    9.9929800000000E+005    3.8700000000000E+002    3.4000000000000E+001    2.3000000000000E+001    4.4400000000000E+002
      47    3.0300000000000E+002    9.9918900000000E+005    4.3900000000000E+002    4.2000000000000E+001    2.7000000000000E+001    5.0800000000000E+002
      48    3.7500000000000E+002    9.9906400000000E+005    4.7300000000000E+002    5.5000000000000E+001    3.3000000000000E+001    5.6100000000000E+002
      49    4.4900000000000E+002    9.9894200000000E+005    5.0500000000000E+002    6.7000000000000E+001    3.7000000000000E+001    6.0900000000000E+002
      50    5.0800000000000E+002    9.9879000000000E+005    5.7900000000000E+002    8.3000000000000E+001    4.0000000000000E+001    7.0200000000000E+002
      51    5.4500000000000E+002    9.9864400000000E+005    6.7400000000000E+002    9.1000000000000E+001    4.6000000000000E+001    8.1100000000000E+002
      52    5.9600000000000E+002    9.9846800000000E+005    7.7900000000000E+002    1.0900000000000E+002    4.8000000000000E+001    9.3600000000000E+002
      53    6.8800000000000E+002    9.9825400000000E+005    8.7200000000000E+002    1.3600000000000E+002    5.0000000000000E+001    1.0580000000000E+003
      54    7.8200000000000E+002    9.9800800000000E+005    1.0030000000000E+003    1.4700000000000E+002    6.0000000000000E+001    1.2100000000000E+003
      55    8.9800000000000E+002    9.9774600000000E+005    1.1340000000000E+003    1.4800000000000E+002    7.4000000000000E+001    1.3560000000000E+003
      56    1.0540000000000E+003    9.9741400000000E+005    1.2630000000000E+003    1.8400000000000E+002    8.5000000000000E+001    1.5320000000000E+003
      57    1.1800000000000E+003    9.9707400000000E+005    1.4440000000000E+003    2.0100000000000E+002    1.0100000000000E+002    1.7460000000000E+003
      58    1.3960000000000E+003    9.9661200000000E+005    1.6380000000000E+003    2.4500000000000E+002    1.0900000000000E+002    1.9920000000000E+003
      59    1.6330000000000E+003    9.9611300000000E+005    1.8510000000000E+003    2.6700000000000E+002    1.3600000000000E+002    2.2540000000000E+003
      60    1.8540000000000E+003    9.9556000000000E+005    2.1420000000000E+003    2.9100000000000E+002    1.5300000000000E+002    2.5860000000000E+003
      61    2.0860000000000E+003    9.9498800000000E+005    2.4180000000000E+003    3.3100000000000E+002    1.7700000000000E+002    2.9260000000000E+003
      62    2.3830000000000E+003    9.9422900000000E+005    2.8270000000000E+003    3.6100000000000E+002    2.0000000000000E+002    3.3880000000000E+003
      63    2.7120000000000E+003    9.9340100000000E+005    3.2780000000000E+003    3.8800000000000E+002    2.2100000000000E+002    3.8870000000000E+003
      64    3.0510000000000E+003    9.9250900000000E+005    3.7380000000000E+003    4.4600000000000E+002    2.5600000000000E+002    4.4400000000000E+003
      65    3.4880000000000E+003    9.9150000000000E+005    4.2010000000000E+003    5.1400000000000E+002    2.9700000000000E+002    5.0120000000000E+003
      66    3.9700000000000E+003    9.9025900000000E+005    4.8350000000000E+003    5.9900000000000E+002    3.3700000000000E+002    5.7710000000000E+003
      67    4.5670000000000E+003    9.8883400000000E+005    5.5410000000000E+003    6.7500000000000E+002    3.8300000000000E+002    6.5990000000000E+003
      68    5.2300000000000E+003    9.8727900000000E+005    6.2810000000000E+003    7.8100000000000E+002    4.2900000000000E+002    7.4910000000000E+003
      69    5.9230000000000E+003    9.8557700000000E+005    7.1440000000000E+003    8.8200000000000E+002    4.7400000000000E+002    8.5000000000000E+003
      70    6.6710000000000E+003    9.8358800000000E+005    8.2090000000000E+003    9.5600000000000E+002    5.7600000000000E+002    9.7410000000000E+003
      71    7.5410000000000E+003    9.8129300000000E+005    9.4200000000000E+003    1.0830000000000E+003    6.6300000000000E+002    1.1166000000000E+004
      72    8.5090000000000E+003    9.7877000000000E+005    1.0729000000000E+004    1.2370000000000E+003    7.5500000000000E+002    1.2721000000000E+004
      73    9.7470000000000E+003    9.7583000000000E+005    1.2169000000000E+004    1.3920000000000E+003    8.6200000000000E+002    1.4423000000000E+004
      74    1.1313000000000E+004    9.7227500000000E+005    1.3826000000000E+004    1.5850000000000E+003    1.0010000000000E+003    1.6412000000000E+004
      75    1.2789000000000E+004    9.6850400000000E+005    1.5781000000000E+004    1.7780000000000E+003    1.1480000000000E+003    1.8707000000000E+004
      76    1.4530000000000E+004    9.6424000000000E+005    1.7842000000000E+004    2.0940000000000E+003    1.2940000000000E+003    2.1230000000000E+004
      77    1.6376000000000E+004    9.5945400000000E+005    2.0283000000000E+004    2.4350000000000E+003    1.4520000000000E+003    2.4170000000000E+004
      78    1.8262000000000E+004    9.5401300000000E+005    2.3285000000000E+004    2.7800000000000E+003    1.6600000000000E+003    2.7725000000000E+004
      79    2.0552000000000E+004    9.4795200000000E+005    2.6484000000000E+004    3.1290000000000E+003    1.8830000000000E+003    3.1496000000000E+004
      80    2.3424000000000E+004    9.4081600000000E+005    2.9989000000000E+004    3.6710000000000E+003    2.1000000000000E+003    3.5760000000000E+004
      81    2.6493000000000E+004    9.3296100000000E+005    3.3947000000000E+004    4.1980000000000E+003    2.4010000000000E+003    4.0546000000000E+004
      82    2.9918000000000E+004    9.2409500000000E+005    3.8496000000000E+004    4.7310000000000E+003    2.7600000000000E+003    4.5987000000000E+004
      83    3.3840000000000E+004    9.1411200000000E+005    4.3548000000000E+004    5.3830000000000E+003    3.1170000000000E+003    5.2048000000000E+004
      84    3.7457000000000E+004    9.0335900000000E+005    4.9443000000000E+004    6.1760000000000E+003    3.5650000000000E+003    5.9184000000000E+004
      85    4.1825000000000E+004    8.9113600000000E+005    5.5873000000000E+004    7.1050000000000E+003    4.0610000000000E+003    6.7039000000000E+004
      86    4.6554000000000E+004    8.7754100000000E+005    6.3184000000000E+004    8.0880000000000E+003    4.6330000000000E+003    7.5905000000000E+004
      87    5.1462000000000E+004    8.6265000000000E+005    7.1465000000000E+004    9.2480000000000E+003    5.1750000000000E+003    8.5888000000000E+004
      88    5.7413000000000E+004    8.4594600000000E+005    8.0229000000000E+004    1.0541000000000E+004    5.8710000000000E+003    9.6641000000000E+004
      89    6.2930000000000E+004    8.2820600000000E+005    9.0157000000000E+004    1.2020000000000E+004    6.6870000000000E+003    1.0886400000000E+005
      90    6.9086000000000E+004    8.0845500000000E+005    1.0122900000000E+005    1.3636000000000E+004    7.5940000000000E+003    1.2245900000000E+005
      91    7.5148000000000E+004    7.8750200000000E+005    1.1318000000000E+005    1.5577000000000E+004    8.5930000000000E+003    1.3735000000000E+005
      92    8.0709000000000E+004    7.6523700000000E+005    1.2632900000000E+005    1.8075000000000E+004    9.6500000000000E+003    1.5405400000000E+005
      93    8.6866000000000E+004    7.4134000000000E+005    1.4029800000000E+005    2.0628000000000E+004    1.0868000000000E+004    1.7179400000000E+005
      94    9.1737000000000E+004    7.1671800000000E+005    1.5578500000000E+005    2.3532000000000E+004    1.2228000000000E+004    1.9154500000000E+005
      95    9.7074000000000E+004    6.9042800000000E+005    1.7195200000000E+005    2.6765000000000E+004    1.3781000000000E+004    2.1249800000000E+005
      96    1.0136000000000E+005    6.6387700000000E+005    1.8877600000000E+005    3.0588000000000E+004    1.5399000000000E+004    2.3476300000000E+005
      97    1.0390000000000E+005    6.3744000000000E+005    2.0661200000000E+005    3.4902000000000E+004    1.7146000000000E+004    2.5866000000000E+005
      98    1.0614400000000E+005    6.1057400000000E+005    2.2409800000000E+005    4.0116000000000E+004    1.9068000000000E+004    2.8328200000000E+005
      99    1.0653600000000E+005    5.8389200000000E+005    2.4253300000000E+005    4.5869000000000E+004    2.1170000000000E+004    3.0957200000000E+005
     100    1.0616800000000E+005    5.5770900000000E+005    2.6021800000000E+005    5.2607000000000E+004    2.3298000000000E+004    3.3612300000000E+005
     101    1.0498900000000E+005    5.3245100000000E+005    2.7667200000000E+005    6.0270000000000E+004    2.5618000000000E+004    3.6256000000000E+005
     102    1.0206000000000E+005    5.0851400000000E+005    2.9278500000000E+005    6.8569000000000E+004    2.8072000000000E+004    3.8942600000000E+005
     103    9.8275000000000E+004    4.8561700000000E+005    3.0724400000000E+005    7.8104000000000E+004    3.0760000000000E+004    4.1610800000000E+005
     104    9.3628000000000E+004    4.6408100000000E+005    3.1983200000000E+005    8.9041000000000E+004    3.3418000000000E+004    4.4229100000000E+005
     105    8.8524000000000E+004    4.4392700000000E+005    3.3019900000000E+005    1.0128500000000E+005    3.6065000000000E+004    4.6754900000000E+005
     106    8.3120000000000E+004    4.2539400000000E+005    3.3743200000000E+005    1.1534800000000E+005    3.8706000000000E+004    4.9148600000000E+005
     107    7.7403000000000E+004    4.0821400000000E+005    3.4258900000000E+005    1.3040200000000E+005    4.1392000000000E+004    5.1438300000000E+005
     108    7.1664000000000E+004    3.9241700000000E+005    3.4437400000000E+005    1.4749300000000E+005    4.4052000000000E+004    5.3591900000000E+005
     109    6.6421000000000E+004    3.7750600000000E+005    3.4357500000000E+005    1.6593500000000E+005    4.6563000000000E+004    5.5607300000000E+005
     110    6.1388000000000E+004    3.6400600000000E+005    3.3984300000000E+005    1.8573200000000E+005    4.9031000000000E+004    5.7460600000000E+005
     111    5.6603000000000E+004    3.5161100000000E+005    3.3312600000000E+005    2.0732700000000E+005    5.1333000000000E+004    5.9178600000000E+005
     112    5.2408000000000E+004    3.4000900000000E+005    3.2430100000000E+005    2.2979600000000E+005    5.3486000000000E+004    6.0758300000000E+005
     113    4.8129000000000E+004    3.2937700000000E+005    3.1292200000000E+005    2.5404600000000E+005    5.5526000000000E+004    6.2249400000000E+005
     114    4.4623000000000E+004    3.1938300000000E+005    2.9987100000000E+005    2.7874200000000E+005    5.7381000000000E+004    6.3599400000000E+005
     115    4.1221000000000E+004    3.1039000000000E+005    2.8582900000000E+005    3.0348500000000E+005    5.9075000000000E+004    6.4838900000000E+005
     116    3.7935000000000E+004    3.0207400000000E+005    2.7056500000000E+005    3.2881500000000E+005    6.0611000000000E+004    6.5999100000000E+005
     117    3.4801000000000E+004    2.9457600000000E+005    2.5451500000000E+005    3.5403400000000E+005    6.2074000000000E+004    6.7062300000000E+005
     118    3.1665000000000E+004    2.8771800000000E+005    2.3832600000000E+005    3.7890000000000E+005    6.3391000000000E+004    6.8061700000000E+005
     119    2.8944000000000E+004    2.8144600000000E+005    2.2206100000000E+005    4.0289800000000E+005    6.4651000000000E+004    6.8961000000000E+005
     120    2.6220000000000E+004    2.7585400000000E+005    2.0644000000000E+005    4.2566100000000E+005    6.5825000000000E+004    6.9792600000000E+005
     121    2.3650000000000E+004    2.7092600000000E+005    1.9104100000000E+005    4.4747900000000E+005    6.6904000000000E+004    7.0542400000000E+005
     122    2.1347000000000E+004    2.6637100000000E+005    1.7636300000000E+005    4.6801100000000E+005    6.7908000000000E+004    7.1228200000000E+005
     123    1.9179000000000E+004    2.6226700000000E+005    1.6248100000000E+005    4.8725000000000E+005    6.8823000000000E+004    7.1855400000000E+005
     124    1.7374000000000E+004    2.5848000000000E+005    1.4954000000000E+005    5.0497300000000E+005    6.9633000000000E+004    7.2414600000000E+005
     125    1.5719000000000E+004    2.5520700000000E+005    1.3728800000000E+005    5.2145900000000E+005    7.0327000000000E+004    7.2907400000000E+005
     126    1.4323000000000E+004    2.5204800000000E+005    1.2604600000000E+005    5.3660500000000E+005    7.0978000000000E+004    7.3362900000000E+005
     127    1.2991000000000E+004    2.4927600000000E+005    1.1523900000000E+005    5.5089800000000E+005    7.1596000000000E+004    7.3773300000000E+005
     128    1.1789000000000E+004    2.4669100000000E+005    1.0552600000000E+005    5.6383900000000E+005    7.2155000000000E+004    7.4152000000000E+005
     129    1.0799000000000E+004    2.4440800000000E+005    9.6404000000000E+004    5.7574600000000E+005    7.2643000000000E+004    7.4479300000000E+005
     130    9.7680000000000E+003    2.4228000000000E+005    8.7961000000000E+004    5.8688200000000E+005    7.3109000000000E+004    7.4795200000000E+005
     131    8.9020000000000E+003    2.4037400000000E+005    8.0101000000000E+004    5.9709900000000E+005    7.3524000000000E+004    7.5072400000000E+005
     132    7.9340000000000E+003    2.3875700000000E+005    7.2692000000000E+004    6.0671100000000E+005    7.3906000000000E+004    7.5330900000000E+005
     133    7.1710000000000E+003    2.3723700000000E+005    6.5982000000000E+004    6.1538100000000E+005    7.4229000000000E+004    7.5559200000000E+005
     134    6.3340000000000E+003    2.3594600000000E+005    5.9794000000000E+004    6.2343000000000E+005    7.4496000000000E+004    7.5772000000000E+005
     135    5.5800000000000E+003    2.3479400000000E+005    5.4202000000000E+004    6.3068900000000E+005    7.4735000000000E+004    7.5962600000000E+005
     136    5.0150000000000E+003    2.3374200000000E+005    4.8961000000000E+004    6.3729900000000E+005    7.4983000000000E+004    7.6124300000000E+005
     137    4.4520000000000E+003    2.3278500000000E+005    4.4209000000000E+004    6.4336200000000E+005    7.5192000000000E+004    7.6276300000000E+005
     138    4.0540000000000E+003    2.3189200000000E+005    3.9908000000000E+004    6.4874100000000E+005    7.5405000000000E+004    7.6405400000000E+005
     139    3.6790000000000E+003    2.3111500000000E+005    3.6132000000000E+004    6.5348100000000E+005    7.5593000000000E+004    7.6520600000000E+005
     140    3.3150000000000E+003    2.3042700000000E+005    3.2629000000000E+004    6.5784900000000E+005    7.5780000000000E+004    7.6625800000000E+005
     141    2.9940000000000E+003    2.2979100000000E+005    2.9482000000000E+004    6.6182400000000E+005    7.5909000000000E+004    7.6721500000000E+005
     142    2.6710000000000E+003    2.2922100000000E+005    2.6588000000000E+004    6.6549300000000E+005    7.6027000000000E+004    7.6810800000000E+005
     143    2.3870000000000E+003    2.2872800000000E+005    2.4092000000000E+004    6.6864800000000E+005    7.6145000000000E+004    7.6888500000000E+005
     144    2.1350000000000E+003    2.2829200000000E+005    2.1621000000000E+004    6.7170500000000E+005    7.6247000000000E+004    7.6957300000000E+005
     145    1.9120000000000E+003    2.2787900000000E+005    1.9485000000000E+004    6.7438000000000E+005    7.6344000000000E+004    7.7020900000000E+005
     146    1.7500000000000E+003    2.2747100000000E+005    1.7470000000000E+004    6.7687100000000E+005    7.6438000000000E+004    7.7077900000000E+005
     147    1.6090000000000E+003    2.2711900000000E+005    1.5680000000000E+004    6.7907900000000E+005    7.6513000000000E+004    7.7127200000000E+005
     148    1.4650000000000E+003    2.2682700000000E+005    1.3988000000000E+004    6.8113400000000E+005    7.6586000000000E+004    7.7170800000000E+005
     149    1.3350000000000E+003    2.2654400000000E+005    1.2495000000000E+004    6.8296600000000E+005    7.6660000000000E+004    7.7212100000000E+005
     150    1.1850000000000E+003    2.2628600000000E+005    1.1286000000000E+004    6.8452400000000E+005    7.6719000000000E+004    7.7252900000000E+005
     151    1.0430000000000E+003    2.2607600000000E+005    1.0118000000000E+004    6.8599800000000E+005    7.6765000000000E+004    7.7288100000000E+005
     152    9.4600000000000E+002    2.2588100000000E+005    9.1190000000000E+003    6.8724700000000E+005    7.6807000000000E+004    7.7317300000000E+005
     153    8.5200000000000E+002    2.2569200000000E+005    8.2500000000000E+003    6.8835500000000E+005    7.6851000000000E+004    7.7345600000000E+005
     154    7.4700000000000E+002    2.2553900000000E+005    7.4560000000000E+003    6.8936000000000E+005    7.6898000000000E+004    7.7371400000000E+005
     155    6.7900000000000E+002    2.2539700000000E+005    6.7090000000000E+003    6.9028700000000E+005    7.6928000000000E+004    7.7392400000000E+005
     156    6.0700000000000E+002    2.2527400000000E+005    6.0110000000000E+003    6.9115500000000E+005    7.6953000000000E+004    7.7411900000000E+005
     157    5.3300000000000E+002    2.2515900000000E+005    5.4230000000000E+003    6.9190500000000E+005    7.6980000000000E+004    7.7430800000000E+005
     158    4.9300000000000E+002    2.2504600000000E+005    4.8880000000000E+003    6.9257000000000E+005    7.7003000000000E+004    7.7446100000000E+005
     159    4.6800000000000E+002    2.2492900000000E+005    4.3940000000000E+003    6.9318000000000E+005    7.7029000000000E+004    7.7460300000000E+005
     160    4.3700000000000E+002    2.2483700000000E+005    3.9470000000000E+003    6.9372500000000E+005    7.7054000000000E+004    7.7472600000000E+005
     161    4.0100000000000E+002    2.2475800000000E+005    3.5690000000000E+003    6.9420200000000E+005    7.7070000000000E+004    7.7484100000000E+005
     162    3.5100000000000E+002    2.2469500000000E+005    3.2460000000000E+003    6.9462700000000E+005    7.7081000000000E+004    7.7495400000000E+005
     163    2.9700000000000E+002    2.2463200000000E+005    2.9500000000000E+003    6.9502700000000E+005    7.7094000000000E+004    7.7507100000000E+005
     164    2.6000000000000E+002    2.2457700000000E+005    2.6340000000000E+003    6.9542300000000E+005    7.7106000000000E+004    7.7516300000000E+005
     165    2.2300000000000E+002    2.2453500000000E+005    2.3610000000000E+003    6.9576400000000E+005    7.7117000000000E+004    7.7524200000000E+005
     166    2.1400000000000E+002    2.2448100000000E+005    2.1320000000000E+003    6.9604200000000E+005    7.7131000000000E+004    7.7530500000000E+005
     167    1.9400000000000E+002    2.2443800000000E+005    1.9120000000000E+003    6.9631200000000E+005    7.7144000000000E+004    7.7536800000000E+005
     168    1.8200000000000E+002    2.2439500000000E+005    1.7090000000000E+003    6.9656300000000E+005    7.7151000000000E+004    7.7542300000000E+005
     169    1.8800000000000E+002    2.2434700000000E+005    1.5410000000000E+003    6.9676300000000E+005    7.7161000000000E+004    7.7546500000000E+005
     170    1.6600000000000E+002    2.2431500000000E+005    1.4000000000000E+003    6.9695100000000E+005    7.7168000000000E+004    7.7551900000000E+005
     171    1.5400000000000E+002    2.2428400000000E+005    1.2540000000000E+003    6.9713700000000E+005    7.7171000000000E+004    7.7556200000000E+005
     172    1.3600000000000E+002    2.2425900000000E+005    1.1440000000000E+003    6.9728200000000E+005    7.7179000000000E+004    7.7560500000000E+005
     173    1.2000000000000E+002    2.2422700000000E+005    1.0500000000000E+003    6.9741800000000E+005    7.7185000000000E+004    7.7565300000000E+005
     174    1.0400000000000E+002    2.2421100000000E+005    9.5900000000000E+002    6.9753700000000E+005    7.7189000000000E+004    7.7568500000000E+005
     175    9.5000000000000E+001    2.2418900000000E+005    8.7500000000000E+002    6.9765100000000E+005    7.7190000000000E+004    7.7571600000000E+005
     176    8.4000000000000E+001    2.2417500000000E+005    7.8700000000000E+002    6.9776000000000E+005    7.7194000000000E+004    7.7574100000000E+005
     177    6.9000000000000E+001    2.2415800000000E+005    7.0200000000000E+002    6.9787100000000E+005    7.7200000000000E+004    7.7577300000000E+005
     178    6.4000000000000E+001    2.2414700000000E+005    6.2600000000000E+002    6.9796100000000E+005    7.7202000000000E+004    7.7578900000000E+005
     179    4.8000000000000E+001    2.2414100000000E+005    5.6900000000000E+002    6.9803600000000E+005    7.7206000000000E+004    7.7581100000000E+005
     180    4.3000000000000E+001    2.2413200000000E+005    5.2000000000000E+002    6.9809600000000E+005    7.7209000000000E+004    7.7582500000000E+005
     181    3.5000000000000E+001    2.2412300000000E+005    4.7400000000000E+002    6.9815600000000E+005    7.7212000000000E+004    7.7584200000000E+005
     182    3.0000000000000E+001    2.2411700000000E+005    4.3000000000000E+002    6.9821100000000E+005    7.7212000000000E+004    7.7585300000000E+005
     183    4.0000000000000E+001    2.2410100000000E+005    3.9400000000000E+002    6.9825000000000E+005    7.7215000000000E+004    7.7585900000000E+005
     184    4.1000000000000E+001    2.2409100000000E+005    3.4900000000000E+002    6.9830200000000E+005    7.7217000000000E+004    7.7586800000000E+005
     185    3.5000000000000E+001    2.2408800000000E+005    3.1500000000000E+002    6.9834500000000E+005    7.7217000000000E+004    7.7587700000000E+005
     186    3.5000000000000E+001    2.2408200000000E+005    2.7800000000000E+002    6.9838700000000E+005    7.7218000000000E+004    7.7588300000000E+005
     187    3.0000000000000E+001    2.2407100000000E+005    2.4600000000000E+002    6.9843500000000E+005    7.7218000000000E+004    7.7589900000000E+005
     188    2.9000000000000E+001    2.2406200000000E+005    2.2400000000000E+002    6.9846700000000E+005    7.7218000000000E+004    7.7590900000000E+005
     189    2.6000000000000E+001    2.2406200000000E+005    1.9600000000000E+002    6.9849800000000E+005    7.7218000000000E+004    7.7591200000000E+005
     190    2.5000000000000E+001    2.2405700000000E+005    1.7700000000000E+002    6.9852300000000E+005    7.7218000000000E+004    7.7591800000000E+005
     191    1.8000000000000E+001    2.2405300000000E+005    1.5600000000000E+002    6.9855400000000E+005    7.7219000000000E+004    7.7592900000000E+005
     192    9.0000000000000E+000    2.2405300000000E+005    1.4900000000000E+002    6.9857000000000E+005    7.7219000000000E+004    7.7593800000000E+005
     193    9.0000000000000E+000    2.2405300000000E+005    1.2700000000000E+002    6.9859200000000E+005    7.7219000000000E+004    7.7593800000000E+005
     194    5.0000000000000E+000    2.2405200000000E+005    1.1800000000000E+002    6.9860500000000E+005    7.7220000000000E+004    7.7594300000000E+005
     195    3.0000000000000E+000    2.2405000000000E+005    1.0500000000000E+002    6.9862000000000E+005    7.7222000000000E+004    7.7594700000000E+005
     196    4.0000000000000E+000    2.2404900000000E+005    9.4000000000000E+001    6.9862900000000E+005    7.7224000000000E+004    7.7594700000000E+005
     197    5.0000000000000E+000    2.2404800000000E+005    8.8000000000000E+001    6.9863500000000E+005    7.7224000000000E+004    7.7594700000000E+005
     198    7.0000000000000E+000    2.2404500000000E+005    8.0000000000000E+001    6.9864300000000E+005    7.7225000000000E+004    7.7594800000000E+005
     199    6.0000000000000E+000    2.2404400000000E+005    7.3000000000000E+001    6.9865200000000E+005    7.7225000000000E+004    7.7595000000000E+005
     200    7.0000000000000E+000    2.2404200000000E+005    6.8000000000000E+001    6.9865800000000E+005    7.7225000000000E+004    7.7595100000000E+005
     201    1.0000000000000E+001    2.2403800000000E+005    5.3000000000000E+001    6.9867400000000E+005    7.7225000000000E+004    7.7595200000000E+005
     202    9.0000000000000E+000    2.2403600000000E+005    4.6000000000000E+001    6.9868400000000E+005    7.7225000000000E+004    7.7595500000000E+005
     203    1.0000000000000E+001    2.2403400000000E+005    4.4000000000000E+001    6.9868700000000E+005    7.7225000000000E+004    7.7595600000000E+005
     204    8.0000000000000E+000    2.2403400000000E+005    4.0000000000000E+001    6.9869300000000E+005    7.7225000000000E+004    7.7595800000000E+005
     205    4.0000000000000E+000    2.2403400000000E+005    3.3000000000000E+001    6.9870400000000E+005    7.7225000000000E+004    7.7596200000000E+005
     206    2.0000000000000E+000    2.2403400000000E+005    2.6000000000000E+001    6.9871300000000E+005    7.7225000000000E+004    7.7596400000000E+005
     207    1.0000000000000E+000    2.2403300000000E+005    2.8000000000000E+001    6.9871300000000E+005    7.7225000000000E+004    7.7596600000000E+005
     208    3.0000000000000E+000    2.2403100000000E+005    2.3000000000000E+001    6.9871800000000E+005    7.7225000000000E+004    7.7596600000000E+005
     209    4.0000000000000E+000    2.2403000000000E+005    1.9000000000000E+001    6.9872100000000E+005    7.7226000000000E+004    7.7596600000000E+005
     210    5.0000000000000E+000    2.2402900000000E+005    1.9000000000000E+001    6.9872000000000E+005    7.7227000000000E+004    7.7596600000000E+005
     211    5.0000000000000E+000    2.2402800000000E+005    2.0000000000000E+001    6.9872000000000E+005    7.7227000000000E+004    7.7596700000000E+005
     212    5.0000000000000E+000    2.2402600000000E+005    2.1000000000000E+001    6.9872100000000E+005    7.7227000000000E+004    7.7596900000000E+005
     213    4.0000000000000E+000    2.2402600000000E+005    2.0000000000000E+001    6.9872300000000E+005    7.7227000000000E+004    7.7597000000000E+005
     214    4.0000000000000E+000    2.2402500000000E+005    2.0000000000000E+001    6.9872400000000E+005    7.7227000000000E+004    7.7597100000000E+005
     215    4.0000000000000E+000    2.2402400000000E+005    2.0000000000000E+001    6.9872500000000E+005    7.7227000000000E+004    7.7597200000000E+005
     216    2.0000000000000E+000    2.2402400000000E+005    1.9000000000000E+001    6.9872800000000E+005    7.7227000000000E+004    7.7597400000000E+005
     217    3.0000000000000E+000    2.2402300000000E+005    1.8000000000000E+001    6.9872900000000E+005    7.7227000000000E+004    7.7597400000000E+005
     218    3.0000000000000E+000    2.2402200000000E+005    1.7000000000000E+001    6.9873100000000E+005    7.7227000000000E+004    7.7597500000000E+005
     219    2.0000000000000E+000    2.2402200000000E+005    1.4000000000000E+001    6.9873500000000E+005    7.7227000000000E+004    7.7597600000000E+005
     220    3.0000000000000E+000    2.2402100000000E+005    1.2000000000000E+001    6.9873700000000E+005    7.7227000000000E+004    7.7597600000000E+005
     221    2.0000000000000E+000    2.2402100000000E+005    1.1000000000000E+001    6.9873900000000E+005    7.7227000000000E+004    7.7597700000000E+005
     222    1.0000000000000E+000    2.2402100000000E+005    1.2000000000000E+001    6.9873900000000E+005    7.7227000000000E+004    7.7597800000000E+005
     223    1.0000000000000E+000    2.2402100000000E+005    1.2000000000000E+001    6.9873900000000E+005    7.7227000000000E+004    7.7597800000000E+005
     224    0.0000000000000E+000    2.2402100000000E+005    1.3000000000000E+001    6.9873900000000E+005    7.7227000000000E+004    7.7597900000000E+005
     225    0.0000000000000E+000    2.2402100000000E+005    1.2000000000000E+001    6.9874000000000E+005    7.7227000000000E+004    7.7597900000000E+005
     226    0.0000000000000E+000    2.2402100000000E+005    1.0000000000000E+001    6.9874200000000E+005    7.7227000000000E+004    7.7597900000000E+005
     227    0.0000000000000E+000    2.2402100000000E+005    9.0000000000000E+000    6.9874300000000E+005    7.7227000000000E+004    7.7597900000000E+005
     228    0.0000000000000E+000    2.2402100000000E+005    8.0000000000000E+000    6.9874400000000E+005    7.7227000000000E+004    7.7597900000000E+005
     229    0.0000000000000E+000    2.2402100000000E+005    7.0000000000000E+000    6.9874500000000E+005    7.7227000000000E+004    7.7597900000000E+005
     230    0.0000000000000E+000    2.2402100000000E+005    5.0000000000000E+000    6.9874700000000E+005    7.7227000000000E+004    7.7597900000000E+005
     231    1.0000000000000E+000    2.2402000000000E+005    5.0000000000000E+000    6.9874700000000E+005    7.7227000000000E+004    7.7597900000000E+005
     232    1.0000000000000E+000    2.2402000000000E+005    4.0000000000000E+000    6.9874800000000E+005    7.7227000000000E+004    7.7597900000000E+005
     233    1.0000000000000E+000    2.2402000000000E+005    3.0000000000000E+000    6.9874900000000E+005    7.7227000000000E+004    7.7597900000000E+005
     234    1.0000000000000E+000    2.2402000000000E+005    3.0000000000000E+000    6.9874900000000E+005    7.7227000000000E+004    7.7597900000000E+005
     235    0.0000000000000E+000    2.2402000000000E+005    3.0000000000000E+000    6.9875000000000E+005    7.7227000000000E+004    7.7598000000000E+005
     236    0.0000000000000E+000    2.2402000000000E+005    2.0000000000000E+000    6.9875100000000E+005    7.7227000000000E+004    7.7598000000000E+005
     237    0.0000000000000E+000    2.2402000000000E+005    2.0000000000000E+000    6.9875100000000E+005    7.7227000000000E+004    7.7598000000000E+005
     238    0.0000000000000E+000    2.2402000000000E+005    1.0000000000000E+000    6.9875200000000E+005    7.7227000000000E+004    7.7598000000000E+005
     239    0.0000000000000E+000    2.2402000000000E+005    1.0000000000000E+000    6.9875200000000E+005    7.7227000000000E+004    7.7598000000000E+005
     240    0.0000000000000E+000    2.2402000000000E+005    1.0000000000000E+000    6.9875200000000E+005    7.7227000000000E+004    7.7598000000000E+005
     241    0.0000000000000E+000    2.2402000000000E+005    1.0000000000000E+000    6.9875200000000E+005    7.7227000000000E+004    7.7598000000000E+005
     242    0.0000000000000E+000    2.2402000000000E+005    1.0000000000000E+000    6.9875200000000E+005    7.7227000000000E+004    7.7598000000000E+005
     243    1.0000000000000E+000    2.2401900000000E+005    1.0000000000000E+000    6.9875200000000E+005    7.7227000000000E+004    7.7598000000000E+005
     244    1.0000000000000E+000    2.2401900000000E+005    1.0000000000000E+000    6.9875200000000E+005    7.7227000000000E+004    7.7598000000000E+005
     245    1.0000000000000E+000    2.2401900000000E+005    1.0000000000000E+000    6.9875200000000E+005    7.7227000000000E+004    7.7598000000000E+005
     246    1.0000000000000E+000    2.2401900000000E+005    1.0000000000000E+000    6.9875200000000E+005    7.7227000000000E+004    7.7598000000000E+005
     247    0.0000000000000E+000    2.2401900000000E+005    2.0000000000000E+000    6.9875200000000E+005    7.7227000000000E+004    7.7598100000000E+005
     248    0.0000000000000E+000    2.2401900000000E+005    2.0000000000000E+000    6.9875200000000E+005    7.7227000000000E+004    7.7598100000000E+005
     249    0.0000000000000E+000    2.2401900000000E+005    1.0000000000000E+000    6.9875300000000E+005    7.7227000000000E+004    7.7598100000000E+005
     250    0.0000000000000E+000    2.2401900000000E+005    1.0000000000000E+000    6.9875300000000E+005    7.7227000000000E+004    7.7598100000000E+005
     251    0.0000000000000E+000    2.2401900000000E+005    1.0000000000000E+000    6.9875300000000E+005    7.7227000000000E+004    7.7598100000000E+005
     252    0.0000000000000E+000    2.2401900000000E+005    1.0000000000000E+000    6.9875300000000E+005    7.7227000000000E+004    7.7598100000000E+005
     253    0.0000000000000E+000    2.2401900000000E+005    1.0000000000000E+000    6.9875300000000E+005    7.7227000000000E+004    7.7598100000000E+005
     254    0.0000000000000E+000    2.2401900000000E+005    1.0000000000000E+000    6.9875300000000E+005    7.7227000000000E+004    7.7598100000000E+005
     255    0.0000000000000E+000    2.2401900000000E+005    1.0000000000000E+000    6.9875300000000E+005    7.7227000000000E+004    7.7598100000000E+005
     256    0.0000000000000E+000    2.2401900000000E+005    1.0000000000000E+000    6.9875300000000E+005    7.7227000000000E+004    7.7598100000000E+005
     257    0.0000000000000E+000    2.2401900000000E+005    1.0000000000000E+000    6.9875300000000E+005    7.7227000000000E+004    7.7598100000000E+005
     258    0.0000000000000E+000    2.2401900000000E+005    1.0000000000000E+000    6.9875300000000E+005    7.7227000000000E+004    7.7598100000000E+005
     259    0.0000000000000E+000    2.2401900000000E+005    1.0000000000000E+000    6.9875300000000E+005    7.7227000000000E+004    7.7598100000000E+005
     260    0.0000000000000E+000    2.2401900000000E+005    1.0000000000000E+000    6.9875300000000E+005    7.7227000000000E+004    7.7598100000000E+005
     261    0.0000000000000E+000    2.2401900000000E+005    0.0000000000000E+000    6.9875400000000E+005    7.7227000000000E+004    7.7598100000000E+005
     262    0.0000000000000E+000    2.2401900000000E+005    0.0000000000000E+000    6.9875400000000E+005    7.7227000000000E+004    7.7598100000000E+005
     263    0.0000000000000E+000    2.2401900000000E+005    0.0000000000000E+000    6.9875400000000E+005    7.7227000000000E+004    7.7598100000000E+005
     264    0.0000000000000E+000    2.2401900000000E+005    0.0000000000000E+000    6.9875400000000E+005    7.7227000000000E+004    7.7598100000000E+005
