       2    1.0000000000000E+000    1.0000000000000E+000    1.0000000000000E+000
       3    1.0000000000000E+000    1.0000000000000E+000    1.0000000000000E+000
       4    1.0000000000000E+000    1.0000000000000E+000    1.0000000000000E+000
       5    1.0000000000000E+000    1.0000000000000E+000    1.0000000000000E+000
       6    1.0000000000000E+000    1.0000000000000E+000    1.0000000000000E+000
       7    9.9999549989773E-001    1.0000000000000E+000    9.9999549989773E-001
       8    9.9999549989773E-001    1.0000000000000E+000    9.9999549989773E-001
       9    9.9999099979546E-001    1.0000000000000E+000    9.9999099979546E-001
      10    9.9997524943752E-001    1.0000000000000E+000    9.9997524943752E-001
      11    9.9996849928412E-001    1.0000000000000E+000    9.9996849928412E-001
      12    9.9996174913073E-001    1.0000000000000E+000    9.9996174913073E-001
      13    9.9995499897735E-001    1.0000000000000E+000    9.9995499897735E-001
      14    9.9994149867060E-001    1.0000000000000E+000    9.9994149867060E-001
      15    9.9991899815942E-001    1.0000000000000E+000    9.9991899815942E-001
      16    9.9990099775055E-001    1.0000000000000E+000    9.9990099775055E-001
      17    9.9988074729068E-001    1.0000000000000E+000    9.9988074729068E-001
      18    9.9985374667769E-001    1.0000000000000E+000    9.9985374667769E-001
      19    9.9983349621812E-001    1.0000000000000E+000    9.9983349621812E-001
      20    9.9980424555457E-001    1.0000000000000E+000    9.9980424555457E-001
      21    9.9977949499340E-001    1.0000000000000E+000    9.9977949499340E-001
      22    9.9974799427963E-001    1.0000000000000E+000    9.9974799427963E-001
      23    9.9969624310824E-001    1.0000000000000E+000    9.9969624310824E-001
      24    9.9966249234524E-001    1.0000000000000E+000    9.9966249234524E-001
      25    9.9961974137997E-001    1.0000000000000E+000    9.9961974137997E-001
      26    9.9956799021352E-001    1.0000000000000E+000    9.9956799021352E-001
      27    9.9949373854433E-001    1.0000000000000E+000    9.9949373854433E-001
      28    9.9941048667992E-001    1.0000000000000E+000    9.9941048667992E-001
      29    9.9930923442418E-001    1.0000000000000E+000    9.9930923442418E-001
      30    9.9919448188583E-001    1.0000000000000E+000    9.9919448188583E-001
      31    9.9907747932063E-001    1.0000000000000E+000    9.9907747932063E-001
      32    9.9894022634534E-001    1.0000000000000E+000    9.9894022634534E-001
      33    9.9879847331624E-001    1.0000000000000E+000    9.9879847331624E-001
      34    9.9860046917041E-001    1.0000000000000E+000    9.9860046917041E-001
      35    9.9840921527375E-001    1.0000000000000E+000    9.9840921527375E-001
      36    9.9815946036866E-001    1.0000000000000E+000    9.9815946036866E-001
      37    9.9790295557813E-001    1.0000000000000E+000    9.9790295557813E-001
      38    9.9758119997543E-001    1.0000000000000E+000    9.9758119997543E-001
      39    9.9726844502313E-001    1.0000000000000E+000    9.9726844502313E-001
      40    9.9690618997822E-001    1.0000000000000E+000    9.9690618997822E-001
      41    9.9649893530781E-001    1.0000000000000E+000    9.9649893530781E-001
      42    9.9597243105716E-001    1.0000000000000E+000    9.9597243105716E-001
      43    9.9549092916798E-001    1.0000000000000E+000    9.9549092916798E-001
      44    9.9482718012543E-001    1.0000000000000E+000    9.9482718012543E-001
      45    9.9408018681879E-001    1.0000000000000E+000    9.9408018681879E-001
      46    9.9327245169633E-001    1.0000000000000E+000    9.9327245169633E-001
      47    9.9220373537060E-001    1.0000000000000E+000    9.9220373537060E-001
      48    9.9107654068395E-001    1.0000000000000E+000    9.9107654068395E-001
      49    9.8989762340100E-001    1.0000000000000E+000    9.8989762340100E-001
      50    9.8843751602765E-001    1.0000000000000E+000    9.8843751602765E-001
      51    9.8686497620127E-001    1.0000000000000E+000    9.8686497620127E-001
      52    9.8504730240263E-001    1.0000000000000E+000    9.8504730240263E-001
      53    9.8290356786779E-001    1.0000000000000E+000    9.8290356786779E-001
      54    9.8057780940652E-001    1.0000000000000E+000    9.8057780940652E-001
      55    9.7766529397428E-001    1.0000000000000E+000    9.7766529397428E-001
      56    9.7462049959575E-001    1.0000000000000E+000    9.7462049959575E-001
      57    9.7114678641021E-001    1.0000000000000E+000    9.7114678641021E-001
      58    9.6708041706446E-001    1.0000000000000E+000    9.6708041706446E-001
      59    9.6254556490844E-001    1.0000000000000E+000    9.6254556490844E-001
      60    9.5728685193897E-001    1.0000000000000E+000    9.5728685193897E-001
      61    9.5121124822816E-001    1.0000000000000E+000    9.5121124822816E-001
      62    9.4448211319326E-001    1.0000000000000E+000    9.4448211319326E-001
      63    9.3687739943856E-001    1.0000000000000E+000    9.3687739943856E-001
      64    9.2821468722894E-001    1.0000000000000E+000    9.2821468722894E-001
      65    9.1854385433250E-001    1.0000000000000E+000    9.1854385433250E-001
      66    9.0744540056487E-001    1.0000000000000E+000    9.0744540056487E-001
      67    8.9538907846440E-001    1.0000000000000E+000    8.9538907846440E-001
      68    8.8126781840820E-001    1.0000000000000E+000    8.8126781840820E-001
      69    8.6533103786599E-001    1.0000000000000E+000    8.6533103786599E-001
      70    8.4767198954345E-001    1.0000000000000E+000    8.4767198954345E-001
      71    8.2793966942209E-001    1.0000000000000E+000    8.2793966942209E-001
      72    8.0616310017059E-001    1.0000000000000E+000    8.0616310017059E-001
      73    7.8151898193516E-001    1.0000000000000E+000    7.8151898193516E-001
      74    7.5543783820469E-001    1.0000000000000E+000    7.5543783820469E-001
      75    7.2682346755788E-001    1.0000000000000E+000    7.2682346755788E-001
      76    6.9543997368030E-001    1.0000000000000E+000    6.9543997368030E-001
      77    6.6133448189418E-001    1.0000000000000E+000    6.6133448189418E-001
      78    6.2550019713425E-001    1.0000000000000E+000    6.2550019713425E-001
      79    5.8830872543759E-001    1.0000000000000E+000    5.8830872543759E-001
      80    5.4904068314187E-001    1.0000000000000E+000    5.4904068314187E-001
      81    5.0960313832023E-001    1.0000000000000E+000    5.0960313832023E-001
      82    4.6915802612726E-001    1.0000000000000E+000    4.6915802612726E-001
      83    4.2975089565517E-001    1.0000000000000E+000    4.2975089565517E-001
      84    3.9069205119117E-001    1.0000000000000E+000    3.9069205119117E-001
      85    3.5384754786669E-001    1.0000000000000E+000    3.5384754786669E-001
      86    3.1919907358387E-001    1.0000000000000E+000    3.1919907358387E-001
      87    2.8736323821415E-001    1.0000000000000E+000    2.8736323821415E-001
      88    2.5816516798698E-001    1.0000000000000E+000    2.5816516798698E-001
      89    2.3186623777771E-001    1.0000000000000E+000    2.3186623777771E-001
      90    2.0882526628236E-001    1.0000000000000E+000    2.0882526628236E-001
      91    1.8871825504588E-001    1.0000000000000E+000    1.8871825504588E-001
      92    1.7129455815514E-001    1.0000000000000E+000    1.7129455815514E-001
      93    1.5628360958123E-001    1.0000000000000E+000    1.5628360958123E-001
      94    1.4335431253860E-001    1.0000000000000E+000    1.4335431253860E-001
      95    1.3224167882817E-001    1.0000000000000E+000    1.3224167882817E-001
      96    1.2281579518225E-001    1.0000000000000E+000    1.2281579518225E-001
      97    1.1473459411056E-001    1.0000000000000E+000    1.1473459411056E-001
      98    1.0768051970050E-001    1.0000000000000E+000    1.0768051970050E-001
      99    1.0152581195636E-001    1.0000000000000E+000    1.0152581195636E-001
     100    9.6313149703207E-002    1.0000000000000E+000    9.6313149703207E-002
     101    9.1807029069978E-002    1.0000000000000E+000    9.1807029069978E-002
     102    8.7818924269375E-002    1.0000000000000E+000    8.7818924269375E-002
     103    8.4429093708456E-002    1.0000000000000E+000    8.4429093708456E-002
     104    8.1427602467139E-002    1.0000000000000E+000    8.1427602467139E-002
     105    7.8813406087815E-002    1.0000000000000E+000    7.8813406087815E-002
     106    7.6524657194559E-002    1.0000000000000E+000    7.6524657194559E-002
     107    7.4554846004020E-002    1.0000000000000E+000    7.4554846004020E-002
     108    7.2821751553022E-002    1.0000000000000E+000    7.2821751553022E-002
     109    7.1281719681643E-002    1.0000000000000E+000    7.1281719681643E-002
     110    6.9910162325972E-002    1.0000000000000E+000    6.9910162325972E-002
     111    6.8702595129941E-002    1.0000000000000E+000    6.8702595129941E-002
     112    6.7628405088105E-002    1.0000000000000E+000    6.7628405088105E-002
     113    6.6691069256530E-002    1.0000000000000E+000    6.6691069256530E-002
     114    6.5882465298402E-002    1.0000000000000E+000    6.5882465298402E-002
     115    6.5172519874686E-002    1.0000000000000E+000    6.5172519874686E-002
     116    6.4549166165360E-002    1.0000000000000E+000    6.4549166165360E-002
     117    6.3988249527840E-002    1.0000000000000E+000    6.3988249527840E-002
     118    6.3501043736148E-002    1.0000000000000E+000    6.3501043736148E-002
     119    6.3051428259717E-002    1.0000000000000E+000    6.3051428259717E-002
     120    6.2659516116266E-002    1.0000000000000E+000    6.2659516116266E-002
     121    6.2323419214204E-002    1.0000000000000E+000    6.2323419214204E-002
     122    6.2022325528163E-002    1.0000000000000E+000    6.2022325528163E-002
     123    6.1740322007641E-002    1.0000000000000E+000    6.1740322007641E-002
     124    6.1499691508182E-002    1.0000000000000E+000    6.1499691508182E-002
     125    6.1293298222771E-002    1.0000000000000E+000    6.1293298222771E-002
     126    6.1097891309204E-002    1.0000000000000E+000    6.1097891309204E-002
     127    6.0939064818665E-002    1.0000000000000E+000    6.0939064818665E-002
     128    6.0791740358745E-002    1.0000000000000E+000    6.0791740358745E-002
     129    6.0654028557611E-002    1.0000000000000E+000    6.0654028557611E-002
     130    6.0534584484814E-002    1.0000000000000E+000    6.0534584484814E-002
     131    6.0430826502921E-002    1.0000000000000E+000    6.0430826502921E-002
     132    6.0333072919309E-002    1.0000000000000E+000    6.0333072919309E-002
     133    6.0255537268462E-002    1.0000000000000E+000    6.0255537268462E-002
     134    6.0178117951729E-002    1.0000000000000E+000    6.0178117951729E-002
     135    6.0115244795286E-002    1.0000000000000E+000    6.0115244795286E-002
     136    6.0058214459220E-002    1.0000000000000E+000    6.0058214459220E-002
     137    6.0004127429508E-002    1.0000000000000E+000    6.0004127429508E-002
     138    5.9957401350365E-002    1.0000000000000E+000    5.9957401350365E-002
     139    5.9915583298565E-002    1.0000000000000E+000    5.9915583298565E-002
     140    5.9877114288500E-002    1.0000000000000E+000    5.9877114288500E-002
     141    5.9842649386494E-002    1.0000000000000E+000    5.9842649386494E-002
     142    5.9815491495515E-002    1.0000000000000E+000    5.9815491495515E-002
     143    5.9790774898905E-002    1.0000000000000E+000    5.9790774898905E-002
     144    5.9767172881001E-002    1.0000000000000E+000    5.9767172881001E-002
     145    5.9747329156205E-002    1.0000000000000E+000    5.9747329156205E-002
     146    5.9732120854362E-002    1.0000000000000E+000    5.9732120854362E-002
     147    5.9716917082114E-002    1.0000000000000E+000    5.9716917082114E-002
     148    5.9702378580733E-002    1.0000000000000E+000    5.9702378580733E-002
     149    5.9686963484180E-002    1.0000000000000E+000    5.9686963484180E-002
     150    5.9670012257840E-002    1.0000000000000E+000    5.9670012257840E-002
     151    5.9660548440475E-002    1.0000000000000E+000    5.9660548440475E-002
     152    5.9653946817612E-002    1.0000000000000E+000    5.9653946817612E-002
     153    5.9645365986124E-002    1.0000000000000E+000    5.9645365986124E-002
     154    5.9640526154454E-002    1.0000000000000E+000    5.9640526154454E-002
     155    5.9634367033534E-002    1.0000000000000E+000    5.9634367033534E-002
     156    5.9629748181455E-002    1.0000000000000E+000    5.9629748181455E-002
     157    5.9622270927846E-002    1.0000000000000E+000    5.9622270927846E-002
     158    5.9615674262617E-002    1.0000000000000E+000    5.9615674262617E-002
     159    5.9611716673603E-002    1.0000000000000E+000    5.9611716673603E-002
     160    5.9608199074905E-002    1.0000000000000E+000    5.9608199074905E-002
     161    5.9604901546817E-002    1.0000000000000E+000    5.9604901546817E-002
     162    5.9602923132473E-002    1.0000000000000E+000    5.9602923132473E-002
     163    5.9599186337355E-002    1.0000000000000E+000    5.9599186337355E-002
     164    5.9596548764761E-002    1.0000000000000E+000    5.9596548764761E-002
     165    5.9595010243857E-002    1.0000000000000E+000    5.9595010243857E-002
     166    5.9593032213878E-002    1.0000000000000E+000    5.9593032213878E-002
     167    5.9591054260764E-002    1.0000000000000E+000    5.9591054260764E-002
     168    5.9589515905925E-002    1.0000000000000E+000    5.9589515905925E-002
     169    5.9588197353069E-002    1.0000000000000E+000    5.9588197353069E-002
     170    5.9586439335731E-002    1.0000000000000E+000    5.9586439335731E-002
     171    5.9584461638811E-002    1.0000000000000E+000    5.9584461638811E-002
     172    5.9583362951508E-002    1.0000000000000E+000    5.9583362951508E-002
     173    5.9582264287924E-002    1.0000000000000E+000    5.9582264287924E-002
     174    5.9581605101159E-002    1.0000000000000E+000    5.9581605101159E-002
     175    5.9580945922932E-002    1.0000000000000E+000    5.9580945922932E-002
     176    5.9580506475525E-002    1.0000000000000E+000    5.9580506475525E-002
     177    5.9580067031912E-002    1.0000000000000E+000    5.9580067031912E-002
     178    5.9579627592095E-002    1.0000000000000E+000    5.9579627592095E-002
     179    5.9578309295410E-002    1.0000000000000E+000    5.9578309295410E-002
     180    5.9578089582617E-002    1.0000000000000E+000    5.9578089582617E-002
     181    5.9577210740929E-002    1.0000000000000E+000    5.9577210740929E-002
     182    5.9576991032879E-002    1.0000000000000E+000    5.9576991032879E-002
     183    5.9576551619624E-002    1.0000000000000E+000    5.9576551619624E-002
     184    5.9576551619624E-002    1.0000000000000E+000    5.9576551619624E-002
     185    5.9576331914420E-002    1.0000000000000E+000    5.9576331914420E-002
     186    5.9576112210165E-002    1.0000000000000E+000    5.9576112210165E-002
     187    5.9575892506858E-002    1.0000000000000E+000    5.9575892506858E-002
     188    5.9575892506858E-002    1.0000000000000E+000    5.9575892506858E-002
     189    5.9575453103090E-002    1.0000000000000E+000    5.9575453103090E-002
     190    5.9575013703116E-002    1.0000000000000E+000    5.9575013703116E-002
     191    5.9574794004552E-002    1.0000000000000E+000    5.9574794004552E-002
     192    5.9574794004552E-002    1.0000000000000E+000    5.9574794004552E-002
     193    5.9574794004552E-002    1.0000000000000E+000    5.9574794004552E-002
     194    5.9574794004552E-002    1.0000000000000E+000    5.9574794004552E-002
     195    5.9574794004552E-002    1.0000000000000E+000    5.9574794004552E-002
     196    5.9574574306937E-002    1.0000000000000E+000    5.9574574306937E-002
     197    5.9574574306937E-002    1.0000000000000E+000    5.9574574306937E-002
     198    5.9574574306937E-002    1.0000000000000E+000    5.9574574306937E-002
     199    5.9574574306937E-002    1.0000000000000E+000    5.9574574306937E-002
     200    5.9574574306937E-002    1.0000000000000E+000    5.9574574306937E-002
     201    5.9574574306937E-002    1.0000000000000E+000    5.9574574306937E-002
     202    5.9574574306937E-002    1.0000000000000E+000    5.9574574306937E-002
     203    5.9574354610271E-002    1.0000000000000E+000    5.9574354610271E-002
     204    5.9574354610271E-002    1.0000000000000E+000    5.9574354610271E-002
     205    5.9574354610271E-002    1.0000000000000E+000    5.9574354610271E-002
     206    5.9574354610271E-002    1.0000000000000E+000    5.9574354610271E-002
     207    5.9574354610271E-002    1.0000000000000E+000    5.9574354610271E-002
     208    5.9574354610271E-002    1.0000000000000E+000    5.9574354610271E-002
     209    5.9574354610271E-002    1.0000000000000E+000    5.9574354610271E-002
     210    5.9574354610271E-002    1.0000000000000E+000    5.9574354610271E-002
     211    5.9574354610271E-002    1.0000000000000E+000    5.9574354610271E-002
     212    5.9574354610271E-002    1.0000000000000E+000    5.9574354610271E-002
     213    5.9574354610271E-002    1.0000000000000E+000    5.9574354610271E-002
     214    5.9574354610271E-002    1.0000000000000E+000    5.9574354610271E-002
     215    5.9574354610271E-002    1.0000000000000E+000    5.9574354610271E-002
     216    5.9574134914553E-002    1.0000000000000E+000    5.9574134914553E-002
     217    5.9574134914553E-002    1.0000000000000E+000    5.9574134914553E-002
     218    5.9574134914553E-002    1.0000000000000E+000    5.9574134914553E-002
     219    5.9574134914553E-002    1.0000000000000E+000    5.9574134914553E-002
     220    5.9574134914553E-002    1.0000000000000E+000    5.9574134914553E-002
     221    5.9574134914553E-002    1.0000000000000E+000    5.9574134914553E-002
     222    5.9574134914553E-002    1.0000000000000E+000    5.9574134914553E-002
     223    5.9574134914553E-002    1.0000000000000E+000    5.9574134914553E-002
     224    5.9574134914553E-002    1.0000000000000E+000    5.9574134914553E-002
     225    5.9574134914553E-002    1.0000000000000E+000    5.9574134914553E-002
     226    5.9574134914553E-002    1.0000000000000E+000    5.9574134914553E-002
     227    5.9574134914553E-002    1.0000000000000E+000    5.9574134914553E-002
     228    5.9574134914553E-002    1.0000000000000E+000    5.9574134914553E-002
     229    5.9574134914553E-002    1.0000000000000E+000    5.9574134914553E-002
     230    5.9574134914553E-002    1.0000000000000E+000    5.9574134914553E-002
     231    5.9574134914553E-002    1.0000000000000E+000    5.9574134914553E-002
     232    5.9574134914553E-002    1.0000000000000E+000    5.9574134914553E-002
     233    5.9574134914553E-002    1.0000000000000E+000    5.9574134914553E-002
     234    5.9574134914553E-002    1.0000000000000E+000    5.9574134914553E-002
     235    5.9574134914553E-002    1.0000000000000E+000    5.9574134914553E-002
     236    5.9574134914553E-002    1.0000000000000E+000    5.9574134914553E-002
     237    5.9574134914553E-002    1.0000000000000E+000    5.9574134914553E-002
     238    5.9574134914553E-002    1.0000000000000E+000    5.9574134914553E-002
     239    5.9574134914553E-002    1.0000000000000E+000    5.9574134914553E-002
     240    5.9574134914553E-002    1.0000000000000E+000    5.9574134914553E-002
     241    5.9574134914553E-002    1.0000000000000E+000    5.9574134914553E-002
     242    5.9574134914553E-002    1.0000000000000E+000    5.9574134914553E-002
     243    5.9574134914553E-002    1.0000000000000E+000    5.9574134914553E-002
     244    5.9574134914553E-002    1.0000000000000E+000    5.9574134914553E-002
     245    5.9574134914553E-002    1.0000000000000E+000    5.9574134914553E-002
     246    5.9574134914553E-002    1.0000000000000E+000    5.9574134914553E-002
     247    5.9574134914553E-002    1.0000000000000E+000    5.9574134914553E-002
     248    5.9574134914553E-002    1.0000000000000E+000    5.9574134914553E-002
     249    5.9574134914553E-002    1.0000000000000E+000    5.9574134914553E-002
     250    5.9574134914553E-002    1.0000000000000E+000    5.9574134914553E-002
     251    5.9574134914553E-002    1.0000000000000E+000    5.9574134914553E-002
     252    5.9574134914553E-002    1.0000000000000E+000    5.9574134914553E-002
     253    5.9574134914553E-002    1.0000000000000E+000    5.9574134914553E-002
     254    5.9574134914553E-002    1.0000000000000E+000    5.9574134914553E-002
     255    5.9574134914553E-002    1.0000000000000E+000    5.9574134914553E-002
     256    5.9574134914553E-002    1.0000000000000E+000    5.9574134914553E-002
     257    5.9574134914553E-002    1.0000000000000E+000    5.9574134914553E-002
     258    5.9574134914553E-002    1.0000000000000E+000    5.9574134914553E-002
     259    5.9574134914553E-002    1.0000000000000E+000    5.9574134914553E-002
     260    5.9574134914553E-002    1.0000000000000E+000    5.9574134914553E-002
     261    5.9574134914553E-002    1.0000000000000E+000    5.9574134914553E-002
     262    5.9574134914553E-002    1.0000000000000E+000    5.9574134914553E-002
     263    5.9574134914553E-002    1.0000000000000E+000    5.9574134914553E-002
     264    5.9574134914553E-002    1.0000000000000E+000    5.9574134914553E-002
     265    5.9574134914553E-002    1.0000000000000E+000    5.9574134914553E-002
     266    5.9574134914553E-002    1.0000000000000E+000    5.9574134914553E-002
     267    5.9574134914553E-002    1.0000000000000E+000    5.9574134914553E-002
     268    5.9574134914553E-002    1.0000000000000E+000    5.9574134914553E-002
     269    5.9574134914553E-002    1.0000000000000E+000    5.9574134914553E-002
     270    5.9574134914553E-002    1.0000000000000E+000    5.9574134914553E-002
     271    5.9574134914553E-002    1.0000000000000E+000    5.9574134914553E-002
     272    5.9574134914553E-002    1.0000000000000E+000    5.9574134914553E-002
     273    5.9574134914553E-002    1.0000000000000E+000    5.9574134914553E-002
     274    5.9574134914553E-002    1.0000000000000E+000    5.9574134914553E-002
     275    5.9574134914553E-002    1.0000000000000E+000    5.9574134914553E-002
     276    5.9574134914553E-002    1.0000000000000E+000    5.9574134914553E-002
     277    5.9574134914553E-002    1.0000000000000E+000    5.9574134914553E-002
     278    5.9574134914553E-002    1.0000000000000E+000    5.9574134914553E-002
     279    5.9574134914553E-002    1.0000000000000E+000    5.9574134914553E-002
     280    5.9574134914553E-002    1.0000000000000E+000    5.9574134914553E-002
     281    5.9574134914553E-002    1.0000000000000E+000    5.9574134914553E-002
     282    5.9574134914553E-002    1.0000000000000E+000    5.9574134914553E-002
     283    5.9574134914553E-002    1.0000000000000E+000    5.9574134914553E-002
     284    5.9574134914553E-002    1.0000000000000E+000    5.9574134914553E-002
     285    5.9574134914553E-002    1.0000000000000E+000    5.9574134914553E-002
     286    5.9574134914553E-002    1.0000000000000E+000    5.9574134914553E-002
     287    5.9574134914553E-002    1.0000000000000E+000    5.9574134914553E-002
     288    5.9574134914553E-002    1.0000000000000E+000    5.9574134914553E-002
     289    5.9574134914553E-002    1.0000000000000E+000    5.9574134914553E-002
     290    5.9574134914553E-002    1.0000000000000E+000    5.9574134914553E-002
     291    5.9574134914553E-002    1.0000000000000E+000    5.9574134914553E-002
     292    5.9574134914553E-002    1.0000000000000E+000    5.9574134914553E-002
     293    5.9574134914553E-002    1.0000000000000E+000    5.9574134914553E-002
     294    5.9574134914553E-002    1.0000000000000E+000    5.9574134914553E-002
     295    5.9574134914553E-002    1.0000000000000E+000    5.9574134914553E-002
     296    5.9574134914553E-002    1.0000000000000E+000    5.9574134914553E-002
     297    5.9574134914553E-002    1.0000000000000E+000    5.9574134914553E-002
     298    5.9574134914553E-002    1.0000000000000E+000    5.9574134914553E-002
     299    5.9574134914553E-002    1.0000000000000E+000    5.9574134914553E-002
     300    5.9574134914553E-002    1.0000000000000E+000    5.9574134914553E-002
     301    5.9574134914553E-002    1.0000000000000E+000    5.9574134914553E-002
     302    5.9574134914553E-002    1.0000000000000E+000    5.9574134914553E-002
     303    5.9574134914553E-002    1.0000000000000E+000    5.9574134914553E-002
     304    5.9574134914553E-002    1.0000000000000E+000    5.9574134914553E-002
     305    5.9574134914553E-002    1.0000000000000E+000    5.9574134914553E-002
     306    5.9574134914553E-002    1.0000000000000E+000    5.9574134914553E-002
     307    5.9574134914553E-002    1.0000000000000E+000    5.9574134914553E-002
     308    5.9574134914553E-002    1.0000000000000E+000    5.9574134914553E-002
     309    5.9574134914553E-002    1.0000000000000E+000    5.9574134914553E-002
     310    5.9574134914553E-002    1.0000000000000E+000    5.9574134914553E-002
     311    5.9574134914553E-002    1.0000000000000E+000    5.9574134914553E-002
     312    5.9574134914553E-002    1.0000000000000E+000    5.9574134914553E-002
     313    5.9574134914553E-002    1.0000000000000E+000    5.9574134914553E-002
     314    5.9574134914553E-002    1.0000000000000E+000    5.9574134914553E-002
     315    5.9574134914553E-002    1.0000000000000E+000    5.9574134914553E-002
     316    5.9574134914553E-002    1.0000000000000E+000    5.9574134914553E-002
     317    5.9574134914553E-002    1.0000000000000E+000    5.9574134914553E-002
     318    5.9574134914553E-002    1.0000000000000E+000    5.9574134914553E-002
     319    5.9574134914553E-002    1.0000000000000E+000    5.9574134914553E-002
     320    5.9574134914553E-002    1.0000000000000E+000    5.9574134914553E-002
     321    5.9574134914553E-002    1.0000000000000E+000    5.9574134914553E-002
     322    5.9574134914553E-002    1.0000000000000E+000    5.9574134914553E-002
     323    5.9574134914553E-002    1.0000000000000E+000    5.9574134914553E-002
     324    5.9574134914553E-002    1.0000000000000E+000    5.9574134914553E-002
     325    5.9574134914553E-002    1.0000000000000E+000    5.9574134914553E-002
     326    5.9574134914553E-002    1.0000000000000E+000    5.9574134914553E-002
     327    5.9574134914553E-002    1.0000000000000E+000    5.9574134914553E-002
     328    5.9574134914553E-002    1.0000000000000E+000    5.9574134914553E-002
     329    5.9574134914553E-002    1.0000000000000E+000    5.9574134914553E-002
     330    5.9574134914553E-002    1.0000000000000E+000    5.9574134914553E-002
     331    5.9574134914553E-002    1.0000000000000E+000    5.9574134914553E-002
     332    5.9574134914553E-002    1.0000000000000E+000    5.9574134914553E-002
     333    5.9574134914553E-002    1.0000000000000E+000    5.9574134914553E-002
     334    5.9574134914553E-002    1.0000000000000E+000    5.9574134914553E-002
     335    5.9574134914553E-002    1.0000000000000E+000    5.9574134914553E-002
     336    5.9574134914553E-002    1.0000000000000E+000    5.9574134914553E-002
     337    5.9574134914553E-002    1.0000000000000E+000    5.9574134914553E-002
     338    5.9574134914553E-002    1.0000000000000E+000    5.9574134914553E-002
     339    5.9574134914553E-002    1.0000000000000E+000    5.9574134914553E-002
     340    5.9574134914553E-002    1.0000000000000E+000    5.9574134914553E-002
     341    5.9574134914553E-002    1.0000000000000E+000    5.9574134914553E-002
     342    5.9574134914553E-002    1.0000000000000E+000    5.9574134914553E-002
     343    5.9574134914553E-002    1.0000000000000E+000    5.9574134914553E-002
     344    5.9574134914553E-002    1.0000000000000E+000    5.9574134914553E-002
     345    5.9574134914553E-002    1.0000000000000E+000    5.9574134914553E-002
     346    5.9574134914553E-002    1.0000000000000E+000    5.9574134914553E-002
     347    5.9574134914553E-002    1.0000000000000E+000    5.9574134914553E-002
     348    5.9574134914553E-002    1.0000000000000E+000    5.9574134914553E-002
     349    5.9574134914553E-002    1.0000000000000E+000    5.9574134914553E-002
     350    5.9574134914553E-002    1.0000000000000E+000    5.9574134914553E-002
     351    5.9574134914553E-002    1.0000000000000E+000    5.9574134914553E-002
     352    5.9574134914553E-002    1.0000000000000E+000    5.9574134914553E-002
     353    5.9574134914553E-002    1.0000000000000E+000    5.9574134914553E-002
     354    5.9574134914553E-002    1.0000000000000E+000    5.9574134914553E-002
     355    5.9574134914553E-002    1.0000000000000E+000    5.9574134914553E-002
     356    5.9574134914553E-002    1.0000000000000E+000    5.9574134914553E-002
     357    5.9574134914553E-002    1.0000000000000E+000    5.9574134914553E-002
     358    5.9574134914553E-002    1.0000000000000E+000    5.9574134914553E-002
     359    5.9574134914553E-002    1.0000000000000E+000    5.9574134914553E-002
     360    5.9574134914553E-002    1.0000000000000E+000    5.9574134914553E-002
     361    5.9574134914553E-002    1.0000000000000E+000    5.9574134914553E-002
     362    5.9574134914553E-002    1.0000000000000E+000    5.9574134914553E-002
     363    5.9574134914553E-002    1.0000000000000E+000    5.9574134914553E-002
     364    5.9574134914553E-002    1.0000000000000E+000    5.9574134914553E-002
     365    5.9574134914553E-002    1.0000000000000E+000    5.9574134914553E-002
     366    5.9574134914553E-002    1.0000000000000E+000    5.9574134914553E-002
     367    5.9574134914553E-002    1.0000000000000E+000    5.9574134914553E-002
     368    5.9574134914553E-002    1.0000000000000E+000    5.9574134914553E-002
     369    5.9574134914553E-002    1.0000000000000E+000    5.9574134914553E-002
     370    5.9574134914553E-002    1.0000000000000E+000    5.9574134914553E-002
     371    5.9574134914553E-002    1.0000000000000E+000    5.9574134914553E-002
     372    5.9574134914553E-002    1.0000000000000E+000    5.9574134914553E-002
     373    5.9574134914553E-002    1.0000000000000E+000    5.9574134914553E-002
     374    5.9574134914553E-002    1.0000000000000E+000    5.9574134914553E-002
     375    5.9574134914553E-002    1.0000000000000E+000    5.9574134914553E-002
     376    5.9574134914553E-002    1.0000000000000E+000    5.9574134914553E-002
     377    5.9574134914553E-002    1.0000000000000E+000    5.9574134914553E-002
     378    5.9574134914553E-002    1.0000000000000E+000    5.9574134914553E-002
     379    5.9574134914553E-002    1.0000000000000E+000    5.9574134914553E-002
     380    5.9574134914553E-002    1.0000000000000E+000    5.9574134914553E-002
     381    5.9574134914553E-002    1.0000000000000E+000    5.9574134914553E-002
     382    5.9574134914553E-002    1.0000000000000E+000    5.9574134914553E-002
     383    5.9574134914553E-002    1.0000000000000E+000    5.9574134914553E-002
     384    5.9574134914553E-002    1.0000000000000E+000    5.9574134914553E-002
     385    5.9574134914553E-002    1.0000000000000E+000    5.9574134914553E-002
     386    5.9574134914553E-002    1.0000000000000E+000    5.9574134914553E-002
     387    5.9574134914553E-002    1.0000000000000E+000    5.9574134914553E-002
     388    5.9574134914553E-002    1.0000000000000E+000    5.9574134914553E-002
     389    5.9574134914553E-002    1.0000000000000E+000    5.9574134914553E-002
     390    5.9574134914553E-002    1.0000000000000E+000    5.9574134914553E-002
     391    5.9574134914553E-002    1.0000000000000E+000    5.9574134914553E-002
     392    5.9574134914553E-002    1.0000000000000E+000    5.9574134914553E-002
     393    5.9574134914553E-002    1.0000000000000E+000    5.9574134914553E-002
     394    5.9574134914553E-002    1.0000000000000E+000    5.9574134914553E-002
     395    5.9574134914553E-002    1.0000000000000E+000    5.9574134914553E-002
     396    5.9574134914553E-002    1.0000000000000E+000    5.9574134914553E-002
     397    5.9574134914553E-002    1.0000000000000E+000    5.9574134914553E-002
     398    5.9574134914553E-002    1.0000000000000E+000    5.9574134914553E-002
     399    5.9574134914553E-002    1.0000000000000E+000    5.9574134914553E-002
     400    5.9574134914553E-002    1.0000000000000E+000    5.9574134914553E-002
     401    5.9574134914553E-002    1.0000000000000E+000    5.9574134914553E-002
     402    5.9574134914553E-002    1.0000000000000E+000    5.9574134914553E-002
     403    5.9574134914553E-002    1.0000000000000E+000    5.9574134914553E-002
     404    5.9574134914553E-002    1.0000000000000E+000    5.9574134914553E-002
     405    5.9574134914553E-002    1.0000000000000E+000    5.9574134914553E-002
     406    5.9574134914553E-002    1.0000000000000E+000    5.9574134914553E-002
     407    5.9574134914553E-002    1.0000000000000E+000    5.9574134914553E-002
     408    5.9574134914553E-002    1.0000000000000E+000    5.9574134914553E-002
     409    5.9574134914553E-002    1.0000000000000E+000    5.9574134914553E-002
     410    5.9574134914553E-002    1.0000000000000E+000    5.9574134914553E-002
     411    5.9574134914553E-002    1.0000000000000E+000    5.9574134914553E-002
     412    5.9574134914553E-002    1.0000000000000E+000    5.9574134914553E-002
     413    5.9574134914553E-002    1.0000000000000E+000    5.9574134914553E-002
     414    5.9574134914553E-002    1.0000000000000E+000    5.9574134914553E-002
     415    5.9574134914553E-002    1.0000000000000E+000    5.9574134914553E-002
     416    5.9574134914553E-002    1.0000000000000E+000    5.9574134914553E-002
     417    5.9574134914553E-002    1.0000000000000E+000    5.9574134914553E-002
     418    5.9574134914553E-002    1.0000000000000E+000    5.9574134914553E-002
     419    5.9574134914553E-002    1.0000000000000E+000    5.9574134914553E-002
     420    5.9574134914553E-002    1.0000000000000E+000    5.9574134914553E-002
     421    5.9574134914553E-002    1.0000000000000E+000    5.9574134914553E-002
     422    5.9574134914553E-002    1.0000000000000E+000    5.9574134914553E-002
     423    5.9574134914553E-002    1.0000000000000E+000    5.9574134914553E-002
     424    5.9574134914553E-002    1.0000000000000E+000    5.9574134914553E-002
     425    5.9574134914553E-002    1.0000000000000E+000    5.9574134914553E-002
     426    5.9574134914553E-002    1.0000000000000E+000    5.9574134914553E-002
     427    5.9574134914553E-002    1.0000000000000E+000    5.9574134914553E-002
     428    5.9574134914553E-002    1.0000000000000E+000    5.9574134914553E-002
     429    5.9574134914553E-002    1.0000000000000E+000    5.9574134914553E-002
     430    5.9574134914553E-002    1.0000000000000E+000    5.9574134914553E-002
     431    5.9574134914553E-002    1.0000000000000E+000    5.9574134914553E-002
     432    5.9574134914553E-002    1.0000000000000E+000    5.9574134914553E-002
     433    5.9574134914553E-002    1.0000000000000E+000    5.9574134914553E-002
     434    5.9574134914553E-002    1.0000000000000E+000    5.9574134914553E-002
     435    5.9574134914553E-002    1.0000000000000E+000    5.9574134914553E-002
     436    5.9574134914553E-002    1.0000000000000E+000    5.9574134914553E-002
     437    5.9574134914553E-002    1.0000000000000E+000    5.9574134914553E-002
     438    5.9574134914553E-002    1.0000000000000E+000    5.9574134914553E-002
     439    5.9574134914553E-002    1.0000000000000E+000    5.9574134914553E-002
     440    5.9574134914553E-002    1.0000000000000E+000    5.9574134914553E-002
     441    5.9574134914553E-002    1.0000000000000E+000    5.9574134914553E-002
     442    5.9574134914553E-002    1.0000000000000E+000    5.9574134914553E-002
     443    5.9574134914553E-002    1.0000000000000E+000    5.9574134914553E-002
     444    5.9574134914553E-002    1.0000000000000E+000    5.9574134914553E-002
     445    5.9574134914553E-002    1.0000000000000E+000    5.9574134914553E-002
     446    5.9574134914553E-002    1.0000000000000E+000    5.9574134914553E-002
     447    5.9574134914553E-002    1.0000000000000E+000    5.9574134914553E-002
     448    5.9574134914553E-002    1.0000000000000E+000    5.9574134914553E-002
     449    5.9574134914553E-002    1.0000000000000E+000    5.9574134914553E-002
     450    5.9574134914553E-002    1.0000000000000E+000    5.9574134914553E-002
     451    5.9574134914553E-002    1.0000000000000E+000    5.9574134914553E-002
     452    5.9574134914553E-002    1.0000000000000E+000    5.9574134914553E-002
     453    5.9574134914553E-002    1.0000000000000E+000    5.9574134914553E-002
     454    5.9574134914553E-002    1.0000000000000E+000    5.9574134914553E-002
     455    5.9574134914553E-002    1.0000000000000E+000    5.9574134914553E-002
     456    5.9574134914553E-002    1.0000000000000E+000    5.9574134914553E-002
     457    5.9574134914553E-002    1.0000000000000E+000    5.9574134914553E-002
     458    5.9574134914553E-002    1.0000000000000E+000    5.9574134914553E-002
     459    5.9574134914553E-002    1.0000000000000E+000    5.9574134914553E-002
     460    5.9574134914553E-002    1.0000000000000E+000    5.9574134914553E-002
     461    5.9574134914553E-002    1.0000000000000E+000    5.9574134914553E-002
     462    5.9574134914553E-002    1.0000000000000E+000    5.9574134914553E-002
     463    5.9574134914553E-002    1.0000000000000E+000    5.9574134914553E-002
     464    5.9574134914553E-002    1.0000000000000E+000    5.9574134914553E-002
     465    5.9574134914553E-002    1.0000000000000E+000    5.9574134914553E-002
     466    5.9574134914553E-002    1.0000000000000E+000    5.9574134914553E-002
     467    5.9574134914553E-002    1.0000000000000E+000    5.9574134914553E-002
     468    5.9574134914553E-002    1.0000000000000E+000    5.9574134914553E-002
     469    5.9574134914553E-002    1.0000000000000E+000    5.9574134914553E-002
     470    5.9574134914553E-002    1.0000000000000E+000    5.9574134914553E-002
     471    5.9574134914553E-002    1.0000000000000E+000    5.9574134914553E-002
     472    5.9574134914553E-002    1.0000000000000E+000    5.9574134914553E-002
     473    5.9574134914553E-002    1.0000000000000E+000    5.9574134914553E-002
     474    5.9574134914553E-002    1.0000000000000E+000    5.9574134914553E-002
     475    5.9574134914553E-002    1.0000000000000E+000    5.9574134914553E-002
     476    5.9574134914553E-002    1.0000000000000E+000    5.9574134914553E-002
     477    5.9574134914553E-002    1.0000000000000E+000    5.9574134914553E-002
     478    5.9574134914553E-002    1.0000000000000E+000    5.9574134914553E-002
     479    5.9574134914553E-002    1.0000000000000E+000    5.9574134914553E-002
     480    5.9574134914553E-002    1.0000000000000E+000    5.9574134914553E-002
     481    5.9574134914553E-002    1.0000000000000E+000    5.9574134914553E-002
     482    5.9574134914553E-002    1.0000000000000E+000    5.9574134914553E-002
     483    5.9574134914553E-002    1.0000000000000E+000    5.9574134914553E-002
     484    5.9574134914553E-002    1.0000000000000E+000    5.9574134914553E-002
     485    5.9574134914553E-002    1.0000000000000E+000    5.9574134914553E-002
     486    5.9574134914553E-002    1.0000000000000E+000    5.9574134914553E-002
     487    5.9574134914553E-002    1.0000000000000E+000    5.9574134914553E-002
     488    5.9574134914553E-002    1.0000000000000E+000    5.9574134914553E-002
     489    5.9574134914553E-002    1.0000000000000E+000    5.9574134914553E-002
     490    5.9574134914553E-002    1.0000000000000E+000    5.9574134914553E-002
     491    5.9574134914553E-002    1.0000000000000E+000    5.9574134914553E-002
     492    5.9574134914553E-002    1.0000000000000E+000    5.9574134914553E-002
     493    5.9574134914553E-002    1.0000000000000E+000    5.9574134914553E-002
     494    5.9574134914553E-002    1.0000000000000E+000    5.9574134914553E-002
     495    5.9574134914553E-002    1.0000000000000E+000    5.9574134914553E-002
     496    5.9574134914553E-002    1.0000000000000E+000    5.9574134914553E-002
     497    5.9574134914553E-002    1.0000000000000E+000    5.9574134914553E-002
     498    5.9574134914553E-002    1.0000000000000E+000    5.9574134914553E-002
     499    5.9574134914553E-002    1.0000000000000E+000    5.9574134914553E-002
     500    5.9574134914553E-002    1.0000000000000E+000    5.9574134914553E-002
     501    5.9574134914553E-002    1.0000000000000E+000    5.9574134914553E-002
     502    5.9574134914553E-002    1.0000000000000E+000    5.9574134914553E-002
     503    5.9574134914553E-002    1.0000000000000E+000    5.9574134914553E-002
     504    5.9574134914553E-002    1.0000000000000E+000    5.9574134914553E-002
     505    5.9574134914553E-002    1.0000000000000E+000    5.9574134914553E-002
     506    5.9574134914553E-002    1.0000000000000E+000    5.9574134914553E-002
     507    5.9574134914553E-002    1.0000000000000E+000    5.9574134914553E-002
     508    5.9574134914553E-002    1.0000000000000E+000    5.9574134914553E-002
     509    5.9574134914553E-002    1.0000000000000E+000    5.9574134914553E-002
     510    5.9574134914553E-002    1.0000000000000E+000    5.9574134914553E-002
     511    5.9574134914553E-002    1.0000000000000E+000    5.9574134914553E-002
     512    5.9574134914553E-002    1.0000000000000E+000    5.9574134914553E-002
     513    5.9574134914553E-002    1.0000000000000E+000    5.9574134914553E-002
     514    5.9574134914553E-002    1.0000000000000E+000    5.9574134914553E-002
     515    5.9574134914553E-002    1.0000000000000E+000    5.9574134914553E-002
     516    5.9574134914553E-002    1.0000000000000E+000    5.9574134914553E-002
     517    5.9574134914553E-002    1.0000000000000E+000    5.9574134914553E-002
     518    5.9574134914553E-002    1.0000000000000E+000    5.9574134914553E-002
     519    5.9574134914553E-002    1.0000000000000E+000    5.9574134914553E-002
     520    5.9574134914553E-002    1.0000000000000E+000    5.9574134914553E-002
     521    5.9574134914553E-002    1.0000000000000E+000    5.9574134914553E-002
     522    5.9574134914553E-002    1.0000000000000E+000    5.9574134914553E-002
     523    5.9574134914553E-002    1.0000000000000E+000    5.9574134914553E-002
     524    5.9574134914553E-002    1.0000000000000E+000    5.9574134914553E-002
     525    5.9574134914553E-002    1.0000000000000E+000    5.9574134914553E-002
     526    5.9574134914553E-002    1.0000000000000E+000    5.9574134914553E-002
     527    5.9574134914553E-002    1.0000000000000E+000    5.9574134914553E-002
     528    5.9574134914553E-002    1.0000000000000E+000    5.9574134914553E-002
     529    5.9574134914553E-002    1.0000000000000E+000    5.9574134914553E-002
     530    5.9574134914553E-002    1.0000000000000E+000    5.9574134914553E-002
     531    5.9574134914553E-002    1.0000000000000E+000    5.9574134914553E-002
     532    5.9574134914553E-002    1.0000000000000E+000    5.9574134914553E-002
     533    5.9574134914553E-002    1.0000000000000E+000    5.9574134914553E-002
     534    5.9574134914553E-002    1.0000000000000E+000    5.9574134914553E-002
     535    5.9574134914553E-002    1.0000000000000E+000    5.9574134914553E-002
     536    5.9574134914553E-002    1.0000000000000E+000    5.9574134914553E-002
     537    5.9574134914553E-002    1.0000000000000E+000    5.9574134914553E-002
     538    5.9574134914553E-002    1.0000000000000E+000    5.9574134914553E-002
     539    5.9574134914553E-002    1.0000000000000E+000    5.9574134914553E-002
     540    5.9574134914553E-002    1.0000000000000E+000    5.9574134914553E-002
