         1         0         0         0         1         0         0
         2         0         0         0         1         0         0
         3         0         0         0         1         0         0
         4         0         0         0         1         0         0
         5         0         0         0         1         0         0
         6         0         0         0         1         0         0
         7         1         0         0         1         0         0
         8         2         0         0         1         0         0
         9         0         0         0         1         0         0
        10         0         0         0         1         0         0
        11         0         1         0         1         0         0
        12         1         2         0         2         0         0
        13         1         0         0         4         0         0
        14         2         0         0         4         0         0
        15         0         0         0         4         0         0
        16         0         1         0         4         0         0
        17         0         1         0         5         0         0
        18         3         2         1         6         0         0
        19         3         0         0         7         0         0
        20         0         0         0         7         0         0
        21         5         0         0         7         0         0
        22         5         3         0         7         0         0
        23         2         3         0        10         0         0
        24         5         0         0        13         0         0
        25         4         5         1        13         0         0
        26         7         5         2        17         0         0
        27         9         2         0        20         0         0
        28         4         5         0        22         0         1
        29        14         4         0        27         0         0
        30        11         7         1        31         0         0
        31         7         9         1        37         0         0
        32        19         4         2        45         1         1
        33        24        14         0        47         0         0
        34        15        11         0        61         0         2
        35        19         7         0        72         0         0
        36        25        19         3        79         1         1
        37        18        24         3        95         0         1
        38        23        15         0       116         2         3
        39        27        19         5       131         0         1
        40        46        25         5       145         1         5
        41        52        18         2       165         1         1
        42        41        23         5       181         3         4
        43        62        27         4       199         1         4
        44        50        46         7       222         5         3
        45        70        52         9       261         1         5
        46        89        41         4       304         4         3
        47       115        62        14       341         4         3
        48       134        50        11       389         3         7
        49       119        70         7       428         5         6
        50       129        89        19       491         3        13
        51       152       115        24       561         3        14
        52       218       134        15       652         7        12
        53       215       119        19       771         6        16
        54       217       129        25       871        13        16
        55       295       152        18       975        14        11
        56       324       218        23      1109        12        23
        57       395       215        27      1304        16        30
        58       379       217        46      1492        16        14
        59       491       295        52      1663        11        39
        60       482       324        41      1906        23        36
        61       596       395        62      2189        30        39
        62       753       379        50      2522        14        39
        63       805       491        70      2851        39        56
        64       878       482        89      3272        36        46
        65      1072       596       115      3665        39        47
        66      1191       753       134      4146        39        71
        67      1295       805       119      4765        56        78
        68      1617       878       129      5451        46        84
        69      1705      1072       152      6200        47       119
        70      2047      1191       218      7120        71       116
        71      2311      1295       215      8093        78       124
        72      2628      1617       217      9173        84       139
        73      3116      1705       295     10573       119       149
        74      3289      2047       324     11983       116       193
        75      3882      2311       395     13706       124       242
        76      4609      2628       379     15622       139       266
        77      5166      3116       491     17871       149       295
        78      5822      3289       482     20496       193       277
        79      6692      3882       596     23303       242       392
        80      7147      4609       753     26589       266       462
        81      8451      5166       805     30445       295       530
        82      9791      5822       878     34806       277       537
        83     11027      6692      1072     39750       392       662
        84     12868      7147      1191     45370       462       750
        85     14133      8451      1295     51326       530       835
        86     16424      9791      1617     58482       537       959
        87     18459     11027      1705     66656       662      1058
        88     21360     12868      2047     75978       750      1305
        89     24253     14133      2311     86799       835      1396
        90     27579     16424      2628     98621       959      1680
        91     31488     18459      3116    112417      1058      1810
        92     35122     21360      3289    127760      1305      2085
        93     40381     24253      3882    145831      1396      2480
        94     45068     27579      4609    166202      1680      2723
        95     51285     31488      5166    189172      1810      3190
        96     57704     35122      5822    215494      2085      3498
        97     65123     40381      6692    244794      2480      4051
        98     73434     45068      7147    278483      2723      4384
        99     82066     51285      8451    316404      3190      5144
       100     92755     57704      9791    359238      3498      5643
       101    103581     65123     11027    407151      4051      6582
       102    115789     73434     12868    461247      4384      7285
       103     98428     82066     14133    521813      5144      8112
       104    100222     92755     16424    589746      5643      9318
       105     99814    103581     18459    666077      6582     10350
       106     97272    115789     21360    751199      7285     11694
       107     91769     98428     24253    845628      8112      9905
       108     84888    100222     27579    919803      9318     10085
       109     78155     99814     31488    992446     10350      9942
       110     69901     97272     35122   1060772     11694      9780
       111     63112     91769     40381   1122922      9905      9255
       112     57230     84888     45068   1174310     10085      8567
       113     52127     78155     51285   1214130      9942      7943
       114     48427     69901     57704   1241000      9780      6909
       115     46700     63112     65123   1253197      9255      6227
       116     46349     57230     73434   1251186      8567      5618
       117     46558     52127     82066   1234982      7943      5203
       118     48078     48427     92755   1205043      6909      4773
       119     50977     46700    103581   1160715      6227      4681
       120     53916     46349    115789   1103834      5618      4682
       121     57798     46558     98428   1034394      5203      4720
       122     59939     48078    100222    982524      4773      4766
       123     62007     50977     99814    930380      4681      5084
       124     63050     53916     97272    881543      4682      5334
       125     63332     57798     91769    838187      4720      5888
       126     63158     59939     84888    804216      4766      6012
       127     62028     62007     78155    779267      5084      6098
       128     61361     63050     69901    763119      5334      6244
       129     60244     63332     63112    756268      5888      6078
       130     58757     63158     57230    756488      6012      6363
       131     57174     62028     52127    762416      6098      6261
       132     56256     61361     48427    772317      6244      6178
       133     54674     60244     46700    785251      6078      5971
       134     53189     58757     46349    798795      6363      5893
       135     51848     57174     46558    811203      6261      5736
       136     50789     56256     48078    821819      6178      5550
       137     49818     54674     50977    829997      5971      5542
       138     48401     53189     53916    833694      5893      5367
       139     47722     51848     57798    832967      5736      5204
       140     46966     50789     59939    827017      5550      5162
       141     46047     49818     62007    817867      5542      4904
       142     45961     48401     63050    805678      5367      4848
       143     44893     47722     63332    791029      5204      4810
       144     44463     46966     63158    775419      5162      4675
       145     43703     46047     62028    759227      4904      4664
       146     43766     45961     61361    743246      4848      4578
       147     42705     44893     60244    727846      4810      4401
       148     41788     44463     58757    712495      4675      4522
       149     41067     43703     57174    698201      4664      4397
       150     40260     43766     56256    684730      4578      4314
       151     39667     42705     54674    672240      4401      4218
       152     39547     41788     53189    660271      4522      4123
       153     38165     41067     51848    648870      4397      4181
       154     37708     40260     50789    638089      4314      4011
       155     37184     39667     49818    627560      4218      3870
       156     36527     39547     48401    617409      4123      3922
       157     36055     38165     47722    608555      4181      3735
       158     34969     37708     46966    598998      4011      3919
       159     34631     37184     46047    589740      3870      3777
       160     33596     36527     45961    580877      3922      3796
       161     32885     36055     44893    571443      3735      3653
       162     32810     34969     44463    562605      3919      3510
       163     31691     34631     43703    553111      3777      3331
       164     31290     33596     43766    544039      3796      3426
       165     30672     32885     42705    533869      3653      3307
       166     30305     32810     41788    524049      3510      3299
       167     29632     31691     41067    515071      3331      3119
       168     28692     31290     40260    505695      3426      3127
       169     28349     30672     39667    496725      3307      3130
       170     27448     30305     39547    487730      3299      3049
       171     27311     29632     38165    478488      3119      3019
       172     26119     28692     37708    469955      3127      2869
       173     25851     28349     37184    460939      3130      2808
       174     25353     27448     36527    452104      3049      2682
       175     24329     27311     36055    443025      3019      2839
       176     24273     26119     34969    434281      2869      2702
       177     23692     25851     34631    425431      2808      2476
       178     23205     25353     33596    416651      2682      2504
       179     22562     24329     32885    408408      2839      2368
       180     21855     24273     32810    399852      2702      2387
       181     21696     23692     31691    391315      2476      2354
       182     21029     23205     31290    383316      2504      2314
       183     20424     22562     30672    375231      2368      2274
       184     19717     21855     30305    367121      2387      2093
       185     19487     21696     29632    358671      2354      2244
       186     18927     21029     28692    350735      2314      2082
       187     18471     20424     28349    343072      2274      2027
       188     18087     19717     27448    335147      2093      1944
       189     17568     19487     27311    327416      2244      2016
       190     17053     18927     26119    319592      2082      1883
       191     16585     18471     25851    312400      2027      1910
       192     16270     18087     25353    305020      1944      1819
       193     15901     17568     24329    297754      2016      1784
       194     15438     17053     24273    290993      1883      1708
       195     15270     16585     23692    283773      1910      1689
       196     14208     16270     23205    276666      1819      1533
       197     14052     15901     22562    269731      1784      1559
       198     13848     15438     21855    263070      1708      1543
       199     13486     15270     21696    256653      1689      1596
       200     12894     14208     21029    250227      1533      1419
       201     12627     14052     20424    243406      1559      1403
       202     12267     13848     19717    237034      1543      1423
       203     11843     13486     19487    231165      1596      1375
       204     11372     12894     18927    225164      1419      1301
       205     11220     12627     18471    219131      1403      1245
       206     10948     12267     18087    213287      1423      1232
       207     10655     11843     17568    207467      1375      1168
       208     10420     11372     17053    201742      1301      1100
       209      9986     11220     16585    196061      1245      1140
       210      9815     10948     16270    190696      1232      1039
       211      9335     10655     15901    185374      1168      1104
       212      9077     10420     15438    180128      1100      1050
       213      8816      9986     15270    175110      1140      1000
       214      8499      9815     14208    169826      1039       997
       215      8171      9335     14052    165433      1104       907
       216      8047      9077     13848    160716      1050       918
       217      7649      8816     13486    155945      1000       934
       218      7483      8499     12894    151275       997       833
       219      7394      8171     12627    146880       907       813
       220      7089      8047     12267    142424       918       825
       221      6850      7649     11843    138204       934       775
       222      6799      7483     11372    134010       833       740
       223      6392      7394     11220    130121       813       717
       224      6366      7089     10948    126295       825       710
       225      6189      6850     10655    122436       775       681
       226      5981      6799     10420    118631       740       688
       227      5737      6392      9986    115010       717       685
       228      5410      6366      9815    111416       710       589
       229      5229      6189      9335    107967       681       570
       230      5072      5981      9077    104821       688       598
       231      4938      5737      8816    101725       685       564
       232      4750      5410      8499     98646       589       490
       233      4648      5229      8171     95557       570       511
       234      4411      5072      8047     92615       598       524
       235      4309      4938      7649     89640       564       497
       236      4182      4750      7483     86929       490       433
       237      3865      4648      7394     84196       511       475
       238      3986      4411      7089     81450       524       446
       239      3704      4309      6850     78772       497       416
       240      3674      4182      6799     76231       433       440
       241      3545      3865      6392     73614       475       380
       242      3431      3986      6366     71087       446       422
       243      3280      3704      6189     68707       416       399
       244      3262      3674      5981     66222       440       366
       245      3147      3545      5737     63915       380       342
       246      2867      3431      5410     61723       422       330
       247      2798      3280      5229     59744       399       322
       248      2756      3262      5072     57795       366       323
       249      2705      3147      4938     55985       342       327
       250      2503      2867      4750     54194       330       312
       251      2429      2798      4648     52311       322       274
       252      2373      2756      4411     50461       323       267
       253      2317      2705      4309     48806       327       239
       254      2302      2503      4182     47202       312       284
       255      2136      2429      3865     45523       274       256
       256      2087      2373      3986     44087       267       228
       257      1874      2317      3704     42474       239       227
       258      1921      2302      3674     41087       284       213
       259      1867      2136      3545     39715       256       224
       260      1774      2087      3431     38306       228       214
       261      1688      1874      3280     36962       227       186
       262      1566      1921      3262     35556       213       193
       263      1655      1867      3147     34215       224       204
       264      1618      1774      2867     32935       214       178
       265      1478      1688      2798     31842       186       172
       266      1437      1566      2756     30732       193       168
       267      1419      1655      2705     29542       204       152
       268      1340      1618      2503     28492       178       149
       269      1302      1478      2429     27607       172       143
       270      1279      1437      2373     26656       168       133
       271      1198      1419      2317     25720       152       128
       272      1166      1340      2302     24822       149       133
       273      1093      1302      2136     23860       143       130
       274      1037      1279      2087     23026       133       128
       275      1061      1198      1874     22218       128       106
       276       970      1166      1921     21542       133       120
       277       916      1093      1867     20787       130       110
       278       935      1037      1774     20013       128        99
       279       906      1061      1688     19276       106        96
       280       845       970      1566     18649       120       106
       281       851       916      1655     18053       110        86
       282       823       935      1618     17314        99        83
       283       746       906      1478     16631        96        90
       284       716       845      1437     16059       106        93
       285       750       851      1419     15467        86        99
       286       714       823      1340     14899        83        92
       287       693       746      1302     14382        90        88
       288       660       716      1279     13826        93        57
       289       608       750      1198     13263        99        74
       290       598       714      1166     12815        92        76
       291       580       693      1093     12363        88        70
       292       576       660      1037     11963        57        80
       293       567       608      1061     11586        74        55
       294       490       598       970     11133        76        55
       295       501       580       916     10761        70        57
       296       504       576       935     10425        80        68
       297       516       567       906     10066        55        68
       298       448       490       845      9727        55        51
       299       427       501       851      9372        57        53
       300       445       504       823      9022        68        46
       301       384       516       746      8703        68        50
       302       389       448       716      8473        51        44
       303       381       427       750      8205        53        38
       304       351       445       714      7882        46        43
       305       377       384       693      7613        50        40
       306       321       389       660      7304        44        47
       307       370       381       608      7033        38        45
       308       310       351       598      6806        43        33
       309       287       377       580      6559        40        33
       310       297       321       576      6356        47        26
       311       284       370       567      6101        45        37
       312       253       310       490      5904        33        36
       313       289       287       501      5724        33        35
       314       250       297       504      5510        26        32
       315       268       284       516      5303        37        27
       316       259       253       448      5071        36        28
       317       217       289       427      4876        35        26
       318       241       250       445      4738        32        18
       319       213       268       384      4543        27        26
       320       209       259       389      4427        28        24
       321       206       217       381      4297        26        20
       322       211       241       351      4133        18        21
       323       171       213       377      4023        26        19
       324       182       209       321      3859        24        26
       325       163       206       370      3747        20        19
       326       167       211       310      3583        21        23
       327       195       171       287      3484        19        14
       328       165       182       297      3368        26        20
       329       160       163       284      3253        19        12
       330       157       167       253      3132        23        20
       331       149       195       289      3046        14        18
       332       124       165       250      2952        20        11
       333       131       160       268      2867        12        22
       334       123       157       259      2759        20        13
       335       140       149       217      2657        18        17
       336       109       124       241      2589        11        14
       337       138       131       213      2472        22         8
       338        88       123       209      2390        13        15
       339        89       140       206      2304        17        14
       340        84       109       211      2238        14         4
       341        94       138       171      2136         8        15
       342       105        88       182      2103        15        12
       343        88        89       163      2009        14        11
       344        78        84       167      1935         4         7
       345        89        94       195      1852        15        13
       346        75       105       165      1751        12        15
       347        70        88       160      1691        11        10
       348        94        78       157      1619         7         4
       349        77        89       149      1540        13        11
       350        66        75       124      1480        15         9
       351        65        70       131      1431        10         8
       352        58        94       123      1370         4         4
       353        61        77       140      1341        11         5
       354        57        66       109      1278         9         5
       355        53        65       138      1235         8         6
       356        40        58        88      1162         4         5
       357        54        61        89      1132         5         5
       358        53        57        84      1104         5         7
       359        46        53        94      1077         6         5
       360        53        40       105      1036         5         5
       361        42        54        88       971         5         7
       362        32        53        78       937         7         4
       363        45        46        89       912         5         4
       364        45        53        75       869         5         5
       365        28        42        70       847         7         7
       366        31        32        94       819         4         3
       367        43        45        77       757         4         2
       368        27        45        66       725         5         6
       369        39        28        65       704         7         2
       370        27        31        58       667         3         2
       371        29        43        61       640         2         6
       372        28        27        57       622         6         2
       373        19        39        53       592         2         7
       374        26        27        40       578         2         5
       375        24        29        54       565         6        11
       376        21        28        53       540         2         3
       377        18        19        46       515         7         4
       378        16        26        53       488         5         4
       379        27        24        42       461        11         4
       380        23        21        32       443         3         2
       381        24        18        45       432         4         3
       382        19        16        45       405         4         0
       383        14        27        28       376         4         5
       384        10        23        31       375         2         3
       385        18        24        43       367         3         3
       386        24        19        27       348         0         3
       387        17        14        39       340         5         2
       388        17        10        27       315         3         2
       389        17        18        29       298         3         3
       390        19        24        28       287         3         5
       391        14        17        19       283         2         0
       392        12        17        26       281         2         2
       393        11        17        24       272         3         4
       394        12        19        21       265         5         0
       395         8        14        18       263         0         1
       396        17        12        16       259         2         1
       397        16        11        27       255         4         2
       398        13        12        23       239         0         1
       399        14         8        24       228         1         1
       400        16        17        19       212         1         3
