         1         0         0         0         1         0         0
         2         0         0         0         1         0         0
         3         0         0         0         1         0         0
         4         2         0         0         1         0         0
         5         0         0         0         1         0         0
         6         0         0         0         1         0         0
         7         0         0         0         1         0         0
         8         0         2         0         1         0         0
         9         0         0         0         3         0         0
        10         1         0         0         3         0         0
        11         0         0         0         3         0         0
        12         0         0         0         3         0         0
        13         0         0         0         3         0         0
        14         4         1         0         3         0         1
        15         0         0         0         4         0         0
        16         1         0         0         4         0         0
        17         2         0         0         4         0         0
        18         0         4         1         4         1         1
        19         0         0         0         7         0         0
        20         0         1         0         7         0         0
        21         3         2         0         8         0         1
        22         6         0         2        10         1         0
        23         1         0         0         8         0         0
        24         3         0         0         8         0         0
        25         2         3         0         8         1         1
        26         3         6         0        11         0         0
        27         5         1         0        17         0         0
        28         4         3         1        18         0         1
        29        11         2         0        20         1         0
        30         7         3         0        22         0         0
        31         3         5         0        25         0         2
        32         9         4         4        30         1         0
        33        14        11         0        30         0         2
        34        15         7         1        41         0         1
        35         7         3         2        47         2         0
        36        21         9         0        48         0         0
        37        29        14         0        57         2         0
        38        17        15         0        71         1         1
        39        23         7         3        86         0         0
        40        22        21         6        90         0         1
        41        36        29         1       105         0         4
        42        48        17         3       133         1         3
        43        40        23         2       147         0         1
        44        54        22         3       168         1         2
        45        55        36         5       187         4         7
        46        69        48         4       218         3         4
        47        71        40        11       262         1         1
        48        74        54         7       291         2         6
        49       103        55         3       338         7        10
        50       132        69         9       390         4        12
        51       106        71        14       450         1         5
        52       146        74        15       507         6        12
        53       162       103         7       566        10         9
        54       173       132        21       662        12         9
        55       220       106        29       773         5         9
        56       277       146        17       850        12        15
        57       265       162        23       979         9        24
        58       319       173        22      1118         9        26
        59       390       220        36      1269         9        19
        60       444       277        48      1453        15        24
        61       445       265        40      1682        24        19
        62       547       319        54      1907        26        34
        63       590       390        55      2172        19        33
        64       665       444        69      2507        24        61
        65       808       445        71      2882        19        43
        66       867       547        74      3256        34        53
        67      1043       590       103      3729        33        68
        68      1161       665       132      4216        61        73
        69      1379       808       106      4749        43        75
        70      1545       867       146      5451        53        83
        71      1767      1043       162      6172        68        92
        72      1971      1161       173      7053        73       106
        73      2064      1379       220      8041        75       133
        74      2503      1545       277      9200        83       149
        75      2868      1767       265     10468        92       178
        76      3196      1971       319     11970       106       196
        77      3735      2064       390     13622       133       220
        78      4160      2503       444     15296       149       220
        79      4851      2868       445     17355       178       282
        80      5484      3196       547     19778       196       313
        81      5973      3735       590     22427       220       346
        82      6553      4160       665     25572       220       453
        83      7246      4851       808     29067       282       466
        84      8237      5484       867     33110       313       566
        85      9209      5973      1043     37727       346       567
        86     10299      6553      1161     42657       453       635
        87     11287      7246      1379     48049       466       707
        88     12392      8237      1545     53916       566       810
        89     13350      9209      1767     60608       567       931
        90     14471     10299      1971     68050       635      1057
        91     14988     11287      2064     76378       707      1129
        92     15743     12392      2503     85601       810      1203
        93     16043     13350      2868     95490       931      1342
        94     16374     14471      3196    105972      1057      1415
        95     16143     14988      3735    117247      1129      1511
        96     15715     15743      4160    128500      1203      1623
        97     15322     16043      4851    140083      1342      1616
        98     14703     16374      5484    151275      1415      1612
        99     13875     16143      5973    162165      1511      1570
       100     12509     15715      6553    172335      1623      1573
       101     11614     15322      7246    181497      1616      1504
       102     10613     14703      8237    189573      1612      1493
       103      9960     13875      9209    196039      1570      1388
       104      9166     12509     10299    200705      1573      1219
       105      8603     11614     11287    202915      1504      1210
       106      8163     10613     12392    203242      1493      1084
       107      7820      9960     13350    201463      1388       977
       108      7835      9166     14471    198073      1219       935
       109      7939      8603     14988    192768      1210       801
       110      7829      8163     15743    186383      1084       804
       111      7801      7820     16043    178803       977       799
       112      7846      7835     16374    170580       935       769
       113      7659      7939     16143    162041       801       788
       114      7578      7829     15715    153837       804       747
       115      7335      7801     15322    145951       799       787
       116      7182      7846     14703    138430       769       763
       117      7072      7659     13875    131573       788       793
       118      6589      7578     12509    125357       747       720
       119      6455      7335     11614    120426       787       687
       120      6250      7182     10613    116147       763       720
       121      6091      7072      9960    112716       793       704
       122      5775      6589      9166    109828       720       672
       123      5477      6455      8603    107251       687       630
       124      5281      6250      8163    105103       720       607
       125      5276      6091      7820    103190       704       596
       126      5022      5775      7835    101461       672       569
       127      4839      5477      7939     99401       630       614
       128      4808      5281      7829     96939       607       546
       129      4659      5276      7801     94391       596       564
       130      4375      5022      7846     91866       569       511
       131      4232      4839      7659     89042       614       459
       132      4038      4808      7578     86222       546       503
       133      3841      4659      7335     83452       564       460
       134      3798      4375      7182     80776       511       440
       135      3585      4232      7072     77969       459       411
       136      3427      4038      6589     75129       503       403
       137      3415      3841      6455     72578       460       387
       138      3143      3798      6250     69964       440       399
       139      3009      3585      6091     67512       411       354
       140      2972      3427      5775     65006       403       365
       141      2738      3415      5477     62658       387       327
       142      2695      3143      5281     60596       399       312
       143      2566      3009      5276     58458       354       297
       144      2407      2972      5022     56191       365       304
       145      2234      2738      4839     54141       327       277
       146      2239      2695      4808     52040       312       251
       147      2096      2566      4659     49927       297       227
       148      2065      2407      4375     47834       304       241
       149      1985      2234      4232     45866       277       210
       150      1856      2239      4038     43868       251       210
       151      1766      2096      3841     42069       227       192
       152      1659      2065      3798     40324       241       205
       153      1608      1985      3585     38591       210       192
       154      1520      1856      3427     36991       210       184
       155      1477      1766      3415     35420       192       183
       156      1427      1659      3143     33771       205       160
       157      1390      1608      3009     32287       192       152
       158      1250      1520      2972     30886       184       147
       159      1159      1477      2738     29434       183       127
       160      1157      1427      2695     28173       160       144
       161      1081      1390      2566     26905       152       134
       162      1044      1250      2407     25729       147       120
       163      1018      1159      2234     24572       127        98
       164       929      1157      2239     23497       144       120
       165       887      1081      2096     22415       134       103
       166       787      1044      2065     21400       120        93
       167       799      1018      1985     20379        98       119
       168       737       929      1856     19412       120        93
       169       787       887      1766     18485       103        94
       170       683       787      1659     17606        93        83
       171       657       799      1608     16734       119        83
       172       643       737      1520     15925        93        69
       173       607       787      1477     15142        94        76
       174       580       683      1427     14452        83        58
       175       531       657      1390     13708        83        75
       176       506       643      1250     12975        69        59
       177       450       607      1159     12368        76        62
       178       448       580      1157     11816        58        68
       179       423       531      1081     11239        75        59
       180       393       506      1044     10689        59        54
       181       390       450      1018     10151        62        42
       182       386       448       929      9583        68        31
       183       335       423       887      9102        59        50
       184       353       393       787      8638        54        47
       185       304       390       799      8244        42        42
       186       312       386       737      7835        31        44
       187       284       335       787      7484        50        36
       188       283       353       683      7032        47        38
       189       271       304       657      6702        42        38
       190       224       312       643      6349        44        31
       191       224       284       607      6018        36        35
       192       206       283       580      5695        38        36
       193       199       271       531      5398        38        31
       194       196       224       506      5138        31        28
       195       180       224       450      4856        35        25
       196       199       206       448      4630        36        19
       197       188       199       423      4388        31        20
       198       143       196       393      4164        28        21
       199       143       180       390      3967        25        11
       200       140       199       386      3757        19        17
       201       147       188       335      3570        20        22
       202       115       143       353      3423        21        16
       203       123       143       304      3213        11        11
       204       134       140       312      3052        17        11
       205        96       147       284      2880        22        11
       206       103       115       283      2743        16        10
       207       114       123       271      2575        11        13
       208        95       134       224      2427        11         9
       209        83        96       224      2337        11         9
       210        86       103       206      2209        10         7
       211        83       114       199      2106        13         8
       212        62        95       196      2021         9         8
       213        40        83       180      1920         9         6
       214        75        86       199      1823         7         8
       215        63        83       188      1710         8         5
       216        45        62       143      1605         8         5
       217        55        40       143      1524         6         4
       218        56        75       140      1421         8         7
       219        45        63       147      1356         5         7
       220        42        45       115      1272         5         4
       221        38        55       123      1202         4         9
       222        57        56       134      1134         7         6
       223        46        45        96      1056         7         7
       224        45        42       103      1005         4         4
       225        37        38       114       944         9         4
       226        31        57        95       868         6         4
       227        32        46        83       830         7         5
       228        34        45        86       793         4         4
       229        35        37        83       752         4         5
       230        31        31        62       706         4         1
       231        28        32        40       675         5         2
       232        17        34        75       667         4         3
       233        20        35        63       626         5         7
       234        13        31        45       598         1         3
       235        21        28        55       584         2         2
       236        16        17        56       557         3         1
       237        13        20        45       518         7         2
       238        23        13        42       493         3         2
       239        25        21        38       464         2         2
       240        19        16        57       447         1         3
       241        13        13        46       406         2         2
       242        20        23        45       373         2         4
       243        13        25        37       351         2         2
       244        15        19        31       339         3         4
       245         8        13        32       327         2         2
       246        13        20        34       308         4         0
       247         8        13        35       294         2         1
       248         4        15        31       272         4         3
       249        11         8        28       256         2         1
       250        13        13        17       236         0         2
       251         7         8        20       232         1         1
       252        12         4        13       220         3         0
       253         7        11        21       211         1         1
       254         8        13        16       201         2         2
       255        12         7        13       198         1         1
       256         7        12        23       192         0         0
       257         8         7        25       181         1         0
       258         2         8        19       163         2         2
       259         7        12        13       152         1         2
       260         7         7        20       151         0         1
       261         2         8        13       138         0         2
       262         4         2        15       133         2         0
       263         5         7         8       120         2         1
       264         4         7        13       119         1         0
       265         3         2         8       113         2         0
       266         0         4         4       107         0         0
       267         0         5        11       107         1         1
       268         4         4        13       101         0         0
       269         1         3         7        92         0         1
       270         4         0        12        88         0         0
       271         3         0         7        76         1         0
       272         2         4         8        69         0         0
       273         4         1        12        65         1         0
       274         2         4         7        54         0         0
       275         4         3         8        51         0         1
       276         0         2         2        46         0         0
       277         2         4         7        46         0         0
       278         5         2         7        43         0         0
       279         2         4         2        38         1         0
       280         0         0         4        40         0         0
       281         2         2         5        36         0         0
       282         1         5         4        33         0         1
       283         1         2         3        34         0         0
       284         2         0         0        33         0         0
       285         1         2         0        33         0         0
       286         2         1         4        35         1         0
       287         1         1         1        32         0         0
       288         0         2         4        32         0         0
       289         1         1         3        30         0         0
       290         1         2         2        28         0         0
       291         1         1         4        28         0         0
       292         0         0         2        25         0         0
       293         3         1         4        23         0         0
       294         0         1         0        20         0         0
       295         0         1         2        21         0         1
       296         1         0         5        20         0         0
       297         0         3         2        15         0         1
       298         0         0         0        16         0         0
       299         1         0         2        16         1         0
       300         2         1         1        14         0         0
