       2    1.0000000000000E+000    1.0000000000000E+000    1.0000000000000E+000
       3    1.0000000000000E+000    1.0000000000000E+000    1.0000000000000E+000
       4    1.0000000000000E+000    1.0000000000000E+000    1.0000000000000E+000
       5    1.0000000000000E+000    1.0000000000000E+000    1.0000000000000E+000
       6    1.0000000000000E+000    1.0000000000000E+000    1.0000000000000E+000
       7    9.9999774994886E-001    1.0000000000000E+000    9.9999774994886E-001
       8    9.9998874974432E-001    1.0000000000000E+000    9.9998874974432E-001
       9    9.9997974953978E-001    1.0000000000000E+000    9.9997974953978E-001
      10    9.9997299938639E-001    1.0000000000000E+000    9.9997299938639E-001
      11    9.9996399918186E-001    1.0000000000000E+000    9.9996399918186E-001
      12    9.9996174913073E-001    1.0000000000000E+000    9.9996174913073E-001
      13    9.9995499897735E-001    1.0000000000000E+000    9.9995499897735E-001
      14    9.9994149867060E-001    1.0000000000000E+000    9.9994149867060E-001
      15    9.9992799836388E-001    1.0000000000000E+000    9.9992799836388E-001
      16    9.9991899815942E-001    1.0000000000000E+000    9.9991899815942E-001
      17    9.9990774790387E-001    1.0000000000000E+000    9.9990774790387E-001
      18    9.9989649764835E-001    1.0000000000000E+000    9.9989649764835E-001
      19    9.9988074729068E-001    1.0000000000000E+000    9.9988074729068E-001
      20    9.9986724698415E-001    1.0000000000000E+000    9.9986724698415E-001
      21    9.9983124616706E-001    1.0000000000000E+000    9.9983124616706E-001
      22    9.9979524535047E-001    1.0000000000000E+000    9.9979524535047E-001
      23    9.9974574422866E-001    1.0000000000000E+000    9.9974574422866E-001
      24    9.9971874361734E-001    1.0000000000000E+000    9.9971874361734E-001
      25    9.9968049275207E-001    1.0000000000000E+000    9.9968049275207E-001
      26    9.9962874158307E-001    1.0000000000000E+000    9.9962874158307E-001
      27    9.9958824066968E-001    1.0000000000000E+000    9.9958824066968E-001
      28    9.9951848910011E-001    1.0000000000000E+000    9.9951848910011E-001
      29    9.9943298718301E-001    1.0000000000000E+000    9.9943298718301E-001
      30    9.9934523522463E-001    1.0000000000000E+000    9.9934523522463E-001
      31    9.9922823263023E-001    1.0000000000000E+000    9.9922823263023E-001
      32    9.9912473035358E-001    1.0000000000000E+000    9.9912473035358E-001
      33    9.9900772780373E-001    1.0000000000000E+000    9.9900772780373E-001
      34    9.9887497494513E-001    1.0000000000000E+000    9.9887497494513E-001
      35    9.9868822099467E-001    1.0000000000000E+000    9.9868822099467E-001
      36    9.9847671663602E-001    1.0000000000000E+000    9.9847671663602E-001
      37    9.9828996290411E-001    1.0000000000000E+000    9.9828996290411E-001
      38    9.9803570802408E-001    1.0000000000000E+000    9.9803570802408E-001
      39    9.9781070392299E-001    1.0000000000000E+000    9.9781070392299E-001
      40    9.9747769827953E-001    1.0000000000000E+000    9.9747769827953E-001
      41    9.9711319276507E-001    1.0000000000000E+000    9.9711319276507E-001
      42    9.9671043759320E-001    1.0000000000000E+000    9.9671043759320E-001
      43    9.9618393250611E-001    1.0000000000000E+000    9.9618393250611E-001
      44    9.9564842956109E-001    1.0000000000000E+000    9.9564842956109E-001
      45    9.9504767931868E-001    1.0000000000000E+000    9.9504767931868E-001
      46    9.9442218296590E-001    1.0000000000000E+000    9.9442218296590E-001
      47    9.9360319457898E-001    1.0000000000000E+000    9.9360319457898E-001
      48    9.9268296816540E-001    1.0000000000000E+000    9.9268296816540E-001
      49    9.9161876136101E-001    1.0000000000000E+000    9.9161876136101E-001
      50    9.9040608439914E-001    1.0000000000000E+000    9.9040608439914E-001
      51    9.8899545592153E-001    1.0000000000000E+000    9.8899545592153E-001
      52    9.8749488448428E-001    1.0000000000000E+000    9.8749488448428E-001
      53    9.8568842644765E-001    1.0000000000000E+000    9.8568842644765E-001
      54    9.8370885648134E-001    1.0000000000000E+000    9.8370885648134E-001
      55    9.8141901775245E-001    1.0000000000000E+000    9.8141901775245E-001
      56    9.7867282564020E-001    1.0000000000000E+000    9.7867282564020E-001
      57    9.7564137697441E-001    1.0000000000000E+000    9.7564137697441E-001
      58    9.7224391231843E-001    1.0000000000000E+000    9.7224391231843E-001
      59    9.6831437807340E-001    1.0000000000000E+000    9.6831437807340E-001
      60    9.6397012986427E-001    1.0000000000000E+000    9.6397012986427E-001
      61    9.5867936801424E-001    1.0000000000000E+000    9.5867936801424E-001
      62    9.5307217712556E-001    1.0000000000000E+000    9.5307217712556E-001
      63    9.4655710184898E-001    1.0000000000000E+000    9.4655710184898E-001
      64    9.3927328569178E-001    1.0000000000000E+000    9.3927328569178E-001
      65    9.3096600251340E-001    1.0000000000000E+000    9.3096600251340E-001
      66    9.2159514055531E-001    1.0000000000000E+000    9.2159514055531E-001
      67    9.1065811427755E-001    1.0000000000000E+000    9.1065811427755E-001
      68    8.9877440238163E-001    1.0000000000000E+000    8.9877440238163E-001
      69    8.8503959786624E-001    1.0000000000000E+000    8.8503959786624E-001
      70    8.6987216108712E-001    1.0000000000000E+000    8.6987216108712E-001
      71    8.5282758992835E-001    1.0000000000000E+000    8.5282758992835E-001
      72    8.3364287432945E-001    1.0000000000000E+000    8.3364287432945E-001
      73    8.1245258173316E-001    1.0000000000000E+000    8.1245258173316E-001
      74    7.8927917889158E-001    1.0000000000000E+000    7.8927917889158E-001
      75    7.6347042012755E-001    1.0000000000000E+000    7.6347042012755E-001
      76    7.3507543237222E-001    1.0000000000000E+000    7.3507543237222E-001
      77    7.0415999798796E-001    1.0000000000000E+000    7.0415999798796E-001
      78    6.7093810307343E-001    1.0000000000000E+000    6.7093810307343E-001
      79    6.3529054457190E-001    1.0000000000000E+000    6.3529054457190E-001
      80    5.9811366596758E-001    1.0000000000000E+000    5.9811366596758E-001
      81    5.5975888229131E-001    1.0000000000000E+000    5.5975888229131E-001
      82    5.1993677776678E-001    1.0000000000000E+000    5.1993677776678E-001
      83    4.7938221754492E-001    1.0000000000000E+000    4.7938221754492E-001
      84    4.3915123779043E-001    1.0000000000000E+000    4.3915123779043E-001
      85    4.0025999180017E-001    1.0000000000000E+000    4.0025999180017E-001
      86    3.6294804916623E-001    1.0000000000000E+000    3.6294804916623E-001
      87    3.2758476608638E-001    1.0000000000000E+000    3.2758476608638E-001
      88    2.9470356779380E-001    1.0000000000000E+000    2.9470356779380E-001
      89    2.6460428396887E-001    1.0000000000000E+000    2.6460428396887E-001
      90    2.3786205311233E-001    1.0000000000000E+000    2.3786205311233E-001
      91    2.1433738232759E-001    1.0000000000000E+000    2.1433738232759E-001
      92    1.9344348860716E-001    1.0000000000000E+000    1.9344348860716E-001
      93    1.7530992496620E-001    1.0000000000000E+000    1.7530992496620E-001
      94    1.5953894103011E-001    1.0000000000000E+000    1.5953894103011E-001
      95    1.4611497222462E-001    1.0000000000000E+000    1.4611497222462E-001
      96    1.3450592056426E-001    1.0000000000000E+000    1.3450592056426E-001
      97    1.2470288863465E-001    1.0000000000000E+000    1.2470288863465E-001
      98    1.1625721081359E-001    1.0000000000000E+000    1.1625721081359E-001
      99    1.0902259098335E-001    1.0000000000000E+000    1.0902259098335E-001
     100    1.0279472580803E-001    1.0000000000000E+000    1.0279472580803E-001
     101    9.7347524019477E-002    1.0000000000000E+000    9.7347524019477E-002
     102    9.2729566639590E-002    1.0000000000000E+000    9.2729566639590E-002
     103    8.8681866111895E-002    1.0000000000000E+000    8.8681866111895E-002
     104    8.5110946437893E-002    1.0000000000000E+000    8.5110946437893E-002
     105    8.2004740192068E-002    1.0000000000000E+000    8.2004740192068E-002
     106    7.9317872977712E-002    1.0000000000000E+000    7.9317872977712E-002
     107    7.6989982481354E-002    1.0000000000000E+000    7.6989982481354E-002
     108    7.4958866286446E-002    1.0000000000000E+000    7.4958866286446E-002
     109    7.3198038956409E-002    1.0000000000000E+000    7.3198038956409E-002
     110    7.1637405917609E-002    1.0000000000000E+000    7.1637405917609E-002
     111    7.0217785085696E-002    1.0000000000000E+000    7.0217785085696E-002
     112    6.8976111835754E-002    1.0000000000000E+000    6.8976111835754E-002
     113    6.7914186742588E-002    1.0000000000000E+000    6.7914186742588E-002
     114    6.6979131647748E-002    1.0000000000000E+000    6.6979131647748E-002
     115    6.6153641236444E-002    1.0000000000000E+000    6.6153641236444E-002
     116    6.5429818293396E-002    1.0000000000000E+000    6.5429818293396E-002
     117    6.4758364736595E-002    1.0000000000000E+000    6.4758364736595E-002
     118    6.4187451266482E-002    1.0000000000000E+000    6.4187451266482E-002
     119    6.3682827500715E-002    1.0000000000000E+000    6.3682827500715E-002
     120    6.3239732688078E-002    1.0000000000000E+000    6.3239732688078E-002
     121    6.2852546756268E-002    1.0000000000000E+000    6.2852546756268E-002
     122    6.2482496525056E-002    1.0000000000000E+000    6.2482496525056E-002
     123    6.2166196240307E-002    1.0000000000000E+000    6.2166196240307E-002
     124    6.1896985129693E-002    1.0000000000000E+000    6.1896985129693E-002
     125    6.1653587532864E-002    1.0000000000000E+000    6.1653587532864E-002
     126    6.1428147609915E-002    1.0000000000000E+000    6.1428147609915E-002
     127    6.1227477019546E-002    1.0000000000000E+000    6.1227477019546E-002
     128    6.1039546292470E-002    1.0000000000000E+000    6.1039546292470E-002
     129    6.0889009014390E-002    1.0000000000000E+000    6.0889009014390E-002
     130    6.0748567973279E-002    1.0000000000000E+000    6.0748567973279E-002
     131    6.0627561358065E-002    1.0000000000000E+000    6.0627561358065E-002
     132    6.0518470492803E-002    1.0000000000000E+000    6.0518470492803E-002
     133    6.0425018620475E-002    1.0000000000000E+000    6.0425018620475E-002
     134    6.0343553614147E-002    1.0000000000000E+000    6.0343553614147E-002
     135    6.0259990187962E-002    1.0000000000000E+000    6.0259990187962E-002
     136    6.0191680177614E-002    1.0000000000000E+000    6.0191680177614E-002
     137    6.0125903387186E-002    1.0000000000000E+000    6.0125903387186E-002
     138    6.0076847766898E-002    1.0000000000000E+000    6.0076847766898E-002
     139    6.0027395604643E-002    1.0000000000000E+000    6.0027395604643E-002
     140    5.9986406372102E-002    1.0000000000000E+000    5.9986406372102E-002
     141    5.9949212061971E-002    1.0000000000000E+000    5.9949212061971E-002
     142    5.9913592813547E-002    1.0000000000000E+000    5.9913592813547E-002
     143    5.9880429444593E-002    1.0000000000000E+000    5.9880429444593E-002
     144    5.9852367906613E-002    1.0000000000000E+000    5.9852367906613E-002
     145    5.9827191908193E-002    1.0000000000000E+000    5.9827191908193E-002
     146    5.9808428391341E-002    1.0000000000000E+000    5.9808428391341E-002
     147    5.9790554268827E-002    1.0000000000000E+000    5.9790554268827E-002
     148    5.9774009727123E-002    1.0000000000000E+000    5.9774009727123E-002
     149    5.9759895953357E-002    1.0000000000000E+000    5.9759895953357E-002
     150    5.9745565642650E-002    1.0000000000000E+000    5.9745565642650E-002
     151    5.9735206230436E-002    1.0000000000000E+000    5.9735206230436E-002
     152    5.9725950661624E-002    1.0000000000000E+000    5.9725950661624E-002
     153    5.9718018652545E-002    1.0000000000000E+000    5.9718018652545E-002
     154    5.9708545923876E-002    1.0000000000000E+000    5.9708545923876E-002
     155    5.9702378580733E-002    1.0000000000000E+000    5.9702378580733E-002
     156    5.9695991761230E-002    1.0000000000000E+000    5.9695991761230E-002
     157    5.9688064408017E-002    1.0000000000000E+000    5.9688064408017E-002
     158    5.9684761707801E-002    1.0000000000000E+000    5.9684761707801E-002
     159    5.9680358440207E-002    1.0000000000000E+000    5.9680358440207E-002
     160    5.9677496520151E-002    1.0000000000000E+000    5.9677496520151E-002
     161    5.9674634760718E-002    1.0000000000000E+000    5.9674634760718E-002
     162    5.9672213397418E-002    1.0000000000000E+000    5.9672213397418E-002
     163    5.9669572041329E-002    1.0000000000000E+000    5.9669572041329E-002
     164    5.9667591114064E-002    1.0000000000000E+000    5.9667591114064E-002
     165    5.9665170085270E-002    1.0000000000000E+000    5.9665170085270E-002
     166    5.9662969249775E-002    1.0000000000000E+000    5.9662969249775E-002
     167    5.9660768509297E-002    1.0000000000000E+000    5.9660768509297E-002
     168    5.9660328372603E-002    1.0000000000000E+000    5.9660328372603E-002
     169    5.9658567863833E-002    1.0000000000000E+000    5.9658567863833E-002
     170    5.9656807415870E-002    1.0000000000000E+000    5.9656807415870E-002
     171    5.9654826984591E-002    1.0000000000000E+000    5.9654826984591E-002
     172    5.9654606941421E-002    1.0000000000000E+000    5.9654606941421E-002
     173    5.9653946817612E-002    1.0000000000000E+000    5.9653946817612E-002
     174    5.9653506739823E-002    1.0000000000000E+000    5.9653506739823E-002
     175    5.9653506739823E-002    1.0000000000000E+000    5.9653506739823E-002
     176    5.9653066665834E-002    1.0000000000000E+000    5.9653066665834E-002
     177    5.9652406561976E-002    1.0000000000000E+000    5.9652406561976E-002
     178    5.9652186529256E-002    1.0000000000000E+000    5.9652186529256E-002
     179    5.9651746466667E-002    1.0000000000000E+000    5.9651746466667E-002
     180    5.9651306407878E-002    1.0000000000000E+000    5.9651306407878E-002
     181    5.9651086379908E-002    1.0000000000000E+000    5.9651086379908E-002
     182    5.9650866352888E-002    1.0000000000000E+000    5.9650866352888E-002
     183    5.9650646326819E-002    1.0000000000000E+000    5.9650646326819E-002
     184    5.9650646326819E-002    1.0000000000000E+000    5.9650646326819E-002
     185    5.9650646326819E-002    1.0000000000000E+000    5.9650646326819E-002
     186    5.9650206277529E-002    1.0000000000000E+000    5.9650206277529E-002
     187    5.9649986254309E-002    1.0000000000000E+000    5.9649986254309E-002
     188    5.9649766232039E-002    1.0000000000000E+000    5.9649766232039E-002
     189    5.9649546210719E-002    1.0000000000000E+000    5.9649546210719E-002
     190    5.9649546210719E-002    1.0000000000000E+000    5.9649546210719E-002
     191    5.9649326190349E-002    1.0000000000000E+000    5.9649326190349E-002
     192    5.9649326190349E-002    1.0000000000000E+000    5.9649326190349E-002
     193    5.9649106170929E-002    1.0000000000000E+000    5.9649106170929E-002
     194    5.9649106170929E-002    1.0000000000000E+000    5.9649106170929E-002
     195    5.9649106170929E-002    1.0000000000000E+000    5.9649106170929E-002
     196    5.9649106170929E-002    1.0000000000000E+000    5.9649106170929E-002
     197    5.9648886152459E-002    1.0000000000000E+000    5.9648886152459E-002
     198    5.9648886152459E-002    1.0000000000000E+000    5.9648886152459E-002
     199    5.9648886152459E-002    1.0000000000000E+000    5.9648886152459E-002
     200    5.9648886152459E-002    1.0000000000000E+000    5.9648886152459E-002
