       0    0.0000000000000E+000    9.9999000000000E+005    1.0000000000000E+001    0.0000000000000E+000    0.0000000000000E+000    1.0000000000000E+001
       1    0.0000000000000E+000    9.9999000000000E+005    1.0000000000000E+001    0.0000000000000E+000    0.0000000000000E+000    1.0000000000000E+001
       2    1.0000000000000E+000    9.9998900000000E+005    1.0000000000000E+001    0.0000000000000E+000    0.0000000000000E+000    1.0000000000000E+001
       3    5.0000000000000E+000    9.9998500000000E+005    1.0000000000000E+001    0.0000000000000E+000    0.0000000000000E+000    1.0000000000000E+001
       4    9.0000000000000E+000    9.9998100000000E+005    1.0000000000000E+001    0.0000000000000E+000    0.0000000000000E+000    1.0000000000000E+001
       5    1.2000000000000E+001    9.9997800000000E+005    1.0000000000000E+001   -1.0000000000000E+000    1.0000000000000E+000    1.0000000000000E+001
       6    1.5000000000000E+001    9.9997400000000E+005    1.1000000000000E+001   -1.0000000000000E+000    1.0000000000000E+000    1.1000000000000E+001
       7    1.2000000000000E+001    9.9997300000000E+005    1.5000000000000E+001   -1.0000000000000E+000    1.0000000000000E+000    1.5000000000000E+001
       8    1.1000000000000E+001    9.9997000000000E+005    1.9000000000000E+001   -1.0000000000000E+000    1.0000000000000E+000    1.9000000000000E+001
       9    1.4000000000000E+001    9.9996400000000E+005    2.2000000000000E+001   -1.0000000000000E+000    1.0000000000000E+000    2.2000000000000E+001
      10    1.6000000000000E+001    9.9995800000000E+005    2.6000000000000E+001   -1.0000000000000E+000    1.0000000000000E+000    2.6000000000000E+001
      11    1.9000000000000E+001    9.9995400000000E+005    2.7000000000000E+001   -1.0000000000000E+000    1.0000000000000E+000    2.7000000000000E+001
      12    2.1000000000000E+001    9.9994900000000E+005    3.0000000000000E+001   -2.0000000000000E+000    2.0000000000000E+000    3.0000000000000E+001
      13    2.0000000000000E+001    9.9994400000000E+005    3.6000000000000E+001   -2.0000000000000E+000    2.0000000000000E+000    3.6000000000000E+001
      14    2.1000000000000E+001    9.9993700000000E+005    4.2000000000000E+001   -2.0000000000000E+000    2.0000000000000E+000    4.2000000000000E+001
      15    2.3000000000000E+001    9.9993100000000E+005    4.6000000000000E+001   -3.0000000000000E+000    3.0000000000000E+000    4.6000000000000E+001
      16    3.4000000000000E+001    9.9991500000000E+005    5.1000000000000E+001   -3.0000000000000E+000    3.0000000000000E+000    5.1000000000000E+001
      17    4.5000000000000E+001    9.9989900000000E+005    5.6000000000000E+001   -3.0000000000000E+000    3.0000000000000E+000    5.6000000000000E+001
      18    6.0000000000000E+001    9.9987700000000E+005    5.3000000000000E+001    6.0000000000000E+000    4.0000000000000E+000    6.3000000000000E+001
      19    6.6000000000000E+001    9.9986500000000E+005    5.9000000000000E+001    5.0000000000000E+000    5.0000000000000E+000    6.9000000000000E+001
      20    6.7000000000000E+001    9.9984800000000E+005    7.4000000000000E+001    5.0000000000000E+000    6.0000000000000E+000    8.5000000000000E+001
      21    7.4000000000000E+001    9.9982500000000E+005    8.6000000000000E+001    9.0000000000000E+000    6.0000000000000E+000    1.0100000000000E+002
      22    7.0000000000000E+001    9.9980700000000E+005    1.0400000000000E+002    1.2000000000000E+001    7.0000000000000E+000    1.2300000000000E+002
      23    8.9000000000000E+001    9.9977600000000E+005    1.1300000000000E+002    1.5000000000000E+001    7.0000000000000E+000    1.3500000000000E+002
      24    1.1000000000000E+002    9.9973800000000E+005    1.2600000000000E+002    1.9000000000000E+001    7.0000000000000E+000    1.5200000000000E+002
      25    1.2600000000000E+002    9.9969900000000E+005    1.4800000000000E+002    1.9000000000000E+001    8.0000000000000E+000    1.7500000000000E+002
      26    1.6000000000000E+002    9.9964700000000E+005    1.6300000000000E+002    2.0000000000000E+001    1.0000000000000E+001    1.9300000000000E+002
      27    1.7500000000000E+002    9.9960100000000E+005    1.8800000000000E+002    2.4000000000000E+001    1.2000000000000E+001    2.2400000000000E+002
      28    1.8900000000000E+002    9.9954900000000E+005    2.2000000000000E+002    3.0000000000000E+001    1.2000000000000E+001    2.6200000000000E+002
      29    2.0900000000000E+002    9.9949000000000E+005    2.5500000000000E+002    3.2000000000000E+001    1.4000000000000E+001    3.0100000000000E+002
      30    2.4000000000000E+002    9.9940700000000E+005    3.0200000000000E+002    3.7000000000000E+001    1.4000000000000E+001    3.5300000000000E+002
      31    2.8800000000000E+002    9.9931300000000E+005    3.4300000000000E+002    4.2000000000000E+001    1.4000000000000E+001    3.9900000000000E+002
      32    3.1900000000000E+002    9.9923000000000E+005    3.8800000000000E+002    4.3000000000000E+001    2.0000000000000E+001    4.5100000000000E+002
      33    3.7300000000000E+002    9.9911700000000E+005    4.4100000000000E+002    4.6000000000000E+001    2.3000000000000E+001    5.1000000000000E+002
      34    3.9000000000000E+002    9.9901700000000E+005    5.0800000000000E+002    5.6000000000000E+001    2.9000000000000E+001    5.9300000000000E+002
      35    4.4400000000000E+002    9.9886900000000E+005    5.8600000000000E+002    6.7000000000000E+001    3.4000000000000E+001    6.8700000000000E+002
      36    5.2300000000000E+002    9.9870700000000E+005    6.4700000000000E+002    8.4000000000000E+001    3.9000000000000E+001    7.7000000000000E+002
      37    5.8900000000000E+002    9.9852800000000E+005    7.4800000000000E+002    8.6000000000000E+001    4.9000000000000E+001    8.8300000000000E+002
      38    7.2300000000000E+002    9.9829400000000E+005    8.3100000000000E+002    9.8000000000000E+001    5.4000000000000E+001    9.8300000000000E+002
      39    8.1300000000000E+002    9.9805600000000E+005    9.5600000000000E+002    1.1100000000000E+002    6.4000000000000E+001    1.1310000000000E+003
      40    9.1800000000000E+002    9.9778900000000E+005    1.1000000000000E+003    1.2500000000000E+002    6.8000000000000E+001    1.2930000000000E+003
      41    1.0170000000000E+003    9.9751100000000E+005    1.2480000000000E+003    1.5100000000000E+002    7.3000000000000E+001    1.4720000000000E+003
      42    1.1470000000000E+003    9.9714700000000E+005    1.4440000000000E+003    1.7100000000000E+002    9.1000000000000E+001    1.7060000000000E+003
      43    1.3180000000000E+003    9.9673800000000E+005    1.6430000000000E+003    1.9400000000000E+002    1.0700000000000E+002    1.9440000000000E+003
      44    1.5240000000000E+003    9.9626500000000E+005    1.8580000000000E+003    2.2500000000000E+002    1.2800000000000E+002    2.2110000000000E+003
      45    1.7850000000000E+003    9.9572600000000E+005    2.0900000000000E+003    2.5200000000000E+002    1.4700000000000E+002    2.4890000000000E+003
      46    2.0480000000000E+003    9.9509900000000E+005    2.4020000000000E+003    2.8000000000000E+002    1.7100000000000E+002    2.8530000000000E+003
      47    2.3060000000000E+003    9.9443200000000E+005    2.7520000000000E+003    3.2300000000000E+002    1.8700000000000E+002    3.2620000000000E+003
      48    2.6360000000000E+003    9.9362900000000E+005    3.1420000000000E+003    3.7800000000000E+002    2.1500000000000E+002    3.7350000000000E+003
      49    2.9770000000000E+003    9.9274900000000E+005    3.5870000000000E+003    4.4000000000000E+002    2.4700000000000E+002    4.2740000000000E+003
      50    3.3680000000000E+003    9.9173100000000E+005    4.1310000000000E+003    4.9000000000000E+002    2.8000000000000E+002    4.9010000000000E+003
      51    3.9220000000000E+003    9.9051000000000E+005    4.6850000000000E+003    5.6000000000000E+002    3.2300000000000E+002    5.5680000000000E+003
      52    4.4670000000000E+003    9.8916200000000E+005    5.3880000000000E+003    6.0300000000000E+002    3.8000000000000E+002    6.3710000000000E+003
      53    5.0980000000000E+003    9.8765100000000E+005    6.1200000000000E+003    6.9500000000000E+002    4.3600000000000E+002    7.2510000000000E+003
      54    5.8280000000000E+003    9.8590300000000E+005    6.9760000000000E+003    7.9600000000000E+002    4.9700000000000E+002    8.2690000000000E+003
      55    6.5400000000000E+003    9.8397000000000E+005    8.0180000000000E+003    9.1300000000000E+002    5.5900000000000E+002    9.4900000000000E+003
      56    7.5470000000000E+003    9.8161500000000E+005    9.1320000000000E+003    1.0760000000000E+003    6.3000000000000E+002    1.0838000000000E+004
      57    8.5330000000000E+003    9.7911800000000E+005    1.0405000000000E+004    1.2200000000000E+003    7.2400000000000E+002    1.2349000000000E+004
      58    9.6880000000000E+003    9.7621500000000E+005    1.1886000000000E+004    1.4000000000000E+003    8.1100000000000E+002    1.4097000000000E+004
      59    1.1003000000000E+004    9.7296700000000E+005    1.3541000000000E+004    1.5800000000000E+003    9.0900000000000E+002    1.6030000000000E+004
      60    1.2356000000000E+004    9.6925900000000E+005    1.5532000000000E+004    1.8170000000000E+003    1.0360000000000E+003    1.8385000000000E+004
      61    1.4047000000000E+004    9.6507100000000E+005    1.7620000000000E+004    2.0860000000000E+003    1.1760000000000E+003    2.0882000000000E+004
      62    1.6040000000000E+004    9.6017500000000E+005    2.0050000000000E+004    2.3690000000000E+003    1.3660000000000E+003    2.3785000000000E+004
      63    1.8123000000000E+004    9.5484400000000E+005    2.2759000000000E+004    2.7220000000000E+003    1.5520000000000E+003    2.7033000000000E+004
      64    2.0593000000000E+004    9.4866600000000E+005    2.5840000000000E+004    3.0880000000000E+003    1.8130000000000E+003    3.0741000000000E+004
      65    2.3251000000000E+004    9.4182000000000E+005    2.9361000000000E+004    3.5120000000000E+003    2.0560000000000E+003    3.4929000000000E+004
      66    2.6082000000000E+004    9.3409300000000E+005    3.3454000000000E+004    4.0350000000000E+003    2.3360000000000E+003    3.9825000000000E+004
      67    2.9497000000000E+004    9.2534700000000E+005    3.7905000000000E+004    4.5870000000000E+003    2.6640000000000E+003    4.5156000000000E+004
      68    3.3048000000000E+004    9.1561800000000E+005    4.3065000000000E+004    5.2010000000000E+003    3.0680000000000E+003    5.1334000000000E+004
      69    3.6936000000000E+004    9.0488400000000E+005    4.8690000000000E+004    5.9840000000000E+003    3.5060000000000E+003    5.8180000000000E+004
      70    4.1297000000000E+004    8.9279600000000E+005    5.5069000000000E+004    6.8300000000000E+003    4.0080000000000E+003    6.5907000000000E+004
      71    4.6037000000000E+004    8.7931000000000E+005    6.2304000000000E+004    7.7960000000000E+003    4.5530000000000E+003    7.4653000000000E+004
      72    5.1248000000000E+004    8.6437000000000E+005    7.0285000000000E+004    8.9220000000000E+003    5.1750000000000E+003    8.4382000000000E+004
      73    5.6915000000000E+004    8.4796900000000E+005    7.9086000000000E+004    1.0216000000000E+004    5.8140000000000E+003    9.5116000000000E+004
      74    6.2891000000000E+004    8.2990500000000E+005    8.8819000000000E+004    1.1750000000000E+004    6.6350000000000E+003    1.0720400000000E+005
      75    6.8846000000000E+004    8.1046400000000E+005    9.9808000000000E+004    1.3389000000000E+004    7.4930000000000E+003    1.2069000000000E+005
      76    7.4723000000000E+004    7.8964700000000E+005    1.1184500000000E+005    1.5335000000000E+004    8.4500000000000E+003    1.3563000000000E+005
      77    8.0906000000000E+004    7.6706300000000E+005    1.2499800000000E+005    1.7539000000000E+004    9.4940000000000E+003    1.5203100000000E+005
      78    8.7060000000000E+004    7.4284500000000E+005    1.3935400000000E+005    2.0027000000000E+004    1.0714000000000E+004    1.7009500000000E+005
      79    9.3115000000000E+004    7.1734900000000E+005    1.5460700000000E+005    2.2824000000000E+004    1.2105000000000E+004    1.8953600000000E+005
      80    9.8646000000000E+004    6.9100100000000E+005    1.7052800000000E+005    2.6241000000000E+004    1.3584000000000E+004    2.1035300000000E+005
      81    1.0327400000000E+005    6.6378900000000E+005    1.8778100000000E+005    2.9916000000000E+004    1.5240000000000E+004    2.3293700000000E+005
      82    1.0701300000000E+005    6.3583200000000E+005    2.0582100000000E+005    3.4187000000000E+004    1.7147000000000E+004    2.5715500000000E+005
      83    1.0987100000000E+005    6.0747800000000E+005    2.2447100000000E+005    3.9089000000000E+004    1.9091000000000E+004    2.8265100000000E+005
      84    1.1197700000000E+005    5.7902400000000E+005    2.4309200000000E+005    4.4770000000000E+004    2.1137000000000E+004    3.0899900000000E+005
      85    1.1256200000000E+005    5.5122700000000E+005    2.6155800000000E+005    5.1264000000000E+004    2.3389000000000E+004    3.3621100000000E+005
      86    1.1151200000000E+005    5.2432000000000E+005    2.7978600000000E+005    5.8620000000000E+004    2.5762000000000E+004    3.6416800000000E+005
      87    1.0946200000000E+005    4.9801600000000E+005    2.9740600000000E+005    6.6825000000000E+004    2.8291000000000E+004    3.9252200000000E+005
      88    1.0611600000000E+005    4.7290800000000E+005    3.1377200000000E+005    7.6254000000000E+004    3.0950000000000E+004    4.2097600000000E+005
      89    1.0228100000000E+005    4.4894600000000E+005    3.2808300000000E+005    8.7014000000000E+004    3.3676000000000E+004    4.4877300000000E+005
      90    9.7674000000000E+004    4.2664600000000E+005    3.4005000000000E+005    9.9131000000000E+004    3.6499000000000E+004    4.7568000000000E+005
      91    9.2363000000000E+004    4.0565300000000E+005    3.4995300000000E+005    1.1263100000000E+005    3.9400000000000E+004    5.0198400000000E+005
      92    8.6456000000000E+004    3.8645200000000E+005    3.5699700000000E+005    1.2780400000000E+005    4.2291000000000E+004    5.2709200000000E+005
      93    8.0314000000000E+004    3.6863200000000E+005    3.6151800000000E+005    1.4449000000000E+005    4.5046000000000E+004    5.5105400000000E+005
      94    7.4375000000000E+004    3.5227100000000E+005    3.6300100000000E+005    1.6264800000000E+005    4.7705000000000E+004    5.7335400000000E+005
      95    6.8400000000000E+004    3.3725300000000E+005    3.6141000000000E+005    1.8262900000000E+005    5.0308000000000E+004    5.9434700000000E+005
      96    6.3142000000000E+004    3.2331000000000E+005    3.5639300000000E+005    2.0429400000000E+005    5.2861000000000E+004    6.1354800000000E+005
      97    5.7808000000000E+004    3.1082400000000E+005    3.4871700000000E+005    2.2745000000000E+005    5.5201000000000E+004    6.3136800000000E+005
      98    5.2952000000000E+004    2.9931900000000E+005    3.3873000000000E+005    2.5152100000000E+005    5.7478000000000E+004    6.4772900000000E+005
      99    4.8565000000000E+004    2.8868800000000E+005    3.2653600000000E+005    2.7665600000000E+005    5.9555000000000E+004    6.6274700000000E+005
     100    4.4272000000000E+004    2.7903800000000E+005    3.1252200000000E+005    3.0265500000000E+005    6.1513000000000E+004    6.7669000000000E+005
     101    4.0462000000000E+004    2.7036200000000E+005    2.9665400000000E+005    3.2927100000000E+005    6.3251000000000E+004    6.8917600000000E+005
     102    3.6740000000000E+004    2.6257900000000E+005    2.7970500000000E+005    3.5603700000000E+005    6.4939000000000E+004    7.0068100000000E+005
     103    3.3116000000000E+004    2.5557200000000E+005    2.6253900000000E+005    3.8235000000000E+005    6.6423000000000E+004    7.1131200000000E+005
     104    2.9714000000000E+004    2.4932400000000E+005    2.4528200000000E+005    4.0780400000000E+005    6.7876000000000E+004    7.2096200000000E+005
     105    2.6718000000000E+004    2.4364400000000E+005    2.2765400000000E+005    4.3289000000000E+005    6.9094000000000E+004    7.2963800000000E+005
     106    2.4224000000000E+004    2.3835500000000E+005    2.1032900000000E+005    4.5676500000000E+005    7.0327000000000E+004    7.3742100000000E+005
     107    2.1943000000000E+004    2.3362900000000E+005    1.9337400000000E+005    4.7969200000000E+005    7.1362000000000E+004    7.4442800000000E+005
     108    1.9814000000000E+004    2.2951000000000E+005    1.7732200000000E+005    5.0101200000000E+005    7.2342000000000E+004    7.5067600000000E+005
     109    1.7822000000000E+004    2.2582200000000E+005    1.6200900000000E+005    5.2115300000000E+005    7.3194000000000E+004    7.5635600000000E+005
     110    1.5838000000000E+004    2.2251700000000E+005    1.4809700000000E+005    5.3952800000000E+005    7.4020000000000E+004    7.6164500000000E+005
     111    1.4049000000000E+004    2.1958000000000E+005    1.3500300000000E+005    5.5663300000000E+005    7.4735000000000E+004    7.6637100000000E+005
     112    1.2688000000000E+004    2.1682200000000E+005    1.2276100000000E+005    5.7238800000000E+005    7.5341000000000E+004    7.7049000000000E+005
     113    1.1371000000000E+004    2.1445100000000E+005    1.1143100000000E+005    5.8682600000000E+005    7.5921000000000E+004    7.7417800000000E+005
     114    1.0182000000000E+004    2.1233500000000E+005    1.0079300000000E+005    6.0026100000000E+005    7.6429000000000E+004    7.7748300000000E+005
     115    9.1190000000000E+003    2.1046100000000E+005    9.1244000000000E+004    6.1228100000000E+005    7.6895000000000E+004    7.8042000000000E+005
     116    8.0110000000000E+003    2.0881100000000E+005    8.2497000000000E+004    6.2339200000000E+005    7.7289000000000E+004    7.8317800000000E+005
     117    7.2280000000000E+003    2.0722300000000E+005    7.4237000000000E+004    6.3364300000000E+005    7.7669000000000E+004    7.8554900000000E+005
     118    6.4780000000000E+003    2.0585700000000E+005    6.6703000000000E+004    6.4295500000000E+005    7.8007000000000E+004    7.8766500000000E+005
     119    5.7730000000000E+003    2.0468800000000E+005    5.9901000000000E+004    6.5137100000000E+005    7.8267000000000E+004    7.8953900000000E+005
     120    5.1850000000000E+003    2.0362600000000E+005    5.3768000000000E+004    6.5886900000000E+005    7.8552000000000E+004    7.9118900000000E+005
     121    4.5850000000000E+003    2.0263800000000E+005    4.8349000000000E+004    6.6562700000000E+005    7.8801000000000E+004    7.9277700000000E+005
     122    4.1020000000000E+003    2.0175500000000E+005    4.3467000000000E+004    6.7164200000000E+005    7.9034000000000E+004    7.9414300000000E+005
     123    3.7630000000000E+003    2.0092500000000E+005    3.8956000000000E+004    6.7714200000000E+005    7.9214000000000E+004    7.9531200000000E+005
     124    3.3680000000000E+003    2.0025800000000E+005    3.4729000000000E+004    6.8228300000000E+005    7.9362000000000E+004    7.9637400000000E+005
     125    3.0040000000000E+003    1.9963400000000E+005    3.0991000000000E+004    6.8685300000000E+005    7.9518000000000E+004    7.9736200000000E+005
     126    2.6600000000000E+003    1.9909500000000E+005    2.7755000000000E+004    6.9083900000000E+005    7.9651000000000E+004    7.9824500000000E+005
     127    2.3170000000000E+003    1.9860800000000E+005    2.4897000000000E+004    6.9439500000000E+005    7.9783000000000E+004    7.9907500000000E+005
     128    2.0680000000000E+003    1.9819000000000E+005    2.2259000000000E+004    6.9759200000000E+005    7.9891000000000E+004    7.9974200000000E+005
     129    1.8090000000000E+003    1.9782500000000E+005    1.9946000000000E+004    7.0043400000000E+005    7.9986000000000E+004    8.0036600000000E+005
     130    1.6450000000000E+003    1.9745000000000E+005    1.7727000000000E+004    7.0309800000000E+005    8.0080000000000E+004    8.0090500000000E+005
     131    1.4650000000000E+003    1.9714300000000E+005    1.5843000000000E+004    7.0536300000000E+005    8.0186000000000E+004    8.0139200000000E+005
     132    1.3430000000000E+003    1.9684700000000E+005    1.4145000000000E+004    7.0741400000000E+005    8.0251000000000E+004    8.0181000000000E+005
     133    1.1990000000000E+003    1.9662600000000E+005    1.2636000000000E+004    7.0923400000000E+005    8.0305000000000E+004    8.0217500000000E+005
     134    1.0470000000000E+003    1.9640300000000E+005    1.1361000000000E+004    7.1080900000000E+005    8.0380000000000E+004    8.0255000000000E+005
     135    9.2500000000000E+002    1.9621800000000E+005    1.0080000000000E+004    7.1234600000000E+005    8.0431000000000E+004    8.0285700000000E+005
     136    7.9700000000000E+002    1.9605000000000E+005    9.0100000000000E+003    7.1368300000000E+005    8.0460000000000E+004    8.0315300000000E+005
     137    7.3700000000000E+002    1.9588900000000E+005    8.0620000000000E+003    7.1480800000000E+005    8.0504000000000E+004    8.0337400000000E+005
     138    6.6400000000000E+002    1.9573900000000E+005    7.2230000000000E+003    7.1582900000000E+005    8.0545000000000E+004    8.0359700000000E+005
     139    6.0600000000000E+002    1.9561200000000E+005    6.4200000000000E+003    7.1677900000000E+005    8.0583000000000E+004    8.0378200000000E+005
     140    5.5200000000000E+002    1.9549800000000E+005    5.7050000000000E+003    7.1763900000000E+005    8.0606000000000E+004    8.0395000000000E+005
     141    4.7600000000000E+002    1.9541300000000E+005    5.0360000000000E+003    7.1844800000000E+005    8.0627000000000E+004    8.0411100000000E+005
     142    4.0700000000000E+002    1.9533200000000E+005    4.5190000000000E+003    7.1909500000000E+005    8.0647000000000E+004    8.0426100000000E+005
     143    3.5500000000000E+002    1.9525700000000E+005    4.0220000000000E+003    7.1970700000000E+005    8.0659000000000E+004    8.0438800000000E+005
     144    3.0500000000000E+002    1.9519300000000E+005    3.5970000000000E+003    7.2023600000000E+005    8.0669000000000E+004    8.0450200000000E+005
     145    2.8500000000000E+002    1.9512800000000E+005    3.1950000000000E+003    7.2071200000000E+005    8.0680000000000E+004    8.0458700000000E+005
     146    2.5100000000000E+002    1.9508100000000E+005    2.8580000000000E+003    7.2111500000000E+005    8.0695000000000E+004    8.0466800000000E+005
     147    2.1800000000000E+002    1.9503900000000E+005    2.5680000000000E+003    7.2146500000000E+005    8.0710000000000E+004    8.0474300000000E+005
     148    1.9000000000000E+002    1.9500300000000E+005    2.2570000000000E+003    7.2183100000000E+005    8.0719000000000E+004    8.0480700000000E+005
     149    1.6800000000000E+002    1.9496000000000E+005    2.0150000000000E+003    7.2213400000000E+005    8.0723000000000E+004    8.0487200000000E+005
     150    1.4900000000000E+002    1.9493200000000E+005    1.7660000000000E+003    7.2241800000000E+005    8.0735000000000E+004    8.0491900000000E+005
     151    1.3600000000000E+002    1.9490300000000E+005    1.5870000000000E+003    7.2263400000000E+005    8.0740000000000E+004    8.0496100000000E+005
     152    1.3600000000000E+002    1.9486700000000E+005    1.4000000000000E+003    7.2285000000000E+005    8.0747000000000E+004    8.0499700000000E+005
     153    1.0800000000000E+002    1.9485200000000E+005    1.2580000000000E+003    7.2302900000000E+005    8.0753000000000E+004    8.0504000000000E+005
     154    1.0000000000000E+002    1.9483200000000E+005    1.1180000000000E+003    7.2319000000000E+005    8.0760000000000E+004    8.0506800000000E+005
     155    8.4000000000000E+001    1.9481900000000E+005    9.8600000000000E+002    7.2334300000000E+005    8.0768000000000E+004    8.0509700000000E+005
     156    6.1000000000000E+001    1.9480600000000E+005    8.7200000000000E+002    7.2348800000000E+005    8.0773000000000E+004    8.0513300000000E+005
     157    5.7000000000000E+001    1.9479500000000E+005    7.6000000000000E+002    7.2361200000000E+005    8.0776000000000E+004    8.0514800000000E+005
     158    4.9000000000000E+001    1.9478300000000E+005    6.6600000000000E+002    7.2372500000000E+005    8.0777000000000E+004    8.0516800000000E+005
     159    4.5000000000000E+001    1.9477400000000E+005    5.9400000000000E+002    7.2380500000000E+005    8.0782000000000E+004    8.0518100000000E+005
     160    4.3000000000000E+001    1.9476300000000E+005    5.2600000000000E+002    7.2387900000000E+005    8.0789000000000E+004    8.0519400000000E+005
     161    4.2000000000000E+001    1.9475300000000E+005    4.6200000000000E+002    7.2395300000000E+005    8.0790000000000E+004    8.0520500000000E+005
     162    4.0000000000000E+001    1.9474300000000E+005    4.1000000000000E+002    7.2401400000000E+005    8.0793000000000E+004    8.0521700000000E+005
     163    3.3000000000000E+001    1.9474100000000E+005    3.5400000000000E+002    7.2407900000000E+005    8.0793000000000E+004    8.0522600000000E+005
     164    3.0000000000000E+001    1.9473300000000E+005    3.1800000000000E+002    7.2412600000000E+005    8.0793000000000E+004    8.0523700000000E+005
     165    2.8000000000000E+001    1.9472500000000E+005    2.8600000000000E+002    7.2416700000000E+005    8.0794000000000E+004    8.0524700000000E+005
     166    2.7000000000000E+001    1.9471600000000E+005    2.6000000000000E+002    7.2420100000000E+005    8.0796000000000E+004    8.0525700000000E+005
     167    2.6000000000000E+001    1.9471500000000E+005    2.1900000000000E+002    7.2424400000000E+005    8.0796000000000E+004    8.0525900000000E+005
     168    2.1000000000000E+001    1.9471200000000E+005    1.9900000000000E+002    7.2427200000000E+005    8.0796000000000E+004    8.0526700000000E+005
     169    1.5000000000000E+001    1.9471000000000E+005    1.7800000000000E+002    7.2430000000000E+005    8.0797000000000E+004    8.0527500000000E+005
     170    6.0000000000000E+000    1.9471000000000E+005    1.5100000000000E+002    7.2433500000000E+005    8.0798000000000E+004    8.0528400000000E+005
     171    7.0000000000000E+000    1.9470800000000E+005    1.3700000000000E+002    7.2435000000000E+005    8.0798000000000E+004    8.0528500000000E+005
     172    7.0000000000000E+000    1.9470500000000E+005    1.2000000000000E+002    7.2437000000000E+005    8.0798000000000E+004    8.0528800000000E+005
     173    6.0000000000000E+000    1.9470400000000E+005    1.0900000000000E+002    7.2438100000000E+005    8.0800000000000E+004    8.0529000000000E+005
     174    8.0000000000000E+000    1.9470200000000E+005    9.6000000000000E+001    7.2439200000000E+005    8.0802000000000E+004    8.0529000000000E+005
     175    8.0000000000000E+000    1.9470000000000E+005    8.7000000000000E+001    7.2440300000000E+005    8.0802000000000E+004    8.0529200000000E+005
     176    6.0000000000000E+000    1.9469900000000E+005    7.8000000000000E+001    7.2441400000000E+005    8.0803000000000E+004    8.0529500000000E+005
     177    6.0000000000000E+000    1.9469800000000E+005    7.0000000000000E+001    7.2442300000000E+005    8.0803000000000E+004    8.0529600000000E+005
     178    5.0000000000000E+000    1.9469700000000E+005    6.1000000000000E+001    7.2443400000000E+005    8.0803000000000E+004    8.0529800000000E+005
     179    3.0000000000000E+000    1.9469700000000E+005    5.3000000000000E+001    7.2444400000000E+005    8.0803000000000E+004    8.0530000000000E+005
     180    2.0000000000000E+000    1.9469700000000E+005    4.4000000000000E+001    7.2445400000000E+005    8.0803000000000E+004    8.0530100000000E+005
     181    3.0000000000000E+000    1.9469500000000E+005    4.3000000000000E+001    7.2445600000000E+005    8.0803000000000E+004    8.0530200000000E+005
     182    3.0000000000000E+000    1.9469400000000E+005    3.6000000000000E+001    7.2446400000000E+005    8.0803000000000E+004    8.0530300000000E+005
     183    4.0000000000000E+000    1.9469300000000E+005    2.8000000000000E+001    7.2447100000000E+005    8.0804000000000E+004    8.0530300000000E+005
     184    5.0000000000000E+000    1.9469200000000E+005    1.9000000000000E+001    7.2448000000000E+005    8.0804000000000E+004    8.0530300000000E+005
     185    3.0000000000000E+000    1.9469200000000E+005    2.0000000000000E+001    7.2448100000000E+005    8.0804000000000E+004    8.0530500000000E+005
     186    3.0000000000000E+000    1.9469100000000E+005    1.8000000000000E+001    7.2448400000000E+005    8.0804000000000E+004    8.0530600000000E+005
     187    2.0000000000000E+000    1.9469100000000E+005    1.7000000000000E+001    7.2448600000000E+005    8.0804000000000E+004    8.0530700000000E+005
     188    2.0000000000000E+000    1.9469000000000E+005    1.8000000000000E+001    7.2448600000000E+005    8.0804000000000E+004    8.0530800000000E+005
     189    2.0000000000000E+000    1.9469000000000E+005    1.6000000000000E+001    7.2448800000000E+005    8.0804000000000E+004    8.0530800000000E+005
     190    1.0000000000000E+000    1.9469000000000E+005    1.4000000000000E+001    7.2449100000000E+005    8.0804000000000E+004    8.0530900000000E+005
     191    1.0000000000000E+000    1.9469000000000E+005    1.3000000000000E+001    7.2449200000000E+005    8.0804000000000E+004    8.0530900000000E+005
     192    1.0000000000000E+000    1.9468900000000E+005    1.2000000000000E+001    7.2449400000000E+005    8.0804000000000E+004    8.0531000000000E+005
     193    1.0000000000000E+000    1.9468900000000E+005    1.0000000000000E+001    7.2449600000000E+005    8.0804000000000E+004    8.0531000000000E+005
     194    1.0000000000000E+000    1.9468900000000E+005    9.0000000000000E+000    7.2449700000000E+005    8.0804000000000E+004    8.0531000000000E+005
     195    1.0000000000000E+000    1.9468900000000E+005    8.0000000000000E+000    7.2449800000000E+005    8.0804000000000E+004    8.0531000000000E+005
     196    0.0000000000000E+000    1.9468900000000E+005    8.0000000000000E+000    7.2449900000000E+005    8.0804000000000E+004    8.0531100000000E+005
     197    0.0000000000000E+000    1.9468900000000E+005    8.0000000000000E+000    7.2449900000000E+005    8.0804000000000E+004    8.0531100000000E+005
     198    0.0000000000000E+000    1.9468900000000E+005    8.0000000000000E+000    7.2449900000000E+005    8.0804000000000E+004    8.0531100000000E+005
     199    0.0000000000000E+000    1.9468900000000E+005    6.0000000000000E+000    7.2450100000000E+005    8.0804000000000E+004    8.0531100000000E+005
     200    0.0000000000000E+000    1.9468900000000E+005    5.0000000000000E+000    7.2450100000000E+005    8.0805000000000E+004    8.0531100000000E+005
