       1    4.0000000000000E+000    9.9999900000000E+006    2.0000000000000E+000    0.0000000000000E+000    0.0000000000000E+000    2.0000000000000E+000
       2    2.2000000000000E+001    9.9999720000000E+006    2.0000000000000E+000    0.0000000000000E+000    0.0000000000000E+000    2.0000000000000E+000
       3    2.4000000000000E+001    9.9999690000000E+006    3.0000000000000E+000    0.0000000000000E+000    0.0000000000000E+000    3.0000000000000E+000
       4    2.9000000000000E+001    9.9999600000000E+006    7.0000000000000E+000    0.0000000000000E+000    0.0000000000000E+000    7.0000000000000E+000
       5    4.1000000000000E+001    9.9999480000000E+006    7.0000000000000E+000    0.0000000000000E+000    0.0000000000000E+000    7.0000000000000E+000
       6    2.6000000000000E+001    9.9999450000000E+006    2.5000000000000E+001    0.0000000000000E+000    0.0000000000000E+000    2.5000000000000E+001
       7    2.6000000000000E+001    9.9999420000000E+006    2.8000000000000E+001    0.0000000000000E+000    0.0000000000000E+000    2.8000000000000E+001
       8    2.0000000000000E+001    9.9999390000000E+006    3.7000000000000E+001    0.0000000000000E+000    0.0000000000000E+000    3.7000000000000E+001
       9    1.7000000000000E+001    9.9999300000000E+006    4.9000000000000E+001    0.0000000000000E+000    0.0000000000000E+000    4.9000000000000E+001
      10    2.2000000000000E+001    9.9999220000000E+006    5.2000000000000E+001   -2.0000000000000E+000    2.0000000000000E+000    5.2000000000000E+001
      11    2.5000000000000E+001    9.9999160000000E+006    5.5000000000000E+001   -3.0000000000000E+000    3.0000000000000E+000    5.5000000000000E+001
      12    2.8000000000000E+001    9.9999100000000E+006    5.8000000000000E+001   -5.0000000000000E+000    5.0000000000000E+000    5.8000000000000E+001
      13    2.6000000000000E+001    9.9999030000000E+006    6.7000000000000E+001   -5.0000000000000E+000    5.0000000000000E+000    6.7000000000000E+001
      14    1.9000000000000E+001    9.9999020000000E+006    7.5000000000000E+001   -5.0000000000000E+000    5.0000000000000E+000    7.5000000000000E+001
      15    1.7000000000000E+001    9.9998980000000E+006    8.1000000000000E+001   -5.0000000000000E+000    5.0000000000000E+000    8.1000000000000E+001
      16    2.1000000000000E+001    9.9998880000000E+006    8.7000000000000E+001   -5.0000000000000E+000    5.0000000000000E+000    8.7000000000000E+001
      17    1.8000000000000E+001    9.9998840000000E+006    9.4000000000000E+001   -6.0000000000000E+000    6.0000000000000E+000    9.4000000000000E+001
      18    2.0000000000000E+001    9.9998810000000E+006    9.3000000000000E+001   -4.0000000000000E+000    6.0000000000000E+000    9.5000000000000E+001
      19    2.2000000000000E+001    9.9998750000000E+006    9.7000000000000E+001   -4.0000000000000E+000    6.0000000000000E+000    9.9000000000000E+001
      20    2.3000000000000E+001    9.9998640000000E+006    8.9000000000000E+001    1.2000000000000E+001    8.0000000000000E+000    1.0900000000000E+002
      21    2.3000000000000E+001    9.9998600000000E+006    9.0000000000000E+001    1.4000000000000E+001    9.0000000000000E+000    1.1300000000000E+002
      22    2.0000000000000E+001    9.9998600000000E+006    8.4000000000000E+001    2.2000000000000E+001    1.0000000000000E+001    1.1600000000000E+002
      23    1.7000000000000E+001    9.9998570000000E+006    7.8000000000000E+001    3.3000000000000E+001    1.1000000000000E+001    1.2200000000000E+002
      24    1.4000000000000E+001    9.9998490000000E+006    8.6000000000000E+001    3.6000000000000E+001    1.1000000000000E+001    1.3300000000000E+002
      25    2.2000000000000E+001    9.9998370000000E+006    8.7000000000000E+001    3.9000000000000E+001    1.1000000000000E+001    1.3700000000000E+002
      26    3.5000000000000E+001    9.9998240000000E+006    8.4000000000000E+001    4.2000000000000E+001    1.1000000000000E+001    1.3700000000000E+002
      27    4.1000000000000E+001    9.9998150000000E+006    7.8000000000000E+001    5.1000000000000E+001    1.1000000000000E+001    1.4000000000000E+002
      28    3.9000000000000E+001    9.9998090000000E+006    7.8000000000000E+001    5.8000000000000E+001    1.2000000000000E+001    1.4800000000000E+002
      29    3.2000000000000E+001    9.9998040000000E+006    8.4000000000000E+001    6.4000000000000E+001    1.2000000000000E+001    1.6000000000000E+002
      30    3.0000000000000E+001    9.9997930000000E+006    9.1000000000000E+001    7.0000000000000E+001    1.2000000000000E+001    1.7300000000000E+002
      31    2.5000000000000E+001    9.9997890000000E+006    9.3000000000000E+001    7.7000000000000E+001    1.2000000000000E+001    1.8200000000000E+002
      32    3.3000000000000E+001    9.9997750000000E+006    9.8000000000000E+001    7.6000000000000E+001    1.4000000000000E+001    1.8800000000000E+002
      33    4.7000000000000E+001    9.9997560000000E+006    9.9000000000000E+001    8.0000000000000E+001    1.4000000000000E+001    1.9300000000000E+002
      34    6.4000000000000E+001    9.9997280000000E+006    1.0000000000000E+002    8.9000000000000E+001    1.5000000000000E+001    2.0400000000000E+002
      35    7.0000000000000E+001    9.9997180000000E+006    1.0000000000000E+002    9.2000000000000E+001    1.6000000000000E+001    2.0800000000000E+002
      36    6.0000000000000E+001    9.9997140000000E+006    1.1100000000000E+002    9.5000000000000E+001    1.6000000000000E+001    2.2200000000000E+002
      37    5.2000000000000E+001    9.9997030000000E+006    1.2400000000000E+002    1.0000000000000E+002    1.7000000000000E+001    2.4100000000000E+002
      38    4.7000000000000E+001    9.9996800000000E+006    1.4100000000000E+002    1.1000000000000E+002    1.8000000000000E+001    2.6900000000000E+002
      39    6.9000000000000E+001    9.9996480000000E+006    1.4700000000000E+002    1.1300000000000E+002    1.9000000000000E+001    2.7900000000000E+002
      40    8.9000000000000E+001    9.9996240000000E+006    1.5100000000000E+002    1.1200000000000E+002    2.0000000000000E+001    2.8300000000000E+002
      41    1.2500000000000E+002    9.9995770000000E+006    1.5900000000000E+002    1.0900000000000E+002    2.6000000000000E+001    2.9400000000000E+002
      42    1.1600000000000E+002    9.9995630000000E+006    1.7400000000000E+002    1.1600000000000E+002    2.7000000000000E+001    3.1700000000000E+002
      43    9.3000000000000E+001    9.9995540000000E+006    1.9400000000000E+002    1.2700000000000E+002    2.8000000000000E+001    3.4900000000000E+002
      44    1.0700000000000E+002    9.9995160000000E+006    2.0500000000000E+002    1.3800000000000E+002    3.0000000000000E+001    3.7300000000000E+002
      45    8.0000000000000E+001    9.9994960000000E+006    2.4300000000000E+002    1.4700000000000E+002    3.0000000000000E+001    4.2000000000000E+002
      46    9.1000000000000E+001    9.9994710000000E+006    2.5100000000000E+002    1.5100000000000E+002    3.2000000000000E+001    4.3400000000000E+002
      47    1.1500000000000E+002    9.9994380000000E+006    2.5500000000000E+002    1.5500000000000E+002    3.3000000000000E+001    4.4300000000000E+002
      48    9.6000000000000E+001    9.9994190000000E+006    2.8200000000000E+002    1.6400000000000E+002    3.5000000000000E+001    4.8100000000000E+002
      49    1.1200000000000E+002    9.9993830000000E+006    2.9800000000000E+002    1.5900000000000E+002    4.4000000000000E+001    5.0100000000000E+002
      50    1.1900000000000E+002    9.9993510000000E+006    3.0900000000000E+002    1.7300000000000E+002    4.4000000000000E+001    5.2600000000000E+002
      51    1.1600000000000E+002    9.9993210000000E+006    3.2300000000000E+002    1.9000000000000E+002    4.6000000000000E+001    5.5900000000000E+002
      52    1.3200000000000E+002    9.9992860000000E+006    3.1400000000000E+002    2.1200000000000E+002    5.2000000000000E+001    5.7800000000000E+002
      53    1.2000000000000E+002    9.9992620000000E+006    3.4000000000000E+002    2.2000000000000E+002    5.4000000000000E+001    6.1400000000000E+002
      54    1.4800000000000E+002    9.9992020000000E+006    3.6800000000000E+002    2.2000000000000E+002    5.8000000000000E+001    6.4600000000000E+002
      55    1.4600000000000E+002    9.9991740000000E+006    3.8700000000000E+002    2.2300000000000E+002    6.6000000000000E+001    6.7600000000000E+002
      56    1.5100000000000E+002    9.9991340000000E+006    3.9900000000000E+002    2.4300000000000E+002    6.9000000000000E+001    7.1100000000000E+002
      57    1.6300000000000E+002    9.9990980000000E+006    3.9100000000000E+002    2.7100000000000E+002    7.3000000000000E+001    7.3500000000000E+002
      58    1.7700000000000E+002    9.9990240000000E+006    4.2700000000000E+002    2.9200000000000E+002    7.6000000000000E+001    7.9500000000000E+002
      59    1.9500000000000E+002    9.9989780000000E+006    4.0800000000000E+002    3.3400000000000E+002    8.1000000000000E+001    8.2300000000000E+002
      60    1.9300000000000E+002    9.9989400000000E+006    4.3400000000000E+002    3.4500000000000E+002    8.4000000000000E+001    8.6300000000000E+002
      61    2.3400000000000E+002    9.9988630000000E+006    4.6100000000000E+002    3.5100000000000E+002    8.7000000000000E+001    8.9900000000000E+002
      62    2.5500000000000E+002    9.9987680000000E+006    4.9700000000000E+002    3.8100000000000E+002    9.5000000000000E+001    9.7300000000000E+002
      63    2.4700000000000E+002    9.9987300000000E+006    5.2300000000000E+002    3.9900000000000E+002    9.7000000000000E+001    1.0190000000000E+003
      64    2.4400000000000E+002    9.9986950000000E+006    5.3600000000000E+002    4.2100000000000E+002    1.0000000000000E+002    1.0570000000000E+003
      65    2.5000000000000E+002    9.9986120000000E+006    5.8000000000000E+002    4.5200000000000E+002    1.0200000000000E+002    1.1340000000000E+003
      66    2.6600000000000E+002    9.9985010000000E+006    6.5600000000000E+002    4.6000000000000E+002    1.1300000000000E+002    1.2290000000000E+003
      67    3.0800000000000E+002    9.9984210000000E+006    6.5800000000000E+002    4.9400000000000E+002    1.1500000000000E+002    1.2670000000000E+003
      68    3.6600000000000E+002    9.9983280000000E+006    6.6100000000000E+002    5.2400000000000E+002    1.1700000000000E+002    1.3020000000000E+003
      69    3.9100000000000E+002    9.9982200000000E+006    7.1400000000000E+002    5.4800000000000E+002    1.2300000000000E+002    1.3850000000000E+003
      70    3.2500000000000E+002    9.9981750000000E+006    7.9000000000000E+002    5.7400000000000E+002    1.3200000000000E+002    1.4960000000000E+003
      71    3.0200000000000E+002    9.9981180000000E+006    8.4600000000000E+002    5.9600000000000E+002    1.3400000000000E+002    1.5760000000000E+003
      72    3.3900000000000E+002    9.9979880000000E+006    8.7900000000000E+002    6.5200000000000E+002    1.3800000000000E+002    1.6690000000000E+003
      73    4.0500000000000E+002    9.9978140000000E+006    9.5900000000000E+002    6.6800000000000E+002    1.5000000000000E+002    1.7770000000000E+003
      74    5.6000000000000E+002    9.9976140000000E+006    9.6400000000000E+002    6.9700000000000E+002    1.6100000000000E+002    1.8220000000000E+003
      75    6.7900000000000E+002    9.9974380000000E+006    9.8500000000000E+002    7.2500000000000E+002    1.6900000000000E+002    1.8790000000000E+003
      76    7.4200000000000E+002    9.9972450000000E+006    1.0410000000000E+003    7.9300000000000E+002    1.7500000000000E+002    2.0090000000000E+003
      77    7.3700000000000E+002    9.9970760000000E+006    1.1690000000000E+003    8.2900000000000E+002    1.8500000000000E+002    2.1830000000000E+003
      78    6.3700000000000E+002    9.9969760000000E+006    1.3310000000000E+003    8.6400000000000E+002    1.8800000000000E+002    2.3830000000000E+003
      79    7.6400000000000E+002    9.9966730000000E+006    1.4300000000000E+003    9.3700000000000E+002    1.9200000000000E+002    2.5590000000000E+003
      80    8.3400000000000E+002    9.9964100000000E+006    1.5280000000000E+003    1.0250000000000E+003    1.9900000000000E+002    2.7520000000000E+003
      81    9.4300000000000E+002    9.9961320000000E+006    1.6590000000000E+003    1.0410000000000E+003    2.2100000000000E+002    2.9210000000000E+003
      82    1.1190000000000E+003    9.9958560000000E+006    1.7240000000000E+003    1.0540000000000E+003    2.4300000000000E+002    3.0210000000000E+003
      83    1.1020000000000E+003    9.9955700000000E+006    1.9440000000000E+003    1.1210000000000E+003    2.5900000000000E+002    3.3240000000000E+003
      84    9.8100000000000E+002    9.9954280000000E+006    2.0960000000000E+003    1.2210000000000E+003    2.7000000000000E+002    3.5870000000000E+003
      85    8.0700000000000E+002    9.9953240000000E+006    2.2940000000000E+003    1.2860000000000E+003    2.8500000000000E+002    3.8650000000000E+003
      86    8.8600000000000E+002    9.9949690000000E+006    2.4770000000000E+003    1.3670000000000E+003    2.9700000000000E+002    4.1410000000000E+003
      87    9.3600000000000E+002    9.9946330000000E+006    2.6550000000000E+003    1.4450000000000E+003    3.2700000000000E+002    4.4270000000000E+003
      88    1.1170000000000E+003    9.9943100000000E+006    2.7520000000000E+003    1.4660000000000E+003    3.5100000000000E+002    4.5690000000000E+003
      89    1.3320000000000E+003    9.9939910000000E+006    2.7990000000000E+003    1.4960000000000E+003    3.7800000000000E+002    4.6730000000000E+003
      90    1.2090000000000E+003    9.9937590000000E+006    3.0240000000000E+003    1.5960000000000E+003    4.0800000000000E+002    5.0280000000000E+003
      91    1.0550000000000E+003    9.9935770000000E+006    3.1860000000000E+003    1.7420000000000E+003    4.3600000000000E+002    5.3640000000000E+003
      92    8.8100000000000E+002    9.9934280000000E+006    3.3090000000000E+003    1.9260000000000E+003    4.5200000000000E+002    5.6870000000000E+003
      93    8.8400000000000E+002    9.9931060000000E+006    3.4520000000000E+003    2.0920000000000E+003    4.6200000000000E+002    6.0060000000000E+003
      94    9.4300000000000E+002    9.9928150000000E+006    3.4910000000000E+003    2.2630000000000E+003    4.8400000000000E+002    6.2380000000000E+003
      95    1.0070000000000E+003    9.9925690000000E+006    3.5040000000000E+003    2.3950000000000E+003    5.2100000000000E+002    6.4200000000000E+003
      96    1.1870000000000E+003    9.9922400000000E+006    3.5530000000000E+003    2.4610000000000E+003    5.5500000000000E+002    6.5690000000000E+003
      97    1.1090000000000E+003    9.9919960000000E+006    3.5720000000000E+003    2.7340000000000E+003    5.8500000000000E+002    6.8910000000000E+003
      98    1.0310000000000E+003    9.9917830000000E+006    3.6000000000000E+003    2.9720000000000E+003    6.1000000000000E+002    7.1820000000000E+003
      99    9.2200000000000E+002    9.9916460000000E+006    3.5680000000000E+003    3.2310000000000E+003    6.2900000000000E+002    7.4280000000000E+003
     100    9.1500000000000E+002    9.9913240000000E+006    3.6210000000000E+003    3.4900000000000E+003    6.4600000000000E+002    7.7570000000000E+003
     101    9.6600000000000E+002    9.9910290000000E+006    3.5790000000000E+003    3.7420000000000E+003    6.8000000000000E+002    8.0010000000000E+003
     102    9.8700000000000E+002    9.9907950000000E+006    3.6500000000000E+003    3.8570000000000E+003    7.0700000000000E+002    8.2140000000000E+003
     103    1.1200000000000E+003    9.9905250000000E+006    3.6830000000000E+003    3.9310000000000E+003    7.3700000000000E+002    8.3510000000000E+003
     104    1.1170000000000E+003    9.9902060000000E+006    3.6500000000000E+003    4.2550000000000E+003    7.6800000000000E+002    8.6730000000000E+003
     105    1.0250000000000E+003    9.9900030000000E+006    3.6090000000000E+003    4.5780000000000E+003    7.8100000000000E+002    8.9680000000000E+003
     106    9.6200000000000E+002    9.9898320000000E+006    3.5200000000000E+003    4.8780000000000E+003    8.0400000000000E+002    9.2020000000000E+003
     107    9.5500000000000E+002    9.9895690000000E+006    3.4710000000000E+003    5.1880000000000E+003    8.1300000000000E+002    9.4720000000000E+003
     108    9.3600000000000E+002    9.9892690000000E+006    3.5580000000000E+003    5.3820000000000E+003    8.5100000000000E+002    9.7910000000000E+003
     109    1.0020000000000E+003    9.9890000000000E+006    3.5790000000000E+003    5.5300000000000E+003    8.8500000000000E+002    9.9940000000000E+003
     110    1.1350000000000E+003    9.9886960000000E+006    3.6010000000000E+003    5.6540000000000E+003    9.1000000000000E+002    1.0165000000000E+004
     111    1.1700000000000E+003    9.9883980000000E+006    3.5420000000000E+003    5.9490000000000E+003    9.3700000000000E+002    1.0428000000000E+004
     112    1.0550000000000E+003    9.9882130000000E+006    3.5510000000000E+003    6.2170000000000E+003    9.6000000000000E+002    1.0728000000000E+004
     113    9.1300000000000E+002    9.9880860000000E+006    3.5740000000000E+003    6.4370000000000E+003    9.8600000000000E+002    1.0997000000000E+004
     114    9.4200000000000E+002    9.9877530000000E+006    3.5490000000000E+003    6.7490000000000E+003    1.0030000000000E+003    1.1301000000000E+004
     115    9.8000000000000E+002    9.9874170000000E+006    3.6030000000000E+003    6.9590000000000E+003    1.0370000000000E+003    1.1599000000000E+004
     116    1.0880000000000E+003    9.9871240000000E+006    3.5750000000000E+003    7.1480000000000E+003    1.0610000000000E+003    1.1784000000000E+004
     117    1.2550000000000E+003    9.9868300000000E+006    3.5650000000000E+003    7.2620000000000E+003    1.0840000000000E+003    1.1911000000000E+004
     118    1.2610000000000E+003    9.9864910000000E+006    3.5760000000000E+003    7.5580000000000E+003    1.1100000000000E+003    1.2244000000000E+004
     119    1.1220000000000E+003    9.9862940000000E+006    3.6170000000000E+003    7.8320000000000E+003    1.1310000000000E+003    1.2580000000000E+004
     120    9.9400000000000E+002    9.9861290000000E+006    3.6760000000000E+003    8.0450000000000E+003    1.1520000000000E+003    1.2873000000000E+004
     121    1.1020000000000E+003    9.9857270000000E+006    3.7000000000000E+003    8.3010000000000E+003    1.1660000000000E+003    1.3167000000000E+004
     122    1.1640000000000E+003    9.9853260000000E+006    3.7200000000000E+003    8.5860000000000E+003    1.2000000000000E+003    1.3506000000000E+004
     123    1.3210000000000E+003    9.9849720000000E+006    3.7140000000000E+003    8.7560000000000E+003    1.2330000000000E+003    1.3703000000000E+004
     124    1.5370000000000E+003    9.9845910000000E+006    3.7080000000000E+003    8.9050000000000E+003    1.2550000000000E+003    1.3868000000000E+004
     125    1.5070000000000E+003    9.9842190000000E+006    3.8470000000000E+003    9.1440000000000E+003    1.2790000000000E+003    1.4270000000000E+004
     126    1.3540000000000E+003    9.9839710000000E+006    3.9480000000000E+003    9.4070000000000E+003    1.3160000000000E+003    1.4671000000000E+004
     127    1.1470000000000E+003    9.9838240000000E+006    4.0330000000000E+003    9.6600000000000E+003    1.3320000000000E+003    1.5025000000000E+004
     128    1.2060000000000E+003    9.9833840000000E+006    4.1100000000000E+003    9.9430000000000E+003    1.3530000000000E+003    1.5406000000000E+004
     129    1.2290000000000E+003    9.9829890000000E+006    4.1840000000000E+003    1.0203000000000E+004    1.3910000000000E+003    1.5778000000000E+004
     130    1.3490000000000E+003    9.9826210000000E+006    4.2470000000000E+003    1.0355000000000E+004    1.4240000000000E+003    1.6026000000000E+004
     131    1.5210000000000E+003    9.9823020000000E+006    4.2670000000000E+003    1.0449000000000E+004    1.4570000000000E+003    1.6173000000000E+004
     132    1.3610000000000E+003    9.9820220000000E+006    4.3740000000000E+003    1.0741000000000E+004    1.4980000000000E+003    1.6613000000000E+004
     133    1.1240000000000E+003    9.9818640000000E+006    4.4330000000000E+003    1.1034000000000E+004    1.5410000000000E+003    1.7008000000000E+004
     134    9.2800000000000E+002    9.9816920000000E+006    4.5080000000000E+003    1.1300000000000E+004    1.5680000000000E+003    1.7376000000000E+004
     135    1.0520000000000E+003    9.9812490000000E+006    4.5330000000000E+003    1.1580000000000E+004    1.5820000000000E+003    1.7695000000000E+004
     136    1.0830000000000E+003    9.9809380000000E+006    4.4740000000000E+003    1.1867000000000E+004    1.6340000000000E+003    1.7975000000000E+004
     137    1.2490000000000E+003    9.9806140000000E+006    4.4350000000000E+003    1.2025000000000E+004    1.6730000000000E+003    1.8133000000000E+004
     138    1.3750000000000E+003    9.9803160000000E+006    4.4420000000000E+003    1.2165000000000E+004    1.6980000000000E+003    1.8305000000000E+004
     139    1.2080000000000E+003    9.9800400000000E+006    4.4830000000000E+003    1.2533000000000E+004    1.7320000000000E+003    1.8748000000000E+004
     140    1.0910000000000E+003    9.9798460000000E+006    4.3930000000000E+003    1.2910000000000E+004    1.7560000000000E+003    1.9059000000000E+004
     141    9.1300000000000E+002    9.9797000000000E+006    4.3630000000000E+003    1.3249000000000E+004    1.7710000000000E+003    1.9383000000000E+004
     142    9.8400000000000E+002    9.9793310000000E+006    4.2800000000000E+003    1.3612000000000E+004    1.7890000000000E+003    1.9681000000000E+004
     143    1.0280000000000E+003    9.9790110000000E+006    4.1840000000000E+003    1.3949000000000E+004    1.8240000000000E+003    1.9957000000000E+004
     144    1.2040000000000E+003    9.9786410000000E+006    4.1300000000000E+003    1.4171000000000E+004    1.8500000000000E+003    2.0151000000000E+004
     145    1.3660000000000E+003    9.9783330000000E+006    4.1290000000000E+003    1.4283000000000E+004    1.8850000000000E+003    2.0297000000000E+004
     146    1.3680000000000E+003    9.9779620000000E+006    4.0580000000000E+003    1.4693000000000E+004    1.9150000000000E+003    2.0666000000000E+004
     147    1.2170000000000E+003    9.9777930000000E+006    3.9830000000000E+003    1.5053000000000E+004    1.9500000000000E+003    2.0986000000000E+004
     148    1.0020000000000E+003    9.9776380000000E+006    3.9850000000000E+003    1.5401000000000E+004    1.9700000000000E+003    2.1356000000000E+004
     149    1.0640000000000E+003    9.9772680000000E+006    3.9740000000000E+003    1.5706000000000E+004    1.9840000000000E+003    2.1664000000000E+004
     150    9.8100000000000E+002    9.9769800000000E+006    4.0650000000000E+003    1.5945000000000E+004    2.0250000000000E+003    2.2035000000000E+004
     151    1.1230000000000E+003    9.9766690000000E+006    4.0760000000000E+003    1.6074000000000E+004    2.0540000000000E+003    2.2204000000000E+004
     152    1.3100000000000E+003    9.9763270000000E+006    4.0590000000000E+003    1.6216000000000E+004    2.0840000000000E+003    2.2359000000000E+004
     153    1.2420000000000E+003    9.9760250000000E+006    3.9860000000000E+003    1.6634000000000E+004    2.1090000000000E+003    2.2729000000000E+004
     154    1.1270000000000E+003    9.9758520000000E+006    3.9630000000000E+003    1.6912000000000E+004    2.1420000000000E+003    2.3017000000000E+004
     155    9.5900000000000E+002    9.9757090000000E+006    3.9500000000000E+003    1.7222000000000E+004    2.1560000000000E+003    2.3328000000000E+004
     156    1.0380000000000E+003    9.9752880000000E+006    3.9940000000000E+003    1.7507000000000E+004    2.1690000000000E+003    2.3670000000000E+004
     157    1.0800000000000E+003    9.9749440000000E+006    4.0200000000000E+003    1.7740000000000E+004    2.2120000000000E+003    2.3972000000000E+004
     158    1.2510000000000E+003    9.9746000000000E+006    3.9990000000000E+003    1.7904000000000E+004    2.2420000000000E+003    2.4145000000000E+004
     159    1.4140000000000E+003    9.9742940000000E+006    3.9960000000000E+003    1.8022000000000E+004    2.2700000000000E+003    2.4288000000000E+004
     160    1.2700000000000E+003    9.9740170000000E+006    4.0480000000000E+003    1.8356000000000E+004    2.3050000000000E+003    2.4709000000000E+004
     161    1.0940000000000E+003    9.9738490000000E+006    4.0720000000000E+003    1.8655000000000E+004    2.3260000000000E+003    2.5053000000000E+004
     162    8.8900000000000E+002    9.9737100000000E+006    4.0460000000000E+003    1.9009000000000E+004    2.3420000000000E+003    2.5397000000000E+004
     163    9.0800000000000E+002    9.9733850000000E+006    4.0440000000000E+003    1.9307000000000E+004    2.3520000000000E+003    2.5703000000000E+004
     164    9.6800000000000E+002    9.9730480000000E+006    3.9500000000000E+003    1.9645000000000E+004    2.3850000000000E+003    2.5980000000000E+004
     165    1.1840000000000E+003    9.9726640000000E+006    3.9490000000000E+003    1.9779000000000E+004    2.4200000000000E+003    2.6148000000000E+004
     166    1.3840000000000E+003    9.9723250000000E+006    3.9330000000000E+003    1.9903000000000E+004    2.4510000000000E+003    2.6287000000000E+004
     167    1.3820000000000E+003    9.9720020000000E+006    3.8880000000000E+003    2.0235000000000E+004    2.4890000000000E+003    2.6612000000000E+004
     168    1.1590000000000E+003    9.9718880000000E+006    3.9370000000000E+003    2.0502000000000E+004    2.5100000000000E+003    2.6949000000000E+004
     169    9.3900000000000E+002    9.9717240000000E+006    4.0100000000000E+003    2.0798000000000E+004    2.5250000000000E+003    2.7333000000000E+004
     170    1.0190000000000E+003    9.9713050000000E+006    4.0070000000000E+003    2.1125000000000E+004    2.5400000000000E+003    2.7672000000000E+004
     171    1.0510000000000E+003    9.9709500000000E+006    4.0280000000000E+003    2.1395000000000E+004    2.5720000000000E+003    2.7995000000000E+004
     172    1.3210000000000E+003    9.9705660000000E+006    3.9690000000000E+003    2.1542000000000E+004    2.5980000000000E+003    2.8109000000000E+004
     173    1.5170000000000E+003    9.9702060000000E+006    3.9900000000000E+003    2.1648000000000E+004    2.6350000000000E+003    2.8273000000000E+004
     174    1.4240000000000E+003    9.9698800000000E+006    3.9880000000000E+003    2.2027000000000E+004    2.6770000000000E+003    2.8692000000000E+004
     175    1.1870000000000E+003    9.9697620000000E+006    3.9990000000000E+003    2.2341000000000E+004    2.7070000000000E+003    2.9047000000000E+004
     176    9.4600000000000E+002    9.9696190000000E+006    4.0390000000000E+003    2.2670000000000E+004    2.7220000000000E+003    2.9431000000000E+004
     177    1.0440000000000E+003    9.9691610000000E+006    4.0930000000000E+003    2.2963000000000E+004    2.7350000000000E+003    2.9791000000000E+004
     178    1.1040000000000E+003    9.9687750000000E+006    4.1420000000000E+003    2.3202000000000E+004    2.7730000000000E+003    3.0117000000000E+004
     179    1.3590000000000E+003    9.9684020000000E+006    4.0920000000000E+003    2.3334000000000E+004    2.8090000000000E+003    3.0235000000000E+004
     180    1.5280000000000E+003    9.9680900000000E+006    4.0960000000000E+003    2.3435000000000E+004    2.8470000000000E+003    3.0378000000000E+004
     181    1.3950000000000E+003    9.9677650000000E+006    4.2290000000000E+003    2.3721000000000E+004    2.8860000000000E+003    3.0836000000000E+004
     182    1.1090000000000E+003    9.9676650000000E+006    4.2780000000000E+003    2.4034000000000E+004    2.9100000000000E+003    3.1222000000000E+004
     183    9.1600000000000E+002    9.9674850000000E+006    4.2670000000000E+003    2.4404000000000E+004    2.9240000000000E+003    3.1595000000000E+004
     184    1.0510000000000E+003    9.9670380000000E+006    4.2400000000000E+003    2.4725000000000E+004    2.9420000000000E+003    3.1907000000000E+004
     185    9.8300000000000E+002    9.9667810000000E+006    4.2420000000000E+003    2.5011000000000E+004    2.9790000000000E+003    3.2232000000000E+004
     186    1.0370000000000E+003    9.9666270000000E+006    4.2280000000000E+003    2.5080000000000E+004    3.0240000000000E+003    3.2332000000000E+004
     187    1.3130000000000E+003    9.9661710000000E+006    4.2440000000000E+003    2.5207000000000E+004    3.0610000000000E+003    3.2512000000000E+004
     188    1.1690000000000E+003    9.9658680000000E+006    4.2720000000000E+003    2.5598000000000E+004    3.0890000000000E+003    3.2959000000000E+004
     189    1.0640000000000E+003    9.9657160000000E+006    4.1740000000000E+003    2.5925000000000E+004    3.1170000000000E+003    3.3216000000000E+004
     190    1.0420000000000E+003    9.9655840000000E+006    3.9440000000000E+003    2.6296000000000E+004    3.1300000000000E+003    3.3370000000000E+004
     191    1.0300000000000E+003    9.9651400000000E+006    4.0400000000000E+003    2.6635000000000E+004    3.1510000000000E+003    3.3826000000000E+004
     192    1.1540000000000E+003    9.9647130000000E+006    4.0170000000000E+003    2.6928000000000E+004    3.1840000000000E+003    3.4129000000000E+004
     193    1.3930000000000E+003    9.9643220000000E+006    4.0510000000000E+003    2.7015000000000E+004    3.2150000000000E+003    3.4281000000000E+004
     194    1.6630000000000E+003    9.9639200000000E+006    4.0400000000000E+003    2.7145000000000E+004    3.2280000000000E+003    3.4413000000000E+004
     195    1.6290000000000E+003    9.9635100000000E+006    4.0260000000000E+003    2.7556000000000E+004    3.2750000000000E+003    3.4857000000000E+004
     196    1.3260000000000E+003    9.9633860000000E+006    4.0670000000000E+003    2.7911000000000E+004    3.3060000000000E+003    3.5284000000000E+004
     197    1.0660000000000E+003    9.9632550000000E+006    4.0850000000000E+003    2.8270000000000E+004    3.3200000000000E+003    3.5675000000000E+004
     198    1.0920000000000E+003    9.9628270000000E+006    4.1750000000000E+003    2.8564000000000E+004    3.3380000000000E+003    3.6077000000000E+004
     199    1.1790000000000E+003    9.9623300000000E+006    4.2600000000000E+003    2.8836000000000E+004    3.3910000000000E+003    3.6487000000000E+004
     200    1.4920000000000E+003    9.9618930000000E+006    4.2840000000000E+003    2.8895000000000E+004    3.4320000000000E+003    3.6611000000000E+004
     201    1.7070000000000E+003    9.9615470000000E+006    4.2350000000000E+003    2.9029000000000E+004    3.4780000000000E+003    3.6742000000000E+004
     202    1.5890000000000E+003    9.9612370000000E+006    4.2160000000000E+003    2.9427000000000E+004    3.5270000000000E+003    3.7170000000000E+004
     203    1.2410000000000E+003    9.9610880000000E+006    4.4560000000000E+003    2.9638000000000E+004    3.5730000000000E+003    3.7667000000000E+004
     204    9.0300000000000E+002    9.9609890000000E+006    4.7390000000000E+003    2.9779000000000E+004    3.5860000000000E+003    3.8104000000000E+004
     205    9.3300000000000E+002    9.9606130000000E+006    4.6290000000000E+003    3.0223000000000E+004    3.5980000000000E+003    3.8450000000000E+004
     206    1.0100000000000E+003    9.9602260000000E+006    4.6360000000000E+003    3.0488000000000E+004    3.6360000000000E+003    3.8760000000000E+004
     207    1.2580000000000E+003    9.9598290000000E+006    4.6330000000000E+003    3.0597000000000E+004    3.6790000000000E+003    3.8909000000000E+004
     208    1.4510000000000E+003    9.9595370000000E+006    4.6000000000000E+003    3.0678000000000E+004    3.7300000000000E+003    3.9008000000000E+004
     209    1.3830000000000E+003    9.9592290000000E+006    4.5320000000000E+003    3.1090000000000E+004    3.7620000000000E+003    3.9384000000000E+004
     210    1.1410000000000E+003    9.9590840000000E+006    4.4920000000000E+003    3.1488000000000E+004    3.7910000000000E+003    3.9771000000000E+004
     211    9.0900000000000E+002    9.9589190000000E+006    4.4980000000000E+003    3.1861000000000E+004    3.8090000000000E+003    4.0168000000000E+004
     212    1.0210000000000E+003    9.9585150000000E+006    4.3880000000000E+003    3.2255000000000E+004    3.8170000000000E+003    4.0460000000000E+004
     213    1.1150000000000E+003    9.9581130000000E+006    4.2860000000000E+003    3.2631000000000E+004    3.8510000000000E+003    4.0768000000000E+004
     214    1.3920000000000E+003    9.9576910000000E+006    4.3070000000000E+003    3.2709000000000E+004    3.8970000000000E+003    4.0913000000000E+004
     215    1.5580000000000E+003    9.9573600000000E+006    4.3410000000000E+003    3.2796000000000E+004    3.9410000000000E+003    4.1078000000000E+004
     216    1.5290000000000E+003    9.9569850000000E+006    4.3170000000000E+003    3.3195000000000E+004    3.9700000000000E+003    4.1482000000000E+004
     217    1.3310000000000E+003    9.9567810000000E+006    4.2220000000000E+003    3.3662000000000E+004    4.0000000000000E+003    4.1884000000000E+004
     218    1.0780000000000E+003    9.9566120000000E+006    4.2070000000000E+003    3.4084000000000E+004    4.0150000000000E+003    4.2306000000000E+004
     219    1.3100000000000E+003    9.9560490000000E+006    4.1920000000000E+003    3.4407000000000E+004    4.0380000000000E+003    4.2637000000000E+004
     220    1.3870000000000E+003    9.9555970000000E+006    4.2570000000000E+003    3.4679000000000E+004    4.0760000000000E+003    4.3012000000000E+004
     221    1.6380000000000E+003    9.9551420000000E+006    4.3120000000000E+003    3.4778000000000E+004    4.1260000000000E+003    4.3216000000000E+004
     222    1.8510000000000E+003    9.9547600000000E+006    4.3820000000000E+003    3.4842000000000E+004    4.1610000000000E+003    4.3385000000000E+004
     223    1.6320000000000E+003    9.9544160000000E+006    4.5690000000000E+003    3.5182000000000E+004    4.1970000000000E+003    4.3948000000000E+004
     224    1.3340000000000E+003    9.9542620000000E+006    4.6340000000000E+003    3.5532000000000E+004    4.2340000000000E+003    4.4400000000000E+004
     225    1.0140000000000E+003    9.9541270000000E+006    4.6920000000000E+003    3.5911000000000E+004    4.2520000000000E+003    4.4855000000000E+004
     226    1.1420000000000E+003    9.9536170000000E+006    4.7820000000000E+003    3.6185000000000E+004    4.2700000000000E+003    4.5237000000000E+004
     227    1.2210000000000E+003    9.9531940000000E+006    4.8180000000000E+003    3.6427000000000E+004    4.3360000000000E+003    4.5581000000000E+004
     228    1.4900000000000E+003    9.9527710000000E+006    4.8270000000000E+003    3.6532000000000E+004    4.3760000000000E+003    4.5735000000000E+004
     229    1.7150000000000E+003    9.9524110000000E+006    4.7970000000000E+003    3.6648000000000E+004    4.4250000000000E+003    4.5870000000000E+004
     230    1.5180000000000E+003    9.9520980000000E+006    4.9030000000000E+003    3.7017000000000E+004    4.4600000000000E+003    4.6380000000000E+004
     231    1.3080000000000E+003    9.9518850000000E+006    4.9240000000000E+003    3.7387000000000E+004    4.4920000000000E+003    4.6803000000000E+004
     232    1.0180000000000E+003    9.9517520000000E+006    4.9250000000000E+003    3.7795000000000E+004    4.5060000000000E+003    4.7226000000000E+004
     233    1.0220000000000E+003    9.9513880000000E+006    4.9540000000000E+003    3.8116000000000E+004    4.5160000000000E+003    4.7586000000000E+004
     234    1.1610000000000E+003    9.9509360000000E+006    4.8920000000000E+003    3.8449000000000E+004    4.5580000000000E+003    4.7899000000000E+004
     235    1.3070000000000E+003    9.9505770000000E+006    4.9010000000000E+003    3.8617000000000E+004    4.5940000000000E+003    4.8112000000000E+004
     236    1.5610000000000E+003    9.9501900000000E+006    4.8650000000000E+003    3.8737000000000E+004    4.6430000000000E+003    4.8245000000000E+004
     237    1.5590000000000E+003    9.9498280000000E+006    4.6660000000000E+003    3.9261000000000E+004    4.6820000000000E+003    4.8609000000000E+004
     238    1.2340000000000E+003    9.9497010000000E+006    4.6660000000000E+003    3.9686000000000E+004    4.7090000000000E+003    4.9061000000000E+004
     239    9.8500000000000E+002    9.9495910000000E+006    4.5700000000000E+003    4.0121000000000E+004    4.7290000000000E+003    4.9420000000000E+004
     240    1.0560000000000E+003    9.9491330000000E+006    4.5750000000000E+003    4.0491000000000E+004    4.7410000000000E+003    4.9807000000000E+004
     241    1.1070000000000E+003    9.9487200000000E+006    4.5930000000000E+003    4.0801000000000E+004    4.7750000000000E+003    5.0169000000000E+004
     242    1.3850000000000E+003    9.9483150000000E+006    4.5660000000000E+003    4.0907000000000E+004    4.8230000000000E+003    5.0296000000000E+004
     243    1.6190000000000E+003    9.9479710000000E+006    4.5410000000000E+003    4.0996000000000E+004    4.8690000000000E+003    5.0406000000000E+004
     244    1.5320000000000E+003    9.9476000000000E+006    4.4890000000000E+003    4.1470000000000E+004    4.9050000000000E+003    5.0864000000000E+004
     245    1.3150000000000E+003    9.9474040000000E+006    4.4790000000000E+003    4.1853000000000E+004    4.9450000000000E+003    5.1277000000000E+004
     246    1.0600000000000E+003    9.9472540000000E+006    4.4610000000000E+003    4.2262000000000E+004    4.9590000000000E+003    5.1682000000000E+004
     247    9.3800000000000E+002    9.9470320000000E+006    4.4450000000000E+003    4.2614000000000E+004    4.9670000000000E+003    5.2026000000000E+004
     248    1.0350000000000E+003    9.9465640000000E+006    4.5030000000000E+003    4.2890000000000E+004    5.0040000000000E+003    5.2397000000000E+004
     249    1.3500000000000E+003    9.9460530000000E+006    4.4860000000000E+003    4.3069000000000E+004    5.0380000000000E+003    5.2593000000000E+004
     250    1.6190000000000E+003    9.9456340000000E+006    4.5030000000000E+003    4.3159000000000E+004    5.0810000000000E+003    5.2743000000000E+004
     251    1.7360000000000E+003    9.9452950000000E+006    4.3610000000000E+003    4.3481000000000E+004    5.1230000000000E+003    5.2965000000000E+004
     252    1.4610000000000E+003    9.9451020000000E+006    4.3770000000000E+003    4.3904000000000E+004    5.1520000000000E+003    5.3433000000000E+004
     253    1.1440000000000E+003    9.9449080000000E+006    4.5290000000000E+003    4.4246000000000E+004    5.1690000000000E+003    5.3944000000000E+004
     254    1.2910000000000E+003    9.9443420000000E+006    4.5610000000000E+003    4.4624000000000E+004    5.1780000000000E+003    5.4363000000000E+004
     255    1.4360000000000E+003    9.9438580000000E+006    4.5380000000000E+003    4.4958000000000E+004    5.2060000000000E+003    5.4702000000000E+004
     256    1.7920000000000E+003    9.9433090000000E+006    4.6040000000000E+003    4.5031000000000E+004    5.2600000000000E+003    5.4895000000000E+004
     257    2.0760000000000E+003    9.9428310000000E+006    4.6880000000000E+003    4.5085000000000E+004    5.3160000000000E+003    5.5089000000000E+004
     258    1.9420000000000E+003    9.9423990000000E+006    4.7960000000000E+003    4.5499000000000E+004    5.3600000000000E+003    5.5655000000000E+004
     259    1.7020000000000E+003    9.9421550000000E+006    4.8670000000000E+003    4.5878000000000E+004    5.3940000000000E+003    5.6139000000000E+004
     260    1.3240000000000E+003    9.9419840000000E+006    5.0110000000000E+003    4.6265000000000E+004    5.4120000000000E+003    5.6688000000000E+004
     261    1.3370000000000E+003    9.9414930000000E+006    5.1450000000000E+003    4.6594000000000E+004    5.4270000000000E+003    5.7166000000000E+004
     262    1.4140000000000E+003    9.9409840000000E+006    5.2060000000000E+003    4.6903000000000E+004    5.4890000000000E+003    5.7598000000000E+004
     263    1.7110000000000E+003    9.9404430000000E+006    5.2540000000000E+003    4.7058000000000E+004    5.5300000000000E+003    5.7842000000000E+004
     264    2.0210000000000E+003    9.9399620000000E+006    5.2750000000000E+003    4.7159000000000E+004    5.5790000000000E+003    5.8013000000000E+004
     265    1.9670000000000E+003    9.9395250000000E+006    5.5440000000000E+003    4.7338000000000E+004    5.6220000000000E+003    5.8504000000000E+004
     266    1.6680000000000E+003    9.9393150000000E+006    5.5850000000000E+003    4.7763000000000E+004    5.6650000000000E+003    5.9013000000000E+004
     267    1.2940000000000E+003    9.9391480000000E+006    5.6150000000000E+003    4.8249000000000E+004    5.6900000000000E+003    5.9554000000000E+004
     268    1.3370000000000E+003    9.9386240000000E+006    5.6770000000000E+003    4.8654000000000E+004    5.7040000000000E+003    6.0035000000000E+004
     269    1.3470000000000E+003    9.9381770000000E+006    5.7750000000000E+003    4.8941000000000E+004    5.7560000000000E+003    6.0472000000000E+004
     270    1.6280000000000E+003    9.9376860000000E+006    5.7920000000000E+003    4.9090000000000E+004    5.8000000000000E+003    6.0682000000000E+004
     271    1.9000000000000E+003    9.9372470000000E+006    5.7650000000000E+003    4.9234000000000E+004    5.8500000000000E+003    6.0849000000000E+004
     272    1.8210000000000E+003    9.9368020000000E+006    5.7230000000000E+003    4.9753000000000E+004    5.8970000000000E+003    6.1373000000000E+004
     273    1.6770000000000E+003    9.9364990000000E+006    5.6860000000000E+003    5.0197000000000E+004    5.9370000000000E+003    6.1820000000000E+004
     274    1.3860000000000E+003    9.9362990000000E+006    5.6280000000000E+003    5.0720000000000E+004    5.9630000000000E+003    6.2311000000000E+004
     275    1.5270000000000E+003    9.9357190000000E+006    5.5890000000000E+003    5.1184000000000E+004    5.9770000000000E+003    6.2750000000000E+004
     276    1.6020000000000E+003    9.9351990000000E+006    5.6020000000000E+003    5.1569000000000E+004    6.0240000000000E+003    6.3195000000000E+004
     277    1.8460000000000E+003    9.9346520000000E+006    5.6610000000000E+003    5.1771000000000E+004    6.0660000000000E+003    6.3498000000000E+004
     278    2.1620000000000E+003    9.9341360000000E+006    5.6900000000000E+003    5.1888000000000E+004    6.1200000000000E+003    6.3698000000000E+004
     279    1.9880000000000E+003    9.9337300000000E+006    5.7790000000000E+003    5.2340000000000E+004    6.1590000000000E+003    6.4278000000000E+004
     280    1.6540000000000E+003    9.9335440000000E+006    5.7900000000000E+003    5.2794000000000E+004    6.2140000000000E+003    6.4798000000000E+004
     281    1.3370000000000E+003    9.9333140000000E+006    5.7960000000000E+003    5.3302000000000E+004    6.2470000000000E+003    6.5345000000000E+004
     282    1.4570000000000E+003    9.9326780000000E+006    5.8310000000000E+003    5.3760000000000E+004    6.2700000000000E+003    6.5861000000000E+004
     283    1.6050000000000E+003    9.9321240000000E+006    5.8000000000000E+003    5.4139000000000E+004    6.3280000000000E+003    6.6267000000000E+004
     284    1.8840000000000E+003    9.9316590000000E+006    5.7760000000000E+003    5.4285000000000E+004    6.3920000000000E+003    6.6453000000000E+004
     285    2.0910000000000E+003    9.9312220000000E+006    5.8390000000000E+003    5.4386000000000E+004    6.4580000000000E+003    6.6683000000000E+004
     286    1.6750000000000E+003    9.9310020000000E+006    5.9510000000000E+003    5.4867000000000E+004    6.5010000000000E+003    6.7319000000000E+004
     287    1.4360000000000E+003    9.9306870000000E+006    6.0580000000000E+003    5.5271000000000E+004    6.5440000000000E+003    6.7873000000000E+004
     288    1.2890000000000E+003    9.9303690000000E+006    6.0320000000000E+003    5.5744000000000E+004    6.5620000000000E+003    6.8338000000000E+004
     289    1.7030000000000E+003    9.9295180000000E+006    6.0300000000000E+003    5.6157000000000E+004    6.5880000000000E+003    6.8775000000000E+004
     290    2.1380000000000E+003    9.9288630000000E+006    5.8050000000000E+003    5.6551000000000E+004    6.6390000000000E+003    6.8995000000000E+004
     291    2.5030000000000E+003    9.9281830000000E+006    5.8170000000000E+003    5.6797000000000E+004    6.6960000000000E+003    6.9310000000000E+004
     292    2.6870000000000E+003    9.9276810000000E+006    5.9350000000000E+003    5.6949000000000E+004    6.7440000000000E+003    6.9628000000000E+004
     293    2.0900000000000E+003    9.9274270000000E+006    6.2060000000000E+003    5.7488000000000E+004    6.7850000000000E+003    7.0479000000000E+004
     294    1.8420000000000E+003    9.9270200000000E+006    6.3410000000000E+003    5.7988000000000E+004    6.8050000000000E+003    7.1134000000000E+004
     295    1.5540000000000E+003    9.9266280000000E+006    6.4740000000000E+003    5.8508000000000E+004    6.8320000000000E+003    7.1814000000000E+004
     296    1.9740000000000E+003    9.9257060000000E+006    6.4600000000000E+003    5.8988000000000E+004    6.8680000000000E+003    7.2316000000000E+004
     297    2.6810000000000E+003    9.9247450000000E+006    6.3080000000000E+003    5.9311000000000E+004    6.9510000000000E+003    7.2570000000000E+004
     298    3.4360000000000E+003    9.9235830000000E+006    6.5290000000000E+003    5.9437000000000E+004    7.0110000000000E+003    7.2977000000000E+004
     299    4.0130000000000E+003    9.9226140000000E+006    6.6910000000000E+003    5.9594000000000E+004    7.0840000000000E+003    7.3369000000000E+004
     300    4.3290000000000E+003    9.9213760000000E+006    6.9770000000000E+003    6.0183000000000E+004    7.1310000000000E+003    7.4291000000000E+004
     301    3.9050000000000E+003    9.9208390000000E+006    7.3840000000000E+003    6.0707000000000E+004    7.1610000000000E+003    7.5252000000000E+004
     302    3.2000000000000E+003    9.9203820000000E+006    8.0810000000000E+003    6.1128000000000E+004    7.2050000000000E+003    7.6414000000000E+004
     303    3.6730000000000E+003    9.9189400000000E+006    8.6130000000000E+003    6.1531000000000E+004    7.2390000000000E+003    7.7383000000000E+004
     304    3.5050000000000E+003    9.9178700000000E+006    9.6310000000000E+003    6.1656000000000E+004    7.3340000000000E+003    7.8621000000000E+004
     305    4.1110000000000E+003    9.9167270000000E+006    9.8530000000000E+003    6.1886000000000E+004    7.4190000000000E+003    7.9158000000000E+004
     306    4.6090000000000E+003    9.9157720000000E+006    9.9920000000000E+003    6.2091000000000E+004    7.5320000000000E+003    7.9615000000000E+004
     307    4.1390000000000E+003    9.9148000000000E+006    1.0583000000000E+004    6.2838000000000E+004    7.6360000000000E+003    8.1057000000000E+004
     308    3.5410000000000E+003    9.9143280000000E+006    1.0998000000000E+004    6.3390000000000E+004    7.7390000000000E+003    8.2127000000000E+004
     309    2.8330000000000E+003    9.9138930000000E+006    1.1461000000000E+004    6.4026000000000E+004    7.7830000000000E+003    8.3270000000000E+004
     310    3.1010000000000E+003    9.9126700000000E+006    1.1914000000000E+004    6.4485000000000E+004    7.8260000000000E+003    8.4225000000000E+004
     311    3.1200000000000E+003    9.9116790000000E+006    1.2632000000000E+004    6.4593000000000E+004    7.9720000000000E+003    8.5197000000000E+004
     312    3.6580000000000E+003    9.9106690000000E+006    1.2697000000000E+004    6.4874000000000E+004    8.0980000000000E+003    8.5669000000000E+004
     313    4.1210000000000E+003    9.9097710000000E+006    1.2740000000000E+004    6.5137000000000E+004    8.2270000000000E+003    8.6104000000000E+004
     314    3.7140000000000E+003    9.9089550000000E+006    1.3041000000000E+004    6.5952000000000E+004    8.3340000000000E+003    8.7327000000000E+004
     315    3.1410000000000E+003    9.9085370000000E+006    1.3071000000000E+004    6.6817000000000E+004    8.4300000000000E+003    8.8318000000000E+004
     316    2.5290000000000E+003    9.9081390000000E+006    1.2919000000000E+004    6.7923000000000E+004    8.4860000000000E+003    8.9328000000000E+004
     317    2.6390000000000E+003    9.9071310000000E+006    1.2848000000000E+004    6.8839000000000E+004    8.5390000000000E+003    9.0226000000000E+004
     318    2.6650000000000E+003    9.9062890000000E+006    1.2426000000000E+004    6.9939000000000E+004    8.6770000000000E+003    9.1042000000000E+004
     319    3.1010000000000E+003    9.9054350000000E+006    1.2307000000000E+004    7.0390000000000E+004    8.7630000000000E+003    9.1460000000000E+004
     320    3.4130000000000E+003    9.9047250000000E+006    1.2248000000000E+004    7.0745000000000E+004    8.8650000000000E+003    9.1858000000000E+004
     321    3.0100000000000E+003    9.9041200000000E+006    1.1814000000000E+004    7.2107000000000E+004    8.9450000000000E+003    9.2866000000000E+004
     322    2.4330000000000E+003    9.9038550000000E+006    1.1586000000000E+004    7.3093000000000E+004    9.0290000000000E+003    9.3708000000000E+004
     323    1.8090000000000E+003    9.9036250000000E+006    1.1297000000000E+004    7.4194000000000E+004    9.0710000000000E+003    9.4562000000000E+004
     324    1.4640000000000E+003    9.9032600000000E+006    1.1052000000000E+004    7.5120000000000E+004    9.1000000000000E+003    9.5272000000000E+004
     325    1.4230000000000E+003    9.9026960000000E+006    1.0685000000000E+004    7.6000000000000E+004    9.1920000000000E+003    9.5877000000000E+004
     326    1.7780000000000E+003    9.9020760000000E+006    1.0478000000000E+004    7.6401000000000E+004    9.2630000000000E+003    9.6142000000000E+004
     327    1.9870000000000E+003    9.9016370000000E+006    1.0273000000000E+004    7.6760000000000E+004    9.3390000000000E+003    9.6372000000000E+004
     328    2.0190000000000E+003    9.9012400000000E+006    9.4150000000000E+003    7.7925000000000E+004    9.3970000000000E+003    9.6737000000000E+004
     329    1.6350000000000E+003    9.9010600000000E+006    8.9880000000000E+003    7.8852000000000E+004    9.4610000000000E+003    9.7301000000000E+004
     330    1.1690000000000E+003    9.9009060000000E+006    8.5980000000000E+003    7.9834000000000E+004    9.4890000000000E+003    9.7921000000000E+004
     331    1.1840000000000E+003    9.9004520000000E+006    8.1390000000000E+003    8.0710000000000E+004    9.5110000000000E+003    9.8360000000000E+004
     332    1.2180000000000E+003    9.9000210000000E+006    7.7200000000000E+003    8.1477000000000E+004    9.5600000000000E+003    9.8757000000000E+004
     333    1.4370000000000E+003    9.8996220000000E+006    7.4820000000000E+003    8.1841000000000E+004    9.6140000000000E+003    9.8937000000000E+004
     334    1.6820000000000E+003    9.8992230000000E+006    7.2380000000000E+003    8.2168000000000E+004    9.6850000000000E+003    9.9091000000000E+004
     335    1.5800000000000E+003    9.8988710000000E+006    6.6840000000000E+003    8.3141000000000E+004    9.7200000000000E+003    9.9545000000000E+004
     336    1.2640000000000E+003    9.8987560000000E+006    6.2730000000000E+003    8.3949000000000E+004    9.7540000000000E+003    9.9976000000000E+004
     337    9.8100000000000E+002    9.8986400000000E+006    5.8180000000000E+003    8.4780000000000E+004    9.7770000000000E+003    1.0037500000000E+005
     338    1.0590000000000E+003    9.8981630000000E+006    5.5070000000000E+003    8.5477000000000E+004    9.7900000000000E+003    1.0077400000000E+005
     339    1.0710000000000E+003    9.8977990000000E+006    5.2540000000000E+003    8.6035000000000E+004    9.8370000000000E+003    1.0112600000000E+005
     340    1.2610000000000E+003    9.8974940000000E+006    5.1040000000000E+003    8.6270000000000E+004    9.8670000000000E+003    1.0124100000000E+005
     341    1.4740000000000E+003    9.8971650000000E+006    4.9900000000000E+003    8.6454000000000E+004    9.9130000000000E+003    1.0135700000000E+005
     342    1.2910000000000E+003    9.8968710000000E+006    5.1020000000000E+003    8.6778000000000E+004    9.9540000000000E+003    1.0183400000000E+005
     343    1.0380000000000E+003    9.8967600000000E+006    4.9020000000000E+003    8.7310000000000E+004    9.9860000000000E+003    1.0219800000000E+005
     344    8.2800000000000E+002    9.8966650000000E+006    4.5870000000000E+003    8.7919000000000E+004    9.9970000000000E+003    1.0250300000000E+005
     345    8.8600000000000E+002    9.8962780000000E+006    4.4770000000000E+003    8.8343000000000E+004    1.0012000000000E+004    1.0283200000000E+005
     346    9.4300000000000E+002    9.8959270000000E+006    4.3740000000000E+003    8.8686000000000E+004    1.0066000000000E+004    1.0312600000000E+005
     347    1.1660000000000E+003    9.8955930000000E+006    4.3050000000000E+003    8.8825000000000E+004    1.0107000000000E+004    1.0323700000000E+005
     348    1.3830000000000E+003    9.8952810000000E+006    4.2460000000000E+003    8.8950000000000E+004    1.0136000000000E+004    1.0333200000000E+005
     349    1.2490000000000E+003    9.8950280000000E+006    4.1790000000000E+003    8.9367000000000E+004    1.0173000000000E+004    1.0371900000000E+005
     350    9.6500000000000E+002    9.8949610000000E+006    4.0990000000000E+003    8.9760000000000E+004    1.0211000000000E+004    1.0407000000000E+005
     351    7.3300000000000E+002    9.8948590000000E+006    4.0340000000000E+003    9.0150000000000E+004    1.0220000000000E+004    1.0440400000000E+005
     352    7.5800000000000E+002    9.8945220000000E+006    3.9470000000000E+003    9.0542000000000E+004    1.0227000000000E+004    1.0471600000000E+005
     353    7.4800000000000E+002    9.8942790000000E+006    3.8480000000000E+003    9.0857000000000E+004    1.0264000000000E+004    1.0496900000000E+005
     354    9.3000000000000E+002    9.8940300000000E+006    3.8000000000000E+003    9.0922000000000E+004    1.0314000000000E+004    1.0503600000000E+005
     355    1.0370000000000E+003    9.8938210000000E+006    3.7860000000000E+003    9.1001000000000E+004    1.0351000000000E+004    1.0513800000000E+005
     356    9.0000000000000E+002    9.8936210000000E+006    3.6460000000000E+003    9.1445000000000E+004    1.0384000000000E+004    1.0547500000000E+005
     357    7.3800000000000E+002    9.8935400000000E+006    3.5250000000000E+003    9.1781000000000E+004    1.0412000000000E+004    1.0571800000000E+005
     358    5.6600000000000E+002    9.8934630000000E+006    3.4690000000000E+003    9.2083000000000E+004    1.0415000000000E+004    1.0596700000000E+005
     359    5.9800000000000E+002    9.8932220000000E+006    3.3490000000000E+003    9.2402000000000E+004    1.0425000000000E+004    1.0617600000000E+005
     360    6.0000000000000E+002    9.8930200000000E+006    3.2550000000000E+003    9.2670000000000E+004    1.0451000000000E+004    1.0637600000000E+005
     361    6.7900000000000E+002    9.8928600000000E+006    3.2250000000000E+003    9.2760000000000E+004    1.0472000000000E+004    1.0645700000000E+005
     362    7.4400000000000E+002    9.8927180000000E+006    3.2070000000000E+003    9.2834000000000E+004    1.0493000000000E+004    1.0653400000000E+005
     363    6.7900000000000E+002    9.8925420000000E+006    3.0610000000000E+003    9.3194000000000E+004    1.0520000000000E+004    1.0677500000000E+005
     364    5.6400000000000E+002    9.8924550000000E+006    2.9120000000000E+003    9.3525000000000E+004    1.0540000000000E+004    1.0697700000000E+005
     365    4.5300000000000E+002    9.8924060000000E+006    2.7380000000000E+003    9.3850000000000E+004    1.0549000000000E+004    1.0713700000000E+005
     366    3.9300000000000E+002    9.8923240000000E+006    2.5680000000000E+003    9.4154000000000E+004    1.0557000000000E+004    1.0727900000000E+005
     367    4.7400000000000E+002    9.8920670000000E+006    2.4910000000000E+003    9.4376000000000E+004    1.0588000000000E+004    1.0745500000000E+005
     368    5.4300000000000E+002    9.8919110000000E+006    2.5110000000000E+003    9.4423000000000E+004    1.0608000000000E+004    1.0754200000000E+005
     369    6.6800000000000E+002    9.8917370000000E+006    2.4580000000000E+003    9.4504000000000E+004    1.0629000000000E+004    1.0759100000000E+005
     370    7.7500000000000E+002    9.8915480000000E+006    2.2030000000000E+003    9.4828000000000E+004    1.0642000000000E+004    1.0767300000000E+005
     371    5.7700000000000E+002    9.8914890000000E+006    2.2170000000000E+003    9.5055000000000E+004    1.0658000000000E+004    1.0793000000000E+005
     372    4.7900000000000E+002    9.8914310000000E+006    2.1240000000000E+003    9.5292000000000E+004    1.0670000000000E+004    1.0808600000000E+005
     373    5.1200000000000E+002    9.8912240000000E+006    2.0890000000000E+003    9.5495000000000E+004    1.0676000000000E+004    1.0826000000000E+005
     374    4.9100000000000E+002    9.8910560000000E+006    2.0780000000000E+003    9.5689000000000E+004    1.0682000000000E+004    1.0844900000000E+005
     375    5.7300000000000E+002    9.8909150000000E+006    2.0560000000000E+003    9.5744000000000E+004    1.0708000000000E+004    1.0850800000000E+005
     376    6.5100000000000E+002    9.8907790000000E+006    2.0370000000000E+003    9.5806000000000E+004    1.0723000000000E+004    1.0856600000000E+005
     377    5.5100000000000E+002    9.8906720000000E+006    2.0030000000000E+003    9.6037000000000E+004    1.0733000000000E+004    1.0877300000000E+005
     378    4.3400000000000E+002    9.8906210000000E+006    1.9690000000000E+003    9.6222000000000E+004    1.0750000000000E+004    1.0894100000000E+005
     379    3.5300000000000E+002    9.8905610000000E+006    1.9500000000000E+003    9.6376000000000E+004    1.0756000000000E+004    1.0908200000000E+005
     380    4.3000000000000E+002    9.8903480000000E+006    1.9440000000000E+003    9.6514000000000E+004    1.0760000000000E+004    1.0921800000000E+005
     381    4.5200000000000E+002    9.8902190000000E+006    1.8750000000000E+003    9.6676000000000E+004    1.0774000000000E+004    1.0932500000000E+005
     382    5.4400000000000E+002    9.8900760000000E+006    1.8390000000000E+003    9.6748000000000E+004    1.0789000000000E+004    1.0937600000000E+005
     383    5.4200000000000E+002    9.8900180000000E+006    1.8500000000000E+003    9.6778000000000E+004    1.0808000000000E+004    1.0943600000000E+005
     384    4.1200000000000E+002    9.8899350000000E+006    1.9810000000000E+003    9.6843000000000E+004    1.0825000000000E+004    1.0964900000000E+005
     385    3.6100000000000E+002    9.8898570000000E+006    1.8530000000000E+003    9.7090000000000E+004    1.0835000000000E+004    1.0977800000000E+005
     386    3.1400000000000E+002    9.8897610000000E+006    1.8400000000000E+003    9.7238000000000E+004    1.0843000000000E+004    1.0992100000000E+005
     387    4.1300000000000E+002    9.8896040000000E+006    1.7240000000000E+003    9.7408000000000E+004    1.0847000000000E+004    1.0997900000000E+005
     388    5.2200000000000E+002    9.8894120000000E+006    1.6180000000000E+003    9.7575000000000E+004    1.0869000000000E+004    1.1006200000000E+005
     389    6.1400000000000E+002    9.8892420000000E+006    1.6370000000000E+003    9.7625000000000E+004    1.0878000000000E+004    1.1014000000000E+005
     390    6.8800000000000E+002    9.8890720000000E+006    1.6750000000000E+003    9.7670000000000E+004    1.0891000000000E+004    1.1023600000000E+005
     391    6.9000000000000E+002    9.8889130000000E+006    1.6250000000000E+003    9.7868000000000E+004    1.0900000000000E+004    1.1039300000000E+005
     392    5.6900000000000E+002    9.8888420000000E+006    1.6490000000000E+003    9.8028000000000E+004    1.0908000000000E+004    1.1058500000000E+005
     393    4.6000000000000E+002    9.8887810000000E+006    1.6780000000000E+003    9.8160000000000E+004    1.0917000000000E+004    1.1075500000000E+005
     394    4.5400000000000E+002    9.8886170000000E+006    1.7120000000000E+003    9.8283000000000E+004    1.0930000000000E+004    1.1092500000000E+005
     395    4.0500000000000E+002    9.8885070000000E+006    1.7640000000000E+003    9.8369000000000E+004    1.0951000000000E+004    1.1108400000000E+005
     396    4.6100000000000E+002    9.8883800000000E+006    1.7840000000000E+003    9.8405000000000E+004    1.0966000000000E+004    1.1115500000000E+005
     397    5.4500000000000E+002    9.8882350000000E+006    1.7850000000000E+003    9.8450000000000E+004    1.0981000000000E+004    1.1121600000000E+005
     398    4.9900000000000E+002    9.8881170000000E+006    1.7360000000000E+003    9.8649000000000E+004    1.0995000000000E+004    1.1138000000000E+005
     399    4.3500000000000E+002    9.8880710000000E+006    1.7170000000000E+003    9.8764000000000E+004    1.1009000000000E+004    1.1149000000000E+005
     400    3.5500000000000E+002    9.8880240000000E+006    1.7010000000000E+003    9.8897000000000E+004    1.1019000000000E+004    1.1161700000000E+005
     401    3.6600000000000E+002    9.8878680000000E+006    1.7880000000000E+003    9.8950000000000E+004    1.1024000000000E+004    1.1176200000000E+005
     402    4.0100000000000E+002    9.8877150000000E+006    1.8230000000000E+003    9.9011000000000E+004    1.1046000000000E+004    1.1188000000000E+005
     403    4.8400000000000E+002    9.8875860000000E+006    1.7910000000000E+003    9.9080000000000E+004    1.1055000000000E+004    1.1192600000000E+005
     404    5.4100000000000E+002    9.8874820000000E+006    1.7420000000000E+003    9.9164000000000E+004    1.1067000000000E+004    1.1197300000000E+005
     405    4.9700000000000E+002    9.8873700000000E+006    1.7410000000000E+003    9.9306000000000E+004    1.1082000000000E+004    1.1212900000000E+005
     406    3.9000000000000E+002    9.8873240000000E+006    1.7020000000000E+003    9.9484000000000E+004    1.1096000000000E+004    1.1228200000000E+005
     407    2.8300000000000E+002    9.8873020000000E+006    1.6610000000000E+003    9.9648000000000E+004    1.1102000000000E+004    1.1241100000000E+005
     408    3.1900000000000E+002    9.8871620000000E+006    1.5950000000000E+003    9.9810000000000E+004    1.1110000000000E+004    1.1251500000000E+005
     409    3.0400000000000E+002    9.8870650000000E+006    1.5480000000000E+003    9.9957000000000E+004    1.1122000000000E+004    1.1262700000000E+005
     410    3.6700000000000E+002    9.8869560000000E+006    1.5230000000000E+003    1.0001000000000E+005    1.1140000000000E+004    1.1267300000000E+005
     411    4.6100000000000E+002    9.8868400000000E+006    1.4840000000000E+003    1.0005400000000E+005    1.1157000000000E+004    1.1269500000000E+005
     412    3.8700000000000E+002    9.8867740000000E+006    1.4600000000000E+003    1.0020400000000E+005    1.1171000000000E+004    1.1283500000000E+005
     413    3.1700000000000E+002    9.8867470000000E+006    1.4470000000000E+003    1.0030100000000E+005    1.1184000000000E+004    1.1293200000000E+005
     414    2.4600000000000E+002    9.8867090000000E+006    1.4290000000000E+003    1.0042500000000E+005    1.1187000000000E+004    1.1304100000000E+005
     415    2.7500000000000E+002    9.8865640000000E+006    1.4000000000000E+003    1.0056700000000E+005    1.1190000000000E+004    1.1315700000000E+005
     416    3.2900000000000E+002    9.8864440000000E+006    1.3480000000000E+003    1.0066900000000E+005    1.1206000000000E+004    1.1322300000000E+005
     417    4.0300000000000E+002    9.8863430000000E+006    1.3290000000000E+003    1.0070700000000E+005    1.1214000000000E+004    1.1325000000000E+005
     418    4.8300000000000E+002    9.8862250000000E+006    1.3200000000000E+003    1.0074200000000E+005    1.1226000000000E+004    1.1328800000000E+005
     419    4.0300000000000E+002    9.8861600000000E+006    1.3090000000000E+003    1.0088900000000E+005    1.1235000000000E+004    1.1343300000000E+005
     420    3.2700000000000E+002    9.8861160000000E+006    1.2760000000000E+003    1.0103300000000E+005    1.1244000000000E+004    1.1355300000000E+005
     421    2.7800000000000E+002    9.8860640000000E+006    1.2480000000000E+003    1.0115700000000E+005    1.1249000000000E+004    1.1365400000000E+005
     422    2.1300000000000E+002    9.8860110000000E+006    1.2620000000000E+003    1.0125500000000E+005    1.1255000000000E+004    1.1377200000000E+005
     423    2.8600000000000E+002    9.8858730000000E+006    1.2150000000000E+003    1.0135800000000E+005    1.1264000000000E+004    1.1383700000000E+005
     424    3.2300000000000E+002    9.8857920000000E+006    1.2130000000000E+003    1.0139200000000E+005    1.1276000000000E+004    1.1388100000000E+005
     425    3.3400000000000E+002    9.8857290000000E+006    1.2430000000000E+003    1.0140300000000E+005    1.1287000000000E+004    1.1393300000000E+005
     426    3.3300000000000E+002    9.8856770000000E+006    1.1560000000000E+003    1.0153200000000E+005    1.1298000000000E+004    1.1398600000000E+005
     427    2.2400000000000E+002    9.8856480000000E+006    1.1970000000000E+003    1.0162100000000E+005    1.1306000000000E+004    1.1412400000000E+005
     428    1.6200000000000E+002    9.8856290000000E+006    1.1690000000000E+003    1.0172200000000E+005    1.1314000000000E+004    1.1420500000000E+005
     429    1.7800000000000E+002    9.8855500000000E+006    1.1160000000000E+003    1.0183100000000E+005    1.1321000000000E+004    1.1426800000000E+005
     430    2.0900000000000E+002    9.8854670000000E+006    1.1020000000000E+003    1.0189200000000E+005    1.1326000000000E+004    1.1432000000000E+005
     431    2.7400000000000E+002    9.8853730000000E+006    1.1040000000000E+003    1.0190000000000E+005    1.1345000000000E+004    1.1434900000000E+005
     432    2.9700000000000E+002    9.8853310000000E+006    1.0850000000000E+003    1.0193200000000E+005    1.1351000000000E+004    1.1436800000000E+005
     433    2.7500000000000E+002    9.8852740000000E+006    1.0190000000000E+003    1.0207500000000E+005    1.1353000000000E+004    1.1444700000000E+005
     434    2.2500000000000E+002    9.8852410000000E+006    9.8200000000000E+002    1.0219200000000E+005    1.1356000000000E+004    1.1453000000000E+005
     435    1.6100000000000E+002    9.8852110000000E+006    9.7500000000000E+002    1.0229100000000E+005    1.1358000000000E+004    1.1462400000000E+005
     436    2.2600000000000E+002    9.8851040000000E+006    8.9900000000000E+002    1.0240800000000E+005    1.1359000000000E+004    1.1466600000000E+005
     437    2.6600000000000E+002    9.8850070000000E+006    8.9100000000000E+002    1.0246900000000E+005    1.1363000000000E+004    1.1472300000000E+005
     438    2.8300000000000E+002    9.8849570000000E+006    8.8000000000000E+002    1.0250200000000E+005    1.1374000000000E+004    1.1475600000000E+005
     439    3.5700000000000E+002    9.8848530000000E+006    8.5800000000000E+002    1.0254500000000E+005    1.1383000000000E+004    1.1478600000000E+005
     440    3.1000000000000E+002    9.8847930000000E+006    9.1200000000000E+002    1.0259300000000E+005    1.1388000000000E+004    1.1489300000000E+005
     441    2.3800000000000E+002    9.8847680000000E+006    8.7100000000000E+002    1.0272300000000E+005    1.1396000000000E+004    1.1499000000000E+005
     442    2.1900000000000E+002    9.8847370000000E+006    8.4000000000000E+002    1.0279900000000E+005    1.1401000000000E+004    1.1504000000000E+005
     443    1.8600000000000E+002    9.8846660000000E+006    8.8100000000000E+002    1.0285900000000E+005    1.1404000000000E+004    1.1514400000000E+005
     444    1.7800000000000E+002    9.8846140000000E+006    8.8900000000000E+002    1.0290100000000E+005    1.1414000000000E+004    1.1520400000000E+005
     445    2.4600000000000E+002    9.8845210000000E+006    8.8500000000000E+002    1.0292000000000E+005    1.1424000000000E+004    1.1522900000000E+005
     446    2.9800000000000E+002    9.8844380000000E+006    8.9700000000000E+002    1.0293200000000E+005    1.1431000000000E+004    1.1526000000000E+005
     447    2.9400000000000E+002    9.8843710000000E+006    8.8900000000000E+002    1.0299900000000E+005    1.1443000000000E+004    1.1533100000000E+005
     448    2.6800000000000E+002    9.8843450000000E+006    8.5800000000000E+002    1.0307700000000E+005    1.1448000000000E+004    1.1538300000000E+005
     449    1.9900000000000E+002    9.8843210000000E+006    8.5700000000000E+002    1.0317100000000E+005    1.1448000000000E+004    1.1547600000000E+005
     450    2.0000000000000E+002    9.8842370000000E+006    8.9800000000000E+002    1.0321200000000E+005    1.1449000000000E+004    1.1555900000000E+005
     451    2.0200000000000E+002    9.8841680000000E+006    9.0800000000000E+002    1.0326200000000E+005    1.1456000000000E+004    1.1562600000000E+005
     452    2.4300000000000E+002    9.8841010000000E+006    9.0100000000000E+002    1.0328400000000E+005    1.1467000000000E+004    1.1565200000000E+005
     453    2.8100000000000E+002    9.8840390000000E+006    8.9500000000000E+002    1.0330000000000E+005    1.1481000000000E+004    1.1567600000000E+005
     454    2.7000000000000E+002    9.8839660000000E+006    8.7200000000000E+002    1.0339700000000E+005    1.1491000000000E+004    1.1576000000000E+005
     455    2.3900000000000E+002    9.8839280000000E+006    8.4400000000000E+002    1.0348900000000E+005    1.1496000000000E+004    1.1582900000000E+005
     456    1.9000000000000E+002    9.8839100000000E+006    8.6100000000000E+002    1.0353700000000E+005    1.1498000000000E+004    1.1589600000000E+005
     457    2.1300000000000E+002    9.8838250000000E+006    8.1900000000000E+002    1.0363800000000E+005    1.1501000000000E+004    1.1595800000000E+005
     458    1.9300000000000E+002    9.8837720000000E+006    8.3200000000000E+002    1.0369100000000E+005    1.1508000000000E+004    1.1603100000000E+005
     459    2.0800000000000E+002    9.8837190000000E+006    8.4500000000000E+002    1.0371200000000E+005    1.1512000000000E+004    1.1606900000000E+005
     460    2.6000000000000E+002    9.8836490000000E+006    8.3200000000000E+002    1.0373400000000E+005    1.1521000000000E+004    1.1608700000000E+005
     461    2.5900000000000E+002    9.8835650000000E+006    8.4600000000000E+002    1.0380100000000E+005    1.1525000000000E+004    1.1617200000000E+005
     462    2.2400000000000E+002    9.8835470000000E+006    8.4700000000000E+002    1.0384400000000E+005    1.1534000000000E+004    1.1622500000000E+005
     463    2.2500000000000E+002    9.8834930000000E+006    8.0700000000000E+002    1.0393300000000E+005    1.1538000000000E+004    1.1627800000000E+005
     464    2.5800000000000E+002    9.8833900000000E+006    7.9400000000000E+002    1.0401300000000E+005    1.1541000000000E+004    1.1634800000000E+005
     465    2.7600000000000E+002    9.8832880000000E+006    8.1100000000000E+002    1.0406500000000E+005    1.1556000000000E+004    1.1643200000000E+005
     466    3.7800000000000E+002    9.8831680000000E+006    8.0300000000000E+002    1.0408500000000E+005    1.1562000000000E+004    1.1645000000000E+005
     467    4.4700000000000E+002    9.8830450000000E+006    8.3300000000000E+002    1.0410600000000E+005    1.1565000000000E+004    1.1650400000000E+005
     468    4.9900000000000E+002    9.8828900000000E+006    8.5200000000000E+002    1.0418300000000E+005    1.1572000000000E+004    1.1660700000000E+005
     469    4.6100000000000E+002    9.8828260000000E+006    8.8500000000000E+002    1.0424000000000E+005    1.1584000000000E+004    1.1670900000000E+005
     470    4.0200000000000E+002    9.8827650000000E+006    9.3800000000000E+002    1.0430500000000E+005    1.1586000000000E+004    1.1682900000000E+005
     471    4.9400000000000E+002    9.8825500000000E+006    9.9900000000000E+002    1.0435900000000E+005    1.1594000000000E+004    1.1695200000000E+005
     472    5.2100000000000E+002    9.8823680000000E+006    1.0810000000000E+003    1.0441900000000E+005    1.1607000000000E+004    1.1710700000000E+005
     473    6.5800000000000E+002    9.8821670000000E+006    1.1070000000000E+003    1.0444700000000E+005    1.1617000000000E+004    1.1717100000000E+005
     474    8.0100000000000E+002    9.8819630000000E+006    1.1500000000000E+003    1.0445600000000E+005    1.1626000000000E+004    1.1723200000000E+005
     475    7.7600000000000E+002    9.8817730000000E+006    1.2800000000000E+003    1.0452700000000E+005    1.1640000000000E+004    1.1744700000000E+005
     476    6.8200000000000E+002    9.8816850000000E+006    1.4090000000000E+003    1.0455700000000E+005    1.1663000000000E+004    1.1762900000000E+005
     477    5.9900000000000E+002    9.8815670000000E+006    1.5570000000000E+003    1.0460300000000E+005    1.1670000000000E+004    1.1783000000000E+005
     478    8.0100000000000E+002    9.8811610000000E+006    1.6910000000000E+003    1.0466800000000E+005    1.1675000000000E+004    1.1803400000000E+005
     479    1.1120000000000E+003    9.8806600000000E+006    1.7970000000000E+003    1.0473200000000E+005    1.1695000000000E+004    1.1822400000000E+005
     480    1.5460000000000E+003    9.8801380000000E+006    1.8670000000000E+003    1.0472400000000E+005    1.1721000000000E+004    1.1831200000000E+005
     481    1.8990000000000E+003    9.8796670000000E+006    1.9310000000000E+003    1.0475900000000E+005    1.1740000000000E+004    1.1843000000000E+005
     482    2.0300000000000E+003    9.8791300000000E+006    2.2340000000000E+003    1.0484300000000E+005    1.1759000000000E+004    1.1883600000000E+005
     483    1.7160000000000E+003    9.8789430000000E+006    2.6330000000000E+003    1.0493100000000E+005    1.1773000000000E+004    1.1933700000000E+005
     484    1.4160000000000E+003    9.8787210000000E+006    3.0350000000000E+003    1.0504000000000E+005    1.1784000000000E+004    1.1985900000000E+005
     485    1.8480000000000E+003    9.8778180000000E+006    3.3830000000000E+003    1.0514300000000E+005    1.1804000000000E+004    1.2033000000000E+005
     486    2.1840000000000E+003    9.8769450000000E+006    3.7650000000000E+003    1.0524700000000E+005    1.1855000000000E+004    1.2086700000000E+005
     487    3.0100000000000E+003    9.8759320000000E+006    3.8880000000000E+003    1.0526800000000E+005    1.1898000000000E+004    1.2105400000000E+005
     488    3.7500000000000E+003    9.8749700000000E+006    4.0490000000000E+003    1.0527400000000E+005    1.1953000000000E+004    1.2127600000000E+005
     489    3.7890000000000E+003    9.8740280000000E+006    4.7370000000000E+003    1.0545100000000E+005    1.1991000000000E+004    1.2217900000000E+005
     490    3.3260000000000E+003    9.8736180000000E+006    5.4280000000000E+003    1.0559200000000E+005    1.2032000000000E+004    1.2305200000000E+005
     491    2.6580000000000E+003    9.8732730000000E+006    6.2400000000000E+003    1.0576700000000E+005    1.2058000000000E+004    1.2406500000000E+005
     492    3.0610000000000E+003    9.8719080000000E+006    6.9980000000000E+003    1.0595000000000E+005    1.2079000000000E+004    1.2502700000000E+005
     493    3.6950000000000E+003    9.8703320000000E+006    7.7500000000000E+003    1.0603700000000E+005    1.2182000000000E+004    1.2596900000000E+005
     494    4.7190000000000E+003    9.8688980000000E+006    8.0720000000000E+003    1.0603000000000E+005    1.2277000000000E+004    1.2637900000000E+005
     495    5.8890000000000E+003    9.8673830000000E+006    8.2990000000000E+003    1.0604200000000E+005    1.2383000000000E+004    1.2672400000000E+005
     496    5.8850000000000E+003    9.8660220000000E+006    9.2580000000000E+003    1.0634900000000E+005    1.2482000000000E+004    1.2808900000000E+005
     497    4.9540000000000E+003    9.8653770000000E+006    1.0333000000000E+004    1.0675700000000E+005    1.2575000000000E+004    1.2966500000000E+005
     498    4.0500000000000E+003    9.8648470000000E+006    1.1245000000000E+004    1.0724400000000E+005    1.2610000000000E+004    1.3109900000000E+005
     499    4.4990000000000E+003    9.8628830000000E+006    1.2289000000000E+004    1.0767600000000E+005    1.2649000000000E+004    1.3261400000000E+005
     500    4.8940000000000E+003    9.8611270000000E+006    1.3113000000000E+004    1.0806100000000E+005    1.2801000000000E+004    1.3397500000000E+005
     501    5.9910000000000E+003    9.8593850000000E+006    1.3571000000000E+004    1.0809300000000E+005    1.2956000000000E+004    1.3462000000000E+005
     502    7.0610000000000E+003    9.8577850000000E+006    1.3879000000000E+004    1.0818000000000E+005    1.3091000000000E+004    1.3515000000000E+005
     503    6.5910000000000E+003    9.8562910000000E+006    1.4940000000000E+004    1.0892800000000E+005    1.3246000000000E+004    1.3711400000000E+005
     504    5.3130000000000E+003    9.8558130000000E+006    1.5823000000000E+004    1.0965900000000E+005    1.3388000000000E+004    1.3887000000000E+005
     505    4.0960000000000E+003    9.8552880000000E+006    1.6552000000000E+004    1.1060100000000E+005    1.3459000000000E+004    1.4061200000000E+005
     506    4.2050000000000E+003    9.8535790000000E+006    1.7190000000000E+004    1.1150400000000E+005    1.3518000000000E+004    1.4221200000000E+005
     507    4.3030000000000E+003    9.8519870000000E+006    1.7742000000000E+004    1.1225200000000E+005    1.3712000000000E+004    1.4370600000000E+005
     508    5.3790000000000E+003    9.8504330000000E+006    1.7810000000000E+004    1.1245800000000E+005    1.3916000000000E+004    1.4418400000000E+005
     509    6.2580000000000E+003    9.8490290000000E+006    1.7990000000000E+004    1.1262200000000E+005    1.4097000000000E+004    1.4470900000000E+005
     510    5.8020000000000E+003    9.8477760000000E+006    1.8334000000000E+004    1.1383300000000E+005    1.4251000000000E+004    1.4641800000000E+005
     511    4.7090000000000E+003    9.8472770000000E+006    1.8350000000000E+004    1.1527400000000E+005    1.4386000000000E+004    1.4801000000000E+005
     512    3.6570000000000E+003    9.8467750000000E+006    1.8470000000000E+004    1.1666700000000E+005    1.4427000000000E+004    1.4956400000000E+005
     513    4.0350000000000E+003    9.8449930000000E+006    1.8359000000000E+004    1.1814000000000E+005    1.4469000000000E+004    1.5096800000000E+005
     514    4.2480000000000E+003    9.8435270000000E+006    1.8251000000000E+004    1.1932300000000E+005    1.4647000000000E+004    1.5222100000000E+005
     515    3.7490000000000E+003    9.8435270000000E+006    1.8105000000000E+004    1.1982800000000E+005    1.4787000000000E+004    1.5272000000000E+005
     516    3.2470000000000E+003    9.8435270000000E+006    1.8077000000000E+004    1.2021300000000E+005    1.4932000000000E+004    1.5322200000000E+005
     517    1.4650000000000E+003    9.8435270000000E+006    1.7895000000000E+004    1.2203000000000E+005    1.5079000000000E+004    1.5500400000000E+005
     518   -1.0000000000000E+000    9.8435270000000E+006    1.7605000000000E+004    1.2365800000000E+005    1.5207000000000E+004    1.5647000000000E+005
     519   -1.0000000000000E+000    9.8435270000000E+006    1.5863000000000E+004    1.2534900000000E+005    1.5258000000000E+004    1.5647000000000E+005
     520   -1.0000000000000E+000    9.8435270000000E+006    1.4263000000000E+004    1.2691200000000E+005    1.5295000000000E+004    1.5647000000000E+005
     521   -1.0000000000000E+000    9.8435270000000E+006    1.2769000000000E+004    1.2824300000000E+005    1.5458000000000E+004    1.5647000000000E+005
     522   -1.0000000000000E+000    9.8435270000000E+006    1.2291000000000E+004    1.2857600000000E+005    1.5603000000000E+004    1.5647000000000E+005
     523   -1.0000000000000E+000    9.8435270000000E+006    1.1766000000000E+004    1.2910100000000E+005    1.5603000000000E+004    1.5647000000000E+005
     524   -1.0000000000000E+000    9.8435270000000E+006    1.0057000000000E+004    1.3081000000000E+005    1.5603000000000E+004    1.5647000000000E+005
     525   -1.0000000000000E+000    9.8435270000000E+006    8.4650000000000E+003    1.3240200000000E+005    1.5603000000000E+004    1.5647000000000E+005
     526   -1.0000000000000E+000    9.8435270000000E+006    6.9110000000000E+003    1.3395600000000E+005    1.5603000000000E+004    1.5647000000000E+005
     527   -1.0000000000000E+000    9.8435270000000E+006    5.5070000000000E+003    1.3536000000000E+005    1.5603000000000E+004    1.5647000000000E+005
     528   -1.0000000000000E+000    9.8435270000000E+006    4.2540000000000E+003    1.3661300000000E+005    1.5603000000000E+004    1.5647000000000E+005
     529   -1.0000000000000E+000    9.8435270000000E+006    3.7550000000000E+003    1.3711200000000E+005    1.5603000000000E+004    1.5647000000000E+005
     530   -1.0000000000000E+000    9.8435270000000E+006    3.2530000000000E+003    1.3761400000000E+005    1.5603000000000E+004    1.5647000000000E+005
     531   -1.0000000000000E+000    9.8435270000000E+006    1.4710000000000E+003    1.3939600000000E+005    1.5603000000000E+004    1.5647000000000E+005
     532   -1.0000000000000E+000    9.8435270000000E+006    5.0000000000000E+000    1.4086200000000E+005    1.5603000000000E+004    1.5647000000000E+005
     533   -1.0000000000000E+000    9.8435270000000E+006    5.0000000000000E+000    1.4086200000000E+005    1.5603000000000E+004    1.5647000000000E+005
     534   -1.0000000000000E+000    9.8435270000000E+006    5.0000000000000E+000    1.4086200000000E+005    1.5603000000000E+004    1.5647000000000E+005
     535   -1.0000000000000E+000    9.8435270000000E+006    5.0000000000000E+000    1.4086200000000E+005    1.5603000000000E+004    1.5647000000000E+005
     536   -1.0000000000000E+000    9.8435270000000E+006    5.0000000000000E+000    1.4086200000000E+005    1.5603000000000E+004    1.5647000000000E+005
     537   -1.0000000000000E+000    9.8435270000000E+006    5.0000000000000E+000    1.4086200000000E+005    1.5603000000000E+004    1.5647000000000E+005
     538   -1.0000000000000E+000    9.8435270000000E+006    5.0000000000000E+000    1.4086200000000E+005    1.5603000000000E+004    1.5647000000000E+005
     539   -1.0000000000000E+000    9.8435270000000E+006    5.0000000000000E+000    1.4086200000000E+005    1.5603000000000E+004    1.5647000000000E+005
     540   -1.0000000000000E+000    9.8435270000000E+006    5.0000000000000E+000    1.4086200000000E+005    1.5603000000000E+004    1.5647000000000E+005
