         1         0         0         0         1         0         0
         2         0         0         0         1         0         0
         3         0         0         0         1         0         0
         4         0         0         0         1         0         0
         5         0         0         0         1         0         0
         6         0         0         0         1         0         0
         7         0         0         0         1         0         0
         8         0         0         0         1         0         0
         9         0         0         0         1         0         0
        10         0         0         0         1         0         0
        11         0         0         0         1         0         0
        12         2         0         0         1         0         0
        13         0         0         0         1         0         0
        14         0         0         0         1         0         0
        15         0         0         0         1         0         0
        16         0         2         0         1         0         0
        17         1         0         0         3         0         0
        18         4         0         1         3         0         0
        19         0         0         0         2         0         0
        20         0         0         0         2         0         0
        21         0         1         0         2         0         0
        22         0         4         0         3         0         0
        23         3         0         0         7         0         0
        24         1         0         0         7         0         0
        25         3         0         0         7         0         0
        26         2         0         0         7         0         0
        27         0         3         0         7         0         0
        28         0         1         0        10         0         0
        29         2         3         0        11         0         1
        30         0         2         2        14         0         1
        31         6         0         0        14         0         0
        32         2         0         0        14         0         0
        33         7         2         0        14         1         1
        34         5         0         0        16         1         0
        35         6         6         1        16         0         1
        36         8         2         4        21         0         1
        37         1         7         0        19         1         0
        38        10         5         0        26         0         0
        39        16         6         0        31         1         0
        40         9         8         0        37         1         1
        41        10         1         3        45         0         0
        42         8        10         1        43         0         0
        43        19        16         3        52         0         1
        44        21         9         2        65         1         1
        45        22        10         0        72         0         1
        46        24         8         0        82         0         0
        47        11        19         2        90         1         2
        48        29        21         0       107         1         1
        49        38        22         6       128         1         2
        50        32        24         2       144         0         0
        51        55        11         7       166         2         1
        52        49        29         5       170         1         3
        53        44        38         6       194         2         3
        54        72        32         8       226         0         2
        55        74        55         1       250         1         5
        56        96        49        10       304         3         2
        57        89        44        16       343         3         6
        58        83        72         9       371         2         9
        59       100        74        10       434         5         7
        60       134        96         8       498         2         5
        61       175        89        19       586         6        10
        62       200        83        21       656         9         9
        63       224       100        22       718         7        13
        64       225       134        24       796         5         9
        65       253       175        11       906        10        17
        66       348       200        29      1070         9        18
        67       355       224        38      1241        13        23
        68       428       225        32      1427         9        19
        69       456       253        55      1620        17        29
        70       545       348        49      1818        18        35
        71       611       355        44      2117        23        41
        72       683       428        72      2428        19        39
        73       868       456        74      2784        29        47
        74       890       545        96      3166        35        52
        75       993       611        89      3615        41        58
        76      1237       683        83      4137        39        68
        77      1341       868       100      4737        47        68
        78      1655       890       134      5505        52        83
        79      1789       993       175      6261        58        87
        80      2000      1237       200      7079        68       133
        81      2309      1341       224      8116        68       153
        82      2537      1655       225      9233        83       184
        83      2965      1789       253     10663        87       167
        84      3425      2000       348     12199       133       191
        85      3835      2309       355     13851       153       219
        86      4504      2537       428     15805       184       254
        87      5129      2965       456     17914       167       257
        88      5812      3425       545     20423       191       354
        89      6593      3835       611     23303       219       377
        90      7527      4504       683     26527       254       415
        91      8684      5129       868     30348       257       493
        92      9615      5812       890     34609       354       582
        93     11146      6593       993     39531       377       677
        94     12432      7527      1237     45131       415       756
        95     14118      8684      1341     51421       493       844
        96     16803      9615      1655     58764       582       949
        97     18420     11146      1789     66724       677      1043
        98     21331     12432      2000     76081       756      1235
        99     24475     14118      2309     86513       844      1409
       100     27405     16803      2537     98322       949      1716
       101     31291     18420      2965    112588      1043      1897
       102     34940     21331      3425    128043      1235      2191
       103     40065     24475      3835    145949      1409      2567
       104     45478     27405      4504    166589      1716      2658
       105     50923     31291      5129    189490      1897      3077
       106     57170     34940      5812    215652      2191      3442
       107     64114     40065      6593    244780      2567      3986
       108     72073     45478      7527    278252      2658      4653
       109     80926     50923      8684    316203      3077      5083
       110     89346     57170      9615    358442      3442      5706
       111     98761     64114     11146    405997      3986      6425
       112    108710     72073     12432    458965      4653      7277
       113    120013     80926     14118    518606      5083      8078
       114    129108     89346     16803    585414      5706      8863
       115    139351     98761     18420    657957      6425      9748
       116    148141    108710     21331    738298      7277     10702
       117    154697    120013     24475    825677      8078     11976
       118    160292    129108     27405    921215      8863     13174
       119    163486    139351     31291   1022918      9748     13918
       120    162927    148141     34940   1130978     10702     14938
       121    160944    154697     40065   1244179     11976     15408
       122    155559    160292     45478   1358811     13174     15933
       123    148525    163486     50923   1473625     13918     16242
       124    139027    162927     57170   1586188     14938     16320
       125    129072    160944     64114   1691945     15408     16282
       126    119999    155559     72073   1788775     15933     15578
       127    109578    148525     80926   1872261     16242     14914
       128    100920    139027     89346   1939860     16320     13811
       129     94332    129072     98761   1989541     16282     12954
       130     88658    119999    108710   2019852     15578     11850
       131     84210    109578    120013   2031141     14914     10687
       132     81408    100920    129108   2020706     13811     10202
       133     79922     94332    139351   1992518     12954      9492
       134     78720     88658    148141   1947499     11850      8842
       135     78475     84210    154697   1888016     10687      8409
       136     77901     81408    160292   1817529     10202      8222
       137     78090     79922    163486   1738645      9492      8094
       138     77581     78720    162927   1655081      8842      7851
       139     75826     78475    160944   1570874      8409      7827
       140     74967     77901    155559   1488405      8222      7764
       141     72363     78090    148525   1410747      8094      7777
       142     70499     77581    139027   1340312      7851      7718
       143     67845     75826    129072   1278866      7827      7740
       144     65533     74967    119999   1225620      7764      7383
       145     62804     72363    109578   1180588      7777      7372
       146     60800     70499    100920   1143373      7718      7183
       147     58557     67845     94332   1112952      7740      6835
       148     56374     65533     88658   1086465      7383      6515
       149     54173     62804     84210   1063340      7372      6255
       150     52637     60800     81408   1041934      7183      6034
       151     50961     58557     79922   1021326      6835      5771
       152     49428     56374     78720    999961      6515      5730
       153     47975     54173     78475    977615      6255      5519
       154     45949     52637     77901    953313      6034      5217
       155     44508     50961     78090    928049      5771      5207
       156     42782     49428     77581    900920      5730      4890
       157     40958     47975     75826    872767      5519      4796
       158     40084     45949     74967    844916      5217      4645
       159     38060     44508     72363    815898      5207      4484
       160     36652     42782     70499    788043      4890      4378
       161     34792     40958     67845    760326      4796      4141
       162     33354     40084     65533    733439      4645      4076
       163     32518     38060     62804    707990      4484      3811
       164     31184     36652     60800    683246      4378      3636
       165     29823     34792     58557    659098      4141      3528
       166     28310     33354     56374    635333      4076      3323
       167     27268     32518     54173    612313      3811      3273
       168     26259     31184     52637    590658      3636      3132
       169     24860     29823     50961    569205      3528      2966
       170     24026     28310     49428    548067      3323      2852
       171     22799     27268     47975    526949      3273      2800
       172     21890     26259     45949    506242      3132      2536
       173     20985     24860     44508    486552      2966      2466
       174     19901     24026     42782    466904      2852      2255
       175     18874     22799     40958    448148      2800      2347
       176     18297     21890     40084    429989      2536      2266
       177     17501     20985     38060    411795      2466      2145
       178     16537     19901     36652    394720      2255      2046
       179     15750     18874     34792    377969      2347      1914
       180     15225     18297     33354    362051      2266      1800
       181     14261     17501     32518    346994      2145      1700
       182     13559     16537     31184    331977      2046      1556
       183     13018     15750     29823    317330      1914      1544
       184     12123     15225     28310    303257      1800      1556
       185     11953     14261     27268    290172      1700      1447
       186     11206     13559     26259    277165      1556      1334
       187     10586     13018     24860    264465      1544      1304
       188     10088     12123     24026    252623      1556      1196
       189      9606     11953     22799    240720      1447      1215
       190      9141     11206     21890    229874      1334      1137
       191      8794     10586     20985    219190      1304      1076
       192      8288     10088     19901    208791      1196      1010
       193      7867      9606     18874    198978      1215       952
       194      7435      9141     18297    189710      1137       902
       195      7310      8794     17501    180554      1076       850
       196      6631      8288     16537    171847      1010       846
       197      6523      7867     15750    163598       952       749
       198      6122      7435     15225    155715       902       735
       199      5654      7310     14261    147925       850       740
       200      5362      6631     13559    140974       846       699
       201      5224      6523     13018    134046       749       610
       202      4833      6122     12123    127551       735       594
       203      4911      5654     11953    121550       740       565
       204      4442      5362     11206    115251       699       527
       205      4260      5224     10586    109407       610       533
       206      4018      4833     10088    104045       594       472
       207      3776      4911      9606     98790       565       501
       208      3566      4442      9141     94095       527       394
       209      3500      4260      8794     89396       533       426
       210      3203      4018      8288     84862       472       407
       211      3117      3776      7867     80592       501       387
       212      2940      3566      7435     76501       394       364
       213      2752      3500      7310     72632       426       364
       214      2696      3203      6631     68822       407       306
       215      2395      3117      6523     65394       387       335
       216      2275      2940      6122     61988       364       338
       217      2212      2752      5654     58806       364       266
       218      2080      2696      5362     55904       306       266
       219      1938      2395      5224     53238       335       239
       220      1922      2275      4833     50409       338       234
       221      1870      2212      4911     47851       266       216
       222      1672      2080      4442     45152       266       212
       223      1590      1938      4260     42790       239       190
       224      1544      1922      4018     40468       234       188
       225      1372      1870      3776     38372       216       169
       226      1382      1672      3566     36466       212       181
       227      1264      1590      3500     34572       190       159
       228      1236      1544      3203     32662       188       156
       229      1154      1372      3117     31003       169       141
       230      1074      1382      2940     29258       181       136
       231      1029      1264      2752     27700       159       126
       232       975      1236      2696     26212       156       126
       233       910      1154      2395     24752       141       130
       234       818      1074      2275     23511       136       127
       235       853      1029      2212     22310       126        88
       236       794       975      2080     21127       126       108
       237       746       910      1938     20022       130        86
       238       756       818      1922     18994       127        98
       239       678       853      1870     17890        88        93
       240       574       794      1672     16873       108        99
       241       603       746      1590     15995        86        74
       242       606       756      1544     15151        98        72
       243       539       678      1372     14363        93        67
       244       503       574      1382     13669        99        60
       245       481       603      1264     12861        74        48
       246       428       606      1236     12200        72        56
       247       440       539      1154     11570        67        62
       248       416       503      1074     10955        60        49
       249       401       481      1029     10384        48        54
       250       356       428       975      9836        56        49
       251       350       440       910      9289        62        39
       252       307       416       818      8819        49        44
       253       309       401       853      8417        54        37
       254       268       356       794      7965        49        35
       255       284       350       746      7527        39        39
       256       244       307       756      7131        44        30
       257       237       309       678      6682        37        24
       258       213       268       574      6313        35        19
       259       199       284       603      6007        39        29
       260       217       244       606      5688        30        29
       261       200       237       539      5326        24        20
       262       187       213       503      5024        19        24
       263       176       199       481      4734        29        24
       264       169       217       428      4452        29        16
       265       135       200       440      4241        20        24
       266       151       187       416      4001        24        18
       267       159       176       401      3772        24        19
       268       119       169       356      3547        16        13
       269       125       135       350      3360        24        12
       270       134       151       307      3145        18        10
       271       123       159       309      2989        19        20
       272        93       119       268      2839        13        12
       273        90       125       284      2690        12        15
       274        80       134       244      2531        10        13
       275        88       123       237      2421        20         7
       276        77        93       213      2307        12         9
       277        78        90       199      2187        15         4
       278        71        80       217      2078        13         7
       279        83        88       200      1941         7        11
       280        58        77       187      1829         9         8
       281        71        78       176      1719         4         6
       282        60        71       169      1621         7         7
       283        44        83       135      1523        11         6
       284        62        58       151      1471         8         4
       285        51        71       159      1378         6         6
       286        37        60       119      1290         7         4
       287        36        44       125      1231         6         3
       288        36        62       134      1150         4         5
       289        31        51       123      1078         6         4
       290        40        37        93      1006         4         7
       291        41        36        90       950         3         7
       292        23        36        80       896         5         6
       293        41        31        88       852         4         4
       294        32        40        77       795         7         2
       295        26        41        78       758         7         2
       296        25        23        71       721         6         4
       297        14        41        83       673         4         2
       298        24        32        58       631         2         1
       299        20        26        71       605         2         2
       300        19        25        60       560         4         2
       301        14        14        44       525         2         1
       302        29        24        62       495         1         3
       303        20        20        51       457         2         3
       304        10        19        37       426         2         2
       305        15        14        36       408         1         1
       306        16        29        36       386         3         3
       307         8        20        31       379         3         1
       308        15        10        40       368         2         3
       309         9        15        41       338         1         0
       310         2        16        23       312         3         3
       311        12         8        41       305         1         0
       312         5        15        32       272         3         2
       313         6         9        26       255         0         0
       314         5         2        25       238         3         0
       315         5        12        14       215         0         0
       316        11         5        24       213         2         1
       317         8         6        20       194         0         1
       318         5         5        19       180         0         1
       319         9         5        14       166         0         0
       320         2        11        29       157         1         1
       321         6         8        20       139         1         1
       322        10         5        10       127         1         0
       323         3         9        15       122         0         1
       324         4         2        16       116         1         0
       325         3         6         8       102         1         1
       326         2        10        15       100         0         1
       327         2         3         9        95         1         1
       328         4         4         2        89         0         0
       329         3         3        12        91         1         0
       330         2         2         5        82         1         0
       331         1         2         6        79         1         1
       332         3         4         5        75         0         1
       333         2         3         5        74         0         0
       334         0         2        11        72         0         1
       335         4         1         8        63         1         0
       336         2         3         5        56         1         0
       337         1         2         9        54         0         0
       338         1         0         2        47         1         0
       339         2         4         6        45         0         0
       340         4         2        10        43         0         0
       341         2         1         3        35         0         0
       342         2         1         4        33         0         0
       343         2         2         3        30         0         1
       344         2         4         2        29         0         1
       345         1         2         2        31         0         0
       346         3         2         4        31         0         0
       347         0         2         3        29         1         0
       348         1         2         2        28         1         0
       349         2         1         1        28         0         0
       350         0         3         3        28         0         0
       351         0         0         2        28         0         0
       352         0         1         0        26         0         0
       353         0         2         4        27         0         0
       354         1         0         2        25         0         0
       355         1         0         1        23         0         0
       356         1         0         1        22         0         0
       357         0         0         2        21         0         0
       358         1         1         4        19         0         0
       359         0         1         2        16         0         0
       360         1         1         2        15         0         0
       361         0         0         2        14         0         0
       362         1         1         2        12         0         0
       363         2         0         1        11         0         0
       364         0         1         3        10         0         0
       365         0         0         0         8         0         0
       366         0         1         1         8         0         0
       367         0         2         2         8         0         0
       368         0         0         0         8         0         0
       369         0         0         0         8         0         0
       370         0         0         0         8         0         0
       371         0         0         0         8         0         0
       372         0         0         1         8         0         0
       373         0         0         1         7         0         0
       374         0         0         1         6         0         0
       375         0         0         0         5         0         0
       376         0         0         1         5         0         0
       377         0         0         0         4         0         0
       378         0         0         1         4         0         0
       379         0         0         0         3         0         0
       380         0         0         1         3         0         0
       381         0         0         2         2         0         0
       382         0         0         0         0         0         0
       383         0         0         0         0         0         0
       384         0         0         0         0         0         0
