         1         0         0         0         2         0         0
         2        10         0         0         2         0         0
         3         4         1         0         2         0         0
         4         2         2         0         3         0         0
         5         1         0         0         5         0         0
         6         1        10         0         5         0         2
         7         0         4         0        15         0         1
         8         2         2         0        19         0         0
         9         0         1         0        21         0         0
        10         4         1         0        22         2         0
        11         8         0         0        23         1         0
        12         1         2         0        23         0         1
        13        11         0         0        25         0         0
        14         3         4         0        25         0         1
        15         4         8         0        29         0         3
        16        12         1         0        37         1         0
        17         4        11         0        38         0         0
        18         9         3         2        49         1         0
        19         8         4         0        50         3         1
        20         4        12        10        54         0         1
        21         3         4         4        56         0         0
        22         5         9         2        56         0         0
        23        21         8         1        63         1         1
        24        20         4         1        70         1         0
        25         9         3         0        73         0         0
        26        12         5         2        76         0         1
        27        27        21         0        79         1         2
        28         7        20         4       100         0         4
        29        13         9         8       116         0         2
        30        35        12         1       117         1         0
        31        14        27        11       128         2         3
        32        18         7         3       144         4         1
        33        31        13         4       148         2         1
        34        32        35        12       157         0         1
        35        42        14         4       180         3         2
        36        35        18         9       190         1         1
        37        50        31         8       199         1         4
        38        38        32         4       222         1         7
        39        20        42         3       250         2         6
        40        36        35         5       289         1         6
        41        28        50        21       319         4         3
        42        21        38        20       348         7         4
        43        38        20         9       366         6         1
        44        58        36        12       377         6         3
        45        27        28        27       401         3         1
        46        49        21         7       402         4         4
        47        37        38        13       416         1         5
        48        64        58        35       441         3         1
        49        47        27        14       464         1         1
        50        39        49        18       477         4         7
        51        97        37        31       508         5         1
        52        94        64        32       514         1         4
        53       122        47        42       546         1         1
        54        81        39        35       551         7         4
        55       129        97        50       555         1        12
        56        48        94        38       602         4         7
        57        29       122        20       658         1        15
        58        99        81        36       760         4         4
        59        95       129        28       805        12        16
        60       117        48        21       906         7         7
        61       109        29        38       933        15         3
        62       112        99        58       924         4         9
        63        28        95        27       965        16        10
        64        61       117        49      1033         7         8
        65       158       109        37      1101         3        11
        66       134       112        64      1173         9        14
        67       112        28        47      1221        10         0
        68       132        61        39      1202         8         4
        69       161       158        97      1224        11        17
        70        65       134        94      1285        14        17
        71        54       112       122      1325         0        11
        72       228       132        81      1315         4        15
        73       152       161       129      1366        17        15
        74       181        65        48      1398        17         7
        75       191        54        29      1415        11         6
        76       183       228        99      1440        15        17
        77       100       152        95      1569        15        11
        78        48       181       117      1626         7        19
        79       273       191       109      1690         6        13
        80       235       183       112      1772        17        28
        81       183       100        28      1843        11        13
        82       199        48        61      1915        19         5
        83       228       273       158      1902        13        24
        84        99       235       134      2017        28        21
        85        70       183       112      2118        13        12
        86       271       199       132      2189         5        25
        87       250       228       161      2256        24        25
        88       234        99        65      2323        21        12
        89       209        70        54      2357        12        11
        90       311       271       228      2373        25        31
        91       149       250       152      2416        25        30
        92        62       234       181      2514        12        19
        93       273       209       191      2567        11        19
        94       266       311       183      2585        31        29
        95       202       149       100      2713        30        20
        96       178        62        48      2762        19         5
        97       137       273       273      2776        19        29
        98        80       266       235      2776        29        25
        99        43       202       183      2807        20        21
       100       187       178       199      2826         5        18
       101       219       137       228      2805        29        12
       102       144        80        99      2714        25         8
       103       136        43        70      2695        21         6
       104       170       187       271      2668        18        12
       105        55       219       250      2584        12        17
       106        46       144       234      2553         8        17
       107       187       136       209      2463         6        19
       108       139       170       311      2390        12        19
       109       149        55       149      2249        17         5
       110       144        46        62      2155        17         8
       111       142       187       273      2139        19        24
       112        98       139       266      2053        19         8
       113        55       149       202      1926         5        23
       114       185       144       178      1873         8        16
       115       171       142       137      1839        24        14
       116       178        98        80      1844         8         6
       117       159        55        43      1862        23         5
       118       202       185       187      1874        16        21
       119       115       171       219      1872        14        15
       120        68       178       144      1824         6        16
       121       249       159       136      1858         5        16
       122       210       202       170      1881        21        21
       123       196       115        55      1913        15        11
       124       260        68        46      1973        16         5
       125       259       249       187      1995        16        19
       126        95       210       139      2057        21        26
       127        83       196       149      2128        11        21
       128       248       260       144      2175         5        35
       129       288       259       142      2291        19        23
       130       285        95        98      2408        26        12
       131       226        83        55      2405        21        11
       132       240       248       185      2433        35        31
       133       101       288       171      2496        23        33
       134        70       285       178      2613        12        25
       135       246       226       159      2720        11        23
       136       221       240       202      2787        31        21
       137       238       101       115      2825        33        10
       138       247        70        68      2811        25         7
       139       285       246       249      2813        23        21
       140       126       221       210      2810        21        24
       141        76       238       196      2821        10        23
       142       363       247       260      2863         7        14
       143       347       285       259      2850        21        31
       144       284       126        95      2876        24        12
       145       196        76        83      2907        23         8
       146       266       363       248      2900        14        34
       147       105       347       288      3015        31        36
       148        83       284       285      3074        12        24
       149       373       196       226      3073         8        21
       150       278       266       240      3043        34        27
       151       285       105       101      3069        36        13
       152       316        83        70      3073        24        10
       153       296       373       246      3086        21        46
       154       115       278       221      3213        27        17
       155        82       285       238      3270        13        28
       156       378       316       247      3317        10        31
       157       319       296       285      3386        46        33
       158       301       115       126      3397        17        13
       159       301        82        76      3386        28         7
       160       268       378       363      3392        31        34
       161       117       319       347      3407        33        16
       162        87       301       284      3379        13        36
       163       363       301       196      3396         7        31
       164       411       268       266      3501        34        31
       165       277       117       105      3503        16         8
       166       329        87        83      3515        36        11
       167       274       363       373      3519        31        43
       168       138       411       278      3509        31        38
       169       120       277       285      3642         8        22
       170       310       329       316      3634        11        30
       171       306       274       296      3647        43        28
       172       300       138       115      3625        38        22
       173       314       120        82      3648        22         7
       174       234       310       378      3686        30        31
       175       103       306       319      3618        28        28
       176        85       300       301      3605        22        27
       177       340       314       301      3604         7        33
       178       248       234       268      3617        31        16
       179       130       103       117      3583        28        10
       180       295        85        87      3569        27         3
       181       254       340       363      3567        33        35
       182       101       248       411      3544        16        36
       183        74       130       277      3381        10         9
       184       277       295       329      3234         3        30
       185       254       254       274      3200        35        29
       186       299       101       138      3180        36         6
       187       227        74       120      3143         9         4
       188       243       277       310      3097        30        30
       189        95       254       306      3064        29        21
       190        84       299       300      3012         6        35
       191       316       227       314      3011         4        21
       192       268       243       234      2924        30        30
       193       185        95       103      2933        21        12
       194       196        84        85      2925        35         6
       195       181       316       340      2924        21        36
       196        95       268       248      2900        30        28
       197        49       185       130      2920        12        23
       198       227       196       295      2975         6        17
       199       215       181       254      2876        36        19
       200       172        95       101      2803        28         5
       201       180        49        74      2797        23         6
       202       162       227       277      2772        17        25
       203        95       215       254      2722        19        24
       204        62       172       299      2683         5        20
       205       263       180       227      2556         6        16
       206       219       162       243      2509        25        17
       207       165        95        95      2428        24         7
       208       198        62        84      2428        20         8
       209       209       263       316      2406        16        27
       210        74       219       268      2353        17        24
       211        61       165       185      2304         7        20
       212       205       198       196      2284         8        26
       213       246       209       181      2286        27        20
       214       171        74        95      2314        24         6
       215       159        61        49      2293        20         6
       216       134       205       227      2305        26        21
       217        72       246       215      2283        20        29
       218        60       171       172      2314         6        21
       219       214       159       180      2313         6        15
       220       200       134       162      2292        21         9
       221       163        72        95      2264        29         3
       222       172        60        62      2241        21         6
       223       141       214       263      2239        15        24
       224        51       200       219      2190         9        21
       225        52       163       165      2171         3        14
       226       131       172       198      2169         6        15
       227       178       141       209      2143        24         7
       228       181        51        74      2075        21         5
       229       186        52        61      2052        14         4
       230       120       131       205      2043        15        17
       231        52       178       246      1969         7        22
       232        52       181       171      1901         5        13
       233       189       186       159      1911         4        15
       234       199       120       134      1938        17        13
       235       152        52        72      1924        22         3
       236       191        52        60      1904        13         3
       237       182       189       214      1896        15        10
       238        51       199       200      1871        13        15
       239        38       152       163      1870         3        16
       240        81       191       172      1859         3        25
       241       207       182       141      1878        10        22
       242       167        51        51      1919        15         2
       243       163        38        52      1919        16         3
       244       105        81       131      1905        25         5
       245        70       207       178      1855        22        18
       246        72       167       181      1884         2        17
       247       176       163       186      1870         3        18
       248       200       105       120      1847         5         5
       249       190        70        52      1832        18         7
       250       202        72        52      1850        17         7
       251       168       176       189      1870        18        14
       252        95       200       199      1857         5        18
       253        66       190       152      1858         7        25
       254       212       202       191      1896         7        19
       255       225       168       182      1907        14        16
       256       216        95        51      1893        18         9
       257       182        66        38      1937        25         7
       258       160       212        81      1965        19        21
       259        60       225       207      2096        16        18
       260        52       216       167      2114         9        23
       261       223       182       163      2163         7        22
       262       253       160       105      2182        21        19
       263       168        60        70      2237        18         4
       264       192        52        72      2227        23         3
       265       202       223       176      2207        22        15
       266        81       253       200      2254        19        21
       267        65       168       190      2307         4        12
       268       310       192       202      2285         3        20
       269       309       202       168      2275        15        24
       270       202        81        95      2309        21        10
       271       207        65        66      2295        12        12
       272       200       310       212      2294        20        31
       273       102       309       225      2392        24        32
       274        96       202       216      2476        10        21
       275       296       207       182      2462        12        26
       276       308       200       160      2487        31        22
       277       225       102        60      2527        32         8
       278       200        96        52      2569        21         6
       279        77       296       223      2613        26        33
       280        95       308       253      2686        22        26
       281       107       225       168      2741         8        26
       282       437       200       192      2798         6        16
       283       386        77       202      2806        33         6
       284       364        95        81      2681        26         8
       285       279       107        65      2695        26        12
       286       113       437       310      2737        16        44
       287       170       386       309      2864         6        45
       288       144       364       202      2941         8        35
       289       403       279       207      3103        12        23
       290       490       113       200      3175        44        12
       291       459       170       102      3088        45        10
       292       355       144        96      3156        35        19
       293       367       403       296      3204        23        43
       294       147       490       308      3311        12        49
       295       126       459       225      3493        10        40
       296       386       355       200      3727        19        33
       297       481       367        77      3882        43        37
       298       453       147        95      4172        49        14
       299       326       126       107      4224        40        10
       300       303       386       437      4243        33        41
       301       150       481       386      4192        37        61
       302       162       453       364      4287        14        33
       303       447       326       279      4376        10        29
       304       424       303       113      4423        41        27
       305       379       150       170      4613        61        16
       306       327       162       144      4593        33        17
       307       306       447       403      4611        29        45
       308       165       424       490      4655        27        56
       309       145       379       459      4589        16        29
       310       440       327       355      4509        17        23
       311       354       306       367      4481        45        37
       312       263       165       147      4420        56        21
       313       280       145       126      4438        29        18
       314       211       440       386      4457        23        45
       315       101       354       481      4511        37        30
       316       102       263       453      4384        21        22
       317       162       280       326      4194        18        24
       318       230       211       303      4148        45        17
       319       215       101       150      4056        30        12
       320       193       102       162      4007        22        11
       321       163       162       447      3947        24        11
       322       100       230       424      3662        17        14
       323        55       215       379      3468        12        14
       324       156       193       327      3304        11        16
       325       141       163       306      3170        11        16
       326       112       100       165      3027        14        10
       327       117        55       145      2962        14         5
       328       108       156       440      2872        16        13
       329        73       141       354      2588        16        11
       330        45       112       263      2375        10         8
       331       121       117       280      2224         5        14
       332       104       108       211      2061        13         6
       333       120        73       101      1958        11        10
       334       116        45       102      1930         8         6
       335        95       121       162      1873        14        12
       336        46       104       230      1832         6        10
       337        51       120       215      1706        10        15
       338       123       116       193      1611         6        14
       339        93        95       163      1534        12        16
       340       100        46       100      1466        10         3
       341        96        51        55      1412        15         5
       342        96       123       156      1408        14        12
       343        71        93       141      1375        16        10
       344        69       100       112      1327         3        10
       345       113        96       117      1315         5        11
       346       128        96       108      1294        12         7
       347        98        71        73      1282        10         8
       348        84        69        45      1280        10         7
       349        97       113       121      1304        11        13
       350        32       128       104      1296         7        12
       351        44        98       120      1320         8        13
       352       126        84       116      1298         7         9
       353        78        97        95      1266        13        11
       354        78        32        46      1268        12         3
       355        51        44        51      1254        13         5
       356        83       126       123      1247         9        13
       357        30        78        93      1250        11        11
       358        21        78       100      1235         3         4
       359        59        51        96      1213         5         4
       360        95        83        96      1168        13         8
       361       103        30        71      1155        11         3
       362        95        21        69      1114         4         2
       363       109        59       113      1066         4         7
       364        37        95       128      1012         8         8
       365        41       103        98       979         3        11
       366        75        95        84       984         2         9
       367        95       109        97       995         7        13
       368       102        37        32      1007         8         5
       369        86        41        44      1012        11         2
       370        67        75       126      1009         9         7
       371        60        95        78       958        13         8
       372        20       102        78       975         5        12
       373       106        86        51       999         2         8
       374       100        67        83      1034         7         8
       375       117        60        30      1018         8         4
       376        31        20        21      1048        12         3
       377        48       106        59      1047         8        12
       378        29       100        95      1094         8        12
       379        32       117       103      1099         4        10
       380       135        31        95      1113         3         4
       381       132        48       109      1049        12         4
       382       116        29        37       988        12         2
       383        93        32        41       980        10         0
       384        72       135        75       971         4        14
       385        38       132        95      1031         4        12
       386        25       116       102      1068         2        15
       387       102        93        86      1082         0        12
       388        72        72        67      1089        14         7
       389        84        38        60      1094        12         3
       390        98        25        20      1072        15         1
       391        45       102       106      1077        12        13
       392        22        72       100      1073         7        10
       393        41        84       117      1045         3         5
       394        95        98        31      1012         1         9
       395        91        45        48      1079        13         4
       396        69        22        29      1076        10         2
       397        84        41        32      1069         5         8
       398        53        95       135      1078         9         4
       399        25        91       132      1038         4        15
       400        15        69       116       997         2        11
       401        88        84        93       950         8         6
       402        59        53        72       941         4         7
       403        68        25        38       922        15         1
       404        76        15        25       909        11         0
       405        42        88       102       899         6         8
       406        31        59        72       885         7         4
       407        27        68        84       872         1         4
       408        62        76        98       856         0         4
       409        81        42        45       834         8         6
       410        72        31        22       831         4         5
       411        60        27        41       840         4         2
       412        63        62        95       826         4         5
       413        31        81        91       793         6         8
       414         4        72        69       783         5         7
       415        29        60        84       786         2         6
       416        63        63        53       762         5         4
       417        46        31        25       772         8         1
       418        48         4        15       778         7         0
       419        47        29        88       767         6         3
       420        13        63        59       708         4         5
       421        19        46        68       712         1         4
       422        54        48        76       690         0        11
       423        42        47        42       662         3         3
       424        22        13        31       667         5         2
       425        30        19        27       649         4         1
       426        29        54        62       641        11         3
       427        19        42        81       633         3         5
       428        12        22        72       594         2         2
       429        32        30        60       544         1         6
       430        17        29        63       514         3         1
       431        23        19        31       480         5         2
       432        26        12         4       468         2         1
       433        33        32        29       476         6         5
       434        15        17        63       479         1         0
       435        19        23        46       433         2         3
       436        15        26        48       410         1         2
       437        20        33        47       388         5         4
       438        13        15        13       374         0         1
       439        21        19        19       376         3         4
       440        13        15        54       376         2         0
       441         3        20        42       337         4         1
       442         6        13        22       315         1         0
       443        20        21        30       306         4         1
       444        15        13        29       297         0         0
       445        16         3        19       281         1         1
       446        14         6        12       265         0         2
       447        26        20        32       259         1         3
       448         7        15        17       247         0         0
       449         5        16        23       245         1         2
       450         6        14        26       238         2         4
       451        17        26        33       226         3         1
       452        18         7        15       219         0         0
       453        22         5        19       211         2         0
       454        11         6        15       197         4         0
       455         6        17        20       188         1         0
       456         5        18        13       185         0         2
       457        26        22        21       190         0         1
       458        15        11        13       191         0         1
       459        33         6         3       189         0         0
       460        24         5         6       192         2         0
       461        19        26        20       191         1         4
       462        13        15        15       197         1         0
       463        27        33        16       197         0         3
       464        58        24        14       214         0         2
       465        39        19        26       224         4         3
       466        30        13         7       217         0         2
       467        37        27         5       223         3         1
       468        50        58         6       245         2         4
       469        21        39        17       297         3         2
       470        20        30        18       319         2         4
       471        85        37        22       331         1         6
       472        58        50        11       346         4         2
       473        86        21         6       385         2         0
       474        84        20         5       400         4         2
       475        76        85        26       415         6         7
       476        41        58        15       474         2         8
       477        53        86        33       517         0         7
       478       244        84        24       570         2         9
       479       180        76        19       630         7         7
       480       176        41        13       687         8         3
       481       212        53        27       715         7         5
       482       256       244        58       741         9        29
       483        73       180        39       927         7        15
       484        72       176        30      1068         3        15
       485       247       212        37      1214         5        17
       486       253       256        50      1389        29        29
       487       253        73        21      1595        15         6
       488       382        72        20      1647        15         7
       489       294       247        85      1699        17        20
       490        99       253        58      1861        29        28
       491       117       253        86      2056         6        22
       492       392       382        84      2223         7        41
       493       423       294        76      2521        20        26
       494       367        99        41      2739        28        11
       495       466       117        53      2797        22        13
       496       436       392       244      2861        41        42
       497       166       423       180      3009        26        40
       498       252       367       176      3252        11        36
       499       402       466       212      3443        13        40
       500       506       436       256      3697        42        45
       501       597       166        73      3877        40        13
       502       545       252        72      3970        36        26
       503       487       402       247      4150        40        36
       504       176       506       253      4305        45        45
       505       182       597       253      4558        13        61
       506       600       545       382      4902        26        63
       507       605       487       294      5065        36        45
       508         0       176        99      5258        45        19
       509         0       182       117      5335        61        13
       510         0       600       392      5400        63        64
       511         0       605       423      5608        45        53
       512         0         0       367      5790        19         0
       513         0         0       466      5423        13         0
       514         0         0       436      4957        64         0
       515         0         0       166      4521        53         0
       516         0         0       252      4355         0         0
       517         0         0       402      4103         0         0
       518         0         0       506      3701         0         0
       519         0         0       597      3195         0         0
       520         0         0       545      2598         0         0
       521         0         0       487      2053         0         0
       522         0         0       176      1566         0         0
       523         0         0       182      1390         0         0
       524         0         0       600      1208         0         0
       525         0         0       605       608         0         0
       526         0         0         0         3         0         0
       527         0         0         0         3         0         0
       528         0         0         0         3         0         0
       529         0         0         0         3         0         0
       530         0         0         0         3         0         0
       531         0         0         0         3         0         0
       532         0         0         0         3         0         0
       533         0         0         0         3         0         0
       534         0         0         0         3         0         0
       535         0         0         0         3         0         0
       536         0         0         0         3         0         0
       537         0         0         0         3         0         0
       538         0         0         0         3         0         0
       539         0         0         0         3         0         0
       540         0         0         0         3         0         0
