       0    0.0000000000000E+000    9.9999900000000E+006    0.0000000000000E+000    0.0000000000000E+000    0.0000000000000E+000    0.0000000000000E+000
       1    7.0000000000000E+000    9.9999900000000E+006    0.0000000000000E+000    0.0000000000000E+000    0.0000000000000E+000    0.0000000000000E+000
       2    7.0000000000000E+000    9.9999900000000E+006    0.0000000000000E+000    0.0000000000000E+000    0.0000000000000E+000    0.0000000000000E+000
       3    3.0000000000000E+000    9.9999900000000E+006    4.0000000000000E+000    0.0000000000000E+000    0.0000000000000E+000    4.0000000000000E+000
       4   -3.0000000000000E+000    9.9999890000000E+006    1.1000000000000E+001    0.0000000000000E+000    0.0000000000000E+000    1.1000000000000E+001
       5    9.0000000000000E+000    9.9999770000000E+006    1.1000000000000E+001    0.0000000000000E+000    0.0000000000000E+000    1.1000000000000E+001
       6    1.4000000000000E+001    9.9999720000000E+006    1.1000000000000E+001    0.0000000000000E+000    0.0000000000000E+000    1.1000000000000E+001
       7    1.9000000000000E+001    9.9999670000000E+006    1.1000000000000E+001    0.0000000000000E+000    0.0000000000000E+000    1.1000000000000E+001
       8    2.1000000000000E+001    9.9999640000000E+006    1.2000000000000E+001    0.0000000000000E+000    0.0000000000000E+000    1.2000000000000E+001
       9    1.1000000000000E+001    9.9999620000000E+006    2.4000000000000E+001    0.0000000000000E+000    0.0000000000000E+000    2.4000000000000E+001
      10    1.0000000000000E+001    9.9999580000000E+006    2.9000000000000E+001    0.0000000000000E+000    0.0000000000000E+000    2.9000000000000E+001
      11    8.0000000000000E+000    9.9999550000000E+006    3.4000000000000E+001    0.0000000000000E+000    0.0000000000000E+000    3.4000000000000E+001
      12    5.0000000000000E+000    9.9999550000000E+006    3.7000000000000E+001    0.0000000000000E+000    0.0000000000000E+000    3.7000000000000E+001
      13    3.0000000000000E+000    9.9999550000000E+006    3.9000000000000E+001   -2.0000000000000E+000    2.0000000000000E+000    3.9000000000000E+001
      14    5.0000000000000E+000    9.9999490000000E+006    4.3000000000000E+001   -2.0000000000000E+000    2.0000000000000E+000    4.3000000000000E+001
      15    2.0000000000000E+000    9.9999490000000E+006    4.6000000000000E+001   -2.0000000000000E+000    2.0000000000000E+000    4.6000000000000E+001
      16    2.0000000000000E+000    9.9999490000000E+006    4.6000000000000E+001   -2.0000000000000E+000    2.0000000000000E+000    4.6000000000000E+001
      17    6.0000000000000E+000    9.9999450000000E+006    4.6000000000000E+001   -2.0000000000000E+000    2.0000000000000E+000    4.6000000000000E+001
      18    0.0000000000000E+000    9.9999450000000E+006    5.2000000000000E+001   -2.0000000000000E+000    2.0000000000000E+000    5.2000000000000E+001
      19    0.0000000000000E+000    9.9999450000000E+006    5.2000000000000E+001   -2.0000000000000E+000    2.0000000000000E+000    5.2000000000000E+001
      20    3.0000000000000E+000    9.9999420000000E+006    5.2000000000000E+001   -2.0000000000000E+000    2.0000000000000E+000    5.2000000000000E+001
      21   -1.0000000000000E+000    9.9999420000000E+006    5.6000000000000E+001   -2.0000000000000E+000    2.0000000000000E+000    5.6000000000000E+001
      22    4.0000000000000E+000    9.9999370000000E+006    5.5000000000000E+001   -2.0000000000000E+000    3.0000000000000E+000    5.6000000000000E+001
      23    5.0000000000000E+000    9.9999360000000E+006    4.3000000000000E+001    1.0000000000000E+001    3.0000000000000E+000    5.6000000000000E+001
      24    1.1000000000000E+001    9.9999270000000E+006    4.1000000000000E+001    1.5000000000000E+001    3.0000000000000E+000    5.9000000000000E+001
      25    1.5000000000000E+001    9.9999230000000E+006    3.6000000000000E+001    1.9000000000000E+001    4.0000000000000E+000    5.9000000000000E+001
      26    1.5000000000000E+001    9.9999180000000E+006    3.8000000000000E+001    2.2000000000000E+001    4.0000000000000E+000    6.4000000000000E+001
      27    1.7000000000000E+001    9.9999150000000E+006    3.7000000000000E+001    2.4000000000000E+001    4.0000000000000E+000    6.5000000000000E+001
      28    2.2000000000000E+001    9.9999010000000E+006    4.2000000000000E+001    2.8000000000000E+001    4.0000000000000E+000    7.4000000000000E+001
      29    2.7000000000000E+001    9.9998920000000E+006    4.3000000000000E+001    3.1000000000000E+001    4.0000000000000E+000    7.8000000000000E+001
      30    3.9000000000000E+001    9.9998750000000E+006    4.8000000000000E+001    3.1000000000000E+001    4.0000000000000E+000    8.3000000000000E+001
      31    4.6000000000000E+001    9.9998650000000E+006    5.1000000000000E+001    3.1000000000000E+001    4.0000000000000E+000    8.6000000000000E+001
      32    4.3000000000000E+001    9.9998540000000E+006    5.9000000000000E+001    3.6000000000000E+001    5.0000000000000E+000    1.0000000000000E+002
      33    3.6000000000000E+001    9.9998520000000E+006    6.8000000000000E+001    3.6000000000000E+001    5.0000000000000E+000    1.0900000000000E+002
      34    2.9000000000000E+001    9.9998420000000E+006    8.5000000000000E+001    3.5000000000000E+001    6.0000000000000E+000    1.2600000000000E+002
      35    2.9000000000000E+001    9.9998320000000E+006    9.1000000000000E+001    3.9000000000000E+001    6.0000000000000E+000    1.3600000000000E+002
      36    2.2000000000000E+001    9.9998280000000E+006    1.0200000000000E+002    3.7000000000000E+001    8.0000000000000E+000    1.4700000000000E+002
      37    2.1000000000000E+001    9.9998270000000E+006    1.0400000000000E+002    3.7000000000000E+001    8.0000000000000E+000    1.4900000000000E+002
      38    2.9000000000000E+001    9.9998090000000E+006    1.1100000000000E+002    3.7000000000000E+001    1.1000000000000E+001    1.5900000000000E+002
      39    3.3000000000000E+001    9.9997950000000E+006    1.2100000000000E+002    3.4000000000000E+001    1.4000000000000E+001    1.6900000000000E+002
      40    4.2000000000000E+001    9.9997820000000E+006    1.2000000000000E+002    3.9000000000000E+001    1.4000000000000E+001    1.7300000000000E+002
      41    4.3000000000000E+001    9.9997800000000E+006    1.2000000000000E+002    4.0000000000000E+001    1.4000000000000E+001    1.7400000000000E+002
      42    2.8000000000000E+001    9.9997770000000E+006    1.2900000000000E+002    4.7000000000000E+001    1.6000000000000E+001    1.9200000000000E+002
      43    1.8000000000000E+001    9.9997730000000E+006    1.3900000000000E+002    5.1000000000000E+001    1.6000000000000E+001    2.0600000000000E+002
      44    1.3000000000000E+001    9.9997650000000E+006    1.4700000000000E+002    5.6000000000000E+001    1.6000000000000E+001    2.1900000000000E+002
      45    2.3000000000000E+001    9.9997530000000E+006    1.4600000000000E+002    5.9000000000000E+001    1.6000000000000E+001    2.2100000000000E+002
      46    4.8000000000000E+001    9.9997250000000E+006    1.3500000000000E+002    7.1000000000000E+001    1.8000000000000E+001    2.2400000000000E+002
      47    6.0000000000000E+001    9.9997090000000E+006    1.3000000000000E+002    7.9000000000000E+001    1.9000000000000E+001    2.2800000000000E+002
      48    7.6000000000000E+001    9.9996850000000E+006    1.2100000000000E+002    9.5000000000000E+001    2.0000000000000E+001    2.3600000000000E+002
      49    9.2000000000000E+001    9.9996570000000E+006    1.2300000000000E+002    1.0500000000000E+002    2.0000000000000E+001    2.4800000000000E+002
      50    7.8000000000000E+001    9.9996430000000E+006    1.4000000000000E+002    1.1600000000000E+002    2.0000000000000E+001    2.7600000000000E+002
      51    6.9000000000000E+001    9.9996360000000E+006    1.5400000000000E+002    1.1700000000000E+002    2.1000000000000E+001    2.9200000000000E+002
      52    7.9000000000000E+001    9.9996020000000E+006    1.6800000000000E+002    1.2600000000000E+002    2.2000000000000E+001    3.1600000000000E+002
      53    1.0900000000000E+002    9.9995440000000E+006    1.8600000000000E+002    1.3500000000000E+002    2.3000000000000E+001    3.4400000000000E+002
      54    1.1700000000000E+002    9.9995220000000E+006    1.9600000000000E+002    1.3500000000000E+002    2.7000000000000E+001    3.5800000000000E+002
      55    1.3000000000000E+002    9.9995020000000E+006    2.0200000000000E+002    1.3400000000000E+002    2.9000000000000E+001    3.6500000000000E+002
      56    1.2300000000000E+002    9.9994750000000E+006    2.1800000000000E+002    1.5000000000000E+002    3.1000000000000E+001    3.9900000000000E+002
      57    9.5000000000000E+001    9.9994450000000E+006    2.6200000000000E+002    1.6000000000000E+002    3.5000000000000E+001    4.5700000000000E+002
      58    9.4000000000000E+001    9.9994240000000E+006    2.7100000000000E+002    1.7300000000000E+002    3.5000000000000E+001    4.7900000000000E+002
      59    1.1700000000000E+002    9.9993810000000E+006    2.8900000000000E+002    1.7500000000000E+002    3.5000000000000E+001    4.9900000000000E+002
      60    1.2600000000000E+002    9.9993450000000E+006    3.1300000000000E+002    1.7500000000000E+002    3.8000000000000E+001    5.2600000000000E+002
      61    1.4700000000000E+002    9.9992940000000E+006    3.3900000000000E+002    1.7500000000000E+002    4.2000000000000E+001    5.5600000000000E+002
      62    1.5400000000000E+002    9.9992660000000E+006    3.5200000000000E+002    1.8100000000000E+002    4.4000000000000E+001    5.7700000000000E+002
      63    1.7600000000000E+002    9.9992010000000E+006    3.8300000000000E+002    1.9000000000000E+002    4.7000000000000E+001    6.2000000000000E+002
      64    1.6700000000000E+002    9.9991740000000E+006    3.9100000000000E+002    2.1700000000000E+002    4.8000000000000E+001    6.5600000000000E+002
      65    1.2800000000000E+002    9.9991620000000E+006    4.2600000000000E+002    2.2800000000000E+002    5.3000000000000E+001    7.0700000000000E+002
      66    1.4000000000000E+002    9.9991220000000E+006    4.3000000000000E+002    2.5000000000000E+002    5.5000000000000E+001    7.3500000000000E+002
      67    1.1300000000000E+002    9.9990840000000E+006    4.6700000000000E+002    2.7000000000000E+002    6.3000000000000E+001    8.0000000000000E+002
      68    1.3700000000000E+002    9.9990330000000E+006    4.8000000000000E+002    2.8100000000000E+002    6.6000000000000E+001    8.2700000000000E+002
      69    1.5900000000000E+002    9.9989990000000E+006    4.8500000000000E+002    2.8400000000000E+002    7.0000000000000E+001    8.3900000000000E+002
      70    1.6400000000000E+002    9.9989540000000E+006    4.9100000000000E+002    3.1400000000000E+002    7.4000000000000E+001    8.7900000000000E+002
      71    1.5200000000000E+002    9.9989280000000E+006    4.7100000000000E+002    3.6500000000000E+002    8.1000000000000E+001    9.1700000000000E+002
      72    1.2800000000000E+002    9.9989010000000E+006    5.0000000000000E+002    3.8500000000000E+002    8.3000000000000E+001    9.6800000000000E+002
      73    1.5600000000000E+002    9.9988390000000E+006    5.1400000000000E+002    4.0300000000000E+002    8.5000000000000E+001    1.0020000000000E+003
      74    2.1500000000000E+002    9.9987350000000E+006    5.3200000000000E+002    4.2600000000000E+002    8.9000000000000E+001    1.0470000000000E+003
      75    2.6500000000000E+002    9.9986590000000E+006    5.2800000000000E+002    4.5400000000000E+002    9.1000000000000E+001    1.0730000000000E+003
      76    3.0300000000000E+002    9.9985940000000E+006    5.3400000000000E+002    4.7000000000000E+002    9.6000000000000E+001    1.1000000000000E+003
      77    3.1200000000000E+002    9.9985230000000E+006    5.5300000000000E+002    5.1200000000000E+002    9.7000000000000E+001    1.1620000000000E+003
      78    2.4100000000000E+002    9.9984900000000E+006    6.2100000000000E+002    5.4100000000000E+002    1.0400000000000E+002    1.2660000000000E+003
      79    1.8200000000000E+002    9.9984730000000E+006    6.4600000000000E+002    5.8900000000000E+002    1.0700000000000E+002    1.3420000000000E+003
      80    1.9400000000000E+002    9.9983960000000E+006    6.8300000000000E+002    6.1700000000000E+002    1.0700000000000E+002    1.4070000000000E+003
      81    2.0700000000000E+002    9.9983120000000E+006    6.8900000000000E+002    6.7200000000000E+002    1.1700000000000E+002    1.4780000000000E+003
      82    2.4300000000000E+002    9.9982430000000E+006    6.9500000000000E+002    6.8300000000000E+002    1.3300000000000E+002    1.5110000000000E+003
      83    3.3700000000000E+002    9.9981320000000E+006    7.0000000000000E+002    6.9100000000000E+002    1.3700000000000E+002    1.5280000000000E+003
      84    3.8600000000000E+002    9.9980060000000E+006    7.3700000000000E+002    7.2400000000000E+002    1.4400000000000E+002    1.6050000000000E+003
      85    3.7600000000000E+002    9.9979320000000E+006    7.8300000000000E+002    7.5400000000000E+002    1.5200000000000E+002    1.6890000000000E+003
      86    3.4500000000000E+002    9.9978940000000E+006    8.0100000000000E+002    8.0100000000000E+002    1.5600000000000E+002    1.7580000000000E+003
      87    4.0900000000000E+002    9.9977190000000E+006    8.7800000000000E+002    8.3200000000000E+002    1.5900000000000E+002    1.8690000000000E+003
      88    4.1200000000000E+002    9.9975900000000E+006    9.5900000000000E+002    8.6900000000000E+002    1.6700000000000E+002    1.9950000000000E+003
      89    5.1700000000000E+002    9.9974110000000E+006    1.0070000000000E+003    8.8600000000000E+002    1.7600000000000E+002    2.0690000000000E+003
      90    6.6300000000000E+002    9.9972270000000E+006    1.0180000000000E+003    9.0800000000000E+002    1.8100000000000E+002    2.1070000000000E+003
      91    7.1400000000000E+002    9.9970010000000E+006    1.1310000000000E+003    9.5900000000000E+002    1.9200000000000E+002    2.2820000000000E+003
      92    7.7100000000000E+002    9.9968150000000E+006    1.1560000000000E+003    1.0520000000000E+003    2.0300000000000E+002    2.4110000000000E+003
      93    6.8600000000000E+002    9.9967210000000E+006    1.2590000000000E+003    1.1210000000000E+003    2.1000000000000E+002    2.5900000000000E+003
      94    7.5000000000000E+002    9.9964730000000E+006    1.3780000000000E+003    1.1840000000000E+003    2.1200000000000E+002    2.7740000000000E+003
      95    7.2200000000000E+002    9.9962750000000E+006    1.5330000000000E+003    1.2420000000000E+003    2.2500000000000E+002    3.0000000000000E+003
      96    6.9300000000000E+002    9.9961180000000E+006    1.6860000000000E+003    1.2630000000000E+003    2.3700000000000E+002    3.1860000000000E+003
      97    7.7700000000000E+002    9.9959400000000E+006    1.7630000000000E+003    1.2580000000000E+003    2.5900000000000E+002    3.2800000000000E+003
      98    7.2000000000000E+002    9.9957490000000E+006    1.9340000000000E+003    1.3230000000000E+003    2.7100000000000E+002    3.5280000000000E+003
      99    6.8300000000000E+002    9.9955880000000E+006    2.0480000000000E+003    1.3800000000000E+003    2.9800000000000E+002    3.7260000000000E+003
     100    6.0900000000000E+002    9.9955050000000E+006    2.1360000000000E+003    1.4320000000000E+003    3.1500000000000E+002    3.8830000000000E+003
     101    6.9300000000000E+002    9.9952430000000E+006    2.2030000000000E+003    1.5270000000000E+003    3.3100000000000E+002    4.0610000000000E+003
     102    7.6500000000000E+002    9.9949800000000E+006    2.2680000000000E+003    1.6250000000000E+003    3.5900000000000E+002    4.2520000000000E+003
     103    8.5900000000000E+002    9.9947250000000E+006    2.3550000000000E+003    1.6770000000000E+003    3.8100000000000E+002    4.4130000000000E+003
     104    1.0350000000000E+003    9.9944660000000E+006    2.4000000000000E+003    1.7050000000000E+003    3.9100000000000E+002    4.4960000000000E+003
     105    1.0750000000000E+003    9.9941640000000E+006    2.4870000000000E+003    1.8620000000000E+003    4.0900000000000E+002    4.7580000000000E+003
     106    9.8700000000000E+002    9.9939890000000E+006    2.6210000000000E+003    1.9730000000000E+003    4.2700000000000E+002    5.0210000000000E+003
     107    9.1700000000000E+002    9.9938040000000E+006    2.6970000000000E+003    2.1330000000000E+003    4.4600000000000E+002    5.2760000000000E+003
     108    1.0080000000000E+003    9.9934540000000E+006    2.7720000000000E+003    2.3130000000000E+003    4.5000000000000E+002    5.5350000000000E+003
     109    1.0260000000000E+003    9.9931340000000E+006    2.8480000000000E+003    2.5110000000000E+003    4.7800000000000E+002    5.8370000000000E+003
     110    1.2150000000000E+003    9.9927700000000E+006    2.8370000000000E+003    2.6680000000000E+003    5.0700000000000E+002    6.0120000000000E+003
     111    1.3740000000000E+003    9.9924260000000E+006    2.9280000000000E+003    2.7370000000000E+003    5.3200000000000E+002    6.1970000000000E+003
     112    1.3120000000000E+003    9.9921380000000E+006    3.0300000000000E+003    2.9620000000000E+003    5.5500000000000E+002    6.5470000000000E+003
     113    1.1870000000000E+003    9.9919430000000E+006    3.1520000000000E+003    3.1300000000000E+003    5.8500000000000E+002    6.8670000000000E+003
     114    1.0130000000000E+003    9.9917530000000E+006    3.3590000000000E+003    3.2700000000000E+003    6.0200000000000E+002    7.2310000000000E+003
     115    1.1270000000000E+003    9.9912950000000E+006    3.5250000000000E+003    3.4290000000000E+003    6.2100000000000E+002    7.5750000000000E+003
     116    1.2460000000000E+003    9.9908880000000E+006    3.6220000000000E+003    3.5910000000000E+003    6.5000000000000E+002    7.8630000000000E+003
     117    1.5010000000000E+003    9.9904380000000E+006    3.6560000000000E+003    3.7220000000000E+003    6.8000000000000E+002    8.0580000000000E+003
     118    1.7740000000000E+003    9.9899750000000E+006    3.7630000000000E+003    3.7610000000000E+003    7.2400000000000E+002    8.2480000000000E+003
     119    1.7500000000000E+003    9.9895410000000E+006    3.9590000000000E+003    3.9940000000000E+003    7.5300000000000E+002    8.7060000000000E+003
     120    1.6300000000000E+003    9.9892540000000E+006    4.1030000000000E+003    4.2320000000000E+003    7.7800000000000E+002    9.1130000000000E+003
     121    1.3890000000000E+003    9.9890450000000E+006    4.2980000000000E+003    4.4670000000000E+003    7.9800000000000E+002    9.5630000000000E+003
     122    1.4290000000000E+003    9.9885420000000E+006    4.5020000000000E+003    4.7110000000000E+003    8.1300000000000E+002    1.0026000000000E+004
     123    1.5090000000000E+003    9.9880280000000E+006    4.6340000000000E+003    4.9600000000000E+003    8.6600000000000E+002    1.0460000000000E+004
     124    1.7340000000000E+003    9.9875160000000E+006    4.7460000000000E+003    5.1040000000000E+003    8.9700000000000E+002    1.0747000000000E+004
     125    2.0380000000000E+003    9.9870030000000E+006    4.7700000000000E+003    5.2330000000000E+003    9.5300000000000E+002    1.0956000000000E+004
     126    2.0050000000000E+003    9.9865330000000E+006    4.9230000000000E+003    5.5370000000000E+003    9.9900000000000E+002    1.1459000000000E+004
     127    1.7400000000000E+003    9.9862840000000E+006    5.1170000000000E+003    5.8020000000000E+003    1.0540000000000E+003    1.1973000000000E+004
     128    1.4180000000000E+003    9.9860940000000E+006    5.2650000000000E+003    6.1350000000000E+003    1.0850000000000E+003    1.2485000000000E+004
     129    1.4110000000000E+003    9.9855880000000E+006    5.4340000000000E+003    6.4550000000000E+003    1.1090000000000E+003    1.2998000000000E+004
     130    1.4110000000000E+003    9.9851180000000E+006    5.6160000000000E+003    6.6820000000000E+003    1.1700000000000E+003    1.3468000000000E+004
     131    1.6280000000000E+003    9.9846520000000E+006    5.6700000000000E+003    6.8270000000000E+003    1.2200000000000E+003    1.3717000000000E+004
     132    1.9850000000000E+003    9.9841050000000E+006    5.6700000000000E+003    6.9740000000000E+003    1.2630000000000E+003    1.3907000000000E+004
     133    1.9490000000000E+003    9.9836350000000E+006    5.7180000000000E+003    7.3630000000000E+003    1.3320000000000E+003    1.4413000000000E+004
     134    1.7170000000000E+003    9.9833970000000E+006    5.7810000000000E+003    7.7180000000000E+003    1.3840000000000E+003    1.4883000000000E+004
     135    1.3800000000000E+003    9.9832680000000E+006    5.7970000000000E+003    8.1440000000000E+003    1.4080000000000E+003    1.5349000000000E+004
     136    1.0270000000000E+003    9.9830740000000E+006    5.8810000000000E+003    8.5960000000000E+003    1.4190000000000E+003    1.5896000000000E+004
     137    8.4100000000000E+002    9.9827900000000E+006    5.9170000000000E+003    8.9730000000000E+003    1.4760000000000E+003    1.6366000000000E+004
     138    8.9100000000000E+002    9.9825020000000E+006    5.8680000000000E+003    9.2140000000000E+003    1.5220000000000E+003    1.6604000000000E+004
     139    1.0630000000000E+003    9.9822010000000E+006    5.7880000000000E+003    9.3700000000000E+003    1.5750000000000E+003    1.6733000000000E+004
     140    1.1770000000000E+003    9.9818930000000E+006    5.4790000000000E+003    9.8200000000000E+003    1.6280000000000E+003    1.6927000000000E+004
     141    1.0220000000000E+003    9.9817640000000E+006    5.2490000000000E+003    1.0284000000000E+004    1.6780000000000E+003    1.7211000000000E+004
     142    8.3200000000000E+002    9.9816660000000E+006    5.0250000000000E+003    1.0772000000000E+004    1.7020000000000E+003    1.7499000000000E+004
     143    8.4900000000000E+002    9.9813480000000E+006    4.8130000000000E+003    1.1275000000000E+004    1.7120000000000E+003    1.7800000000000E+004
     144    9.1700000000000E+002    9.9809720000000E+006    4.6510000000000E+003    1.1730000000000E+004    1.7270000000000E+003    1.8108000000000E+004
     145    1.1020000000000E+003    9.9806580000000E+006    4.5310000000000E+003    1.1948000000000E+004    1.7580000000000E+003    1.8237000000000E+004
     146    1.3270000000000E+003    9.9803350000000E+006    4.4390000000000E+003    1.2113000000000E+004    1.7830000000000E+003    1.8335000000000E+004
     147    1.3500000000000E+003    9.9799940000000E+006    4.2510000000000E+003    1.2590000000000E+004    1.8120000000000E+003    1.8653000000000E+004
     148    1.1620000000000E+003    9.9798060000000E+006    4.1570000000000E+003    1.3033000000000E+004    1.8390000000000E+003    1.9029000000000E+004
     149    9.9200000000000E+002    9.9796620000000E+006    4.0050000000000E+003    1.3490000000000E+004    1.8480000000000E+003    1.9343000000000E+004
     150    1.0360000000000E+003    9.9792950000000E+006    3.7810000000000E+003    1.4030000000000E+004    1.8550000000000E+003    1.9666000000000E+004
     151    9.8500000000000E+002    9.9790050000000E+006    3.6520000000000E+003    1.4465000000000E+004    1.8900000000000E+003    2.0007000000000E+004
     152    1.1300000000000E+003    9.9786720000000E+006    3.6020000000000E+003    1.4670000000000E+004    1.9230000000000E+003    2.0195000000000E+004
     153    1.3370000000000E+003    9.9783210000000E+006    3.6170000000000E+003    1.4768000000000E+004    1.9540000000000E+003    2.0339000000000E+004
     154    1.2570000000000E+003    9.9780340000000E+006    3.7900000000000E+003    1.4929000000000E+004    1.9870000000000E+003    2.0706000000000E+004
     155    1.1440000000000E+003    9.9778570000000E+006    3.7960000000000E+003    1.5178000000000E+004    2.0220000000000E+003    2.0996000000000E+004
     156    9.5700000000000E+002    9.9777110000000E+006    3.8410000000000E+003    1.5442000000000E+004    2.0460000000000E+003    2.1329000000000E+004
     157    9.6800000000000E+002    9.9773490000000E+006    3.8910000000000E+003    1.5730000000000E+004    2.0590000000000E+003    2.1680000000000E+004
     158    1.0310000000000E+003    9.9769990000000E+006    3.8700000000000E+003    1.5998000000000E+004    2.0990000000000E+003    2.1967000000000E+004
     159    1.2350000000000E+003    9.9766180000000E+006    3.9180000000000E+003    1.6096000000000E+004    2.1300000000000E+003    2.2144000000000E+004
     160    1.4110000000000E+003    9.9762960000000E+006    3.9660000000000E+003    1.6163000000000E+004    2.1610000000000E+003    2.2290000000000E+004
     161    1.3080000000000E+003    9.9760370000000E+006    4.0100000000000E+003    1.6446000000000E+004    2.1960000000000E+003    2.2652000000000E+004
     162    1.1610000000000E+003    9.9758340000000E+006    3.9840000000000E+003    1.6795000000000E+004    2.2230000000000E+003    2.3002000000000E+004
     163    8.8400000000000E+002    9.9757300000000E+006    4.0510000000000E+003    1.7093000000000E+004    2.2390000000000E+003    2.3383000000000E+004
     164    9.3100000000000E+002    9.9753610000000E+006    4.0500000000000E+003    1.7400000000000E+004    2.2550000000000E+003    2.3705000000000E+004
     165    1.1600000000000E+003    9.9748730000000E+006    3.9680000000000E+003    1.7707000000000E+004    2.2890000000000E+003    2.3964000000000E+004
     166    1.4180000000000E+003    9.9744120000000E+006    3.9830000000000E+003    1.7850000000000E+004    2.3340000000000E+003    2.4167000000000E+004
     167    1.7870000000000E+003    9.9739390000000E+006    3.9430000000000E+003    1.7960000000000E+004    2.3680000000000E+003    2.4271000000000E+004
     168    1.8350000000000E+003    9.9735220000000E+006    3.9450000000000E+003    1.8305000000000E+004    2.3900000000000E+003    2.4640000000000E+004
     169    1.5410000000000E+003    9.9733280000000E+006    4.1430000000000E+003    1.8567000000000E+004    2.4180000000000E+003    2.5128000000000E+004
     170    1.2190000000000E+003    9.9731890000000E+006    4.2710000000000E+003    1.8881000000000E+004    2.4370000000000E+003    2.5589000000000E+004
     171    1.0840000000000E+003    9.9728510000000E+006    4.3930000000000E+003    1.9222000000000E+004    2.4470000000000E+003    2.6062000000000E+004
     172    1.1230000000000E+003    9.9723950000000E+006    4.5230000000000E+003    1.9472000000000E+004    2.4840000000000E+003    2.6479000000000E+004
     173    1.3260000000000E+003    9.9719980000000E+006    4.5400000000000E+003    1.9591000000000E+004    2.5420000000000E+003    2.6673000000000E+004
     174    1.5920000000000E+003    9.9715930000000E+006    4.5330000000000E+003    1.9687000000000E+004    2.5920000000000E+003    2.6812000000000E+004
     175    1.6070000000000E+003    9.9712400000000E+006    4.5090000000000E+003    1.9993000000000E+004    2.6480000000000E+003    2.7150000000000E+004
     176    1.3300000000000E+003    9.9710610000000E+006    4.6150000000000E+003    2.0305000000000E+004    2.6860000000000E+003    2.7606000000000E+004
     177    1.0500000000000E+003    9.9709440000000E+006    4.6310000000000E+003    2.0669000000000E+004    2.7030000000000E+003    2.8003000000000E+004
     178    1.0460000000000E+003    9.9705430000000E+006    4.7140000000000E+003    2.0970000000000E+004    2.7240000000000E+003    2.8408000000000E+004
     179    1.1430000000000E+003    9.9700930000000E+006    4.8080000000000E+003    2.1181000000000E+004    2.7720000000000E+003    2.8761000000000E+004
     180    1.3390000000000E+003    9.9697180000000E+006    4.7840000000000E+003    2.1333000000000E+004    2.8230000000000E+003    2.8940000000000E+004
     181    1.5250000000000E+003    9.9694150000000E+006    4.7970000000000E+003    2.1396000000000E+004    2.8640000000000E+003    2.9057000000000E+004
     182    1.4260000000000E+003    9.9691130000000E+006    4.8290000000000E+003    2.1723000000000E+004    2.9060000000000E+003    2.9458000000000E+004
     183    1.1500000000000E+003    9.9689390000000E+006    4.7910000000000E+003    2.2173000000000E+004    2.9440000000000E+003    2.9908000000000E+004
     184    9.0500000000000E+002    9.9688090000000E+006    4.7050000000000E+003    2.2609000000000E+004    2.9690000000000E+003    3.0283000000000E+004
     185    1.0510000000000E+003    9.9683600000000E+006    4.5350000000000E+003    2.3071000000000E+004    2.9800000000000E+003    3.0586000000000E+004
     186    1.0200000000000E+003    9.9680890000000E+006    4.4200000000000E+003    2.3440000000000E+004    3.0280000000000E+003    3.0888000000000E+004
     187    1.0180000000000E+003    9.9679170000000E+006    4.4000000000000E+003    2.3588000000000E+004    3.0740000000000E+003    3.1062000000000E+004
     188    1.3310000000000E+003    9.9674740000000E+006    4.3910000000000E+003    2.3694000000000E+004    3.1070000000000E+003    3.1192000000000E+004
     189    1.2630000000000E+003    9.9670930000000E+006    4.5020000000000E+003    2.4006000000000E+004    3.1330000000000E+003    3.1641000000000E+004
     190    1.1930000000000E+003    9.9668920000000E+006    4.3170000000000E+003    2.4426000000000E+004    3.1690000000000E+003    3.1912000000000E+004
     191    1.1910000000000E+003    9.9667220000000E+006    4.0920000000000E+003    2.4801000000000E+004    3.1910000000000E+003    3.2084000000000E+004
     192    1.2090000000000E+003    9.9662610000000E+006    4.1300000000000E+003    2.5187000000000E+004    3.2100000000000E+003    3.2527000000000E+004
     193    1.3090000000000E+003    9.9657800000000E+006    4.1580000000000E+003    2.5498000000000E+004    3.2520000000000E+003    3.2908000000000E+004
     194    1.5130000000000E+003    9.9653750000000E+006    4.1800000000000E+003    2.5653000000000E+004    3.2760000000000E+003    3.3109000000000E+004
     195    1.7660000000000E+003    9.9649520000000E+006    4.2330000000000E+003    2.5755000000000E+004    3.2910000000000E+003    3.3279000000000E+004
     196    1.6920000000000E+003    9.9645650000000E+006    4.2930000000000E+003    2.6105000000000E+004    3.3420000000000E+003    3.3740000000000E+004
     197    1.3810000000000E+003    9.9643950000000E+006    4.3240000000000E+003    2.6516000000000E+004    3.3810000000000E+003    3.4221000000000E+004
     198    1.1220000000000E+003    9.9642490000000E+006    4.3540000000000E+003    2.6868000000000E+004    3.4040000000000E+003    3.4626000000000E+004
     199    1.2290000000000E+003    9.9637190000000E+006    4.4740000000000E+003    2.7154000000000E+004    3.4210000000000E+003    3.5049000000000E+004
     200    1.2900000000000E+003    9.9632710000000E+006    4.5590000000000E+003    2.7411000000000E+004    3.4660000000000E+003    3.5436000000000E+004
     201    1.4400000000000E+003    9.9629510000000E+006    4.5550000000000E+003    2.7539000000000E+004    3.5120000000000E+003    3.5606000000000E+004
     202    1.6540000000000E+003    9.9625910000000E+006    4.5710000000000E+003    2.7615000000000E+004    3.5660000000000E+003    3.5752000000000E+004
     203    1.4580000000000E+003    9.9622570000000E+006    4.6520000000000E+003    2.8023000000000E+004    3.6070000000000E+003    3.6282000000000E+004
     204    1.1980000000000E+003    9.9620690000000E+006    4.8290000000000E+003    2.8255000000000E+004    3.6460000000000E+003    3.6730000000000E+004
     205    1.0090000000000E+003    9.9619380000000E+006    4.9770000000000E+003    2.8406000000000E+004    3.6670000000000E+003    3.7050000000000E+004
     206    1.1800000000000E+003    9.9614070000000E+006    4.8940000000000E+003    2.8836000000000E+004    3.6800000000000E+003    3.7410000000000E+004
     207    1.3700000000000E+003    9.9608830000000E+006    4.8470000000000E+003    2.9160000000000E+004    3.7370000000000E+003    3.7744000000000E+004
     208    1.6710000000000E+003    9.9603940000000E+006    4.8340000000000E+003    2.9312000000000E+004    3.7860000000000E+003    3.7932000000000E+004
     209    1.9680000000000E+003    9.9599660000000E+006    4.7950000000000E+003    2.9442000000000E+004    3.8260000000000E+003    3.8063000000000E+004
     210    1.8450000000000E+003    9.9595580000000E+006    4.8650000000000E+003    2.9865000000000E+004    3.8640000000000E+003    3.8594000000000E+004
     211    1.5880000000000E+003    9.9592910000000E+006    4.9080000000000E+003    3.0320000000000E+004    3.8900000000000E+003    3.9118000000000E+004
     212    1.2820000000000E+003    9.9591080000000E+006    4.9920000000000E+003    3.0709000000000E+004    3.9060000000000E+003    3.9607000000000E+004
     213    1.4830000000000E+003    9.9584790000000E+006    4.9970000000000E+003    3.1121000000000E+004    3.9170000000000E+003    4.0035000000000E+004
     214    1.6430000000000E+003    9.9579110000000E+006    5.0180000000000E+003    3.1462000000000E+004    3.9630000000000E+003    4.0443000000000E+004
     215    1.8050000000000E+003    9.9574820000000E+006    5.1150000000000E+003    3.1580000000000E+004    4.0150000000000E+003    4.0710000000000E+004
     216    2.0720000000000E+003    9.9570320000000E+006    5.1520000000000E+003    3.1690000000000E+004    4.0510000000000E+003    4.0893000000000E+004
     217    1.8990000000000E+003    9.9565760000000E+006    5.2510000000000E+003    3.2181000000000E+004    4.0900000000000E+003    4.1522000000000E+004
     218    1.6140000000000E+003    9.9562930000000E+006    5.3710000000000E+003    3.2587000000000E+004    4.1320000000000E+003    4.2090000000000E+004
     219    1.3710000000000E+003    9.9561070000000E+006    5.4800000000000E+003    3.2883000000000E+004    4.1560000000000E+003    4.2519000000000E+004
     220    1.4230000000000E+003    9.9556050000000E+006    5.5700000000000E+003    3.3231000000000E+004    4.1680000000000E+003    4.2969000000000E+004
     221    1.4080000000000E+003    9.9551640000000E+006    5.6920000000000E+003    3.3508000000000E+004    4.2250000000000E+003    4.3425000000000E+004
     222    1.6190000000000E+003    9.9546700000000E+006    5.7870000000000E+003    3.3637000000000E+004    4.2840000000000E+003    4.3708000000000E+004
     223    1.8290000000000E+003    9.9542740000000E+006    5.8420000000000E+003    3.3720000000000E+004    4.3320000000000E+003    4.3894000000000E+004
     224    1.8010000000000E+003    9.9538000000000E+006    5.8130000000000E+003    3.4196000000000E+004    4.3870000000000E+003    4.4396000000000E+004
     225    1.6150000000000E+003    9.9535450000000E+006    5.7300000000000E+003    3.4681000000000E+004    4.4260000000000E+003    4.4837000000000E+004
     226    1.2770000000000E+003    9.9533890000000E+006    5.7350000000000E+003    3.5153000000000E+004    4.4430000000000E+003    4.5331000000000E+004
     227    1.3980000000000E+003    9.9528720000000E+006    5.7030000000000E+003    3.5568000000000E+004    4.4560000000000E+003    4.5727000000000E+004
     228    1.3650000000000E+003    9.9524310000000E+006    5.7690000000000E+003    3.5914000000000E+004    4.5180000000000E+003    4.6201000000000E+004
     229    1.4900000000000E+003    9.9520510000000E+006    5.7570000000000E+003    3.6137000000000E+004    4.5620000000000E+003    4.6456000000000E+004
     230    1.7690000000000E+003    9.9516160000000E+006    5.7300000000000E+003    3.6277000000000E+004    4.6050000000000E+003    4.6612000000000E+004
     231    1.6320000000000E+003    9.9512360000000E+006    5.6180000000000E+003    3.6859000000000E+004    4.6520000000000E+003    4.7129000000000E+004
     232    1.3930000000000E+003    9.9510340000000E+006    5.4910000000000E+003    3.7370000000000E+004    4.7090000000000E+003    4.7570000000000E+004
     233    1.1520000000000E+003    9.9508950000000E+006    5.4420000000000E+003    3.7764000000000E+004    4.7440000000000E+003    4.7950000000000E+004
     234    1.1730000000000E+003    9.9504390000000E+006    5.4270000000000E+003    3.8200000000000E+004    4.7580000000000E+003    4.8385000000000E+004
     235    1.3000000000000E+003    9.9499320000000E+006    5.3510000000000E+003    3.8614000000000E+004    4.8000000000000E+003    4.8765000000000E+004
     236    1.6170000000000E+003    9.9494130000000E+006    5.2700000000000E+003    3.8861000000000E+004    4.8360000000000E+003    4.8967000000000E+004
     237    2.0380000000000E+003    9.9488530000000E+006    5.2230000000000E+003    3.9008000000000E+004    4.8750000000000E+003    4.9106000000000E+004
     238    2.3400000000000E+003    9.9480950000000E+006    5.1770000000000E+003    3.9461000000000E+004    4.9240000000000E+003    4.9562000000000E+004
     239    2.1630000000000E+003    9.9477650000000E+006    5.2430000000000E+003    3.9869000000000E+004    4.9570000000000E+003    5.0069000000000E+004
     240    1.9270000000000E+003    9.9474820000000E+006    5.2680000000000E+003    4.0345000000000E+004    4.9750000000000E+003    5.0588000000000E+004
     241    2.0150000000000E+003    9.9468340000000E+006    5.4320000000000E+003    4.0723000000000E+004    4.9930000000000E+003    5.1148000000000E+004
     242    1.8680000000000E+003    9.9462230000000E+006    5.7160000000000E+003    4.1153000000000E+004    5.0370000000000E+003    5.1906000000000E+004
     243    2.1130000000000E+003    9.9456480000000E+006    5.7910000000000E+003    4.1353000000000E+004    5.0920000000000E+003    5.2236000000000E+004
     244    2.3960000000000E+003    9.9450820000000E+006    5.9180000000000E+003    4.1446000000000E+004    5.1550000000000E+003    5.2519000000000E+004
     245    2.3100000000000E+003    9.9445200000000E+006    6.0490000000000E+003    4.1922000000000E+004    5.1960000000000E+003    5.3167000000000E+004
     246    2.0570000000000E+003    9.9441620000000E+006    6.2190000000000E+003    4.2293000000000E+004    5.2660000000000E+003    5.3778000000000E+004
     247    1.7190000000000E+003    9.9439250000000E+006    6.4140000000000E+003    4.2642000000000E+004    5.2970000000000E+003    5.4353000000000E+004
     248    1.4110000000000E+003    9.9436670000000E+006    6.5450000000000E+003    4.3050000000000E+004    5.3240000000000E+003    5.4919000000000E+004
     249    1.4230000000000E+003    9.9430930000000E+006    6.7270000000000E+003    4.3371000000000E+004    5.3830000000000E+003    5.5481000000000E+004
     250    1.5280000000000E+003    9.9426300000000E+006    6.8830000000000E+003    4.3512000000000E+004    5.4440000000000E+003    5.5839000000000E+004
     251    1.8150000000000E+003    9.9421060000000E+006    6.9810000000000E+003    4.3596000000000E+004    5.4990000000000E+003    5.6076000000000E+004
     252    2.0680000000000E+003    9.9415950000000E+006    6.7830000000000E+003    4.4005000000000E+004    5.5460000000000E+003    5.6334000000000E+004
     253    1.7650000000000E+003    9.9413240000000E+006    6.8500000000000E+003    4.4440000000000E+004    5.6180000000000E+003    5.6908000000000E+004
     254    1.4900000000000E+003    9.9411360000000E+006    6.7940000000000E+003    4.4923000000000E+004    5.6540000000000E+003    5.7371000000000E+004
     255    1.4740000000000E+003    9.9406280000000E+006    6.7580000000000E+003    4.5452000000000E+004    5.6850000000000E+003    5.7895000000000E+004
     256    1.4010000000000E+003    9.9401900000000E+006    6.5110000000000E+003    4.6186000000000E+004    5.7090000000000E+003    5.8406000000000E+004
     257    1.5900000000000E+003    9.9397300000000E+006    6.4520000000000E+003    4.6467000000000E+004    5.7580000000000E+003    5.8677000000000E+004
     258    1.8610000000000E+003    9.9392710000000E+006    6.3570000000000E+003    4.6708000000000E+004    5.8000000000000E+003    5.8865000000000E+004
     259    1.7870000000000E+003    9.9388370000000E+006    6.2170000000000E+003    4.7299000000000E+004    5.8570000000000E+003    5.9373000000000E+004
     260    1.6240000000000E+003    9.9385620000000E+006    6.0440000000000E+003    4.7859000000000E+004    5.9080000000000E+003    5.9811000000000E+004
     261    1.3090000000000E+003    9.9384170000000E+006    5.9290000000000E+003    4.8406000000000E+004    5.9360000000000E+003    6.0271000000000E+004
     262    1.3380000000000E+003    9.9379290000000E+006    5.8220000000000E+003    4.8962000000000E+004    5.9460000000000E+003    6.0730000000000E+004
     263    1.3650000000000E+003    9.9374680000000E+006    5.6940000000000E+003    4.9469000000000E+004    6.0010000000000E+003    6.1164000000000E+004
     264    1.4600000000000E+003    9.9370980000000E+006    5.6110000000000E+003    4.9775000000000E+004    6.0530000000000E+003    6.1439000000000E+004
     265    1.6410000000000E+003    9.9367720000000E+006    5.5190000000000E+003    4.9967000000000E+004    6.0980000000000E+003    6.1584000000000E+004
     266    1.4970000000000E+003    9.9364280000000E+006    5.7490000000000E+003    5.0182000000000E+004    6.1410000000000E+003    6.2072000000000E+004
     267    1.2570000000000E+003    9.9362070000000E+006    5.6360000000000E+003    5.0708000000000E+004    6.1890000000000E+003    6.2533000000000E+004
     268    9.9300000000000E+002    9.9361010000000E+006    5.5430000000000E+003    5.1147000000000E+004    6.2130000000000E+003    6.2903000000000E+004
     269    1.1320000000000E+003    9.9356360000000E+006    5.3450000000000E+003    5.1662000000000E+004    6.2220000000000E+003    6.3229000000000E+004
     270    1.3190000000000E+003    9.9351050000000E+006    5.1780000000000E+003    5.2122000000000E+004    6.2730000000000E+003    6.3573000000000E+004
     271    1.6060000000000E+003    9.9345970000000E+006    5.1280000000000E+003    5.2334000000000E+004    6.3320000000000E+003    6.3794000000000E+004
     272    2.0470000000000E+003    9.9340500000000E+006    5.0460000000000E+003    5.2479000000000E+004    6.3750000000000E+003    6.3900000000000E+004
     273    2.1330000000000E+003    9.9334990000000E+006    5.0030000000000E+003    5.2958000000000E+004    6.4040000000000E+003    6.4365000000000E+004
     274    1.9130000000000E+003    9.9331880000000E+006    5.0960000000000E+003    5.3362000000000E+004    6.4380000000000E+003    6.4896000000000E+004
     275    1.6250000000000E+003    9.9329680000000E+006    5.1440000000000E+003    5.3800000000000E+004    6.4600000000000E+003    6.5404000000000E+004
     276    1.7150000000000E+003    9.9323310000000E+006    5.2320000000000E+003    5.4248000000000E+004    6.4710000000000E+003    6.5951000000000E+004
     277    1.7980000000000E+003    9.9316970000000E+006    5.3490000000000E+003    5.4642000000000E+004    6.5110000000000E+003    6.6502000000000E+004
     278    2.0650000000000E+003    9.9311190000000E+006    5.3850000000000E+003    5.4851000000000E+004    6.5770000000000E+003    6.6813000000000E+004
     279    2.3850000000000E+003    9.9305790000000E+006    5.4600000000000E+003    5.4939000000000E+004    6.6340000000000E+003    6.7033000000000E+004
     280    2.1610000000000E+003    9.9301660000000E+006    5.6090000000000E+003    5.5372000000000E+004    6.6890000000000E+003    6.7670000000000E+004
     281    1.7720000000000E+003    9.9299210000000E+006    5.7820000000000E+003    5.5768000000000E+004    6.7540000000000E+003    6.8304000000000E+004
     282    1.3930000000000E+003    9.9297220000000E+006    5.9900000000000E+003    5.6109000000000E+004    6.7830000000000E+003    6.8882000000000E+004
     283    1.4890000000000E+003    9.9290860000000E+006    6.2040000000000E+003    5.6411000000000E+004    6.8070000000000E+003    6.9422000000000E+004
     284    1.7390000000000E+003    9.9284230000000E+006    6.2730000000000E+003    5.6694000000000E+004    6.8680000000000E+003    6.9835000000000E+004
     285    2.0670000000000E+003    9.9278500000000E+006    6.2970000000000E+003    5.6850000000000E+004    6.9330000000000E+003    7.0080000000000E+004
     286    2.3100000000000E+003    9.9274080000000E+006    6.3900000000000E+003    5.6899000000000E+004    6.9900000000000E+003    7.0279000000000E+004
     287    1.8520000000000E+003    9.9272300000000E+006    6.5610000000000E+003    5.7310000000000E+004    7.0440000000000E+003    7.0915000000000E+004
     288    1.5180000000000E+003    9.9269010000000E+006    6.6930000000000E+003    5.7806000000000E+004    7.0790000000000E+003    7.1578000000000E+004
     289    1.1890000000000E+003    9.9266570000000E+006    6.7580000000000E+003    5.8285000000000E+004    7.1080000000000E+003    7.2151000000000E+004
     290    1.4650000000000E+003    9.9259390000000E+006    6.6530000000000E+003    5.8809000000000E+004    7.1310000000000E+003    7.2593000000000E+004
     291    2.0190000000000E+003    9.9252070000000E+006    6.2800000000000E+003    5.9296000000000E+004    7.1950000000000E+003    7.2771000000000E+004
     292    2.3440000000000E+003    9.9245530000000E+006    6.2980000000000E+003    5.9541000000000E+004    7.2610000000000E+003    7.3100000000000E+004
     293    2.7640000000000E+003    9.9238890000000E+006    6.3220000000000E+003    5.9703000000000E+004    7.3190000000000E+003    7.3344000000000E+004
     294    2.1800000000000E+003    9.9237550000000E+006    6.4030000000000E+003    6.0297000000000E+004    7.3620000000000E+003    7.4062000000000E+004
     295    1.9790000000000E+003    9.9232240000000E+006    6.5010000000000E+003    6.0914000000000E+004    7.3790000000000E+003    7.4794000000000E+004
     296    1.6610000000000E+003    9.9228880000000E+006    6.5770000000000E+003    6.1459000000000E+004    7.4120000000000E+003    7.5448000000000E+004
     297    1.9690000000000E+003    9.9219160000000E+006    6.7010000000000E+003    6.1974000000000E+004    7.4370000000000E+003    7.6112000000000E+004
     298    2.8960000000000E+003    9.9208550000000E+006    6.4220000000000E+003    6.2294000000000E+004    7.5300000000000E+003    7.6246000000000E+004
     299    3.2060000000000E+003    9.9200140000000E+006    6.7080000000000E+003    6.2478000000000E+004    7.5910000000000E+003    7.6777000000000E+004
     300    3.8370000000000E+003    9.9190470000000E+006    6.8450000000000E+003    6.2610000000000E+004    7.6580000000000E+003    7.7113000000000E+004
     301    3.7880000000000E+003    9.9181240000000E+006    7.1810000000000E+003    6.3177000000000E+004    7.7270000000000E+003    7.8085000000000E+004
     302    3.2100000000000E+003    9.9176410000000E+006    7.5790000000000E+003    6.3827000000000E+004    7.7400000000000E+003    7.9146000000000E+004
     303    2.6580000000000E+003    9.9173520000000E+006    7.8470000000000E+003    6.4352000000000E+004    7.7880000000000E+003    7.9987000000000E+004
     304    2.4740000000000E+003    9.9165690000000E+006    8.3720000000000E+003    6.4766000000000E+004    7.8160000000000E+003    8.0954000000000E+004
     305    2.4410000000000E+003    9.9156790000000E+006    9.1170000000000E+003    6.4848000000000E+004    7.9120000000000E+003    8.1877000000000E+004
     306    2.6970000000000E+003    9.9149400000000E+006    9.2710000000000E+003    6.5072000000000E+004    8.0170000000000E+003    8.2360000000000E+004
     307    3.2190000000000E+003    9.9141290000000E+006    9.3160000000000E+003    6.5227000000000E+004    8.1060000000000E+003    8.2649000000000E+004
     308    3.4330000000000E+003    9.9131320000000E+006    9.3810000000000E+003    6.5849000000000E+004    8.2020000000000E+003    8.3432000000000E+004
     309    2.9620000000000E+003    9.9127130000000E+006    9.5390000000000E+003    6.6492000000000E+004    8.2910000000000E+003    8.4322000000000E+004
     310    2.5070000000000E+003    9.9124290000000E+006    9.6240000000000E+003    6.7087000000000E+004    8.3500000000000E+003    8.5061000000000E+004
     311    2.6220000000000E+003    9.9115030000000E+006    9.7710000000000E+003    6.7717000000000E+004    8.3840000000000E+003    8.5872000000000E+004
     312    2.6250000000000E+003    9.9105030000000E+006    1.0634000000000E+004    6.7768000000000E+004    8.4670000000000E+003    8.6869000000000E+004
     313    3.1150000000000E+003    9.9095940000000E+006    1.0522000000000E+004    6.8222000000000E+004    8.5440000000000E+003    8.7288000000000E+004
     314    3.6450000000000E+003    9.9087800000000E+006    1.0470000000000E+004    6.8486000000000E+004    8.6160000000000E+003    8.7572000000000E+004
     315    3.5730000000000E+003    9.9079260000000E+006    1.0424000000000E+004    6.9369000000000E+004    8.7050000000000E+003    8.8498000000000E+004
     316    2.9630000000000E+003    9.9075360000000E+006    1.0363000000000E+004    7.0321000000000E+004    8.8140000000000E+003    8.9498000000000E+004
     317    2.2790000000000E+003    9.9073110000000E+006    1.0431000000000E+004    7.1123000000000E+004    8.8530000000000E+003    9.0407000000000E+004
     318    2.3100000000000E+003    9.9064660000000E+006    1.0278000000000E+004    7.2065000000000E+004    8.8780000000000E+003    9.1221000000000E+004
     319    2.3060000000000E+003    9.9056160000000E+006    1.0209000000000E+004    7.2900000000000E+004    8.9660000000000E+003    9.2075000000000E+004
     320    2.6250000000000E+003    9.9049070000000E+006    1.0116000000000E+004    7.3267000000000E+004    9.0820000000000E+003    9.2465000000000E+004
     321    3.1050000000000E+003    9.9042020000000E+006    1.0052000000000E+004    7.3462000000000E+004    9.1760000000000E+003    9.2690000000000E+004
     322    2.7930000000000E+003    9.9036690000000E+006    1.0114000000000E+004    7.4177000000000E+004    9.2440000000000E+003    9.3535000000000E+004
     323    2.2850000000000E+003    9.9033270000000E+006    1.0074000000000E+004    7.4987000000000E+004    9.3240000000000E+003    9.4385000000000E+004
     324    1.7330000000000E+003    9.9031700000000E+006    1.0044000000000E+004    7.5683000000000E+004    9.3670000000000E+003    9.5094000000000E+004
     325    1.2440000000000E+003    9.9029540000000E+006    9.9380000000000E+003    7.6469000000000E+004    9.3920000000000E+003    9.5799000000000E+004
     326    1.2280000000000E+003    9.9024370000000E+006    9.4740000000000E+003    7.7373000000000E+004    9.4850000000000E+003    9.6332000000000E+004
     327    1.3860000000000E+003    9.9019370000000E+006    9.3970000000000E+003    7.7707000000000E+004    9.5700000000000E+003    9.6674000000000E+004
     328    1.7030000000000E+003    9.9014630000000E+006    9.2700000000000E+003    7.7911000000000E+004    9.6500000000000E+003    9.6831000000000E+004
     329    1.8730000000000E+003    9.9010770000000E+006    8.5600000000000E+003    7.8783000000000E+004    9.7040000000000E+003    9.7047000000000E+004
     330    1.5130000000000E+003    9.9009200000000E+006    8.0770000000000E+003    7.9729000000000E+004    9.7580000000000E+003    9.7564000000000E+004
     331    1.1310000000000E+003    9.9008020000000E+006    7.6680000000000E+003    8.0600000000000E+004    9.7960000000000E+003    9.8064000000000E+004
     332    1.1160000000000E+003    9.9003430000000E+006    7.3280000000000E+003    8.1394000000000E+004    9.8160000000000E+003    9.8538000000000E+004
     333    1.0810000000000E+003    9.8999920000000E+006    6.8600000000000E+003    8.2223000000000E+004    9.8410000000000E+003    9.8924000000000E+004
     334    1.3090000000000E+003    9.8996070000000E+006    6.6270000000000E+003    8.2561000000000E+004    9.8930000000000E+003    9.9081000000000E+004
     335    1.4590000000000E+003    9.8993390000000E+006    6.5200000000000E+003    8.2732000000000E+004    9.9470000000000E+003    9.9199000000000E+004
     336    1.2530000000000E+003    9.8990860000000E+006    6.1340000000000E+003    8.3526000000000E+004    9.9980000000000E+003    9.9658000000000E+004
     337    1.0030000000000E+003    9.8989850000000E+006    5.6350000000000E+003    8.4344000000000E+004    1.0030000000000E+004    1.0000900000000E+005
     338    6.7200000000000E+002    9.8989310000000E+006    5.3110000000000E+003    8.5040000000000E+004    1.0043000000000E+004    1.0039400000000E+005
     339    5.8800000000000E+002    9.8987470000000E+006    4.8740000000000E+003    8.5733000000000E+004    1.0055000000000E+004    1.0066200000000E+005
     340    5.4000000000000E+002    9.8985420000000E+006    4.5940000000000E+003    8.6216000000000E+004    1.0105000000000E+004    1.0091500000000E+005
     341    6.6500000000000E+002    9.8983160000000E+006    4.3530000000000E+003    8.6518000000000E+004    1.0145000000000E+004    1.0101600000000E+005
     342    8.0800000000000E+002    9.8981190000000E+006    4.2500000000000E+003    8.6638000000000E+004    1.0182000000000E+004    1.0107000000000E+005
     343    8.2700000000000E+002    9.8979160000000E+006    4.2180000000000E+003    8.6827000000000E+004    1.0209000000000E+004    1.0125400000000E+005
     344    7.2900000000000E+002    9.8978090000000E+006    3.9060000000000E+003    8.7321000000000E+004    1.0232000000000E+004    1.0145900000000E+005
     345    5.8800000000000E+002    9.8977240000000E+006    3.6320000000000E+003    8.7808000000000E+004    1.0245000000000E+004    1.0168500000000E+005
     346    6.5300000000000E+002    9.8974620000000E+006    3.3550000000000E+003    8.8275000000000E+004    1.0252000000000E+004    1.0188200000000E+005
     347    6.8600000000000E+002    9.8972260000000E+006    3.1720000000000E+003    8.8648000000000E+004    1.0265000000000E+004    1.0208500000000E+005
     348    7.7500000000000E+002    9.8970300000000E+006    3.1220000000000E+003    8.8787000000000E+004    1.0283000000000E+004    1.0219200000000E+005
     349    9.2200000000000E+002    9.8967980000000E+006    3.0890000000000E+003    8.8883000000000E+004    1.0305000000000E+004    1.0227700000000E+005
     350    8.7300000000000E+002    9.8965850000000E+006    2.8920000000000E+003    8.9316000000000E+004    1.0331000000000E+004    1.0253900000000E+005
     351    7.2300000000000E+002    9.8964990000000E+006    2.7770000000000E+003    8.9651000000000E+004    1.0347000000000E+004    1.0277500000000E+005
     352    5.8700000000000E+002    9.8964390000000E+006    2.5880000000000E+003    9.0028000000000E+004    1.0355000000000E+004    1.0297100000000E+005
     353    5.6000000000000E+002    9.8962340000000E+006    2.5520000000000E+003    9.0286000000000E+004    1.0365000000000E+004    1.0320300000000E+005
     354    5.5400000000000E+002    9.8960270000000E+006    2.5120000000000E+003    9.0517000000000E+004    1.0387000000000E+004    1.0341600000000E+005
     355    6.3900000000000E+002    9.8958560000000E+006    2.4970000000000E+003    9.0592000000000E+004    1.0413000000000E+004    1.0350200000000E+005
     356    7.2900000000000E+002    9.8957060000000E+006    2.5030000000000E+003    9.0620000000000E+004    1.0439000000000E+004    1.0356200000000E+005
     357    7.0400000000000E+002    9.8955260000000E+006    2.5240000000000E+003    9.0778000000000E+004    1.0465000000000E+004    1.0376700000000E+005
     358    5.8900000000000E+002    9.8954340000000E+006    2.5260000000000E+003    9.0960000000000E+004    1.0488000000000E+004    1.0397400000000E+005
     359    4.7900000000000E+002    9.8953730000000E+006    2.4710000000000E+003    9.1182000000000E+004    1.0492000000000E+004    1.0414500000000E+005
     360    5.1800000000000E+002    9.8951840000000E+006    2.4240000000000E+003    9.1375000000000E+004    1.0496000000000E+004    1.0429500000000E+005
     361    4.8300000000000E+002    9.8950390000000E+006    2.4010000000000E+003    9.1554000000000E+004    1.0520000000000E+004    1.0447500000000E+005
     362    5.4800000000000E+002    9.8948820000000E+006    2.3860000000000E+003    9.1643000000000E+004    1.0538000000000E+004    1.0456700000000E+005
     363    6.8400000000000E+002    9.8946850000000E+006    2.3620000000000E+003    9.1713000000000E+004    1.0553000000000E+004    1.0462800000000E+005
     364    6.3400000000000E+002    9.8945460000000E+006    2.2890000000000E+003    9.1964000000000E+004    1.0564000000000E+004    1.0481700000000E+005
     365    5.3900000000000E+002    9.8944960000000E+006    2.1980000000000E+003    9.2186000000000E+004    1.0578000000000E+004    1.0496200000000E+005
     366    4.2000000000000E+002    9.8944580000000E+006    2.1590000000000E+003    9.2369000000000E+004    1.0591000000000E+004    1.0511900000000E+005
     367    2.9600000000000E+002    9.8943850000000E+006    2.1240000000000E+003    9.2598000000000E+004    1.0594000000000E+004    1.0531600000000E+005
     368    3.2500000000000E+002    9.8942170000000E+006    2.0500000000000E+003    9.2790000000000E+004    1.0615000000000E+004    1.0545500000000E+005
     369    3.9300000000000E+002    9.8940990000000E+006    2.0140000000000E+003    9.2865000000000E+004    1.0626000000000E+004    1.0550500000000E+005
     370    4.2700000000000E+002    9.8940270000000E+006    1.9920000000000E+003    9.2897000000000E+004    1.0654000000000E+004    1.0554300000000E+005
     371    4.2700000000000E+002    9.8939540000000E+006    1.8600000000000E+003    9.3083000000000E+004    1.0673000000000E+004    1.0561600000000E+005
     372    3.2200000000000E+002    9.8938910000000E+006    1.8210000000000E+003    9.3278000000000E+004    1.0685000000000E+004    1.0578400000000E+005
     373    2.3200000000000E+002    9.8938630000000E+006    1.7680000000000E+003    9.3443000000000E+004    1.0691000000000E+004    1.0590200000000E+005
     374    2.9000000000000E+002    9.8937330000000E+006    1.6900000000000E+003    9.3587000000000E+004    1.0697000000000E+004    1.0597400000000E+005
     375    3.1900000000000E+002    9.8936310000000E+006    1.5830000000000E+003    9.3763000000000E+004    1.0701000000000E+004    1.0604700000000E+005
     376    3.1100000000000E+002    9.8935760000000E+006    1.5540000000000E+003    9.3833000000000E+004    1.0723000000000E+004    1.0611000000000E+005
     377    3.6500000000000E+002    9.8934940000000E+006    1.5210000000000E+003    9.3880000000000E+004    1.0737000000000E+004    1.0613800000000E+005
     378    3.3600000000000E+002    9.8933930000000E+006    1.4620000000000E+003    9.4061000000000E+004    1.0745000000000E+004    1.0626800000000E+005
     379    2.7100000000000E+002    9.8933560000000E+006    1.4190000000000E+003    9.4196000000000E+004    1.0755000000000E+004    1.0637000000000E+005
     380    2.4200000000000E+002    9.8933300000000E+006    1.3170000000000E+003    9.4346000000000E+004    1.0762000000000E+004    1.0642500000000E+005
     381    2.9200000000000E+002    9.8931980000000E+006    1.2020000000000E+003    9.4541000000000E+004    1.0764000000000E+004    1.0650700000000E+005
     382    2.9500000000000E+002    9.8930940000000E+006    1.1640000000000E+003    9.4672000000000E+004    1.0772000000000E+004    1.0660800000000E+005
     383    3.5000000000000E+002    9.8930020000000E+006    1.1510000000000E+003    9.4713000000000E+004    1.0781000000000E+004    1.0664500000000E+005
     384    3.8100000000000E+002    9.8929450000000E+006    1.1390000000000E+003    9.4741000000000E+004    1.0791000000000E+004    1.0667100000000E+005
     385    2.7900000000000E+002    9.8929150000000E+006    1.1980000000000E+003    9.4806000000000E+004    1.0799000000000E+004    1.0680300000000E+005
     386    2.1100000000000E+002    9.8928790000000E+006    1.1340000000000E+003    9.4965000000000E+004    1.0808000000000E+004    1.0690700000000E+005
     387    1.3600000000000E+002    9.8928620000000E+006    1.1080000000000E+003    9.5079000000000E+004    1.0812000000000E+004    1.0699900000000E+005
     388    1.7700000000000E+002    9.8927640000000E+006    1.0930000000000E+003    9.5148000000000E+004    1.0815000000000E+004    1.0705600000000E+005
     389    2.3800000000000E+002    9.8926730000000E+006    1.0500000000000E+003    9.5209000000000E+004    1.0827000000000E+004    1.0708600000000E+005
     390    3.0600000000000E+002    9.8925690000000E+006    1.0230000000000E+003    9.5263000000000E+004    1.0836000000000E+004    1.0712200000000E+005
     391    3.9600000000000E+002    9.8924620000000E+006    1.0120000000000E+003    9.5277000000000E+004    1.0850000000000E+004    1.0713900000000E+005
     392    3.9000000000000E+002    9.8923700000000E+006    9.8000000000000E+002    9.5402000000000E+004    1.0855000000000E+004    1.0723700000000E+005
     393    3.3300000000000E+002    9.8923360000000E+006    9.6900000000000E+002    9.5503000000000E+004    1.0856000000000E+004    1.0732800000000E+005
     394    2.6100000000000E+002    9.8923040000000E+006    1.0180000000000E+003    9.5556000000000E+004    1.0858000000000E+004    1.0743200000000E+005
     395    2.7100000000000E+002    9.8921870000000E+006    1.0430000000000E+003    9.5635000000000E+004    1.0861000000000E+004    1.0753900000000E+005
     396    2.7800000000000E+002    9.8920880000000E+006    1.0340000000000E+003    9.5725000000000E+004    1.0872000000000E+004    1.0763100000000E+005
     397    3.1900000000000E+002    9.8920130000000E+006    1.0310000000000E+003    9.5755000000000E+004    1.0879000000000E+004    1.0766500000000E+005
     398    3.9000000000000E+002    9.8919100000000E+006    1.0370000000000E+003    9.5769000000000E+004    1.0891000000000E+004    1.0769700000000E+005
     399    3.5900000000000E+002    9.8918240000000E+006    1.0220000000000E+003    9.5895000000000E+004    1.0897000000000E+004    1.0781400000000E+005
     400    2.9500000000000E+002    9.8917890000000E+006    1.0170000000000E+003    9.5989000000000E+004    1.0907000000000E+004    1.0791300000000E+005
     401    2.3400000000000E+002    9.8917750000000E+006    1.0000000000000E+003    9.6074000000000E+004    1.0914000000000E+004    1.0798800000000E+005
     402    2.0000000000000E+002    9.8917060000000E+006    1.0460000000000E+003    9.6128000000000E+004    1.0917000000000E+004    1.0809100000000E+005
     403    1.9800000000000E+002    9.8916220000000E+006    1.1020000000000E+003    9.6150000000000E+004    1.0925000000000E+004    1.0817700000000E+005
     404    2.2000000000000E+002    9.8915650000000E+006    1.1010000000000E+003    9.6179000000000E+004    1.0932000000000E+004    1.0821200000000E+005
     405    2.8800000000000E+002    9.8914830000000E+006    1.0980000000000E+003    9.6186000000000E+004    1.0942000000000E+004    1.0822600000000E+005
     406    3.2600000000000E+002    9.8913760000000E+006    1.0690000000000E+003    9.6269000000000E+004    1.0957000000000E+004    1.0829500000000E+005
     407    2.8700000000000E+002    9.8913310000000E+006    1.0620000000000E+003    9.6353000000000E+004    1.0964000000000E+004    1.0837900000000E+005
     408    2.5900000000000E+002    9.8913020000000E+006    1.0150000000000E+003    9.6452000000000E+004    1.0969000000000E+004    1.0843600000000E+005
     409    2.7800000000000E+002    9.8912010000000E+006    9.9000000000000E+002    9.6557000000000E+004    1.0971000000000E+004    1.0851800000000E+005
     410    2.5400000000000E+002    9.8911180000000E+006    1.0050000000000E+003    9.6643000000000E+004    1.0977000000000E+004    1.0862500000000E+005
     411    2.9400000000000E+002    9.8910330000000E+006    1.0160000000000E+003    9.6674000000000E+004    1.0980000000000E+004    1.0867000000000E+005
     412    3.3900000000000E+002    9.8909590000000E+006    1.0130000000000E+003    9.6698000000000E+004    1.0988000000000E+004    1.0869900000000E+005
     413    3.0100000000000E+002    9.8908960000000E+006    9.9700000000000E+002    9.6805000000000E+004    1.0998000000000E+004    1.0880000000000E+005
     414    2.4200000000000E+002    9.8908720000000E+006    9.8100000000000E+002    9.6892000000000E+004    1.1010000000000E+004    1.0888300000000E+005
     415    1.8700000000000E+002    9.8908420000000E+006    9.9100000000000E+002    9.6964000000000E+004    1.1013000000000E+004    1.0896800000000E+005
     416    2.3600000000000E+002    9.8907190000000E+006    9.6200000000000E+002    9.7063000000000E+004    1.1017000000000E+004    1.0904200000000E+005
     417    2.7200000000000E+002    9.8906200000000E+006    9.3900000000000E+002    9.7142000000000E+004    1.1024000000000E+004    1.0910500000000E+005
     418    3.4500000000000E+002    9.8905230000000E+006    9.2800000000000E+002    9.7167000000000E+004    1.1034000000000E+004    1.0912900000000E+005
     419    4.0200000000000E+002    9.8904360000000E+006    9.4400000000000E+002    9.7174000000000E+004    1.1041000000000E+004    1.0915900000000E+005
     420    3.9700000000000E+002    9.8903180000000E+006    9.9800000000000E+002    9.7236000000000E+004    1.1048000000000E+004    1.0928200000000E+005
     421    3.4900000000000E+002    9.8902670000000E+006    1.0130000000000E+003    9.7316000000000E+004    1.1052000000000E+004    1.0938100000000E+005
     422    2.7700000000000E+002    9.8902420000000E+006    1.0530000000000E+003    9.7371000000000E+004    1.1054000000000E+004    1.0947800000000E+005
     423    2.6400000000000E+002    9.8901680000000E+006    1.0580000000000E+003    9.7449000000000E+004    1.1058000000000E+004    1.0956500000000E+005
     424    2.7200000000000E+002    9.8900420000000E+006    1.0690000000000E+003    9.7542000000000E+004    1.1072000000000E+004    1.0968300000000E+005
     425    3.1800000000000E+002    9.8899450000000E+006    1.0750000000000E+003    9.7578000000000E+004    1.1081000000000E+004    1.0973400000000E+005
     426    3.7100000000000E+002    9.8898670000000E+006    1.0710000000000E+003    9.7595000000000E+004    1.1093000000000E+004    1.0975900000000E+005
     427    4.0100000000000E+002    9.8897630000000E+006    1.0440000000000E+003    9.7681000000000E+004    1.1108000000000E+004    1.0983300000000E+005
     428    3.2600000000000E+002    9.8897120000000E+006    1.0870000000000E+003    9.7756000000000E+004    1.1116000000000E+004    1.0995900000000E+005
     429    2.5500000000000E+002    9.8896860000000E+006    1.0990000000000E+003    9.7834000000000E+004    1.1123000000000E+004    1.1005600000000E+005
     430    2.9300000000000E+002    9.8895700000000E+006    1.1030000000000E+003    9.7905000000000E+004    1.1126000000000E+004    1.1013400000000E+005
     431    2.8100000000000E+002    9.8894780000000E+006    1.1440000000000E+003    9.7961000000000E+004    1.1133000000000E+004    1.1023800000000E+005
     432    3.3500000000000E+002    9.8893730000000E+006    1.1710000000000E+003    9.7968000000000E+004    1.1150000000000E+004    1.1028900000000E+005
     433    4.3000000000000E+002    9.8892520000000E+006    1.1670000000000E+003    9.7986000000000E+004    1.1162000000000E+004    1.1031500000000E+005
     434    4.8200000000000E+002    9.8890840000000E+006    1.1600000000000E+003    9.8102000000000E+004    1.1169000000000E+004    1.1043100000000E+005
     435    4.1900000000000E+002    9.8890550000000E+006    1.1530000000000E+003    9.8191000000000E+004    1.1179000000000E+004    1.1052300000000E+005
     436    3.4200000000000E+002    9.8890270000000E+006    1.1610000000000E+003    9.8280000000000E+004    1.1187000000000E+004    1.1062800000000E+005
     437    3.6500000000000E+002    9.8888830000000E+006    1.1950000000000E+003    9.8366000000000E+004    1.1188000000000E+004    1.1074900000000E+005
     438    3.3800000000000E+002    9.8887420000000E+006    1.2450000000000E+003    9.8472000000000E+004    1.1200000000000E+004    1.1091700000000E+005
     439    3.9700000000000E+002    9.8886540000000E+006    1.2230000000000E+003    9.8512000000000E+004    1.1211000000000E+004    1.1094600000000E+005
     440    5.0700000000000E+002    9.8885160000000E+006    1.2260000000000E+003    9.8526000000000E+004    1.1222000000000E+004    1.1097400000000E+005
     441    4.8200000000000E+002    9.8883970000000E+006    1.2960000000000E+003    9.8592000000000E+004    1.1230000000000E+004    1.1111800000000E+005
     442    3.9200000000000E+002    9.8883460000000E+006    1.3110000000000E+003    9.8699000000000E+004    1.1249000000000E+004    1.1125900000000E+005
     443    3.3600000000000E+002    9.8883140000000E+006    1.3020000000000E+003    9.8794000000000E+004    1.1251000000000E+004    1.1134700000000E+005
     444    3.4200000000000E+002    9.8881700000000E+006    1.3620000000000E+003    9.8869000000000E+004    1.1254000000000E+004    1.1148500000000E+005
     445    3.2400000000000E+002    9.8880690000000E+006    1.3770000000000E+003    9.8961000000000E+004    1.1266000000000E+004    1.1160400000000E+005
     446    3.7300000000000E+002    9.8879690000000E+006    1.3770000000000E+003    9.8994000000000E+004    1.1284000000000E+004    1.1165500000000E+005
     447    4.5200000000000E+002    9.8878580000000E+006    1.3830000000000E+003    9.9012000000000E+004    1.1292000000000E+004    1.1168700000000E+005
     448    4.5400000000000E+002    9.8877120000000E+006    1.4110000000000E+003    9.9113000000000E+004    1.1307000000000E+004    1.1183100000000E+005
     449    4.1900000000000E+002    9.8876460000000E+006    1.4200000000000E+003    9.9195000000000E+004    1.1317000000000E+004    1.1193200000000E+005
     450    3.5900000000000E+002    9.8876060000000E+006    1.4150000000000E+003    9.9294000000000E+004    1.1323000000000E+004    1.1203200000000E+005
     451    4.2100000000000E+002    9.8874330000000E+006    1.4050000000000E+003    9.9414000000000E+004    1.1324000000000E+004    1.1214300000000E+005
     452    4.2400000000000E+002    9.8872840000000E+006    1.3830000000000E+003    9.9569000000000E+004    1.1337000000000E+004    1.1228900000000E+005
     453    4.7800000000000E+002    9.8871640000000E+006    1.4200000000000E+003    9.9588000000000E+004    1.1347000000000E+004    1.1235500000000E+005
     454    5.8500000000000E+002    9.8870170000000E+006    1.4320000000000E+003    9.9605000000000E+004    1.1358000000000E+004    1.1239500000000E+005
     455    5.3900000000000E+002    9.8868900000000E+006    1.4610000000000E+003    9.9740000000000E+004    1.1367000000000E+004    1.1256800000000E+005
     456    4.3200000000000E+002    9.8868480000000E+006    1.4690000000000E+003    9.9869000000000E+004    1.1379000000000E+004    1.1271700000000E+005
     457    3.4300000000000E+002    9.8868170000000E+006    1.5010000000000E+003    9.9955000000000E+004    1.1381000000000E+004    1.1283700000000E+005
     458    3.3900000000000E+002    9.8866740000000E+006    1.5100000000000E+003    1.0009100000000E+005    1.1383000000000E+004    1.1298400000000E+005
     459    3.4000000000000E+002    9.8865460000000E+006    1.5180000000000E+003    1.0019400000000E+005    1.1399000000000E+004    1.1311100000000E+005
     460    4.6400000000000E+002    9.8863800000000E+006    1.5090000000000E+003    1.0023200000000E+005    1.1412000000000E+004    1.1315300000000E+005
     461    5.7000000000000E+002    9.8862430000000E+006    1.5080000000000E+003    1.0025700000000E+005    1.1419000000000E+004    1.1318400000000E+005
     462    5.2400000000000E+002    9.8861460000000E+006    1.5070000000000E+003    1.0038300000000E+005    1.1437000000000E+004    1.1332700000000E+005
     463    4.6800000000000E+002    9.8860740000000E+006    1.5340000000000E+003    1.0046900000000E+005    1.1452000000000E+004    1.1345500000000E+005
     464    3.5100000000000E+002    9.8860250000000E+006    1.6000000000000E+003    1.0056500000000E+005    1.1456000000000E+004    1.1362100000000E+005
     465    4.0700000000000E+002    9.8858320000000E+006    1.6260000000000E+003    1.0067400000000E+005    1.1458000000000E+004    1.1375800000000E+005
     466    4.8000000000000E+002    9.8856620000000E+006    1.5770000000000E+003    1.0080700000000E+005    1.1471000000000E+004    1.1385500000000E+005
     467    5.9400000000000E+002    9.8854760000000E+006    1.5830000000000E+003    1.0086600000000E+005    1.1478000000000E+004    1.1392700000000E+005
     468    6.9600000000000E+002    9.8853250000000E+006    1.5920000000000E+003    1.0089400000000E+005    1.1490000000000E+004    1.1397600000000E+005
     469    6.4400000000000E+002    9.8851840000000E+006    1.6120000000000E+003    1.0105700000000E+005    1.1500000000000E+004    1.1416900000000E+005
     470    5.5200000000000E+002    9.8851060000000E+006    1.6330000000000E+003    1.0119600000000E+005    1.1510000000000E+004    1.1433900000000E+005
     471    4.2000000000000E+002    9.8850520000000E+006    1.6990000000000E+003    1.0131000000000E+005    1.1516000000000E+004    1.1452500000000E+005
     472    5.3300000000000E+002    9.8847880000000E+006    1.7030000000000E+003    1.0145000000000E+005    1.1523000000000E+004    1.1467600000000E+005
     473    6.2800000000000E+002    9.8845520000000E+006    1.7170000000000E+003    1.0155700000000E+005    1.1543000000000E+004    1.1481700000000E+005
     474    7.6200000000000E+002    9.8843400000000E+006    1.7530000000000E+003    1.0158400000000E+005    1.1558000000000E+004    1.1489500000000E+005
     475    9.5400000000000E+002    9.8840940000000E+006    1.7760000000000E+003    1.0159700000000E+005    1.1576000000000E+004    1.1494900000000E+005
     476    9.1900000000000E+002    9.8838650000000E+006    1.8970000000000E+003    1.0172500000000E+005    1.1591000000000E+004    1.1521300000000E+005
     477    8.0800000000000E+002    9.8837400000000E+006    2.0050000000000E+003    1.0184000000000E+005    1.1604000000000E+004    1.1544900000000E+005
     478    6.7400000000000E+002    9.8836620000000E+006    2.0510000000000E+003    1.0199700000000E+005    1.1613000000000E+004    1.1566100000000E+005
     479    7.7000000000000E+002    9.8833200000000E+006    2.1600000000000E+003    1.0212700000000E+005    1.1620000000000E+004    1.1590700000000E+005
     480    8.8700000000000E+002    9.8829740000000E+006    2.2920000000000E+003    1.0218900000000E+005    1.1655000000000E+004    1.1613600000000E+005
     481    1.0820000000000E+003    9.8826540000000E+006    2.3450000000000E+003    1.0223300000000E+005    1.1683000000000E+004    1.1626100000000E+005
     482    1.3730000000000E+003    9.8822850000000E+006    2.3740000000000E+003    1.0226300000000E+005    1.1702000000000E+004    1.1633900000000E+005
     483    1.4510000000000E+003    9.8818650000000E+006    2.5230000000000E+003    1.0242200000000E+005    1.1736000000000E+004    1.1668100000000E+005
     484    1.2660000000000E+003    9.8817040000000E+006    2.6990000000000E+003    1.0257200000000E+005    1.1756000000000E+004    1.1702700000000E+005
     485    1.0320000000000E+003    9.8816180000000E+006    2.8330000000000E+003    1.0274000000000E+005    1.1774000000000E+004    1.1734700000000E+005
     486    1.2440000000000E+003    9.8810370000000E+006    3.0510000000000E+003    1.0288400000000E+005    1.1781000000000E+004    1.1771600000000E+005
     487    1.3440000000000E+003    9.8805170000000E+006    3.3300000000000E+003    1.0299100000000E+005    1.1815000000000E+004    1.1813600000000E+005
     488    1.8760000000000E+003    9.8798240000000E+006    3.4130000000000E+003    1.0303400000000E+005    1.1850000000000E+004    1.1829700000000E+005
     489    2.4320000000000E+003    9.8791820000000E+006    3.4450000000000E+003    1.0306100000000E+005    1.1877000000000E+004    1.1838300000000E+005
     490    2.4500000000000E+003    9.8785830000000E+006    3.7620000000000E+003    1.0330000000000E+005    1.1902000000000E+004    1.1896400000000E+005
     491    2.1820000000000E+003    9.8783310000000E+006    4.0460000000000E+003    1.0348800000000E+005    1.1950000000000E+004    1.1948400000000E+005
     492    1.7140000000000E+003    9.8781060000000E+006    4.5270000000000E+003    1.0368800000000E+005    1.1962000000000E+004    1.2017700000000E+005
     493    1.9460000000000E+003    9.8772320000000E+006    4.9230000000000E+003    1.0392300000000E+005    1.1973000000000E+004    1.2081900000000E+005
     494    2.1430000000000E+003    9.8764360000000E+006    5.2930000000000E+003    1.0409400000000E+005    1.2031000000000E+004    1.2141800000000E+005
     495    2.7110000000000E+003    9.8756160000000E+006    5.4200000000000E+003    1.0418000000000E+005    1.2070000000000E+004    1.2167000000000E+005
     496    3.4150000000000E+003    9.8746870000000E+006    5.5670000000000E+003    1.0418800000000E+005    1.2140000000000E+004    1.2189500000000E+005
     497    3.4550000000000E+003    9.8737730000000E+006    6.0990000000000E+003    1.0446200000000E+005    1.2208000000000E+004    1.2276900000000E+005
     498    3.0790000000000E+003    9.8733530000000E+006    6.5490000000000E+003    1.0473600000000E+005    1.2280000000000E+004    1.2356500000000E+005
     499    2.5590000000000E+003    9.8730530000000E+006    7.0490000000000E+003    1.0502400000000E+005    1.2312000000000E+004    1.2438500000000E+005
     500    2.8170000000000E+003    9.8718660000000E+006    7.6090000000000E+003    1.0537600000000E+005    1.2329000000000E+004    1.2531400000000E+005
     501    3.1120000000000E+003    9.8706570000000E+006    8.1030000000000E+003    1.0571700000000E+005    1.2408000000000E+004    1.2622800000000E+005
     502    3.8080000000000E+003    9.8695410000000E+006    8.3620000000000E+003    1.0578300000000E+005    1.2503000000000E+004    1.2664800000000E+005
     503    4.5820000000000E+003    9.8684670000000E+006    8.5760000000000E+003    1.0578300000000E+005    1.2589000000000E+004    1.2694800000000E+005
     504    4.6420000000000E+003    9.8672200000000E+006    9.1820000000000E+003    1.0628500000000E+005    1.2668000000000E+004    1.2813500000000E+005
     505    3.8930000000000E+003    9.8667600000000E+006    9.8710000000000E+003    1.0671000000000E+005    1.2763000000000E+004    1.2934400000000E+005
     506    3.1820000000000E+003    9.8663550000000E+006    1.0294000000000E+004    1.0736100000000E+005    1.2805000000000E+004    1.3046000000000E+005
     507    3.6680000000000E+003    9.8647950000000E+006    1.0726000000000E+004    1.0797400000000E+005    1.2834000000000E+004    1.3153400000000E+005
     508    3.8390000000000E+003    9.8633770000000E+006    1.1374000000000E+004    1.0844600000000E+005    1.2961000000000E+004    1.3278100000000E+005
     509    4.7740000000000E+003    9.8619820000000E+006    1.1582000000000E+004    1.0858800000000E+005    1.3071000000000E+004    1.3324100000000E+005
     510    5.8420000000000E+003    9.8605090000000E+006    1.1762000000000E+004    1.0870200000000E+005    1.3182000000000E+004    1.3364600000000E+005
     511    5.6890000000000E+003    9.8591020000000E+006    1.2448000000000E+004    1.0945800000000E+005    1.3300000000000E+004    1.3520600000000E+005
     512    4.7840000000000E+003    9.8585890000000E+006    1.3070000000000E+004    1.1013400000000E+005    1.3420000000000E+004    1.3662400000000E+005
     513    3.7940000000000E+003    9.8581840000000E+006    1.3645000000000E+004    1.1091900000000E+005    1.3455000000000E+004    1.3801900000000E+005
     514    4.1670000000000E+003    9.8563380000000E+006    1.4189000000000E+004    1.1181300000000E+005    1.3490000000000E+004    1.3949200000000E+005
     515    4.5390000000000E+003    9.8545590000000E+006    1.4682000000000E+004    1.1257400000000E+005    1.3643000000000E+004    1.4089900000000E+005
     516    4.0260000000000E+003    9.8545590000000E+006    1.4775000000000E+004    1.1287000000000E+005    1.3767000000000E+004    1.4141200000000E+005
     517    3.6210000000000E+003    9.8545590000000E+006    1.4880000000000E+004    1.1301400000000E+005    1.3923000000000E+004    1.4181700000000E+005
     518    1.7750000000000E+003    9.8545590000000E+006    1.5539000000000E+004    1.1405800000000E+005    1.4066000000000E+004    1.4366300000000E+005
     519   -4.0000000000000E+000    9.8545590000000E+006    1.6109000000000E+004    1.1511500000000E+005    1.4218000000000E+004    1.4544200000000E+005
     520   -4.0000000000000E+000    9.8545590000000E+006    1.4993000000000E+004    1.1617400000000E+005    1.4275000000000E+004    1.4544200000000E+005
     521   -4.0000000000000E+000    9.8545590000000E+006    1.3919000000000E+004    1.1721600000000E+005    1.4307000000000E+004    1.4544200000000E+005
     522   -4.0000000000000E+000    9.8545590000000E+006    1.2672000000000E+004    1.1828300000000E+005    1.4487000000000E+004    1.4544200000000E+005
     523   -4.0000000000000E+000    9.8545590000000E+006    1.2212000000000E+004    1.1857700000000E+005    1.4653000000000E+004    1.4544200000000E+005
     524   -4.0000000000000E+000    9.8545590000000E+006    1.1807000000000E+004    1.1898200000000E+005    1.4653000000000E+004    1.4544200000000E+005
     525   -4.0000000000000E+000    9.8545590000000E+006    1.0247000000000E+004    1.2054200000000E+005    1.4653000000000E+004    1.4544200000000E+005
     526   -4.0000000000000E+000    9.8545590000000E+006    8.8290000000000E+003    1.2196000000000E+005    1.4653000000000E+004    1.4544200000000E+005
     527   -4.0000000000000E+000    9.8545590000000E+006    7.4340000000000E+003    1.2335500000000E+005    1.4653000000000E+004    1.4544200000000E+005
     528   -4.0000000000000E+000    9.8545590000000E+006    5.9610000000000E+003    1.2482800000000E+005    1.4653000000000E+004    1.4544200000000E+005
     529   -4.0000000000000E+000    9.8545590000000E+006    4.5540000000000E+003    1.2623500000000E+005    1.4653000000000E+004    1.4544200000000E+005
     530   -4.0000000000000E+000    9.8545590000000E+006    4.0410000000000E+003    1.2674800000000E+005    1.4653000000000E+004    1.4544200000000E+005
     531   -4.0000000000000E+000    9.8545590000000E+006    3.6360000000000E+003    1.2715300000000E+005    1.4653000000000E+004    1.4544200000000E+005
     532   -4.0000000000000E+000    9.8545590000000E+006    1.7900000000000E+003    1.2899900000000E+005    1.4653000000000E+004    1.4544200000000E+005
     533   -4.0000000000000E+000    9.8545590000000E+006    1.1000000000000E+001    1.3077800000000E+005    1.4653000000000E+004    1.4544200000000E+005
     534   -4.0000000000000E+000    9.8545590000000E+006    1.1000000000000E+001    1.3077800000000E+005    1.4653000000000E+004    1.4544200000000E+005
     535   -4.0000000000000E+000    9.8545590000000E+006    1.1000000000000E+001    1.3077800000000E+005    1.4653000000000E+004    1.4544200000000E+005
     536   -4.0000000000000E+000    9.8545590000000E+006    1.1000000000000E+001    1.3077800000000E+005    1.4653000000000E+004    1.4544200000000E+005
     537   -4.0000000000000E+000    9.8545590000000E+006    1.1000000000000E+001    1.3077800000000E+005    1.4653000000000E+004    1.4544200000000E+005
     538   -4.0000000000000E+000    9.8545590000000E+006    1.1000000000000E+001    1.3077800000000E+005    1.4653000000000E+004    1.4544200000000E+005
     539   -4.0000000000000E+000    9.8545590000000E+006    1.1000000000000E+001    1.3077800000000E+005    1.4653000000000E+004    1.4544200000000E+005
     540   -4.0000000000000E+000    9.8545590000000E+006    1.1000000000000E+001    1.3077800000000E+005    1.4653000000000E+004    1.4544200000000E+005
