         1         0         0         0        10         0         2
         2         0         0         0        10         0         0
         3         3         0         0        10         0         0
         4         3         0         0        10         0         0
         5         1         0         0        10         2         0
         6         0         0         0        10         0         0
         7         4         3         0        10         0         1
         8         2         3         0        13         0         1
         9         6         1         0        16         0         0
        10         2         0         0        17         0         0
        11         4         4         0        17         1         0
        12         4         2         0        21         1         0
        13         8         6         0        23         0         0
        14         8         2         0        29         0         0
        15         9         4         0        31         0         0
        16         7         4         0        35         0         0
        17         9         8         0        39         0         0
        18        10         8        10        47         0         1
        19        10         9         0        45         0         1
        20        19         7         0        54         0         0
        21        17         9         3        61         0         0
        22        19        10         3        67         1         0
        23        12        10         1        74         1         0
        24        23        19         0        83         0         1
        25        29        17         4       102         0         2
        26        32        19         2       115         0         3
        27        33        12         6       132         0         0
        28        43        23         2       138         1         5
        29        39        29         4       159         2         1
        30        74        32         4       184         3         4
        31        58        33         8       212         0         2
        32        58        43         8       237         5         8
        33        75        39         9       272         1         1
        34        84        74         7       302         4        11
        35        86        58         9       369         2        10
        36       109        58        10       418         8         3
        37       102        75        10       466         1         4
        38       130        84        19       531        11        11
        39       158        86        17       596        10        11
        40       135       109        19       665         3        12
        41       151       102        12       755         4         9
        42       151       130        23       845        11         9
        43       199       158        29       952        11        19
        44       139       135        32      1081        12        11
        45       128       151        33      1184         9        11
        46       289       151        43      1302         9        21
        47       295       199        39      1410        19        15
        48       282       139        74      1570        11        17
        49       255       128        58      1635        11         9
        50       346       289        58      1705        21        32
        51       196       295        75      1936        15        23
        52       174       282        84      2156        17        31
        53       366       255        86      2354         9        22
        54       376       346       109      2523        32        42
        55       407       196       102      2760        23        18
        56       375       174       130      2854        31        17
        57       236       366       158      2898        22        41
        58       236       376       135      3106        42        39
        59       235       407       151      3347        18        46
        60       491       375       151      3603        17        42
        61       377       236       199      3827        41        28
        62       460       236       139      3864        39        21
        63       455       235       128      3961        46        22
        64       576       491       289      4068        42        53
        65       255       377       295      4270        28        34
        66       228       460       282      4352        21        53
        67       549       455       255      4530        22        42
        68       550       576       346      4730        53        54
        69       602       255       196      4960        34        31
        70       573       228       174      5019        53        30
        71       625       549       366      5073        42        59
        72       376       550       376      5256        54        46
        73       265       602       407      5430        31        66
        74       715       573       375      5625        30        51
        75       678       625       236      5823        59        61
        76       696       376       236      6212        46        43
        77       667       265       235      6352        66        32
        78       641       715       491      6382        51        73
        79       304       678       377      6606        61        64
        80       242       696       460      6907        43        66
        81       667       667       455      7143        32        69
        82       652       641       576      7355        73        64
        83       650       304       255      7420        64        30
        84       600       242       228      7469        66        23
        85       649       667       549      7483        69        62
        86       371       652       550      7601        64        53
        87       287       650       602      7703        30        71
        88       716       600       573      7751        23        57
        89       618       649       625      7778        62        59
        90       623       371       376      7802        53        42
        91       616       287       265      7797        71        30
        92       637       716       715      7819        57        70
        93       342       618       678      7820        59        61
        94       252       623       696      7760        42        67
        95       670       616       667      7687        30        64
        96       678       637       641      7636        70        59
        97       608       342       304      7632        61        39
        98       570       252       242      7670        67        31
        99       621       670       667      7680        64        68
       100       265       678       652      7683        59        56
       101       226       608       650      7709        39        52
       102       578       570       600      7667        31        63
       103       608       621       649      7637        68        69
       104       616       265       371      7609        56        28
       105       575       226       287      7503        52        25
       106       589       578       716      7442        63        66
       107       286       608       618      7304        69        55
       108       187       616       623      7294        28        74
       109       589       575       616      7287        25        60
       110       573       589       637      7246        66        58
       111       515       286       342      7198        55        22
       112       536       187       252      7142        74        16
       113       554       589       670      7077        60        61
       114       268       573       678      6996        58        53
       115       225       515       608      6891        22        46
       116       594       536       570      6798        16        54
       117       608       554       621      6764        61        55
       118       636       268       265      6697        53        30
       119       533       225       226      6700        46        24
       120       596       594       578      6699        54        63
       121       250       608       608      6715        55        59
       122       155       636       616      6715        30        56
       123       637       533       575      6735        24        42
       124       652       596       589      6693        63        57
       125       619       250       286      6700        59        20
       126       469       155       187      6664        56        17
       127       521       637       589      6632        42        66
       128       311       652       573      6680        57        68
       129       174       619       515      6759        20        59
       130       667       469       536      6863        17        53
       131       647       521       554      6796        66        59
       132       741       311       268      6763        68        25
       133       744       174       225      6806        59        13
       134       816       667       594      6755        53        56
       135       370       647       608      6828        59        63
       136       191       741       636      6867        25        82
       137       697       744       533      6972        13        79
       138       772       816       596      7183        56        94
       139       821       370       250      7403        63        26
       140       701       191       155      7523        82        22
       141       716       697       637      7559        79        54
       142       364       772       652      7619        94        79
       143       169       821       619      7739        26        83
       144       689       701       469      7941        22        74
       145       718       716       521      8173        54        66
       146       673       364       311      8368        79        42
       147       674       169       174      8421        83        15
       148       611       689       667      8416        74        69
       149       369       718       647      8438        66        57
       150       183       673       741      8509        42        79
       151       572       674       744      8441        15        58
       152       701       611       816      8371        69        59
       153       663       369       370      8166        57        41
       154       600       183       191      8165        79        13
       155       623       572       697      8157        58        58
       156       280       701       772      8032        59        68
       157       113       663       821      7961        41        63
       158       538       600       701      7803        13        53
       159       700       623       716      7702        58        51
       160       670       280       364      7609        68        21
       161       672       113       169      7525        63        13
       162       715       538       689      7469        53        56
       163       317       700       718      7318        51        65
       164       122       670       673      7300        21        58
       165       682       672       674      7297        13        67
       166       801       715       611      7295        56        67
       167       718       317       369      7399        65        29
       168       658       122       183      7347        58        20
       169       745       682       572      7286        67        63
       170       320       801       701      7396        67        82
       171       180       718       663      7496        29        68
       172       696       658       600      7551        20        75
       173       641       745       623      7609        63        73
       174       955       320       280      7731        82        42
       175       817       180       113      7771        68        24
       176       885       696       538      7838        75        60
       177       515       641       700      7996        73        72
       178       191       955       670      7937        42       102
       179       711       817       672      8222        24        92
       180       985       885       715      8367        60        99
       181       966       515       317      8537        72        50
       182       858       191       122      8735       102        15
       183       837       711       682      8804        92        79
       184       454       985       801      8833        99       108
       185       151       966       718      9017        50       106
       186       675       858       658      9265        15        87
       187       908       837       745      9465        79        98
       188       889       454       320      9557       108        50
       189       779       151       180      9691       106        15
       190       807       675       696      9662        87        76
       191       515       908       641      9641        98        97
       192       161       889       955      9908        50        93
       193       663       779       817      9842        15        82
       194       559       807       885      9804        76        86
       195       152       515       515      9726        97        56
       196       881       161       191      9726        93         9
       197       800       663       711      9696        82        70
       198       439       559       985      9648        86        49
       199       184       152       966      9222        56        12
       200       672       881       858      8408         9        89
       201       850       800       837      8431        70        71
       202       798       439       454      8394        49        40
       203       764       184       151      8379        12        22
       204       787       672       675      8412        89        71
       205       505       850       908      8409        71        98
       206       218       798       889      8351        40        62
       207       795       764       779      8260        22        70
       208       870       787       807      8245        71        76
       209       825       505       515      8225        98        64
       210       815       218       161      8215        62        22
       211       731       795       663      8272        70        87
       212       370       870       559      8404        76       110
       213       173       825       152      8715        64        68
       214       714       815       881      9388        22        89
       215       876       731       800      9322        87        66
       216       835       370       439      9253       110        31
       217       835       173       184      9184        68        15
       218       804       714       672      9173        89        72
       219       359       876       850      9215        66        77
       220       209       835       798      9241        31        73
       221       844       835       764      9278        15        74
       222       928       804       787      9349        72        78
       223       912       359       505      9366        77        35
       224       943       209       218      9220        73        11
       225      1068       844       795      9211        74        81
       226       490       928       870      9260        78        81
       227       212       912       825      9318        35       109
       228      1306       943       815      9405        11       102
       229      1398      1068       731      9533        81        98
       230      1195       490       370      9870        81        45
       231      1222       212       173      9990       109        16
       232      1283      1306       714     10029       102       138
       233       520      1398       876     10621        98       134
       234       244      1195       835     11143        45       114
       235      1333      1222       835     11503        16       128
       236      1294      1283       804     11890       138       119
       237      1417       520       359     12369       134        51
       238      1215       244       209     12530       114        21
       239      1063      1333       844     12565       128       125
       240       479      1294       928     13054       119       123
       241       211      1417       912     13420        51       152
       242       484      1215       943     13925        21       135
       243      1497      1063      1068     14197       125       122
       244      1390       479       490     14192       123        44
       245      1332       211       212     14181       152        19
       246      1165       484      1306     14180       135        46
       247       527      1497      1398     13358       122       169
       248       266      1390      1195     13457        44       164
       249      1676      1332      1222     13652        19       135
       250      1517      1165      1283     13762        46       106
       251      1498       527       520     13644       169        53
       252      1396       266       244     13651       164        23
       253      1462      1676      1333     13673       135       178
       254       647      1517      1294     14016       106       177
       255       294      1498      1417     14239        53       149
       256       312      1396      1215     14320        23       134
       257      1741      1462      1063     14501       178       128
       258      1498       647       479     14900       177        69
       259      1401       294       211     15068       149        40
       260      1517       312       484     15151       134        44
       261       840      1741      1497     14979       128       176
       262       326      1498      1390     15223        69       148
       263      1965      1401      1332     15331        40       144
       264      2074      1517      1165     15400        44       142
       265      1922       840       527     15752       176        92
       266      2023       326       266     16065       148        31
       267      2200      1965      1676     16125       144       192
       268      1215      2074      1517     16414       142       234
       269       436      1922      1498     16971        92       185
       270      2696      2023      1396     17395        31       189
       271      2780      2200      1462     18022       192       218
       272      2952      1215       647     18760       234       119
       273      3016       436       294     19328       185        43
       274      3174      2696       312     19470       189       279
       275      1965      2780      1741     21854       218       297
       276       509      2952      1498     22893       119       315
       277      3702      3016      1401     24347        43       308
       278      3466      3174      1517     25962       279       312
       279      3412      1965       840     27619       297       217
       280      3705       509       326     28744       315        59
       281      3535      3702      1965     28927       308       396
       282      2014      3466      2074     30664       312       400
       283       469      3412      1922     32056       217       346
       284      3658      3705      2023     33546        59       398
       285      3708      3535      2200     35228       396       349
       286      3620      2014      1215     36563       400       226
       287      3480       469       436     37362       346        53
       288      3797      3658      2696     37395       398       331
       289      1986      3708      2780     38357       349       368
       290       568      3620      2952     39285       226       388
       291      3779      3480      3016     39953        53       341
       292      3668      3797      3174     40417       331       398
       293      3513      1986      1965     41040       368       207
       294      3030       568       509     41061       388        60
       295       400      3779      3702     41120       341       348
       296      1302      3668      3466     41197       398       360
       297       711      3513      3412     41399       207       343
       298      4180      3030      3705     41500        60       315
       299      4245       400      3535     40825       348        40
       300      3845      1302      2014     37690       360       136
       301      3415       711       469     36978       343        68
       302       501      4180      3658     37220       315       421
       303      1230      4245      3708     37742        40       419
       304       750      3845      3620     38279       136       410
       305      4590      3415      3480     38504        68       359
       306      4617       501      3797     38439       421        53
       307      4524      1230      1986     35143       419       122
       308      4597       750       568     34387       410        70
       309      4595      4590      3779     34569       359       454
       310      2676      4617      3668     35380        53       484
       311       922      4524      3513     36329       122       499
       312      4950      4597      3030     37340        70       462
       313      4724      4595       400     38907       454       481
       314      4637      2676      1302     43102       484       247
       315      4460       922       711     44476       499       107
       316      4256      4950      4180     44687       462       510
       317      2630      4724      4245     45457       481       458
       318       720      4637      3845     45936       247       468
       319      4439      4460      3415     46728       107       415
       320      4483      4256       501     47773       510       455
       321      3972      2630      1230     51528       458       259
       322      3777       720       750     52928       468        60
       323      3674      4439      4590     52898       415       449
       324      2068      4483      4617     52747       455       469
       325       733      3972      4524     52613       259       417
       326      4007      3777      4597     52061        60       379
       327      3940      3674      4595     51241       449       366
       328      3440      2068      2676     50320       469       221
       329      3103       733       922     49712       417        55
       330      2912      4007      4950     49523       379       374
       331      1572      3940      4724     48580       366       397
       332       551      3440      4637     47796       221       316
       333       748      3103      4460     46599        55       322
       334      3041      2912      4256     45242       374       295
       335      2714      1572      2630     43898       397       158
       336      2530       551       720     42840       316        49
       337      2392       748      4439     42671       322        73
       338      1374      3041      4483     38980       295       304
       339       361      2714      3972     37538       158       278
       340      2684      2530      3777     36280        49       266
       341      2103      2392      3674     35033        73       246
       342      2068      1374      2068     33751       304       139
       343      1805       361       733     33057       278        40
       344      1940      2684      4007     32685       266       262
       345      1191      2103      3940     31362       246       249
       346       322      2068      3440     29525       139       193
       347      1974      1805      3103     28153        40       176
       348      1890      1940      2912     26855       262       201
       349      1670      1191      1572     25883       249       122
       350      1727       322       551     25502       193        35
       351      1673      1974       748     25273       176       194
       352       901      1890      3041     26499       201       168
       353       305      1670      2714     25348       122       167
       354      2151      1727      2530     24304        35       179
       355      1790      1673      2392     23501       194       155
       356      1640       901      1374     22782       168        91
       357      1676       305       361     22309       167        32
       358      1757      2151      2684     22253       179       234
       359      1070      1790      2103     21720       155       189
       360       367      1640      2068     21407        91       161
       361      1998      1676      1805     20979        32       162
       362      1762      1757      1940     20850       234       177
       363      1639      1070      1191     20667       189       109
       364      1590       367       322     20546       161        40
       365      1473      1998      1974     20591       162       197
       366       861      1762      1890     20615       177       181
       367       324      1639      1670     20487       109       172
       368      1713      1590      1727     20456        40       163
       369      1350      1473      1673     20319       197       151
       370      1216       861       901     20119       181        85
       371      1298       324       305     20079       172        29
       372      1308      1713      2151     20098       163       181
       373       701      1350      1790     19660       151       128
       374       283      1216      1640     19220        85       118
       375       344      1298      1676     18796        29       135
       376      1611      1308      1757     18418       181       135
       377      1278       701      1070     17969       128        72
       378      1271       283       367     17600       118        33
       379      1103       344      1998     17516       135        36
       380       679      1611      1762     15862       135       162
       381       250      1278      1639     15711        72       117
       382      1330      1271      1590     15350        33       136
       383      1235      1103      1473     15031        36       107
       384      1035       679       861     14661       162        77
       385      1027       250       324     14479       117        23
       386       853      1330      1713     14405       136       131
       387       586      1235      1350     14022       107       117
       388       215      1035      1216     13907        77       111
       389      1146      1027      1298     13726        23       104
       390      1052       853      1308     13455       131        89
       391       962       586       701     13000       117        55
       392       411       215       283     12885       111        16
       393       277      1146       344     12817       104       121
       394       226      1052      1611     13619        89        91
       395       204       962      1278     13060        55        93
       396      1084       411      1271     12744        16        40
       397       946       277      1103     11884       121        25
       398       969       226       679     11058        91        21
       399       828       204       250     10605        93        15
       400       875      1084      1330     10559        40       109
       401       596       946      1235     10313        25        93
       402       141       969      1035     10024        21       101
       403       998       828      1027      9958        15        82
       404       872       875       853      9759       109        90
       405       785       596       586      9781        93        62
       406       776       141       215      9791       101        12
       407       672       998      1146      9717        82       106
       408       412       872      1052      9569        90        83
       409       136       785       962      9389        62        96
       410       887       776       411      9212        12        77
       411       760       672       277      9577       106        63
       412       723       412       226      9972        83        40
       413       607       136       204     10158        96        17
       414       609       887      1084     10090        77        87
       415       368       760       946      9893        63        86
       416       112       723       969      9707        40        74
       417       640       607       828      9461        17        48
       418       633       609       875      9240        87        62
       419       584       368       596      8974        86        29
       420       550       112       141      8746        74         9
       421       529       640       998      8717        48        67
       422       156       633       872      8359        62        62
       423       126       584       785      8120        29        64
       424       560       550       776      7919         9        56
       425       439       529       672      7693        67        56
       426       439       156       412      7550        62         9
       427       410       126       136      7294        64        12
       428       430       560       887      7284        56        61
       429       262       439       760      6957        56        47
       430        47       439       723      6636         9        48
       431       260       410       607      6352        12        36
       432       432       430       609      6155        61        43
       433       439       262       368      5976        47        24
       434       348        47       112      5870        48         3
       435       442       260       640      5805        36        31
       436       202       432       633      5425        43        45
       437        71       439       584      5224        24        35
       438       441       348       550      5079         3        37
       439       460       442       529      4877        31        40
       440       391       202       156      4790        45        25
       441       383        71       126      4836        35         8
       442       382       441       560      4781        37        47
       443       204       460       439      4662        40        46
       444        97       391       439      4683        25        42
       445       474       383       410      4635         8        32
       446       524       382       430      4608        47        51
       447       456       204       262      4560        46        22
       448       378        97        47      4502        42         7
       449       432       474       260      4552        32        47
       450       196       524       432      4766        51        42
       451        73       456       439      4858        22        43
       452       488       378       348      4875         7        39
       453       528       432       442      4905        47        44
       454       510       196       202      4895        42        27
       455       433        73        71      4889        43         6
       456       438       488       441      4891        39        50
       457       199       528       460      4938        44        45
       458        88       510       391      5006        27        61
       459       603       433       383      5125         6        39
       460       679       438       382      5175        50        50
       461       622       199       204      5231        45        17
       462       596        88        97      5226        61        10
       463       537       603       474      5217        39        61
       464       295       679       524      5346        50        66
       465       119       622       456      5501        17        66
       466       659       596       378      5667        10        53
       467       697       537       432      5885        61        40
       468       753       295       196      5990        66        36
       469       766       119        73      6089        66        13
       470       797       659       488      6135        53        63
       471       439       697       528      6306        40        58
       472       161       753       510      6475        36        70
       473       951       766       433      6718        13        62
       474      1077       797       438      7051        63        66
       475      1091       439       199      7410        58        39
       476      1136       161        88      7650        70        12
       477      1089       951       603      7723        62        79
       478       691      1077       679      8071        66       102
       479       283      1091       622      8469        39       127
       480      1419      1136       596      8938        12       127
       481      1397      1089       537      9478        79       128
       482      1455       691       295     10030       102        81
       483      1541       283       119     10426       127        22
       484      1603      1419       659     10590       127       125
       485       962      1397       697     11350       128       141
       486       387      1455       753     12050        81       143
       487      2204      1541       766     12752        22       168
       488      2324      1603       797     13527       125       145
       489      2572       962       439     14333       141        98
       490      2475       387       161     14856       143        31
       491      2339      2204       951     15082       168       227
       492      1501      2324      1077     16335       145       214
       493       633      2572      1091     17582        98       267
       494      3015      2475      1136     19063        31       272
       495      3262      2339      1089     20402       227       251
       496      3151      1501       691     21652       214       150
       497      2856       633       283     22462       267        53
       498      2951      3015      1419     22812       272       302
       499      1673      3262      1397     24408       251       322
       500       641      3151      1455     26273       150       325
       501      3747      2856      1541     27969        53       294
       502      3635      2951      1603     29284       302       259
       503      3676      1673       962     30632       322       160
       504      3752       641       387     31343       325        62
       505      3312      3747      2204     31597       294       389
       506      2028      3635      2324     33140       259       358
       507       895      3676      2572     34451       160       376
       508      4012      3752      2475     35555        62       389
       509      3767      3312      2339     36832       389       366
       510      3644      2028      1501     37805       358       195
       511      3953       895       633     38332       376        93
       512      3327      4012      3015     38594       389       403
       513      1785      3767      3262     39591       366       361
       514       850      3644      3151     40096       195       352
       515      3696      3953      2856     40589        93       389
       516      3519      3327      2951     41686       403       347
       517      3375      1785      1673     42062       361       195
       518      3372       850       641     42174       352        76
       519      3112      3696      3747     42383       389       369
       520      1879      3519      3635     42332       347       338
       521       840      3375      3676     42216       195       334
       522      3408      3372      3752     41915        76       301
       523      3562      3112      3312     41535       369       300
       524         0      1879      2028     41335       338       193
       525         0       840       895     41186       334        94
       526         0      3408      4012     41131       301       336
       527         0      3562      3767     40527       300       372
       528         0         0      3644     40322       193         0
       529         0         0      3953     36678        94         0
       530         0         0      3327     32725       336         0
       531         0         0      1785     29398       372         0
       532         0         0       850     27613         0         0
       533         0         0      3696     26763         0         0
       534         0         0      3519     23067         0         0
       535         0         0      3375     19548         0         0
       536         0         0      3372     16173         0         0
       537         0         0      3112     12801         0         0
       538         0         0      1879      9689         0         0
       539         0         0       840      7810         0         0
       540         0         0      3408      6970         0         0
