       2    1.0000000000000E+000    1.0000000000000E+000    1.0000000000000E+000
       3    1.0000000000000E+000    1.0000000000000E+000    1.0000000000000E+000
       4    1.0000000000000E+000    1.0000000000000E+000    1.0000000000000E+000
       5    1.0000000000000E+000    1.0000000000000E+000    1.0000000000000E+000
       6    1.0000000000000E+000    1.0000000000000E+000    1.0000000000000E+000
       7    9.9999099959091E-001    1.0000000000000E+000    9.9999099959091E-001
       8    9.9998199918184E-001    1.0000000000000E+000    9.9998199918184E-001
       9    9.9997749897730E-001    1.0000000000000E+000    9.9997749897730E-001
      10    9.9995949815919E-001    1.0000000000000E+000    9.9995949815919E-001
      11    9.9994149734113E-001    1.0000000000000E+000    9.9994149734113E-001
      12    9.9993249693213E-001    1.0000000000000E+000    9.9993249693213E-001
      13    9.9992799672764E-001    1.0000000000000E+000    9.9992799672764E-001
      14    9.9991449611418E-001    1.0000000000000E+000    9.9991449611418E-001
      15    9.9989199509187E-001    1.0000000000000E+000    9.9989199509187E-001
      16    9.9987399427414E-001    1.0000000000000E+000    9.9987399427414E-001
      17    9.9983349243466E-001    1.0000000000000E+000    9.9983349243466E-001
      18    9.9980649120873E-001    1.0000000000000E+000    9.9980649120873E-001
      19    9.9978849039164E-001    1.0000000000000E+000    9.9978849039164E-001
      20    9.9973898814554E-001    1.0000000000000E+000    9.9973898814554E-001
      21    9.9968048549305E-001    1.0000000000000E+000    9.9968048549305E-001
      22    9.9963548345439E-001    1.0000000000000E+000    9.9963548345439E-001
      23    9.9956798039963E-001    1.0000000000000E+000    9.9956798039963E-001
      24    9.9949147694296E-001    1.0000000000000E+000    9.9949147694296E-001
      25    9.9941047329018E-001    1.0000000000000E+000    9.9941047329018E-001
      26    9.9932046924154E-001    1.0000000000000E+000    9.9932046924154E-001
      27    9.9923046520489E-001    1.0000000000000E+000    9.9923046520489E-001
      28    9.9911796017817E-001    1.0000000000000E+000    9.9911796017817E-001
      29    9.9897395377931E-001    1.0000000000000E+000    9.9897395377931E-001
      30    9.9880294624002E-001    1.0000000000000E+000    9.9880294624002E-001
      31    9.9863643897026E-001    1.0000000000000E+000    9.9863643897026E-001
      32    9.9841592946695E-001    1.0000000000000E+000    9.9841592946695E-001
      33    9.9819992031414E-001    1.0000000000000E+000    9.9819992031414E-001
      34    9.9796141041282E-001    1.0000000000000E+000    9.9796141041282E-001
      35    9.9765089788898E-001    1.0000000000000E+000    9.9765089788898E-001
      36    9.9724588227068E-001    1.0000000000000E+000    9.9724588227068E-001
      37    9.9688586917007E-001    1.0000000000000E+000    9.9688586917007E-001
      38    9.9650785631529E-001    1.0000000000000E+000    9.9650785631529E-001
      39    9.9604434197184E-001    1.0000000000000E+000    9.9604434197184E-001
      40    9.9546382650558E-001    1.0000000000000E+000    9.9546382650558E-001
      41    9.9477531227775E-001    1.0000000000000E+000    9.9477531227775E-001
      42    9.9400580243906E-001    1.0000000000000E+000    9.9400580243906E-001
      43    9.9312380019280E-001    1.0000000000000E+000    9.9312380019280E-001
      44    9.9211581116005E-001    1.0000000000000E+000    9.9211581116005E-001
      45    9.9102684154532E-001    1.0000000000000E+000    9.9102684154532E-001
      46    9.8973990579533E-001    1.0000000000000E+000    9.8973990579533E-001
      47    9.8833151618219E-001    1.0000000000000E+000    9.8833151618219E-001
      48    9.8668470580414E-001    1.0000000000000E+000    9.8668470580414E-001
      49    9.8487150048136E-001    1.0000000000000E+000    9.8487150048136E-001
      50    9.8279296428508E-001    1.0000000000000E+000    9.8279296428508E-001
      51    9.8026023692080E-001    1.0000000000000E+000    9.8026023692080E-001
      52    9.7766929573605E-001    1.0000000000000E+000    9.7766929573605E-001
      53    9.7448951816768E-001    1.0000000000000E+000    9.7448951816768E-001
      54    9.7096854408877E-001    1.0000000000000E+000    9.7096854408877E-001
      55    9.6712464600831E-001    1.0000000000000E+000    9.6712464600831E-001
      56    9.6260316475187E-001    1.0000000000000E+000    9.6260316475187E-001
      57    9.5764302757173E-001    1.0000000000000E+000    9.5764302757173E-001
      58    9.5165688490822E-001    1.0000000000000E+000    9.5165688490822E-001
      59    9.4484429812904E-001    1.0000000000000E+000    9.4484429812904E-001
      60    9.3696569454441E-001    1.0000000000000E+000    9.3696569454441E-001
      61    9.2859816527377E-001    1.0000000000000E+000    9.2859816527377E-001
      62    9.1892656255451E-001    1.0000000000000E+000    9.1892656255451E-001
      63    9.0817735232939E-001    1.0000000000000E+000    9.0817735232939E-001
      64    8.9625254158988E-001    1.0000000000000E+000    8.9625254158988E-001
      65    8.8201066397567E-001    1.0000000000000E+000    8.8201066397567E-001
      66    8.6632012089571E-001    1.0000000000000E+000    8.6632012089571E-001
      67    8.4905774554100E-001    1.0000000000000E+000    8.4905774554100E-001
      68    8.2943813325923E-001    1.0000000000000E+000    8.2943813325923E-001
      69    8.0742571394572E-001    1.0000000000000E+000    8.0742571394572E-001
      70    7.8356881376455E-001    1.0000000000000E+000    7.8356881376455E-001
      71    7.5727263897620E-001    1.0000000000000E+000    7.5727263897620E-001
      72    7.2884489120041E-001    1.0000000000000E+000    7.2884489120041E-001
      73    6.9736763211508E-001    1.0000000000000E+000    6.9736763211508E-001
      74    6.6368586395129E-001    1.0000000000000E+000    6.6368586395129E-001
      75    6.2810660151000E-001    1.0000000000000E+000    6.2810660151000E-001
      76    5.9081311993142E-001    1.0000000000000E+000    5.9081311993142E-001
      77    5.5211653885071E-001    1.0000000000000E+000    5.5211653885071E-001
      78    5.1279977716798E-001    1.0000000000000E+000    5.1279977716798E-001
      79    4.7272416118673E-001    1.0000000000000E+000    4.7272416118673E-001
      80    4.3351187293121E-001    1.0000000000000E+000    4.3351187293121E-001
      81    3.9471991143754E-001    1.0000000000000E+000    3.9471991143754E-001
      82    3.5719904335600E-001    1.0000000000000E+000    3.5719904335600E-001
      83    3.2236204878494E-001    1.0000000000000E+000    3.2236204878494E-001
      84    2.8987360445086E-001    1.0000000000000E+000    2.8987360445086E-001
      85    2.6004658477273E-001    1.0000000000000E+000    2.6004658477273E-001
      86    2.3402869417802E-001    1.0000000000000E+000    2.3402869417802E-001
      87    2.1060919980823E-001    1.0000000000000E+000    2.1060919980823E-001
      88    1.9033478436051E-001    1.0000000000000E+000    1.9033478436051E-001
      89    1.7285938580382E-001    1.0000000000000E+000    1.7285938580382E-001
      90    1.5772144061882E-001    1.0000000000000E+000    1.5772144061882E-001
      91    1.4470518345356E-001    1.0000000000000E+000    1.4470518345356E-001
      92    1.3357277818515E-001    1.0000000000000E+000    1.3357277818515E-001
      93    1.2394945494347E-001    1.0000000000000E+000    1.2394945494347E-001
      94    1.1569882001709E-001    1.0000000000000E+000    1.1569882001709E-001
      95    1.0848276937546E-001    1.0000000000000E+000    1.0848276937546E-001
      96    1.0223280673284E-001    1.0000000000000E+000    1.0223280673284E-001
      97    9.6881612187218E-002    1.0000000000000E+000    9.6881612187218E-002
      98    9.2320198857707E-002    1.0000000000000E+000    9.2320198857707E-002
      99    8.8344009365189E-002    1.0000000000000E+000    8.8344009365189E-002
     100    8.4877167665773E-002    1.0000000000000E+000    8.4877167665773E-002
     101    8.1831220046349E-002    1.0000000000000E+000    8.1831220046349E-002
     102    7.9219179365003E-002    1.0000000000000E+000    7.9219179365003E-002
     103    7.7007688188899E-002    1.0000000000000E+000    7.7007688188899E-002
     104    7.4982050828933E-002    1.0000000000000E+000    7.4982050828933E-002
     105    7.3198362944639E-002    1.0000000000000E+000    7.3198362944639E-002
     106    7.1653467072391E-002    1.0000000000000E+000    7.1653467072391E-002
     107    7.0300153104942E-002    1.0000000000000E+000    7.0300153104942E-002
     108    6.9122497510160E-002    1.0000000000000E+000    6.9122497510160E-002
     109    6.8083380959618E-002    1.0000000000000E+000    6.8083380959618E-002
     110    6.7145674716586E-002    1.0000000000000E+000    6.7145674716586E-002
     111    6.6346450227178E-002    1.0000000000000E+000    6.6346450227178E-002
     112    6.5619967624561E-002    1.0000000000000E+000    6.5619967624561E-002
     113    6.4956475580587E-002    1.0000000000000E+000    6.4956475580587E-002
     114    6.4389565112151E-002    1.0000000000000E+000    6.4389565112151E-002
     115    6.3866912293925E-002    1.0000000000000E+000    6.3866912293925E-002
     116    6.3441718072849E-002    1.0000000000000E+000    6.3441718072849E-002
     117    6.3034800714049E-002    1.0000000000000E+000    6.3034800714049E-002
     118    6.2674694836283E-002    1.0000000000000E+000    6.2674694836283E-002
     119    6.2350780420620E-002    1.0000000000000E+000    6.2350780420620E-002
     120    6.2062435611028E-002    1.0000000000000E+000    6.2062435611028E-002
     121    6.1818282753734E-002    1.0000000000000E+000    6.1818282753734E-002
     122    6.1604935033011E-002    1.0000000000000E+000    6.1604935033011E-002
     123    6.1401089491072E-002    1.0000000000000E+000    6.1401089491072E-002
     124    6.1229775510538E-002    1.0000000000000E+000    6.1229775510538E-002
     125    6.1078465745351E-002    1.0000000000000E+000    6.1078465745351E-002
     126    6.0952857123043E-002    1.0000000000000E+000    6.0952857123043E-002
     127    6.0835653616501E-002    1.0000000000000E+000    6.0835653616501E-002
     128    6.0725452087976E-002    1.0000000000000E+000    6.0725452087976E-002
     129    6.0630281784744E-002    1.0000000000000E+000    6.0630281784744E-002
     130    6.0545135404033E-002    1.0000000000000E+000    6.0545135404033E-002
     131    6.0461022555902E-002    1.0000000000000E+000    6.0461022555902E-002
     132    6.0394009023844E-002    1.0000000000000E+000    6.0394009023844E-002
     133    6.0336892685652E-002    1.0000000000000E+000    6.0336892685652E-002
     134    6.0280284880754E-002    1.0000000000000E+000    6.0280284880754E-002
     135    6.0231304610042E-002    1.0000000000000E+000    6.0231304610042E-002
     136    6.0185928067975E-002    1.0000000000000E+000    6.0185928067975E-002
     137    6.0153032823668E-002    1.0000000000000E+000    6.0153032823668E-002
     138    6.0121046798171E-002    1.0000000000000E+000    6.0121046798171E-002
     139    6.0089524481268E-002    1.0000000000000E+000    6.0089524481268E-002
     140    6.0071773934523E-002    1.0000000000000E+000    6.0071773934523E-002
     141    6.0043829247510E-002    1.0000000000000E+000    6.0043829247510E-002
     142    6.0025651183463E-002    1.0000000000000E+000    6.0025651183463E-002
     143    6.0007922685413E-002    1.0000000000000E+000    6.0007922685413E-002
     144    5.9988871375711E-002    1.0000000000000E+000    5.9988871375711E-002
     145    5.9974698245421E-002    1.0000000000000E+000    5.9974698245421E-002
     146    5.9961857227289E-002    1.0000000000000E+000    5.9961857227289E-002
     147    5.9947248943880E-002    1.0000000000000E+000    5.9947248943880E-002
     148    5.9936627351223E-002    1.0000000000000E+000    5.9936627351223E-002
     149    5.9926450389644E-002    1.0000000000000E+000    5.9926450389644E-002
     150    5.9919814329308E-002    1.0000000000000E+000    5.9919814329308E-002
     151    5.9913621448217E-002    1.0000000000000E+000    5.9913621448217E-002
     152    5.9906102527313E-002    1.0000000000000E+000    5.9906102527313E-002
     153    5.9901237931158E-002    1.0000000000000E+000    5.9901237931158E-002
     154    5.9896815971856E-002    1.0000000000000E+000    5.9896815971856E-002
     155    5.9893720827470E-002    1.0000000000000E+000    5.9893720827470E-002
     156    5.9890625870116E-002    1.0000000000000E+000    5.9890625870116E-002
     157    5.9884878588344E-002    1.0000000000000E+000    5.9884878588344E-002
     158    5.9880458041250E-002    1.0000000000000E+000    5.9880458041250E-002
     159    5.9877363885341E-002    1.0000000000000E+000    5.9877363885341E-002
     160    5.9874711900522E-002    1.0000000000000E+000    5.9874711900522E-002
     161    5.9873827936108E-002    1.0000000000000E+000    5.9873827936108E-002
     162    5.9872943986956E-002    1.0000000000000E+000    5.9872943986956E-002
     163    5.9871176134438E-002    1.0000000000000E+000    5.9871176134438E-002
     164    5.9869850285111E-002    1.0000000000000E+000    5.9869850285111E-002
     165    5.9868524470123E-002    1.0000000000000E+000    5.9868524470123E-002
     166    5.9866756770217E-002    1.0000000000000E+000    5.9866756770217E-002
     167    5.9865872943154E-002    1.0000000000000E+000    5.9865872943154E-002
     168    5.9864105334810E-002    1.0000000000000E+000    5.9864105334810E-002
     169    5.9863663442261E-002    1.0000000000000E+000    5.9863663442261E-002
     170    5.9862337787503E-002    1.0000000000000E+000    5.9862337787503E-002
     171    5.9861895910214E-002    1.0000000000000E+000    5.9861895910214E-002
     172    5.9861895910214E-002    1.0000000000000E+000    5.9861895910214E-002
     173    5.9861012167079E-002    1.0000000000000E+000    5.9861012167079E-002
     174    5.9859244726585E-002    1.0000000000000E+000    5.9859244726585E-002
     175    5.9858361029225E-002    1.0000000000000E+000    5.9858361029225E-002
     176    5.9857919186267E-002    1.0000000000000E+000    5.9857919186267E-002
     177    5.9857919186267E-002    1.0000000000000E+000    5.9857919186267E-002
     178    5.9857919186267E-002    1.0000000000000E+000    5.9857919186267E-002
     179    5.9857477347123E-002    1.0000000000000E+000    5.9857477347123E-002
     180    5.9857477347123E-002    1.0000000000000E+000    5.9857477347123E-002
     181    5.9857477347123E-002    1.0000000000000E+000    5.9857477347123E-002
     182    5.9857477347123E-002    1.0000000000000E+000    5.9857477347123E-002
     183    5.9857477347123E-002    1.0000000000000E+000    5.9857477347123E-002
     184    5.9857477347123E-002    1.0000000000000E+000    5.9857477347123E-002
     185    5.9857477347123E-002    1.0000000000000E+000    5.9857477347123E-002
     186    5.9857477347123E-002    1.0000000000000E+000    5.9857477347123E-002
     187    5.9857035511794E-002    1.0000000000000E+000    5.9857035511794E-002
     188    5.9856151852579E-002    1.0000000000000E+000    5.9856151852579E-002
     189    5.9856151852579E-002    1.0000000000000E+000    5.9856151852579E-002
     190    5.9855710028693E-002    1.0000000000000E+000    5.9855710028693E-002
     191    5.9855268208621E-002    1.0000000000000E+000    5.9855268208621E-002
     192    5.9855268208621E-002    1.0000000000000E+000    5.9855268208621E-002
     193    5.9855268208621E-002    1.0000000000000E+000    5.9855268208621E-002
     194    5.9854826392363E-002    1.0000000000000E+000    5.9854826392363E-002
     195    5.9854826392363E-002    1.0000000000000E+000    5.9854826392363E-002
     196    5.9854826392363E-002    1.0000000000000E+000    5.9854826392363E-002
     197    5.9854826392363E-002    1.0000000000000E+000    5.9854826392363E-002
     198    5.9854826392363E-002    1.0000000000000E+000    5.9854826392363E-002
     199    5.9854826392363E-002    1.0000000000000E+000    5.9854826392363E-002
     200    5.9854826392363E-002    1.0000000000000E+000    5.9854826392363E-002
     201    5.9854826392363E-002    1.0000000000000E+000    5.9854826392363E-002
     202    5.9854826392363E-002    1.0000000000000E+000    5.9854826392363E-002
     203    5.9854826392363E-002    1.0000000000000E+000    5.9854826392363E-002
     204    5.9854826392363E-002    1.0000000000000E+000    5.9854826392363E-002
     205    5.9854826392363E-002    1.0000000000000E+000    5.9854826392363E-002
     206    5.9854826392363E-002    1.0000000000000E+000    5.9854826392363E-002
     207    5.9854826392363E-002    1.0000000000000E+000    5.9854826392363E-002
     208    5.9854826392363E-002    1.0000000000000E+000    5.9854826392363E-002
     209    5.9854826392363E-002    1.0000000000000E+000    5.9854826392363E-002
     210    5.9854826392363E-002    1.0000000000000E+000    5.9854826392363E-002
     211    5.9854826392363E-002    1.0000000000000E+000    5.9854826392363E-002
     212    5.9854826392363E-002    1.0000000000000E+000    5.9854826392363E-002
     213    5.9854826392363E-002    1.0000000000000E+000    5.9854826392363E-002
     214    5.9854826392363E-002    1.0000000000000E+000    5.9854826392363E-002
     215    5.9854826392363E-002    1.0000000000000E+000    5.9854826392363E-002
     216    5.9854826392363E-002    1.0000000000000E+000    5.9854826392363E-002
     217    5.9854826392363E-002    1.0000000000000E+000    5.9854826392363E-002
     218    5.9854826392363E-002    1.0000000000000E+000    5.9854826392363E-002
     219    5.9854826392363E-002    1.0000000000000E+000    5.9854826392363E-002
     220    5.9854826392363E-002    1.0000000000000E+000    5.9854826392363E-002
     221    5.9854826392363E-002    1.0000000000000E+000    5.9854826392363E-002
     222    5.9854826392363E-002    1.0000000000000E+000    5.9854826392363E-002
     223    5.9854826392363E-002    1.0000000000000E+000    5.9854826392363E-002
     224    5.9854826392363E-002    1.0000000000000E+000    5.9854826392363E-002
     225    5.9854826392363E-002    1.0000000000000E+000    5.9854826392363E-002
     226    5.9854826392363E-002    1.0000000000000E+000    5.9854826392363E-002
     227    5.9854826392363E-002    1.0000000000000E+000    5.9854826392363E-002
     228    5.9854826392363E-002    1.0000000000000E+000    5.9854826392363E-002
     229    5.9854826392363E-002    1.0000000000000E+000    5.9854826392363E-002
     230    5.9854826392363E-002    1.0000000000000E+000    5.9854826392363E-002
     231    5.9854826392363E-002    1.0000000000000E+000    5.9854826392363E-002
     232    5.9854826392363E-002    1.0000000000000E+000    5.9854826392363E-002
     233    5.9854826392363E-002    1.0000000000000E+000    5.9854826392363E-002
     234    5.9854826392363E-002    1.0000000000000E+000    5.9854826392363E-002
     235    5.9854826392363E-002    1.0000000000000E+000    5.9854826392363E-002
     236    5.9854826392363E-002    1.0000000000000E+000    5.9854826392363E-002
     237    5.9854826392363E-002    1.0000000000000E+000    5.9854826392363E-002
     238    5.9854826392363E-002    1.0000000000000E+000    5.9854826392363E-002
     239    5.9854826392363E-002    1.0000000000000E+000    5.9854826392363E-002
     240    5.9854826392363E-002    1.0000000000000E+000    5.9854826392363E-002
     241    5.9854826392363E-002    1.0000000000000E+000    5.9854826392363E-002
     242    5.9854826392363E-002    1.0000000000000E+000    5.9854826392363E-002
     243    5.9854826392363E-002    1.0000000000000E+000    5.9854826392363E-002
     244    5.9854826392363E-002    1.0000000000000E+000    5.9854826392363E-002
     245    5.9854826392363E-002    1.0000000000000E+000    5.9854826392363E-002
     246    5.9854826392363E-002    1.0000000000000E+000    5.9854826392363E-002
     247    5.9854826392363E-002    1.0000000000000E+000    5.9854826392363E-002
     248    5.9854826392363E-002    1.0000000000000E+000    5.9854826392363E-002
     249    5.9854826392363E-002    1.0000000000000E+000    5.9854826392363E-002
     250    5.9854826392363E-002    1.0000000000000E+000    5.9854826392363E-002
     251    5.9854826392363E-002    1.0000000000000E+000    5.9854826392363E-002
     252    5.9854826392363E-002    1.0000000000000E+000    5.9854826392363E-002
     253    5.9854826392363E-002    1.0000000000000E+000    5.9854826392363E-002
     254    5.9854826392363E-002    1.0000000000000E+000    5.9854826392363E-002
     255    5.9854826392363E-002    1.0000000000000E+000    5.9854826392363E-002
     256    5.9854826392363E-002    1.0000000000000E+000    5.9854826392363E-002
     257    5.9854826392363E-002    1.0000000000000E+000    5.9854826392363E-002
     258    5.9854826392363E-002    1.0000000000000E+000    5.9854826392363E-002
     259    5.9854826392363E-002    1.0000000000000E+000    5.9854826392363E-002
     260    5.9854826392363E-002    1.0000000000000E+000    5.9854826392363E-002
     261    5.9854826392363E-002    1.0000000000000E+000    5.9854826392363E-002
     262    5.9854826392363E-002    1.0000000000000E+000    5.9854826392363E-002
     263    5.9854826392363E-002    1.0000000000000E+000    5.9854826392363E-002
     264    5.9854826392363E-002    1.0000000000000E+000    5.9854826392363E-002
     265    5.9854826392363E-002    1.0000000000000E+000    5.9854826392363E-002
     266    5.9854826392363E-002    1.0000000000000E+000    5.9854826392363E-002
     267    5.9854826392363E-002    1.0000000000000E+000    5.9854826392363E-002
     268    5.9854826392363E-002    1.0000000000000E+000    5.9854826392363E-002
     269    5.9854826392363E-002    1.0000000000000E+000    5.9854826392363E-002
     270    5.9854826392363E-002    1.0000000000000E+000    5.9854826392363E-002
     271    5.9854826392363E-002    1.0000000000000E+000    5.9854826392363E-002
     272    5.9854826392363E-002    1.0000000000000E+000    5.9854826392363E-002
     273    5.9854826392363E-002    1.0000000000000E+000    5.9854826392363E-002
     274    5.9854826392363E-002    1.0000000000000E+000    5.9854826392363E-002
     275    5.9854826392363E-002    1.0000000000000E+000    5.9854826392363E-002
     276    5.9854826392363E-002    1.0000000000000E+000    5.9854826392363E-002
     277    5.9854826392363E-002    1.0000000000000E+000    5.9854826392363E-002
     278    5.9854826392363E-002    1.0000000000000E+000    5.9854826392363E-002
     279    5.9854826392363E-002    1.0000000000000E+000    5.9854826392363E-002
     280    5.9854826392363E-002    1.0000000000000E+000    5.9854826392363E-002
     281    5.9854826392363E-002    1.0000000000000E+000    5.9854826392363E-002
     282    5.9854826392363E-002    1.0000000000000E+000    5.9854826392363E-002
     283    5.9854826392363E-002    1.0000000000000E+000    5.9854826392363E-002
     284    5.9854826392363E-002    1.0000000000000E+000    5.9854826392363E-002
     285    5.9854826392363E-002    1.0000000000000E+000    5.9854826392363E-002
     286    5.9854826392363E-002    1.0000000000000E+000    5.9854826392363E-002
     287    5.9854826392363E-002    1.0000000000000E+000    5.9854826392363E-002
     288    5.9854826392363E-002    1.0000000000000E+000    5.9854826392363E-002
     289    5.9854826392363E-002    1.0000000000000E+000    5.9854826392363E-002
     290    5.9854826392363E-002    1.0000000000000E+000    5.9854826392363E-002
     291    5.9854826392363E-002    1.0000000000000E+000    5.9854826392363E-002
     292    5.9854826392363E-002    1.0000000000000E+000    5.9854826392363E-002
     293    5.9854826392363E-002    1.0000000000000E+000    5.9854826392363E-002
     294    5.9854826392363E-002    1.0000000000000E+000    5.9854826392363E-002
     295    5.9854826392363E-002    1.0000000000000E+000    5.9854826392363E-002
     296    5.9854826392363E-002    1.0000000000000E+000    5.9854826392363E-002
     297    5.9854826392363E-002    1.0000000000000E+000    5.9854826392363E-002
     298    5.9854826392363E-002    1.0000000000000E+000    5.9854826392363E-002
     299    5.9854826392363E-002    1.0000000000000E+000    5.9854826392363E-002
     300    5.9854826392363E-002    1.0000000000000E+000    5.9854826392363E-002
     301    5.9854826392363E-002    1.0000000000000E+000    5.9854826392363E-002
     302    5.9854826392363E-002    1.0000000000000E+000    5.9854826392363E-002
     303    5.9854826392363E-002    1.0000000000000E+000    5.9854826392363E-002
     304    5.9854826392363E-002    1.0000000000000E+000    5.9854826392363E-002
     305    5.9854826392363E-002    1.0000000000000E+000    5.9854826392363E-002
     306    5.9854826392363E-002    1.0000000000000E+000    5.9854826392363E-002
     307    5.9854826392363E-002    1.0000000000000E+000    5.9854826392363E-002
     308    5.9854826392363E-002    1.0000000000000E+000    5.9854826392363E-002
     309    5.9854826392363E-002    1.0000000000000E+000    5.9854826392363E-002
     310    5.9854826392363E-002    1.0000000000000E+000    5.9854826392363E-002
     311    5.9854826392363E-002    1.0000000000000E+000    5.9854826392363E-002
     312    5.9854826392363E-002    1.0000000000000E+000    5.9854826392363E-002
     313    5.9854826392363E-002    1.0000000000000E+000    5.9854826392363E-002
     314    5.9854826392363E-002    1.0000000000000E+000    5.9854826392363E-002
     315    5.9854826392363E-002    1.0000000000000E+000    5.9854826392363E-002
     316    5.9854826392363E-002    1.0000000000000E+000    5.9854826392363E-002
     317    5.9854826392363E-002    1.0000000000000E+000    5.9854826392363E-002
     318    5.9854826392363E-002    1.0000000000000E+000    5.9854826392363E-002
     319    5.9854826392363E-002    1.0000000000000E+000    5.9854826392363E-002
     320    5.9854826392363E-002    1.0000000000000E+000    5.9854826392363E-002
     321    5.9854826392363E-002    1.0000000000000E+000    5.9854826392363E-002
     322    5.9854826392363E-002    1.0000000000000E+000    5.9854826392363E-002
     323    5.9854826392363E-002    1.0000000000000E+000    5.9854826392363E-002
     324    5.9854826392363E-002    1.0000000000000E+000    5.9854826392363E-002
     325    5.9854826392363E-002    1.0000000000000E+000    5.9854826392363E-002
     326    5.9854826392363E-002    1.0000000000000E+000    5.9854826392363E-002
     327    5.9854826392363E-002    1.0000000000000E+000    5.9854826392363E-002
     328    5.9854826392363E-002    1.0000000000000E+000    5.9854826392363E-002
     329    5.9854826392363E-002    1.0000000000000E+000    5.9854826392363E-002
     330    5.9854826392363E-002    1.0000000000000E+000    5.9854826392363E-002
     331    5.9854826392363E-002    1.0000000000000E+000    5.9854826392363E-002
     332    5.9854826392363E-002    1.0000000000000E+000    5.9854826392363E-002
     333    5.9854826392363E-002    1.0000000000000E+000    5.9854826392363E-002
     334    5.9854826392363E-002    1.0000000000000E+000    5.9854826392363E-002
     335    5.9854826392363E-002    1.0000000000000E+000    5.9854826392363E-002
     336    5.9854826392363E-002    1.0000000000000E+000    5.9854826392363E-002
     337    5.9854826392363E-002    1.0000000000000E+000    5.9854826392363E-002
     338    5.9854826392363E-002    1.0000000000000E+000    5.9854826392363E-002
     339    5.9854826392363E-002    1.0000000000000E+000    5.9854826392363E-002
     340    5.9854826392363E-002    1.0000000000000E+000    5.9854826392363E-002
     341    5.9854826392363E-002    1.0000000000000E+000    5.9854826392363E-002
     342    5.9854826392363E-002    1.0000000000000E+000    5.9854826392363E-002
     343    5.9854826392363E-002    1.0000000000000E+000    5.9854826392363E-002
     344    5.9854826392363E-002    1.0000000000000E+000    5.9854826392363E-002
     345    5.9854826392363E-002    1.0000000000000E+000    5.9854826392363E-002
     346    5.9854826392363E-002    1.0000000000000E+000    5.9854826392363E-002
     347    5.9854826392363E-002    1.0000000000000E+000    5.9854826392363E-002
     348    5.9854826392363E-002    1.0000000000000E+000    5.9854826392363E-002
     349    5.9854826392363E-002    1.0000000000000E+000    5.9854826392363E-002
     350    5.9854826392363E-002    1.0000000000000E+000    5.9854826392363E-002
     351    5.9854826392363E-002    1.0000000000000E+000    5.9854826392363E-002
     352    5.9854826392363E-002    1.0000000000000E+000    5.9854826392363E-002
     353    5.9854826392363E-002    1.0000000000000E+000    5.9854826392363E-002
     354    5.9854826392363E-002    1.0000000000000E+000    5.9854826392363E-002
     355    5.9854826392363E-002    1.0000000000000E+000    5.9854826392363E-002
     356    5.9854826392363E-002    1.0000000000000E+000    5.9854826392363E-002
     357    5.9854826392363E-002    1.0000000000000E+000    5.9854826392363E-002
     358    5.9854826392363E-002    1.0000000000000E+000    5.9854826392363E-002
     359    5.9854826392363E-002    1.0000000000000E+000    5.9854826392363E-002
     360    5.9854826392363E-002    1.0000000000000E+000    5.9854826392363E-002
     361    5.9854826392363E-002    1.0000000000000E+000    5.9854826392363E-002
     362    5.9854826392363E-002    1.0000000000000E+000    5.9854826392363E-002
     363    5.9854826392363E-002    1.0000000000000E+000    5.9854826392363E-002
     364    5.9854826392363E-002    1.0000000000000E+000    5.9854826392363E-002
     365    5.9854826392363E-002    1.0000000000000E+000    5.9854826392363E-002
     366    5.9854826392363E-002    1.0000000000000E+000    5.9854826392363E-002
     367    5.9854826392363E-002    1.0000000000000E+000    5.9854826392363E-002
     368    5.9854826392363E-002    1.0000000000000E+000    5.9854826392363E-002
     369    5.9854826392363E-002    1.0000000000000E+000    5.9854826392363E-002
     370    5.9854826392363E-002    1.0000000000000E+000    5.9854826392363E-002
     371    5.9854826392363E-002    1.0000000000000E+000    5.9854826392363E-002
     372    5.9854826392363E-002    1.0000000000000E+000    5.9854826392363E-002
     373    5.9854826392363E-002    1.0000000000000E+000    5.9854826392363E-002
     374    5.9854826392363E-002    1.0000000000000E+000    5.9854826392363E-002
     375    5.9854826392363E-002    1.0000000000000E+000    5.9854826392363E-002
     376    5.9854826392363E-002    1.0000000000000E+000    5.9854826392363E-002
     377    5.9854826392363E-002    1.0000000000000E+000    5.9854826392363E-002
     378    5.9854826392363E-002    1.0000000000000E+000    5.9854826392363E-002
     379    5.9854826392363E-002    1.0000000000000E+000    5.9854826392363E-002
     380    5.9854826392363E-002    1.0000000000000E+000    5.9854826392363E-002
     381    5.9854826392363E-002    1.0000000000000E+000    5.9854826392363E-002
     382    5.9854826392363E-002    1.0000000000000E+000    5.9854826392363E-002
     383    5.9854826392363E-002    1.0000000000000E+000    5.9854826392363E-002
     384    5.9854826392363E-002    1.0000000000000E+000    5.9854826392363E-002
     385    5.9854826392363E-002    1.0000000000000E+000    5.9854826392363E-002
     386    5.9854826392363E-002    1.0000000000000E+000    5.9854826392363E-002
     387    5.9854826392363E-002    1.0000000000000E+000    5.9854826392363E-002
     388    5.9854826392363E-002    1.0000000000000E+000    5.9854826392363E-002
     389    5.9854826392363E-002    1.0000000000000E+000    5.9854826392363E-002
     390    5.9854826392363E-002    1.0000000000000E+000    5.9854826392363E-002
     391    5.9854826392363E-002    1.0000000000000E+000    5.9854826392363E-002
     392    5.9854826392363E-002    1.0000000000000E+000    5.9854826392363E-002
     393    5.9854826392363E-002    1.0000000000000E+000    5.9854826392363E-002
     394    5.9854826392363E-002    1.0000000000000E+000    5.9854826392363E-002
     395    5.9854826392363E-002    1.0000000000000E+000    5.9854826392363E-002
     396    5.9854826392363E-002    1.0000000000000E+000    5.9854826392363E-002
     397    5.9854826392363E-002    1.0000000000000E+000    5.9854826392363E-002
     398    5.9854826392363E-002    1.0000000000000E+000    5.9854826392363E-002
     399    5.9854826392363E-002    1.0000000000000E+000    5.9854826392363E-002
     400    5.9854826392363E-002    1.0000000000000E+000    5.9854826392363E-002
     401    5.9854826392363E-002    1.0000000000000E+000    5.9854826392363E-002
     402    5.9854826392363E-002    1.0000000000000E+000    5.9854826392363E-002
     403    5.9854826392363E-002    1.0000000000000E+000    5.9854826392363E-002
     404    5.9854826392363E-002    1.0000000000000E+000    5.9854826392363E-002
     405    5.9854826392363E-002    1.0000000000000E+000    5.9854826392363E-002
     406    5.9854826392363E-002    1.0000000000000E+000    5.9854826392363E-002
     407    5.9854826392363E-002    1.0000000000000E+000    5.9854826392363E-002
     408    5.9854826392363E-002    1.0000000000000E+000    5.9854826392363E-002
     409    5.9854826392363E-002    1.0000000000000E+000    5.9854826392363E-002
     410    5.9854826392363E-002    1.0000000000000E+000    5.9854826392363E-002
     411    5.9854826392363E-002    1.0000000000000E+000    5.9854826392363E-002
     412    5.9854826392363E-002    1.0000000000000E+000    5.9854826392363E-002
     413    5.9854826392363E-002    1.0000000000000E+000    5.9854826392363E-002
     414    5.9854826392363E-002    1.0000000000000E+000    5.9854826392363E-002
     415    5.9854826392363E-002    1.0000000000000E+000    5.9854826392363E-002
     416    5.9854826392363E-002    1.0000000000000E+000    5.9854826392363E-002
     417    5.9854826392363E-002    1.0000000000000E+000    5.9854826392363E-002
     418    5.9854826392363E-002    1.0000000000000E+000    5.9854826392363E-002
     419    5.9854826392363E-002    1.0000000000000E+000    5.9854826392363E-002
     420    5.9854826392363E-002    1.0000000000000E+000    5.9854826392363E-002
     421    5.9854826392363E-002    1.0000000000000E+000    5.9854826392363E-002
     422    5.9854826392363E-002    1.0000000000000E+000    5.9854826392363E-002
     423    5.9854826392363E-002    1.0000000000000E+000    5.9854826392363E-002
     424    5.9854826392363E-002    1.0000000000000E+000    5.9854826392363E-002
     425    5.9854826392363E-002    1.0000000000000E+000    5.9854826392363E-002
     426    5.9854826392363E-002    1.0000000000000E+000    5.9854826392363E-002
     427    5.9854826392363E-002    1.0000000000000E+000    5.9854826392363E-002
     428    5.9854826392363E-002    1.0000000000000E+000    5.9854826392363E-002
     429    5.9854826392363E-002    1.0000000000000E+000    5.9854826392363E-002
     430    5.9854826392363E-002    1.0000000000000E+000    5.9854826392363E-002
     431    5.9854826392363E-002    1.0000000000000E+000    5.9854826392363E-002
     432    5.9854826392363E-002    1.0000000000000E+000    5.9854826392363E-002
     433    5.9854826392363E-002    1.0000000000000E+000    5.9854826392363E-002
     434    5.9854826392363E-002    1.0000000000000E+000    5.9854826392363E-002
     435    5.9854826392363E-002    1.0000000000000E+000    5.9854826392363E-002
     436    5.9854826392363E-002    1.0000000000000E+000    5.9854826392363E-002
     437    5.9854826392363E-002    1.0000000000000E+000    5.9854826392363E-002
     438    5.9854826392363E-002    1.0000000000000E+000    5.9854826392363E-002
     439    5.9854826392363E-002    1.0000000000000E+000    5.9854826392363E-002
     440    5.9854826392363E-002    1.0000000000000E+000    5.9854826392363E-002
     441    5.9854826392363E-002    1.0000000000000E+000    5.9854826392363E-002
     442    5.9854826392363E-002    1.0000000000000E+000    5.9854826392363E-002
     443    5.9854826392363E-002    1.0000000000000E+000    5.9854826392363E-002
     444    5.9854826392363E-002    1.0000000000000E+000    5.9854826392363E-002
     445    5.9854826392363E-002    1.0000000000000E+000    5.9854826392363E-002
     446    5.9854826392363E-002    1.0000000000000E+000    5.9854826392363E-002
     447    5.9854826392363E-002    1.0000000000000E+000    5.9854826392363E-002
     448    5.9854826392363E-002    1.0000000000000E+000    5.9854826392363E-002
     449    5.9854826392363E-002    1.0000000000000E+000    5.9854826392363E-002
     450    5.9854826392363E-002    1.0000000000000E+000    5.9854826392363E-002
     451    5.9854826392363E-002    1.0000000000000E+000    5.9854826392363E-002
     452    5.9854826392363E-002    1.0000000000000E+000    5.9854826392363E-002
     453    5.9854826392363E-002    1.0000000000000E+000    5.9854826392363E-002
     454    5.9854826392363E-002    1.0000000000000E+000    5.9854826392363E-002
     455    5.9854826392363E-002    1.0000000000000E+000    5.9854826392363E-002
     456    5.9854826392363E-002    1.0000000000000E+000    5.9854826392363E-002
     457    5.9854826392363E-002    1.0000000000000E+000    5.9854826392363E-002
     458    5.9854826392363E-002    1.0000000000000E+000    5.9854826392363E-002
     459    5.9854826392363E-002    1.0000000000000E+000    5.9854826392363E-002
     460    5.9854826392363E-002    1.0000000000000E+000    5.9854826392363E-002
     461    5.9854826392363E-002    1.0000000000000E+000    5.9854826392363E-002
     462    5.9854826392363E-002    1.0000000000000E+000    5.9854826392363E-002
     463    5.9854826392363E-002    1.0000000000000E+000    5.9854826392363E-002
     464    5.9854826392363E-002    1.0000000000000E+000    5.9854826392363E-002
     465    5.9854826392363E-002    1.0000000000000E+000    5.9854826392363E-002
     466    5.9854826392363E-002    1.0000000000000E+000    5.9854826392363E-002
     467    5.9854826392363E-002    1.0000000000000E+000    5.9854826392363E-002
     468    5.9854826392363E-002    1.0000000000000E+000    5.9854826392363E-002
     469    5.9854826392363E-002    1.0000000000000E+000    5.9854826392363E-002
     470    5.9854826392363E-002    1.0000000000000E+000    5.9854826392363E-002
     471    5.9854826392363E-002    1.0000000000000E+000    5.9854826392363E-002
     472    5.9854826392363E-002    1.0000000000000E+000    5.9854826392363E-002
     473    5.9854826392363E-002    1.0000000000000E+000    5.9854826392363E-002
     474    5.9854826392363E-002    1.0000000000000E+000    5.9854826392363E-002
     475    5.9854826392363E-002    1.0000000000000E+000    5.9854826392363E-002
     476    5.9854826392363E-002    1.0000000000000E+000    5.9854826392363E-002
     477    5.9854826392363E-002    1.0000000000000E+000    5.9854826392363E-002
     478    5.9854826392363E-002    1.0000000000000E+000    5.9854826392363E-002
     479    5.9854826392363E-002    1.0000000000000E+000    5.9854826392363E-002
     480    5.9854826392363E-002    1.0000000000000E+000    5.9854826392363E-002
     481    5.9854826392363E-002    1.0000000000000E+000    5.9854826392363E-002
     482    5.9854826392363E-002    1.0000000000000E+000    5.9854826392363E-002
     483    5.9854826392363E-002    1.0000000000000E+000    5.9854826392363E-002
     484    5.9854826392363E-002    1.0000000000000E+000    5.9854826392363E-002
     485    5.9854826392363E-002    1.0000000000000E+000    5.9854826392363E-002
     486    5.9854826392363E-002    1.0000000000000E+000    5.9854826392363E-002
     487    5.9854826392363E-002    1.0000000000000E+000    5.9854826392363E-002
     488    5.9854826392363E-002    1.0000000000000E+000    5.9854826392363E-002
     489    5.9854826392363E-002    1.0000000000000E+000    5.9854826392363E-002
     490    5.9854826392363E-002    1.0000000000000E+000    5.9854826392363E-002
     491    5.9854826392363E-002    1.0000000000000E+000    5.9854826392363E-002
     492    5.9854826392363E-002    1.0000000000000E+000    5.9854826392363E-002
     493    5.9854826392363E-002    1.0000000000000E+000    5.9854826392363E-002
     494    5.9854826392363E-002    1.0000000000000E+000    5.9854826392363E-002
     495    5.9854826392363E-002    1.0000000000000E+000    5.9854826392363E-002
     496    5.9854826392363E-002    1.0000000000000E+000    5.9854826392363E-002
     497    5.9854826392363E-002    1.0000000000000E+000    5.9854826392363E-002
     498    5.9854826392363E-002    1.0000000000000E+000    5.9854826392363E-002
     499    5.9854826392363E-002    1.0000000000000E+000    5.9854826392363E-002
     500    5.9854826392363E-002    1.0000000000000E+000    5.9854826392363E-002
     501    5.9854826392363E-002    1.0000000000000E+000    5.9854826392363E-002
     502    5.9854826392363E-002    1.0000000000000E+000    5.9854826392363E-002
     503    5.9854826392363E-002    1.0000000000000E+000    5.9854826392363E-002
     504    5.9854826392363E-002    1.0000000000000E+000    5.9854826392363E-002
     505    5.9854826392363E-002    1.0000000000000E+000    5.9854826392363E-002
     506    5.9854826392363E-002    1.0000000000000E+000    5.9854826392363E-002
     507    5.9854826392363E-002    1.0000000000000E+000    5.9854826392363E-002
     508    5.9854826392363E-002    1.0000000000000E+000    5.9854826392363E-002
     509    5.9854826392363E-002    1.0000000000000E+000    5.9854826392363E-002
     510    5.9854826392363E-002    1.0000000000000E+000    5.9854826392363E-002
     511    5.9854826392363E-002    1.0000000000000E+000    5.9854826392363E-002
     512    5.9854826392363E-002    1.0000000000000E+000    5.9854826392363E-002
     513    5.9854826392363E-002    1.0000000000000E+000    5.9854826392363E-002
     514    5.9854826392363E-002    1.0000000000000E+000    5.9854826392363E-002
     515    5.9854826392363E-002    1.0000000000000E+000    5.9854826392363E-002
     516    5.9854826392363E-002    1.0000000000000E+000    5.9854826392363E-002
     517    5.9854826392363E-002    1.0000000000000E+000    5.9854826392363E-002
     518    5.9854826392363E-002    1.0000000000000E+000    5.9854826392363E-002
     519    5.9854826392363E-002    1.0000000000000E+000    5.9854826392363E-002
     520    5.9854826392363E-002    1.0000000000000E+000    5.9854826392363E-002
     521    5.9854826392363E-002    1.0000000000000E+000    5.9854826392363E-002
     522    5.9854826392363E-002    1.0000000000000E+000    5.9854826392363E-002
     523    5.9854826392363E-002    1.0000000000000E+000    5.9854826392363E-002
     524    5.9854826392363E-002    1.0000000000000E+000    5.9854826392363E-002
     525    5.9854826392363E-002    1.0000000000000E+000    5.9854826392363E-002
     526    5.9854826392363E-002    1.0000000000000E+000    5.9854826392363E-002
     527    5.9854826392363E-002    1.0000000000000E+000    5.9854826392363E-002
     528    5.9854826392363E-002    1.0000000000000E+000    5.9854826392363E-002
     529    5.9854826392363E-002    1.0000000000000E+000    5.9854826392363E-002
     530    5.9854826392363E-002    1.0000000000000E+000    5.9854826392363E-002
     531    5.9854826392363E-002    1.0000000000000E+000    5.9854826392363E-002
     532    5.9854826392363E-002    1.0000000000000E+000    5.9854826392363E-002
     533    5.9854826392363E-002    1.0000000000000E+000    5.9854826392363E-002
     534    5.9854826392363E-002    1.0000000000000E+000    5.9854826392363E-002
     535    5.9854826392363E-002    1.0000000000000E+000    5.9854826392363E-002
     536    5.9854826392363E-002    1.0000000000000E+000    5.9854826392363E-002
     537    5.9854826392363E-002    1.0000000000000E+000    5.9854826392363E-002
     538    5.9854826392363E-002    1.0000000000000E+000    5.9854826392363E-002
     539    5.9854826392363E-002    1.0000000000000E+000    5.9854826392363E-002
     540    5.9854826392363E-002    1.0000000000000E+000    5.9854826392363E-002
