       1    0.0000000000000E+000    0.0000000000000E+000    9.9999990000000E+006    1.0000000000000E+000    0.0000000000000E+000    0.0000000000000E+000    1.0000000000000E+000
       2    0.0000000000000E+000    0.0000000000000E+000    9.9999990000000E+006    1.0000000000000E+000    0.0000000000000E+000    0.0000000000000E+000    1.0000000000000E+000
       3    0.0000000000000E+000    0.0000000000000E+000    9.9999990000000E+006    1.0000000000000E+000    0.0000000000000E+000    0.0000000000000E+000    1.0000000000000E+000
       4    0.0000000000000E+000    0.0000000000000E+000    9.9999990000000E+006    1.0000000000000E+000    0.0000000000000E+000    0.0000000000000E+000    1.0000000000000E+000
       5    0.0000000000000E+000    0.0000000000000E+000    9.9999990000000E+006    1.0000000000000E+000    0.0000000000000E+000    0.0000000000000E+000    1.0000000000000E+000
       6    0.0000000000000E+000    1.0000000000000E+000    9.9999980000000E+006    1.0000000000000E+000   -1.0000000000000E+000    1.0000000000000E+000    1.0000000000000E+000
       7    0.0000000000000E+000    1.0000000000000E+000    9.9999980000000E+006    1.0000000000000E+000   -1.0000000000000E+000    1.0000000000000E+000    1.0000000000000E+000
       8    0.0000000000000E+000    2.0000000000000E+000    9.9999970000000E+006    1.0000000000000E+000   -1.0000000000000E+000    1.0000000000000E+000    1.0000000000000E+000
       9    1.0000000000000E+000    2.0000000000000E+000    9.9999970000000E+006    1.0000000000000E+000   -1.0000000000000E+000    1.0000000000000E+000    2.0000000000000E+000
      10    0.0000000000000E+000    2.0000000000000E+000    9.9999960000000E+006    2.0000000000000E+000   -1.0000000000000E+000    1.0000000000000E+000    2.0000000000000E+000
      11    1.0000000000000E+000    3.0000000000000E+000    9.9999950000000E+006    2.0000000000000E+000   -1.0000000000000E+000    1.0000000000000E+000    3.0000000000000E+000
      12    0.0000000000000E+000    2.0000000000000E+000    9.9999950000000E+006    3.0000000000000E+000   -1.0000000000000E+000    1.0000000000000E+000    3.0000000000000E+000
      13    1.0000000000000E+000    2.0000000000000E+000    9.9999950000000E+006    3.0000000000000E+000   -1.0000000000000E+000    1.0000000000000E+000    4.0000000000000E+000
      14    1.0000000000000E+000    3.0000000000000E+000    9.9999930000000E+006    4.0000000000000E+000   -1.0000000000000E+000    1.0000000000000E+000    5.0000000000000E+000
      15    0.0000000000000E+000    2.0000000000000E+000    9.9999930000000E+006    5.0000000000000E+000   -1.0000000000000E+000    1.0000000000000E+000    5.0000000000000E+000
      16    0.0000000000000E+000    4.0000000000000E+000    9.9999910000000E+006    5.0000000000000E+000   -1.0000000000000E+000    1.0000000000000E+000    5.0000000000000E+000
      17    2.0000000000000E+000    4.0000000000000E+000    9.9999910000000E+006    5.0000000000000E+000   -1.0000000000000E+000    1.0000000000000E+000    7.0000000000000E+000
      18    0.0000000000000E+000    7.0000000000000E+000    9.9999860000000E+006    7.0000000000000E+000   -2.0000000000000E+000    2.0000000000000E+000    7.0000000000000E+000
      19    2.0000000000000E+000    1.1000000000000E+001    9.9999820000000E+006    6.0000000000000E+000   -1.0000000000000E+000    2.0000000000000E+000    9.0000000000000E+000
      20    0.0000000000000E+000    1.2000000000000E+001    9.9999790000000E+006    8.0000000000000E+000   -1.0000000000000E+000    2.0000000000000E+000    9.0000000000000E+000
      21    5.0000000000000E+000    2.0000000000000E+001    9.9999710000000E+006    8.0000000000000E+000   -1.0000000000000E+000    2.0000000000000E+000    1.4000000000000E+001
      22    4.0000000000000E+000    1.5000000000000E+001    9.9999710000000E+006    1.3000000000000E+001   -1.0000000000000E+000    2.0000000000000E+000    1.8000000000000E+001
      23    3.0000000000000E+000    2.0000000000000E+001    9.9999620000000E+006    1.7000000000000E+001   -1.0000000000000E+000    2.0000000000000E+000    2.1000000000000E+001
      24    8.0000000000000E+000    2.6000000000000E+001    9.9999530000000E+006    1.9000000000000E+001    0.0000000000000E+000    2.0000000000000E+000    2.9000000000000E+001
      25    0.0000000000000E+000    2.3000000000000E+001    9.9999480000000E+006    2.7000000000000E+001    0.0000000000000E+000    2.0000000000000E+000    2.9000000000000E+001
      26    9.0000000000000E+000    3.8000000000000E+001    9.9999330000000E+006    2.6000000000000E+001    0.0000000000000E+000    3.0000000000000E+000    3.8000000000000E+001
      27    9.0000000000000E+000    3.4000000000000E+001    9.9999280000000E+006    3.5000000000000E+001   -1.0000000000000E+000    4.0000000000000E+000    4.7000000000000E+001
      28    5.0000000000000E+000    3.5000000000000E+001    9.9999180000000E+006    4.3000000000000E+001   -1.0000000000000E+000    5.0000000000000E+000    5.2000000000000E+001
      29    1.5000000000000E+001    4.9000000000000E+001    9.9998990000000E+006    4.7000000000000E+001   -1.0000000000000E+000    6.0000000000000E+000    6.7000000000000E+001
      30    5.0000000000000E+000    4.3000000000000E+001    9.9998900000000E+006    6.2000000000000E+001   -1.0000000000000E+000    6.0000000000000E+000    7.2000000000000E+001
      31    1.0000000000000E+001    4.4000000000000E+001    9.9998840000000E+006    6.7000000000000E+001   -2.0000000000000E+000    7.0000000000000E+000    8.2000000000000E+001
      32    1.9000000000000E+001    5.1000000000000E+001    9.9998670000000E+006    7.5000000000000E+001   -2.0000000000000E+000    9.0000000000000E+000    1.0100000000000E+002
      33    9.0000000000000E+000    4.9000000000000E+001    9.9998500000000E+006    9.4000000000000E+001   -2.0000000000000E+000    9.0000000000000E+000    1.1000000000000E+002
      34    6.0000000000000E+000    6.3000000000000E+001    9.9998270000000E+006    1.0100000000000E+002    0.0000000000000E+000    9.0000000000000E+000    1.1600000000000E+002
      35    1.7000000000000E+001    8.1000000000000E+001    9.9998030000000E+006    1.0700000000000E+002    0.0000000000000E+000    9.0000000000000E+000    1.3300000000000E+002
      36    1.7000000000000E+001    8.5000000000000E+001    9.9997820000000E+006    1.1900000000000E+002    4.0000000000000E+000    1.0000000000000E+001    1.5000000000000E+002
      37    2.3000000000000E+001    1.1000000000000E+002    9.9997400000000E+006    1.3200000000000E+002    6.0000000000000E+000    1.2000000000000E+001    1.7300000000000E+002
      38    2.4000000000000E+001    1.2400000000000E+002    9.9997030000000E+006    1.5200000000000E+002    9.0000000000000E+000    1.2000000000000E+001    1.9700000000000E+002
      39    2.1000000000000E+001    1.5400000000000E+002    9.9996490000000E+006    1.6800000000000E+002    1.6000000000000E+001    1.3000000000000E+001    2.1800000000000E+002
      40    4.2000000000000E+001    1.7300000000000E+002    9.9996090000000E+006    1.8900000000000E+002    1.5000000000000E+001    1.4000000000000E+001    2.6000000000000E+002
      41    3.7000000000000E+001    1.6800000000000E+002    9.9995720000000E+006    2.2200000000000E+002    2.4000000000000E+001    1.4000000000000E+001    2.9700000000000E+002
      42    5.4000000000000E+001    1.9300000000000E+002    9.9995100000000E+006    2.5000000000000E+002    3.1000000000000E+001    1.6000000000000E+001    3.5100000000000E+002
      43    4.0000000000000E+001    2.2700000000000E+002    9.9994220000000E+006    2.9900000000000E+002    3.4000000000000E+001    1.8000000000000E+001    3.9100000000000E+002
      44    3.7000000000000E+001    2.5800000000000E+002    9.9993510000000E+006    3.2400000000000E+002    4.8000000000000E+001    1.9000000000000E+001    4.2800000000000E+002
      45    6.2000000000000E+001    3.2600000000000E+002    9.9992460000000E+006    3.5600000000000E+002    5.0000000000000E+001    2.2000000000000E+001    4.9000000000000E+002
      46    8.8000000000000E+001    3.7400000000000E+002    9.9991360000000E+006    4.0800000000000E+002    5.8000000000000E+001    2.4000000000000E+001    5.7800000000000E+002
      47    7.1000000000000E+001    4.1600000000000E+002    9.9990060000000E+006    4.7700000000000E+002    7.2000000000000E+001    2.9000000000000E+001    6.4900000000000E+002
      48    1.0500000000000E+002    4.6500000000000E+002    9.9988860000000E+006    5.3900000000000E+002    7.8000000000000E+001    3.2000000000000E+001    7.5400000000000E+002
      49    1.1000000000000E+002    5.2000000000000E+002    9.9987260000000E+006    6.3800000000000E+002    8.2000000000000E+001    3.4000000000000E+001    8.6400000000000E+002
      50    1.3000000000000E+002    5.7400000000000E+002    9.9985620000000E+006    7.3100000000000E+002    9.1000000000000E+001    4.2000000000000E+001    9.9400000000000E+002
      51    1.2000000000000E+002    6.5600000000000E+002    9.9983500000000E+006    8.4400000000000E+002    9.7000000000000E+001    5.3000000000000E+001    1.1140000000000E+003
      52    1.6000000000000E+002    7.9800000000000E+002    9.9980880000000E+006    9.4100000000000E+002    1.1000000000000E+002    6.3000000000000E+001    1.2740000000000E+003
      53    1.6400000000000E+002    9.5800000000000E+002    9.9977680000000E+006    1.0770000000000E+003    1.2600000000000E+002    7.1000000000000E+001    1.4380000000000E+003
      54    2.1200000000000E+002    1.1180000000000E+003    9.9974440000000E+006    1.2200000000000E+003    1.2500000000000E+002    9.3000000000000E+001    1.6500000000000E+003
      55    2.6200000000000E+002    1.2310000000000E+003    9.9971190000000E+006    1.3900000000000E+003    1.5400000000000E+002    1.0600000000000E+002    1.9120000000000E+003
      56    3.2000000000000E+002    1.3170000000000E+003    9.9967710000000E+006    1.6150000000000E+003    1.7800000000000E+002    1.1900000000000E+002    2.2320000000000E+003
      57    3.2400000000000E+002    1.4750000000000E+003    9.9962930000000E+006    1.8810000000000E+003    2.1900000000000E+002    1.3200000000000E+002    2.5560000000000E+003
      58    3.2500000000000E+002    1.7020000000000E+003    9.9957420000000E+006    2.1650000000000E+003    2.4000000000000E+002    1.5100000000000E+002    2.8810000000000E+003
      59    3.4800000000000E+002    1.9350000000000E+003    9.9951840000000E+006    2.4530000000000E+003    2.5600000000000E+002    1.7200000000000E+002    3.2290000000000E+003
      60    4.7800000000000E+002    2.2940000000000E+003    9.9944770000000E+006    2.7390000000000E+003    2.8900000000000E+002    2.0100000000000E+002    3.7070000000000E+003
      61    5.5100000000000E+002    2.5970000000000E+003    9.9936960000000E+006    3.1290000000000E+003    3.4000000000000E+002    2.3800000000000E+002    4.2580000000000E+003
      62    5.5800000000000E+002    2.9040000000000E+003    9.9928380000000E+006    3.6090000000000E+003    3.8200000000000E+002    2.6700000000000E+002    4.8160000000000E+003
      63    7.0700000000000E+002    3.3200000000000E+003    9.9918640000000E+006    4.0620000000000E+003    4.5800000000000E+002    2.9600000000000E+002    5.5230000000000E+003
      64    7.8100000000000E+002    3.7390000000000E+003    9.9907380000000E+006    4.6590000000000E+003    5.3600000000000E+002    3.2800000000000E+002    6.3040000000000E+003
      65    8.5800000000000E+002    4.3090000000000E+003    9.9893870000000E+006    5.3100000000000E+003    6.2100000000000E+002    3.7300000000000E+002    7.1620000000000E+003
      66    9.7400000000000E+002    4.8750000000000E+003    9.9879630000000E+006    6.0480000000000E+003    6.7900000000000E+002    4.3500000000000E+002    8.1360000000000E+003
      67    1.1260000000000E+003    5.7710000000000E+003    9.9860930000000E+006    6.8620000000000E+003    7.9400000000000E+002    4.8000000000000E+002    9.2620000000000E+003
      68    1.3510000000000E+003    6.5730000000000E+003    9.9841650000000E+006    7.8240000000000E+003    8.9700000000000E+002    5.4100000000000E+002    1.0613000000000E+004
      69    1.4240000000000E+003    7.4040000000000E+003    9.9819830000000E+006    8.9630000000000E+003    1.0490000000000E+003    6.0100000000000E+002    1.2037000000000E+004
      70    1.8700000000000E+003    8.5030000000000E+003    9.9794600000000E+006    1.0125000000000E+004    1.2090000000000E+003    7.0300000000000E+002    1.3907000000000E+004
      71    1.9280000000000E+003    9.4930000000000E+003    9.9766000000000E+006    1.1675000000000E+004    1.4310000000000E+003    8.0100000000000E+002    1.5835000000000E+004
      72    2.1820000000000E+003    1.0933000000000E+004    9.9732320000000E+006    1.3279000000000E+004    1.6470000000000E+003    9.0900000000000E+002    1.8017000000000E+004
      73    2.5230000000000E+003    1.2415000000000E+004    9.9695680000000E+006    1.5136000000000E+004    1.8520000000000E+003    1.0290000000000E+003    2.0540000000000E+004
      74    2.8600000000000E+003    1.4188000000000E+004    9.9652720000000E+006    1.7311000000000E+004    2.0600000000000E+003    1.1690000000000E+003    2.3400000000000E+004
      75    3.3680000000000E+003    1.6273000000000E+004    9.9603270000000E+006    1.9693000000000E+004    2.3470000000000E+003    1.3600000000000E+003    2.6768000000000E+004
      76    3.6640000000000E+003    1.8517000000000E+004    9.9547150000000E+006    2.2510000000000E+004    2.6870000000000E+003    1.5710000000000E+003    3.0432000000000E+004
      77    4.2960000000000E+003    2.1252000000000E+004    9.9483160000000E+006    2.5616000000000E+004    3.0390000000000E+003    1.7770000000000E+003    3.4728000000000E+004
      78    4.9450000000000E+003    2.4155000000000E+004    9.9411170000000E+006    2.9205000000000E+004    3.4730000000000E+003    2.0500000000000E+003    3.9673000000000E+004
      79    5.6120000000000E+003    2.7469000000000E+004    9.9328580000000E+006    3.3369000000000E+004    3.9670000000000E+003    2.3370000000000E+003    4.5285000000000E+004
      80    6.3990000000000E+003    3.1315000000000E+004    9.9234000000000E+006    3.8123000000000E+004    4.5280000000000E+003    2.6340000000000E+003    5.1684000000000E+004
      81    7.1990000000000E+003    3.5831000000000E+004    9.9124850000000E+006    4.3548000000000E+004    5.1280000000000E+003    3.0080000000000E+003    5.8883000000000E+004
      82    8.2590000000000E+003    4.0802000000000E+004    9.9003150000000E+006    4.9621000000000E+004    5.7930000000000E+003    3.4690000000000E+003    6.7142000000000E+004
      83    9.4580000000000E+003    4.6601000000000E+004    9.8862570000000E+006    5.6529000000000E+004    6.7000000000000E+003    3.9130000000000E+003    7.6600000000000E+004
      84    1.0915000000000E+004    5.3249000000000E+004    9.8701510000000E+006    6.4563000000000E+004    7.5110000000000E+003    4.5260000000000E+003    8.7515000000000E+004
      85    1.2170000000000E+004    6.0695000000000E+004    9.8517900000000E+006    7.3608000000000E+004    8.7320000000000E+003    5.1750000000000E+003    9.9685000000000E+004
      86    1.4058000000000E+004    6.9234000000000E+004    9.8310810000000E+006    8.3850000000000E+004    9.9040000000000E+003    5.9310000000000E+003    1.1374300000000E+005
      87    1.6106000000000E+004    7.8434000000000E+004    9.8078230000000E+006    9.5726000000000E+004    1.1252000000000E+004    6.7650000000000E+003    1.2984900000000E+005
      88    1.8361000000000E+004    8.9026000000000E+004    9.7811250000000E+006    1.0930900000000E+005    1.2859000000000E+004    7.6810000000000E+003    1.4821000000000E+005
      89    2.0709000000000E+004    1.0120700000000E+005    9.7505830000000E+006    1.2481000000000E+005    1.4577000000000E+004    8.8230000000000E+003    1.6891900000000E+005
      90    2.3258000000000E+004    1.1480300000000E+005    9.7162780000000E+006    1.4215100000000E+005    1.6727000000000E+004    1.0041000000000E+004    1.9217700000000E+005
      91    2.6698000000000E+004    1.3062900000000E+005    9.6771940000000E+006    1.6174500000000E+005    1.8975000000000E+004    1.1457000000000E+004    2.1887500000000E+005
      92    3.0542000000000E+004    1.4811400000000E+005    9.6330110000000E+006    1.8414700000000E+005    2.1688000000000E+004    1.3040000000000E+004    2.4941700000000E+005
      93    3.4305000000000E+004    1.6790200000000E+005    9.5826810000000E+006    2.0974400000000E+005    2.4759000000000E+004    1.4914000000000E+004    2.8372200000000E+005
      94    3.9084000000000E+004    1.8987100000000E+005    9.5264070000000E+006    2.3843700000000E+005    2.8350000000000E+004    1.6935000000000E+004    3.2280600000000E+005
      95    4.4183000000000E+004    2.1440700000000E+005    9.4627870000000E+006    2.7112200000000E+005    3.2438000000000E+004    1.9246000000000E+004    3.6698900000000E+005
      96    5.0330000000000E+004    2.4149600000000E+005    9.3915150000000E+006    3.0810600000000E+005    3.7021000000000E+004    2.1862000000000E+004    4.1731900000000E+005
      97    5.6274000000000E+004    2.7259000000000E+005    9.3100910000000E+006    3.5017700000000E+005    4.2172000000000E+004    2.4970000000000E+004    4.7359300000000E+005
      98    6.3620000000000E+004    3.0769400000000E+005    9.2187130000000E+006    3.9699300000000E+005    4.8253000000000E+004    2.8347000000000E+004    5.3721300000000E+005
      99    7.1272000000000E+004    3.4605100000000E+005    9.1167360000000E+006    4.4969800000000E+005    5.5320000000000E+004    3.2195000000000E+004    6.0848500000000E+005
     100    8.1424000000000E+004    3.8759200000000E+005    9.0039230000000E+006    5.0880000000000E+005    6.3043000000000E+004    3.6642000000000E+004    6.8990900000000E+005
     101    9.1378000000000E+004    4.3164900000000E+005    8.8784420000000E+006    5.7616600000000E+005    7.2191000000000E+004    4.1552000000000E+004    7.8128700000000E+005
     102    1.0197700000000E+005    4.7980400000000E+005    8.7389090000000E+006    6.5143800000000E+005    8.2691000000000E+004    4.7158000000000E+004    8.8326400000000E+005
     103    1.1281300000000E+005    5.3123200000000E+005    8.5855040000000E+006    7.3505400000000E+005    9.4744000000000E+004    5.3466000000000E+004    9.9607700000000E+005
     104    1.2548100000000E+005    5.8711800000000E+005    8.4168050000000E+006    8.2715800000000E+005    1.0830500000000E+005    6.0614000000000E+004    1.1215580000000E+006
     105    1.3953300000000E+005    6.4629200000000E+005    8.2321500000000E+006    9.2938100000000E+005    1.2346900000000E+005    6.8708000000000E+004    1.2610910000000E+006
     106    1.5340500000000E+005    7.0628100000000E+005    8.0326280000000E+006    1.0422160000000E+006    1.4112200000000E+005    7.7753000000000E+004    1.4144960000000E+006
     107    1.6869900000000E+005    7.1695900000000E+005    7.8685450000000E+006    1.1650790000000E+006    1.6134600000000E+005    8.8071000000000E+004    1.5831950000000E+006
     108    1.8465500000000E+005    7.1210900000000E+005    7.7046960000000E+006    1.2994730000000E+006    1.8435200000000E+005    9.9370000000000E+004    1.7678500000000E+006
     109    1.9952200000000E+005    6.8738900000000E+005    7.5447610000000E+006    1.4450440000000E+006    2.1097600000000E+005    1.1183000000000E+005    1.9673720000000E+006
     110    1.6408300000000E+005    6.4057000000000E+005    7.3920580000000E+006    1.6003830000000E+006    2.4127100000000E+005    1.2571800000000E+005    2.1314550000000E+006
     111    1.6384900000000E+005    6.1758900000000E+005    7.2509560000000E+006    1.7141360000000E+006    2.7628300000000E+005    1.4103600000000E+005    2.2953040000000E+006
     112    1.5993500000000E+005    5.8471100000000E+005    7.1199850000000E+006    1.8217110000000E+006    3.1575300000000E+005    1.5784000000000E+005    2.4552390000000E+006
     113    1.5270300000000E+005    5.4443500000000E+005    7.0003260000000E+006    1.9180260000000E+006    3.6082900000000E+005    1.7638400000000E+005    2.6079420000000E+006
     114    1.4110200000000E+005    5.0065900000000E+005    6.8913990000000E+006    1.9994570000000E+006    4.1234500000000E+005    1.9614000000000E+005    2.7490440000000E+006
     115    1.3097100000000E+005    4.5949100000000E+005    6.7914650000000E+006    2.0591350000000E+006    4.7752500000000E+005    2.1238400000000E+005    2.8800150000000E+006
     116    1.1965900000000E+005    4.2097700000000E+005    6.6990080000000E+006    2.0987280000000E+006    5.5259500000000E+005    2.2869200000000E+005    2.9996740000000E+006
     117    1.0892700000000E+005    3.8706200000000E+005    6.6132640000000E+006    2.1164100000000E+006    6.3849700000000E+005    2.4476700000000E+005    3.1086010000000E+006
     118    9.9934000000000E+004    3.5971600000000E+005    6.5316830000000E+006    2.1125240000000E+006    7.3596900000000E+005    2.6010800000000E+005    3.2085350000000E+006
     119    9.2457000000000E+004    3.3844300000000E+005    6.4530220000000E+006    2.0869770000000E+006    8.4737900000000E+005    2.7417900000000E+005    3.3009920000000E+006
     120    8.5744000000000E+004    3.2313700000000E+005    6.3758710000000E+006    2.0399010000000E+006    9.7386500000000E+005    2.8722600000000E+005    3.3867360000000E+006
     121    8.1581000000000E+004    3.1359000000000E+005    6.2996740000000E+006    1.9722400000000E+006    1.1151130000000E+006    2.9938300000000E+005    3.4683170000000E+006
     122    7.8661000000000E+004    3.0916000000000E+005    6.2225230000000E+006    1.8851220000000E+006    1.2730480000000E+006    3.1014700000000E+005    3.5469780000000E+006
     123    7.7151000000000E+004    3.0822000000000E+005    6.1448020000000E+006    1.7791280000000E+006    1.4475440000000E+006    3.2030600000000E+005    3.6241290000000E+006
     124    7.6197000000000E+004    3.0853900000000E+005    6.0673320000000E+006    1.6567570000000E+006    1.6378230000000E+006    3.2954900000000E+005    3.7003260000000E+006
     125    7.7151000000000E+004    3.1073800000000E+005    5.9889360000000E+006    1.5688710000000E+006    1.7933760000000E+006    3.3807900000000E+005    3.7774770000000E+006
     126    7.7721000000000E+004    3.1161100000000E+005    5.9109120000000E+006    1.4821730000000E+006    1.9490010000000E+006    3.4630300000000E+005    3.8551980000000E+006
     127    7.7470000000000E+004    3.1018900000000E+005    5.8346130000000E+006    1.3999590000000E+006    2.1010860000000E+006    3.5415300000000E+005    3.9326680000000E+006
     128    7.8396000000000E+004    3.0704000000000E+005    5.7602920000000E+006    1.3247260000000E+006    2.2460770000000E+006    3.6186500000000E+005    4.0110640000000E+006
     129    7.8024000000000E+004    3.0065100000000E+005    5.6882850000000E+006    1.2620200000000E+006    2.3795970000000E+006    3.6944700000000E+005    4.0890880000000E+006
     130    7.6299000000000E+004    2.9140100000000E+005    5.6195110000000E+006    1.2090730000000E+006    2.5028720000000E+006    3.7714300000000E+005    4.1653870000000E+006
     131    7.4321000000000E+004    2.8125900000000E+005    5.5533540000000E+006    1.1657130000000E+006    2.6147040000000E+006    3.8497000000000E+005    4.2397080000000E+006
     132    7.2007000000000E+004    2.7021700000000E+005    5.4900750000000E+006    1.1311070000000E+006    2.7158620000000E+006    3.9273900000000E+005    4.3117150000000E+006
     133    6.8774000000000E+004    2.5969600000000E+005    5.4285890000000E+006    1.1031800000000E+006    2.8078750000000E+006    4.0066000000000E+005    4.3804890000000E+006
     134    6.6157000000000E+004    2.5018600000000E+005    5.3693250000000E+006    1.0794970000000E+006    2.8925330000000E+006    4.0845900000000E+005    4.4466460000000E+006
     135    6.3279000000000E+004    2.4136200000000E+005    5.3119920000000E+006    1.0599100000000E+006    2.9705880000000E+006    4.1614800000000E+005    4.5099250000000E+006
     136    6.1486000000000E+004    2.3340800000000E+005    5.2566670000000E+006    1.0416080000000E+006    3.0447160000000E+006    4.2360100000000E+005    4.5714110000000E+006
     137    5.9264000000000E+004    2.2548600000000E+005    5.2031030000000E+006    1.0244330000000E+006    3.1161010000000E+006    4.3087700000000E+005    4.6306750000000E+006
     138    5.7333000000000E+004    2.1788600000000E+005    5.1514390000000E+006    1.0065460000000E+006    3.1864000000000E+006    4.3772900000000E+005    4.6880080000000E+006
     139    5.5325000000000E+004    2.1092000000000E+005    5.1010720000000E+006    9.8768200000000E+005    3.2559880000000E+006    4.4433800000000E+005    4.7433330000000E+006
     140    5.3564000000000E+004    2.0435500000000E+005    5.0523120000000E+006    9.6585600000000E+005    3.3268020000000E+006    4.5067500000000E+005    4.7968970000000E+006
     141    5.1664000000000E+004    1.9800300000000E+005    5.0051000000000E+006    9.4169900000000E+005    3.3984470000000E+006    4.5675100000000E+005    4.8485610000000E+006
     142    5.0367000000000E+004    1.9157500000000E+005    4.9598640000000E+006    9.1589300000000E+005    3.4699300000000E+006    4.6273800000000E+005    4.8989280000000E+006
     143    4.8760000000000E+004    1.8485100000000E+005    4.9162210000000E+006    8.8786400000000E+005    3.5427000000000E+006    4.6836400000000E+005    4.9476880000000E+006
     144    4.7212000000000E+004    1.7877100000000E+005    4.8735410000000E+006    8.5860000000000E+005    3.6152040000000E+006    4.7388400000000E+005    4.9949000000000E+006
     145    4.5236000000000E+004    1.7193300000000E+005    4.8331670000000E+006    8.2951300000000E+005    3.6862240000000E+006    4.7916300000000E+005    5.0401360000000E+006
     146    4.3643000000000E+004    1.6573700000000E+005    4.7941270000000E+006    8.0042800000000E+005    3.7553340000000E+006    4.8437400000000E+005    5.0837790000000E+006
     147    4.2680000000000E+004    1.5949900000000E+005    4.7567220000000E+006    7.7206400000000E+005    3.8223810000000E+006    4.8933400000000E+005    5.1264590000000E+006
     148    4.0374000000000E+004    1.5252400000000E+005    4.7210170000000E+006    7.4597000000000E+005    3.8862440000000E+006    4.9424500000000E+005    5.1668330000000E+006
     149    3.9040000000000E+004    1.4628300000000E+005    4.6868840000000E+006    7.2018700000000E+005    3.9475720000000E+006    4.9907400000000E+005    5.2058730000000E+006
     150    3.7405000000000E+004    1.4013300000000E+005    4.6539940000000E+006    6.9594800000000E+005    4.0061940000000E+006    5.0373100000000E+005    5.2432780000000E+006
     151    3.5705000000000E+004    1.3443400000000E+005    4.6222880000000E+006    6.7186700000000E+005    4.0633820000000E+006    5.0802900000000E+005    5.2789830000000E+006
     152    3.4133000000000E+004    1.2904600000000E+005    4.5919710000000E+006    6.4830800000000E+005    4.1184110000000E+006    5.1226400000000E+005    5.3131160000000E+006
     153    3.2890000000000E+004    1.2415400000000E+005    4.5627300000000E+006    6.2510800000000E+005    4.1715650000000E+006    5.1644300000000E+005    5.3460060000000E+006
     154    3.1706000000000E+004    1.1894300000000E+005    4.5350510000000E+006    6.0267300000000E+005    4.2229500000000E+006    5.2038300000000E+005    5.3777120000000E+006
     155    3.0317000000000E+004    1.1407900000000E+005    4.5082090000000E+006    5.8081500000000E+005    4.2727810000000E+006    5.2411600000000E+005    5.4080290000000E+006
     156    2.9241000000000E+004    1.0928900000000E+005    4.4826820000000E+006    5.5946800000000E+005    4.3208970000000E+006    5.2766400000000E+005    5.4372700000000E+006
     157    2.7679000000000E+004    1.0426300000000E+005    4.4584670000000E+006    5.3834200000000E+005    4.3678580000000E+006    5.3107000000000E+005    5.4649490000000E+006
     158    2.6842000000000E+004    9.9845000000000E+004    4.4352060000000E+006    5.1726100000000E+005    4.4132980000000E+006    5.3439000000000E+005    5.4917910000000E+006
     159    2.5527000000000E+004    9.5242000000000E+004    4.4129670000000E+006    4.9689100000000E+005    4.4572770000000E+006    5.3762300000000E+005    5.5173180000000E+006
     160    2.4215000000000E+004    9.1068000000000E+004    4.3916140000000E+006    4.7718200000000E+005    4.4995930000000E+006    5.4054300000000E+005    5.5415330000000E+006
     161    2.3261000000000E+004    8.7300000000000E+004    4.3711670000000E+006    4.5775400000000E+005    4.5403730000000E+006    5.4340600000000E+005    5.5647940000000E+006
     162    2.2239000000000E+004    8.3325000000000E+004    4.3518810000000E+006    4.3833500000000E+005    4.5803160000000E+006    5.4614300000000E+005    5.5870330000000E+006
     163    2.1353000000000E+004    7.9627000000000E+004    4.3333400000000E+006    4.2020000000000E+005    4.6180110000000E+006    5.4882200000000E+005    5.6083860000000E+006
     164    2.0447000000000E+004    7.5905000000000E+004    4.3157090000000E+006    4.0251300000000E+005    4.6544980000000E+006    5.5137500000000E+005    5.6288330000000E+006
     165    1.9286000000000E+004    7.2556000000000E+004    4.2986110000000E+006    3.8555500000000E+005    4.6894730000000E+006    5.5380500000000E+005    5.6481190000000E+006
     166    1.8541000000000E+004    6.9306000000000E+004    4.2825750000000E+006    3.6913600000000E+005    4.7227540000000E+006    5.5622900000000E+005    5.6666600000000E+006
     167    1.7631000000000E+004    6.6267000000000E+004    4.2670730000000E+006    3.5354400000000E+005    4.7546810000000E+006    5.5843500000000E+005    5.6842910000000E+006
     168    1.7098000000000E+004    6.3310000000000E+004    4.2523990000000E+006    3.3828500000000E+005    4.7854860000000E+006    5.6052000000000E+005    5.7013890000000E+006
     169    1.6036000000000E+004    6.0087000000000E+004    4.2385240000000E+006    3.2367700000000E+005    4.8151110000000E+006    5.6260100000000E+005    5.7174250000000E+006
     170    1.5502000000000E+004    5.7388000000000E+004    4.2251870000000E+006    3.0939600000000E+005    4.8435100000000E+006    5.6451900000000E+005    5.7329270000000E+006
     171    1.4674000000000E+004    5.4545000000000E+004    4.2125280000000E+006    2.9565700000000E+005    4.8708800000000E+006    5.6639000000000E+005    5.7476010000000E+006
     172    1.3875000000000E+004    5.1900000000000E+004    4.2004990000000E+006    2.8265200000000E+005    4.8967630000000E+006    5.6818600000000E+005    5.7614760000000E+006
     173    1.3337000000000E+004    4.9600000000000E+004    4.1889240000000E+006    2.6968500000000E+005    4.9218390000000E+006    5.6995200000000E+005    5.7748130000000E+006
     174    1.2659000000000E+004    4.7382000000000E+004    4.1778050000000E+006    2.5749500000000E+005    4.9456790000000E+006    5.7163900000000E+005    5.7874720000000E+006
     175    1.2029000000000E+004    4.5046000000000E+004    4.1674820000000E+006    2.4593900000000E+005    4.9682710000000E+006    5.7326200000000E+005    5.7995010000000E+006
     176    1.1575000000000E+004    4.2931000000000E+004    4.1575680000000E+006    2.3470700000000E+005    4.9900810000000E+006    5.7471300000000E+005    5.8110760000000E+006
     177    1.1119000000000E+004    4.0783000000000E+004    4.1481410000000E+006    2.2404300000000E+005    5.0109740000000E+006    5.7605900000000E+005    5.8221950000000E+006
     178    1.0323000000000E+004    3.8450000000000E+004    4.1393550000000E+006    2.1380900000000E+005    5.0309690000000E+006    5.7741700000000E+005    5.8325180000000E+006
     179    9.9140000000000E+003    3.6621000000000E+004    4.1308610000000E+006    2.0368500000000E+005    5.0501940000000E+006    5.7863900000000E+005    5.8424320000000E+006
     180    9.4270000000000E+003    3.5028000000000E+004    4.1225400000000E+006    1.9431300000000E+005    5.0682460000000E+006    5.7987300000000E+005    5.8518590000000E+006
     181    8.7860000000000E+003    3.3248000000000E+004    4.1148930000000E+006    1.8519900000000E+005    5.0856550000000E+006    5.8100500000000E+005    5.8606450000000E+006
     182    8.4940000000000E+003    3.1726000000000E+004    4.1076290000000E+006    1.7635400000000E+005    5.1021510000000E+006    5.8214000000000E+005    5.8691390000000E+006
     183    8.3210000000000E+003    3.0133000000000E+004    4.1007280000000E+006    1.6775000000000E+005    5.1181930000000E+006    5.8319600000000E+005    5.8774600000000E+006
     184    7.6470000000000E+003    2.8455000000000E+004    4.0940850000000E+006    1.6003500000000E+005    5.1332070000000E+006    5.8421800000000E+005    5.8851070000000E+006
     185    7.2640000000000E+003    2.7189000000000E+004    4.0877040000000E+006    1.5218000000000E+005    5.1477460000000E+006    5.8518100000000E+005    5.8923710000000E+006
     186    6.9010000000000E+003    2.5833000000000E+004    4.0817960000000E+006    1.4477000000000E+005    5.1615430000000E+006    5.8605800000000E+005    5.8992720000000E+006
     187    6.6430000000000E+003    2.4474000000000E+004    4.0762540000000E+006    1.3779600000000E+005    5.1745710000000E+006    5.8690500000000E+005    5.9059150000000E+006
     188    6.3810000000000E+003    2.3162000000000E+004    4.0709230000000E+006    1.3110200000000E+005    5.1871020000000E+006    5.8771100000000E+005    5.9122960000000E+006
     189    5.9080000000000E+003    2.1879000000000E+004    4.0658250000000E+006    1.2482400000000E+005    5.1989800000000E+006    5.8849200000000E+005    5.9182040000000E+006
     190    5.5420000000000E+003    2.0910000000000E+004    4.0608860000000E+006    1.1870300000000E+005    5.2103200000000E+006    5.8918100000000E+005    5.9237460000000E+006
     191    5.3310000000000E+003    1.9900000000000E+004    4.0563540000000E+006    1.1267000000000E+005    5.2211790000000E+006    5.8989700000000E+005    5.9290770000000E+006
     192    5.0980000000000E+003    1.8914000000000E+004    4.0520090000000E+006    1.0688200000000E+005    5.2316590000000E+006    5.9053600000000E+005    5.9341750000000E+006
     193    4.9390000000000E+003    1.8015000000000E+004    4.0478100000000E+006    1.0165700000000E+005    5.2413350000000E+006    5.9118300000000E+005    5.9391140000000E+006
     194    4.5320000000000E+003    1.6956000000000E+004    4.0439300000000E+006    9.6682000000000E+004    5.2506690000000E+006    5.9176300000000E+005    5.9436460000000E+006
     195    4.3450000000000E+003    1.6122000000000E+004    4.0402320000000E+006    9.1787000000000E+004    5.2595790000000E+006    5.9228000000000E+005    5.9479910000000E+006
     196    4.1990000000000E+003    1.5350000000000E+004    4.0366590000000E+006    8.7346000000000E+004    5.2678390000000E+006    5.9280600000000E+005    5.9521900000000E+006
     197    3.8800000000000E+003    1.4534000000000E+004    4.0332760000000E+006    8.3051000000000E+004    5.2758900000000E+006    5.9324900000000E+005    5.9560700000000E+006
     198    3.6980000000000E+003    1.3851000000000E+004    4.0300790000000E+006    7.8610000000000E+004    5.2837340000000E+006    5.9372600000000E+005    5.9597680000000E+006
     199    3.5730000000000E+003    1.3276000000000E+004    4.0269560000000E+006    7.4661000000000E+004    5.2909590000000E+006    5.9414800000000E+005    5.9633410000000E+006
     200    3.3830000000000E+003    1.2511000000000E+004    4.0241480000000E+006    7.0970000000000E+004    5.2978030000000E+006    5.9456800000000E+005    5.9667240000000E+006
     201    3.1970000000000E+003    1.1879000000000E+004    4.0213970000000E+006    6.7452000000000E+004    5.3042400000000E+006    5.9503200000000E+005    5.9699210000000E+006
     202    3.1230000000000E+003    1.1214000000000E+004    4.0188650000000E+006    6.4006000000000E+004    5.3105030000000E+006    5.9541200000000E+005    5.9730440000000E+006
     203    2.8080000000000E+003    1.0590000000000E+004    4.0163660000000E+006    6.0748000000000E+004    5.3164950000000E+006    5.9580100000000E+005    5.9758520000000E+006
     204    2.7510000000000E+003    1.0087000000000E+004    4.0140610000000E+006    5.7648000000000E+004    5.3220840000000E+006    5.9612000000000E+005    5.9786030000000E+006
     205    2.5320000000000E+003    9.4880000000000E+003    4.0119090000000E+006    5.4857000000000E+004    5.3272750000000E+006    5.9647100000000E+005    5.9811350000000E+006
     206    2.4990000000000E+003    9.0720000000000E+003    4.0097930000000E+006    5.2058000000000E+004    5.3323130000000E+006    5.9676400000000E+005    5.9836340000000E+006
     207    2.3050000000000E+003    8.4810000000000E+003    4.0078850000000E+006    4.9459000000000E+004    5.3371010000000E+006    5.9707400000000E+005    5.9859390000000E+006
     208    2.1520000000000E+003    8.0910000000000E+003    4.0059700000000E+006    4.6825000000000E+004    5.3417650000000E+006    5.9734900000000E+005    5.9880910000000E+006
     209    2.1160000000000E+003    7.7060000000000E+003    4.0042030000000E+006    4.4445000000000E+004    5.3460270000000E+006    5.9761900000000E+005    5.9902070000000E+006
     210    1.9080000000000E+003    7.2320000000000E+003    4.0025610000000E+006    4.2216000000000E+004    5.3501190000000E+006    5.9787200000000E+005    5.9921150000000E+006
     211    1.9150000000000E+003    6.9510000000000E+003    4.0009340000000E+006    3.9925000000000E+004    5.3540670000000E+006    5.9812300000000E+005    5.9940300000000E+006
     212    1.7670000000000E+003    6.5310000000000E+003    3.9994390000000E+006    3.7960000000000E+004    5.3577410000000E+006    5.9832900000000E+005    5.9957970000000E+006
     213    1.6420000000000E+003    6.1380000000000E+003    3.9980650000000E+006    3.6029000000000E+004    5.3612050000000E+006    5.9856300000000E+005    5.9974390000000E+006
     214    1.6270000000000E+003    5.8700000000000E+003    3.9966910000000E+006    3.4098000000000E+004    5.3645770000000E+006    5.9876400000000E+005    5.9990660000000E+006
     215    1.4950000000000E+003    5.5530000000000E+003    3.9953810000000E+006    3.2342000000000E+004    5.3677670000000E+006    5.9895700000000E+005    6.0005610000000E+006
     216    1.3740000000000E+003    5.2460000000000E+003    3.9941930000000E+006    3.0640000000000E+004    5.3707720000000E+006    5.9914900000000E+005    6.0019350000000E+006
     217    1.3740000000000E+003    4.9790000000000E+003    3.9930860000000E+006    2.8891000000000E+004    5.3737120000000E+006    5.9933200000000E+005    6.0033090000000E+006
     218    1.3100000000000E+003    4.7320000000000E+003    3.9919590000000E+006    2.7457000000000E+004    5.3763380000000E+006    5.9951400000000E+005    6.0046190000000E+006
     219    1.1880000000000E+003    4.4070000000000E+003    3.9909740000000E+006    2.6016000000000E+004    5.3789300000000E+006    5.9967300000000E+005    6.0058070000000E+006
     220    1.1070000000000E+003    4.1830000000000E+003    3.9900100000000E+006    2.4672000000000E+004    5.3813040000000E+006    5.9983100000000E+005    6.0069140000000E+006
     221    1.1270000000000E+003    4.0240000000000E+003    3.9890620000000E+006    2.3280000000000E+004    5.3836790000000E+006    5.9995500000000E+005    6.0080410000000E+006
     222    9.8500000000000E+002    3.7570000000000E+003    3.9882020000000E+006    2.2102000000000E+004    5.3858540000000E+006    6.0008500000000E+005    6.0090260000000E+006
     223    9.6400000000000E+002    3.5960000000000E+003    3.9873780000000E+006    2.0935000000000E+004    5.3878660000000E+006    6.0022500000000E+005    6.0099900000000E+006
     224    9.4800000000000E+002    3.4080000000000E+003    3.9866020000000E+006    1.9783000000000E+004    5.3898770000000E+006    6.0033000000000E+005    6.0109380000000E+006
     225    8.6000000000000E+002    3.2080000000000E+003    3.9858540000000E+006    1.8823000000000E+004    5.3916890000000E+006    6.0042600000000E+005    6.0117980000000E+006
     226    8.2400000000000E+002    3.0970000000000E+003    3.9851050000000E+006    1.7768000000000E+004    5.3934980000000E+006    6.0053200000000E+005    6.0126220000000E+006
     227    7.7600000000000E+002    2.9360000000000E+003    3.9844420000000E+006    1.6825000000000E+004    5.3951630000000E+006    6.0063400000000E+005    6.0133980000000E+006
     228    7.4800000000000E+002    2.8110000000000E+003    3.9837910000000E+006    1.5959000000000E+004    5.3967250000000E+006    6.0071400000000E+005    6.0141460000000E+006
     229    7.4900000000000E+002    2.6610000000000E+003    3.9831930000000E+006    1.5080000000000E+004    5.3982440000000E+006    6.0082200000000E+005    6.0148950000000E+006
     230    6.6300000000000E+002    2.4720000000000E+003    3.9826330000000E+006    1.4334000000000E+004    5.3996620000000E+006    6.0089900000000E+005    6.0155580000000E+006
     231    6.5100000000000E+002    2.3220000000000E+003    3.9821200000000E+006    1.3623000000000E+004    5.4009550000000E+006    6.0098000000000E+005    6.0162090000000E+006
     232    5.9800000000000E+002    2.1740000000000E+003    3.9816170000000E+006    1.2900000000000E+004    5.4022540000000E+006    6.0105500000000E+005    6.0168070000000E+006
     233    5.6000000000000E+002    2.0370000000000E+003    3.9811560000000E+006    1.2188000000000E+004    5.4035000000000E+006    6.0111900000000E+005    6.0173670000000E+006
     234    5.1300000000000E+002    1.9370000000000E+003    3.9806960000000E+006    1.1560000000000E+004    5.4046080000000E+006    6.0119900000000E+005    6.0178800000000E+006
     235    5.0300000000000E+002    1.8900000000000E+003    3.9802300000000E+006    1.0966000000000E+004    5.4056400000000E+006    6.0127400000000E+005    6.0183830000000E+006
     236    4.6100000000000E+002    1.7900000000000E+003    3.9798270000000E+006    1.0342000000000E+004    5.4067040000000E+006    6.0133700000000E+005    6.0188440000000E+006
     237    4.6000000000000E+002    1.6920000000000E+003    3.9794640000000E+006    9.8180000000000E+003    5.4076270000000E+006    6.0139900000000E+005    6.0193040000000E+006
     238    4.6600000000000E+002    1.5980000000000E+003    3.9790980000000E+006    9.3140000000000E+003    5.4085370000000E+006    6.0145300000000E+005    6.0197700000000E+006
     239    4.0300000000000E+002    1.4950000000000E+003    3.9787350000000E+006    8.8320000000000E+003    5.4094330000000E+006    6.0150500000000E+005    6.0201730000000E+006
     240    3.6300000000000E+002    1.4750000000000E+003    3.9783520000000E+006    8.3750000000000E+003    5.4102400000000E+006    6.0155800000000E+005    6.0205360000000E+006
     241    3.6600000000000E+002    1.4260000000000E+003    3.9780380000000E+006    7.9140000000000E+003    5.4110170000000E+006    6.0160500000000E+005    6.0209020000000E+006
     242    3.6300000000000E+002    1.3670000000000E+003    3.9777310000000E+006    7.5040000000000E+003    5.4117500000000E+006    6.0164800000000E+005    6.0212650000000E+006
     243    3.8300000000000E+002    1.3130000000000E+003    3.9774220000000E+006    7.1190000000000E+003    5.4124540000000E+006    6.0169200000000E+005    6.0216480000000E+006
     244    3.1400000000000E+002    1.1760000000000E+003    3.9771760000000E+006    6.7530000000000E+003    5.4131590000000E+006    6.0173600000000E+005    6.0219620000000E+006
     245    3.0700000000000E+002    1.1170000000000E+003    3.9769210000000E+006    6.4040000000000E+003    5.4137850000000E+006    6.0177300000000E+005    6.0222690000000E+006
     246    3.0900000000000E+002    1.0440000000000E+003    3.9766870000000E+006    6.0600000000000E+003    5.4144070000000E+006    6.0180200000000E+005    6.0225780000000E+006
     247    2.4600000000000E+002    9.5700000000000E+002    3.9764650000000E+006    5.7710000000000E+003    5.4149760000000E+006    6.0183100000000E+005    6.0228240000000E+006
     248    2.5500000000000E+002    9.6200000000000E+002    3.9762140000000E+006    5.4570000000000E+003    5.4154950000000E+006    6.0187200000000E+005    6.0230790000000E+006
     249    2.3400000000000E+002    9.0900000000000E+002    3.9760120000000E+006    5.1990000000000E+003    5.4159720000000E+006    6.0190800000000E+005    6.0233130000000E+006
     250    2.2200000000000E+002    8.7700000000000E+002    3.9758100000000E+006    4.9300000000000E+003    5.4164460000000E+006    6.0193700000000E+005    6.0235350000000E+006
     251    2.5100000000000E+002    8.2800000000000E+002    3.9756370000000E+006    4.6910000000000E+003    5.4168790000000E+006    6.0196500000000E+005    6.0237860000000E+006
     252    2.0200000000000E+002    7.4300000000000E+002    3.9754710000000E+006    4.4820000000000E+003    5.4173030000000E+006    6.0200100000000E+005    6.0239880000000E+006
     253    2.0200000000000E+002    6.7200000000000E+002    3.9753400000000E+006    4.2180000000000E+003    5.4177390000000E+006    6.0203100000000E+005    6.0241900000000E+006
     254    1.7300000000000E+002    6.1000000000000E+002    3.9752000000000E+006    4.0170000000000E+003    5.4181140000000E+006    6.0205900000000E+005    6.0243630000000E+006
     255    1.6600000000000E+002    5.8100000000000E+002    3.9750560000000E+006    3.8270000000000E+003    5.4184580000000E+006    6.0207800000000E+005    6.0245290000000E+006
     256    1.3100000000000E+002    5.4900000000000E+002    3.9749220000000E+006    3.6270000000000E+003    5.4187990000000E+006    6.0210300000000E+005    6.0246600000000E+006
     257    1.4000000000000E+002    5.4300000000000E+002    3.9747970000000E+006    3.3950000000000E+003    5.4191450000000E+006    6.0212000000000E+005    6.0248000000000E+006
     258    1.4400000000000E+002    5.2400000000000E+002    3.9746760000000E+006    3.1520000000000E+003    5.4195060000000E+006    6.0214200000000E+005    6.0249440000000E+006
     259    1.3400000000000E+002    4.9200000000000E+002    3.9745640000000E+006    2.9820000000000E+003    5.4198030000000E+006    6.0215900000000E+005    6.0250780000000E+006
     260    1.2500000000000E+002    4.8800000000000E+002    3.9744340000000E+006    2.8090000000000E+003    5.4200870000000E+006    6.0218200000000E+005    6.0252030000000E+006
     261    1.2100000000000E+002    4.7400000000000E+002    3.9743230000000E+006    2.6250000000000E+003    5.4203860000000E+006    6.0219200000000E+005    6.0253240000000E+006
     262    1.1200000000000E+002    4.4800000000000E+002    3.9742280000000E+006    2.5000000000000E+003    5.4206220000000E+006    6.0220200000000E+005    6.0254360000000E+006
     263    1.3000000000000E+002    4.3500000000000E+002    3.9741290000000E+006    2.3570000000000E+003    5.4208630000000E+006    6.0221600000000E+005    6.0255660000000E+006
     264    1.1100000000000E+002    4.0200000000000E+002    3.9740320000000E+006    2.2530000000000E+003    5.4210820000000E+006    6.0223100000000E+005    6.0256770000000E+006
     265    9.5000000000000E+001    3.7100000000000E+002    3.9739520000000E+006    2.1420000000000E+003    5.4212920000000E+006    6.0224300000000E+005    6.0257720000000E+006
     266    9.9000000000000E+001    3.4600000000000E+002    3.9738820000000E+006    1.9860000000000E+003    5.4215300000000E+006    6.0225600000000E+005    6.0258710000000E+006
     267    9.7000000000000E+001    3.1400000000000E+002    3.9738150000000E+006    1.8830000000000E+003    5.4217230000000E+006    6.0226500000000E+005    6.0259680000000E+006
     268    8.0000000000000E+001    2.9400000000000E+002    3.9737380000000E+006    1.7780000000000E+003    5.4219140000000E+006    6.0227600000000E+005    6.0260480000000E+006
     269    7.0000000000000E+001    2.7300000000000E+002    3.9736790000000E+006    1.6850000000000E+003    5.4220810000000E+006    6.0228200000000E+005    6.0261180000000E+006
     270    6.7000000000000E+001    2.7300000000000E+002    3.9736090000000E+006    1.5890000000000E+003    5.4222360000000E+006    6.0229300000000E+005    6.0261850000000E+006
     271    7.7000000000000E+001    2.6300000000000E+002    3.9735520000000E+006    1.5250000000000E+003    5.4223590000000E+006    6.0230100000000E+005    6.0262620000000E+006
     272    5.9000000000000E+001    2.3700000000000E+002    3.9735010000000E+006    1.4620000000000E+003    5.4224880000000E+006    6.0231200000000E+005    6.0263210000000E+006
     273    7.0000000000000E+001    2.2800000000000E+002    3.9734510000000E+006    1.3770000000000E+003    5.4226220000000E+006    6.0232200000000E+005    6.0263910000000E+006
     274    5.7000000000000E+001    2.1100000000000E+002    3.9733980000000E+006    1.3130000000000E+003    5.4227470000000E+006    6.0233100000000E+005    6.0264480000000E+006
     275    5.1000000000000E+001    2.0700000000000E+002    3.9733450000000E+006    1.2450000000000E+003    5.4228690000000E+006    6.0233400000000E+005    6.0264990000000E+006
     276    5.0000000000000E+001    1.9700000000000E+002    3.9733040000000E+006    1.1750000000000E+003    5.4229860000000E+006    6.0233800000000E+005    6.0265490000000E+006
     277    5.3000000000000E+001    1.9200000000000E+002    3.9732590000000E+006    1.1130000000000E+003    5.4230890000000E+006    6.0234700000000E+005    6.0266020000000E+006
     278    5.3000000000000E+001    1.9800000000000E+002    3.9732000000000E+006    1.0360000000000E+003    5.4232110000000E+006    6.0235500000000E+005    6.0266550000000E+006
     279    4.1000000000000E+001    1.8400000000000E+002    3.9731610000000E+006    9.7800000000000E+002    5.4233120000000E+006    6.0236500000000E+005    6.0266960000000E+006
     280    4.5000000000000E+001    1.8000000000000E+002    3.9731240000000E+006    9.2400000000000E+002    5.4234020000000E+006    6.0237000000000E+005    6.0267410000000E+006
     281    5.9000000000000E+001    1.7600000000000E+002    3.9730830000000E+006    8.7000000000000E+002    5.4234920000000E+006    6.0237900000000E+005    6.0268000000000E+006
     282    3.9000000000000E+001    1.5000000000000E+002    3.9730500000000E+006    8.3200000000000E+002    5.4235840000000E+006    6.0238400000000E+005    6.0268390000000E+006
     283    3.7000000000000E+001    1.3500000000000E+002    3.9730260000000E+006    7.9100000000000E+002    5.4236620000000E+006    6.0238600000000E+005    6.0268760000000E+006
     284    4.1000000000000E+001    1.3800000000000E+002    3.9729860000000E+006    7.5800000000000E+002    5.4237270000000E+006    6.0239100000000E+005    6.0269170000000E+006
     285    3.3000000000000E+001    1.2000000000000E+002    3.9729630000000E+006    7.3200000000000E+002    5.4237890000000E+006    6.0239600000000E+005    6.0269500000000E+006
     286    2.4000000000000E+001    1.1600000000000E+002    3.9729340000000E+006    6.8800000000000E+002    5.4238600000000E+006    6.0240200000000E+005    6.0269740000000E+006
     287    4.0000000000000E+001    1.2100000000000E+002    3.9729050000000E+006    6.5300000000000E+002    5.4239160000000E+006    6.0240500000000E+005    6.0270140000000E+006
     288    2.3000000000000E+001    1.0600000000000E+002    3.9728800000000E+006    6.2300000000000E+002    5.4239840000000E+006    6.0240700000000E+005    6.0270370000000E+006
     289    2.9000000000000E+001    1.0800000000000E+002    3.9728550000000E+006    5.8900000000000E+002    5.4240380000000E+006    6.0241000000000E+005    6.0270660000000E+006
     290    2.9000000000000E+001    9.5000000000000E+001    3.9728390000000E+006    5.6700000000000E+002    5.4240840000000E+006    6.0241500000000E+005    6.0270950000000E+006
     291    2.5000000000000E+001    7.4000000000000E+001    3.9728310000000E+006    5.4600000000000E+002    5.4241270000000E+006    6.0242200000000E+005    6.0271200000000E+006
     292    2.5000000000000E+001    6.9000000000000E+001    3.9728110000000E+006    5.1800000000000E+002    5.4241750000000E+006    6.0242700000000E+005    6.0271450000000E+006
     293    1.6000000000000E+001    7.4000000000000E+001    3.9727810000000E+006    4.9000000000000E+002    5.4242260000000E+006    6.0242900000000E+005    6.0271610000000E+006
     294    8.0000000000000E+000    7.3000000000000E+001    3.9727660000000E+006    4.6500000000000E+002    5.4242630000000E+006    6.0243300000000E+005    6.0271690000000E+006
     295    2.0000000000000E+001    8.2000000000000E+001    3.9727490000000E+006    4.2800000000000E+002    5.4243070000000E+006    6.0243400000000E+005    6.0271890000000E+006
     296    3.0000000000000E+001    8.1000000000000E+001    3.9727300000000E+006    3.8900000000000E+002    5.4243650000000E+006    6.0243500000000E+005    6.0272190000000E+006
     297    1.5000000000000E+001    6.0000000000000E+001    3.9727210000000E+006    3.8000000000000E+002    5.4244010000000E+006    6.0243800000000E+005    6.0272340000000E+006
     298    1.7000000000000E+001    5.4000000000000E+001    3.9727120000000E+006    3.5800000000000E+002    5.4244380000000E+006    6.0243800000000E+005    6.0272510000000E+006
     299    1.9000000000000E+001    5.3000000000000E+001    3.9726960000000E+006    3.3400000000000E+002    5.4244780000000E+006    6.0243900000000E+005    6.0272700000000E+006
     300    9.0000000000000E+000    4.3000000000000E+001    3.9726870000000E+006    3.2000000000000E+002    5.4245100000000E+006    6.0244000000000E+005    6.0272790000000E+006
     301    9.0000000000000E+000    4.7000000000000E+001    3.9726740000000E+006    3.0500000000000E+002    5.4245290000000E+006    6.0244500000000E+005    6.0272880000000E+006
     302    1.6000000000000E+001    5.2000000000000E+001    3.9726600000000E+006    2.7400000000000E+002    5.4245670000000E+006    6.0244700000000E+005    6.0273040000000E+006
     303    9.0000000000000E+000    4.6000000000000E+001    3.9726500000000E+006    2.6700000000000E+002    5.4245890000000E+006    6.0244800000000E+005    6.0273130000000E+006
     304    1.3000000000000E+001    5.0000000000000E+001    3.9726370000000E+006    2.4700000000000E+002    5.4246170000000E+006    6.0244900000000E+005    6.0273260000000E+006
     305    1.4000000000000E+001    4.8000000000000E+001    3.9726260000000E+006    2.3100000000000E+002    5.4246460000000E+006    6.0244900000000E+005    6.0273400000000E+006
     306    1.0000000000000E+001    4.5000000000000E+001    3.9726150000000E+006    2.2000000000000E+002    5.4246690000000E+006    6.0245100000000E+005    6.0273500000000E+006
     307    1.3000000000000E+001    4.6000000000000E+001    3.9726040000000E+006    2.0500000000000E+002    5.4246920000000E+006    6.0245300000000E+005    6.0273630000000E+006
     308    1.1000000000000E+001    4.1000000000000E+001    3.9725960000000E+006    2.0200000000000E+002    5.4247060000000E+006    6.0245500000000E+005    6.0273740000000E+006
     309    1.1000000000000E+001    3.8000000000000E+001    3.9725880000000E+006    2.0500000000000E+002    5.4247120000000E+006    6.0245700000000E+005    6.0273850000000E+006
     310    1.1000000000000E+001    3.9000000000000E+001    3.9725760000000E+006    1.9600000000000E+002    5.4247320000000E+006    6.0245700000000E+005    6.0273960000000E+006
     311    8.0000000000000E+000    4.0000000000000E+001    3.9725640000000E+006    1.7700000000000E+002    5.4247620000000E+006    6.0245700000000E+005    6.0274040000000E+006
     312    8.0000000000000E+000    3.9000000000000E+001    3.9725570000000E+006    1.7000000000000E+002    5.4247770000000E+006    6.0245700000000E+005    6.0274120000000E+006
     313    1.2000000000000E+001    3.7000000000000E+001    3.9725510000000E+006    1.6100000000000E+002    5.4247930000000E+006    6.0245800000000E+005    6.0274240000000E+006
     314    1.2000000000000E+001    3.4000000000000E+001    3.9725420000000E+006    1.5400000000000E+002    5.4248110000000E+006    6.0245900000000E+005    6.0274360000000E+006
     315    7.0000000000000E+000    3.0000000000000E+001    3.9725340000000E+006    1.5700000000000E+002    5.4248190000000E+006    6.0246000000000E+005    6.0274430000000E+006
     316    6.0000000000000E+000    2.7000000000000E+001    3.9725300000000E+006    1.5500000000000E+002    5.4248260000000E+006    6.0246200000000E+005    6.0274490000000E+006
     317    9.0000000000000E+000    3.0000000000000E+001    3.9725210000000E+006    1.4500000000000E+002    5.4248420000000E+006    6.0246200000000E+005    6.0274580000000E+006
     318    8.0000000000000E+000    2.9000000000000E+001    3.9725130000000E+006    1.4500000000000E+002    5.4248500000000E+006    6.0246300000000E+005    6.0274660000000E+006
     319    4.0000000000000E+000    2.5000000000000E+001    3.9725090000000E+006    1.4000000000000E+002    5.4248620000000E+006    6.0246400000000E+005    6.0274700000000E+006
     320    9.0000000000000E+000    2.8000000000000E+001    3.9725020000000E+006    1.3000000000000E+002    5.4248750000000E+006    6.0246500000000E+005    6.0274790000000E+006
     321    8.0000000000000E+000    2.2000000000000E+001    3.9724990000000E+006    1.2900000000000E+002    5.4248850000000E+006    6.0246500000000E+005    6.0274870000000E+006
     322    4.0000000000000E+000    1.6000000000000E+001    3.9724970000000E+006    1.2400000000000E+002    5.4248950000000E+006    6.0246800000000E+005    6.0274910000000E+006
     323    7.0000000000000E+000    1.5000000000000E+001    3.9724940000000E+006    1.1700000000000E+002    5.4249040000000E+006    6.0247000000000E+005    6.0274980000000E+006
     324    3.0000000000000E+000    1.3000000000000E+001    3.9724890000000E+006    1.1300000000000E+002    5.4249150000000E+006    6.0247000000000E+005    6.0275010000000E+006
     325    2.0000000000000E+000    1.1000000000000E+001    3.9724880000000E+006    1.0500000000000E+002    5.4249260000000E+006    6.0247000000000E+005    6.0275030000000E+006
     326    3.0000000000000E+000    1.4000000000000E+001    3.9724830000000E+006    9.9000000000000E+001    5.4249320000000E+006    6.0247200000000E+005    6.0275060000000E+006
     327    5.0000000000000E+000    1.4000000000000E+001    3.9724800000000E+006    9.4000000000000E+001    5.4249400000000E+006    6.0247200000000E+005    6.0275110000000E+006
     328    1.0000000000000E+000    9.0000000000000E+000    3.9724800000000E+006    8.7000000000000E+001    5.4249520000000E+006    6.0247200000000E+005    6.0275120000000E+006
     329    5.0000000000000E+000    1.0000000000000E+001    3.9724780000000E+006    7.6000000000000E+001    5.4249630000000E+006    6.0247300000000E+005    6.0275170000000E+006
     330    3.0000000000000E+000    8.0000000000000E+000    3.9724750000000E+006    7.4000000000000E+001    5.4249700000000E+006    6.0247300000000E+005    6.0275200000000E+006
     331    0.0000000000000E+000    8.0000000000000E+000    3.9724720000000E+006    7.1000000000000E+001    5.4249760000000E+006    6.0247300000000E+005    6.0275200000000E+006
     332    2.0000000000000E+000    1.0000000000000E+001    3.9724700000000E+006    6.2000000000000E+001    5.4249850000000E+006    6.0247300000000E+005    6.0275220000000E+006
     333    3.0000000000000E+000    8.0000000000000E+000    3.9724700000000E+006    5.6000000000000E+001    5.4249930000000E+006    6.0247300000000E+005    6.0275250000000E+006
     334    3.0000000000000E+000    1.0000000000000E+001    3.9724650000000E+006    5.5000000000000E+001    5.4249970000000E+006    6.0247300000000E+005    6.0275280000000E+006
     335    2.0000000000000E+000    1.0000000000000E+001    3.9724620000000E+006    4.9000000000000E+001    5.4250060000000E+006    6.0247300000000E+005    6.0275300000000E+006
     336    0.0000000000000E+000    9.0000000000000E+000    3.9724610000000E+006    4.3000000000000E+001    5.4250140000000E+006    6.0247300000000E+005    6.0275300000000E+006
     337    5.0000000000000E+000    1.0000000000000E+001    3.9724600000000E+006    3.9000000000000E+001    5.4250180000000E+006    6.0247300000000E+005    6.0275350000000E+006
     338    3.0000000000000E+000    7.0000000000000E+000    3.9724580000000E+006    3.7000000000000E+001    5.4250250000000E+006    6.0247300000000E+005    6.0275380000000E+006
     339    1.0000000000000E+000    4.0000000000000E+000    3.9724580000000E+006    3.7000000000000E+001    5.4250280000000E+006    6.0247300000000E+005    6.0275390000000E+006
     340    1.0000000000000E+000    3.0000000000000E+000    3.9724580000000E+006    3.6000000000000E+001    5.4250300000000E+006    6.0247300000000E+005    6.0275400000000E+006
     341    2.0000000000000E+000    2.0000000000000E+000    3.9724580000000E+006    3.4000000000000E+001    5.4250330000000E+006    6.0247300000000E+005    6.0275420000000E+006
     342    0.0000000000000E+000    0.0000000000000E+000    3.9724580000000E+006    3.1000000000000E+001    5.4250370000000E+006    6.0247400000000E+005    6.0275420000000E+006
     343    0.0000000000000E+000    0.0000000000000E+000    3.9724580000000E+006    3.0000000000000E+001    5.4250380000000E+006    6.0247400000000E+005    6.0275420000000E+006
     344    0.0000000000000E+000    2.0000000000000E+000    3.9724560000000E+006    2.5000000000000E+001    5.4250430000000E+006    6.0247400000000E+005    6.0275420000000E+006
     345    0.0000000000000E+000    3.0000000000000E+000    3.9724550000000E+006    2.2000000000000E+001    5.4250460000000E+006    6.0247400000000E+005    6.0275420000000E+006
     346    0.0000000000000E+000    4.0000000000000E+000    3.9724540000000E+006    2.2000000000000E+001    5.4250460000000E+006    6.0247400000000E+005    6.0275420000000E+006
     347    2.0000000000000E+000    5.0000000000000E+000    3.9724530000000E+006    2.0000000000000E+001    5.4250480000000E+006    6.0247400000000E+005    6.0275440000000E+006
     348    1.0000000000000E+000    4.0000000000000E+000    3.9724520000000E+006    1.9000000000000E+001    5.4250510000000E+006    6.0247400000000E+005    6.0275450000000E+006
     349    1.0000000000000E+000    6.0000000000000E+000    3.9724490000000E+006    1.7000000000000E+001    5.4250540000000E+006    6.0247400000000E+005    6.0275460000000E+006
     350    1.0000000000000E+000    5.0000000000000E+000    3.9724490000000E+006    1.6000000000000E+001    5.4250560000000E+006    6.0247400000000E+005    6.0275470000000E+006
     351    1.0000000000000E+000    4.0000000000000E+000    3.9724490000000E+006    1.7000000000000E+001    5.4250560000000E+006    6.0247400000000E+005    6.0275480000000E+006
     352    3.0000000000000E+000    4.0000000000000E+000    3.9724480000000E+006    1.3000000000000E+001    5.4250610000000E+006    6.0247400000000E+005    6.0275510000000E+006
     353    0.0000000000000E+000    1.0000000000000E+000    3.9724480000000E+006    1.3000000000000E+001    5.4250640000000E+006    6.0247400000000E+005    6.0275510000000E+006
     354    0.0000000000000E+000    1.0000000000000E+000    3.9724480000000E+006    1.2000000000000E+001    5.4250640000000E+006    6.0247500000000E+005    6.0275510000000E+006
     355    1.0000000000000E+000    1.0000000000000E+000    3.9724480000000E+006    1.1000000000000E+001    5.4250650000000E+006    6.0247500000000E+005    6.0275520000000E+006
     356    0.0000000000000E+000    0.0000000000000E+000    3.9724480000000E+006    1.0000000000000E+001    5.4250660000000E+006    6.0247600000000E+005    6.0275520000000E+006
     357    0.0000000000000E+000    3.0000000000000E+000    3.9724450000000E+006    1.0000000000000E+001    5.4250660000000E+006    6.0247600000000E+005    6.0275520000000E+006
     358    0.0000000000000E+000    3.0000000000000E+000    3.9724450000000E+006    1.0000000000000E+001    5.4250660000000E+006    6.0247600000000E+005    6.0275520000000E+006
     359    0.0000000000000E+000    4.0000000000000E+000    3.9724440000000E+006    1.0000000000000E+001    5.4250660000000E+006    6.0247600000000E+005    6.0275520000000E+006
     360    3.0000000000000E+000    4.0000000000000E+000    3.9724440000000E+006    1.0000000000000E+001    5.4250660000000E+006    6.0247600000000E+005    6.0275550000000E+006
     361    0.0000000000000E+000    1.0000000000000E+000    3.9724440000000E+006    1.3000000000000E+001    5.4250660000000E+006    6.0247600000000E+005    6.0275550000000E+006
     362    1.0000000000000E+000    1.0000000000000E+000    3.9724440000000E+006    1.1000000000000E+001    5.4250680000000E+006    6.0247600000000E+005    6.0275560000000E+006
     363    0.0000000000000E+000    0.0000000000000E+000    3.9724440000000E+006    1.1000000000000E+001    5.4250690000000E+006    6.0247600000000E+005    6.0275560000000E+006
     364    0.0000000000000E+000    0.0000000000000E+000    3.9724440000000E+006    1.0000000000000E+001    5.4250700000000E+006    6.0247600000000E+005    6.0275560000000E+006
     365    0.0000000000000E+000    0.0000000000000E+000    3.9724440000000E+006    9.0000000000000E+000    5.4250710000000E+006    6.0247600000000E+005    6.0275560000000E+006
     366    0.0000000000000E+000    0.0000000000000E+000    3.9724440000000E+006    8.0000000000000E+000    5.4250720000000E+006    6.0247600000000E+005    6.0275560000000E+006
     367    0.0000000000000E+000    0.0000000000000E+000    3.9724440000000E+006    5.0000000000000E+000    5.4250750000000E+006    6.0247600000000E+005    6.0275560000000E+006
     368    0.0000000000000E+000    0.0000000000000E+000    3.9724440000000E+006    5.0000000000000E+000    5.4250750000000E+006    6.0247600000000E+005    6.0275560000000E+006
     369    0.0000000000000E+000    0.0000000000000E+000    3.9724440000000E+006    5.0000000000000E+000    5.4250750000000E+006    6.0247600000000E+005    6.0275560000000E+006
     370    0.0000000000000E+000    2.0000000000000E+000    3.9724420000000E+006    4.0000000000000E+000    5.4250760000000E+006    6.0247600000000E+005    6.0275560000000E+006
     371    0.0000000000000E+000    2.0000000000000E+000    3.9724420000000E+006    4.0000000000000E+000    5.4250760000000E+006    6.0247600000000E+005    6.0275560000000E+006
     372    0.0000000000000E+000    2.0000000000000E+000    3.9724420000000E+006    4.0000000000000E+000    5.4250760000000E+006    6.0247600000000E+005    6.0275560000000E+006
     373    2.0000000000000E+000    2.0000000000000E+000    3.9724420000000E+006    4.0000000000000E+000    5.4250760000000E+006    6.0247600000000E+005    6.0275580000000E+006
     374    0.0000000000000E+000    1.0000000000000E+000    3.9724410000000E+006    6.0000000000000E+000    5.4250760000000E+006    6.0247600000000E+005    6.0275580000000E+006
     375    0.0000000000000E+000    1.0000000000000E+000    3.9724410000000E+006    3.0000000000000E+000    5.4250790000000E+006    6.0247600000000E+005    6.0275580000000E+006
     376    0.0000000000000E+000    1.0000000000000E+000    3.9724410000000E+006    3.0000000000000E+000    5.4250790000000E+006    6.0247600000000E+005    6.0275580000000E+006
     377    1.0000000000000E+000    1.0000000000000E+000    3.9724410000000E+006    2.0000000000000E+000    5.4250800000000E+006    6.0247600000000E+005    6.0275590000000E+006
     378    0.0000000000000E+000    0.0000000000000E+000    3.9724410000000E+006    3.0000000000000E+000    5.4250800000000E+006    6.0247600000000E+005    6.0275590000000E+006
     379    0.0000000000000E+000    0.0000000000000E+000    3.9724410000000E+006    3.0000000000000E+000    5.4250800000000E+006    6.0247600000000E+005    6.0275590000000E+006
     380    0.0000000000000E+000    0.0000000000000E+000    3.9724410000000E+006    3.0000000000000E+000    5.4250800000000E+006    6.0247600000000E+005    6.0275590000000E+006
     381    0.0000000000000E+000    0.0000000000000E+000    3.9724410000000E+006    3.0000000000000E+000    5.4250800000000E+006    6.0247600000000E+005    6.0275590000000E+006
     382    0.0000000000000E+000    0.0000000000000E+000    3.9724410000000E+006    3.0000000000000E+000    5.4250800000000E+006    6.0247600000000E+005    6.0275590000000E+006
     383    0.0000000000000E+000    0.0000000000000E+000    3.9724410000000E+006    3.0000000000000E+000    5.4250800000000E+006    6.0247600000000E+005    6.0275590000000E+006
     384    0.0000000000000E+000    0.0000000000000E+000    3.9724410000000E+006    3.0000000000000E+000    5.4250800000000E+006    6.0247600000000E+005    6.0275590000000E+006
     385    0.0000000000000E+000    0.0000000000000E+000    3.9724410000000E+006    3.0000000000000E+000    5.4250800000000E+006    6.0247600000000E+005    6.0275590000000E+006
     386    0.0000000000000E+000    0.0000000000000E+000    3.9724410000000E+006    3.0000000000000E+000    5.4250800000000E+006    6.0247600000000E+005    6.0275590000000E+006
     387    0.0000000000000E+000    0.0000000000000E+000    3.9724410000000E+006    3.0000000000000E+000    5.4250800000000E+006    6.0247600000000E+005    6.0275590000000E+006
     388    0.0000000000000E+000    0.0000000000000E+000    3.9724410000000E+006    1.0000000000000E+000    5.4250820000000E+006    6.0247600000000E+005    6.0275590000000E+006
     389    0.0000000000000E+000    0.0000000000000E+000    3.9724410000000E+006    1.0000000000000E+000    5.4250820000000E+006    6.0247600000000E+005    6.0275590000000E+006
     390    0.0000000000000E+000    0.0000000000000E+000    3.9724410000000E+006    1.0000000000000E+000    5.4250820000000E+006    6.0247600000000E+005    6.0275590000000E+006
     391    0.0000000000000E+000    0.0000000000000E+000    3.9724410000000E+006    1.0000000000000E+000    5.4250820000000E+006    6.0247600000000E+005    6.0275590000000E+006
     392    0.0000000000000E+000    0.0000000000000E+000    3.9724410000000E+006    0.0000000000000E+000    5.4250830000000E+006    6.0247600000000E+005    6.0275590000000E+006
     393    0.0000000000000E+000    0.0000000000000E+000    3.9724410000000E+006    0.0000000000000E+000    5.4250830000000E+006    6.0247600000000E+005    6.0275590000000E+006
     394    0.0000000000000E+000    0.0000000000000E+000    3.9724410000000E+006    0.0000000000000E+000    5.4250830000000E+006    6.0247600000000E+005    6.0275590000000E+006
     395    0.0000000000000E+000    0.0000000000000E+000    3.9724410000000E+006    0.0000000000000E+000    5.4250830000000E+006    6.0247600000000E+005    6.0275590000000E+006
     396    0.0000000000000E+000    0.0000000000000E+000    0.0000000000000E+000    0.0000000000000E+000    0.0000000000000E+000    0.0000000000000E+000    6.0275590000000E+006
     397    0.0000000000000E+000    0.0000000000000E+000    0.0000000000000E+000    0.0000000000000E+000    0.0000000000000E+000    0.0000000000000E+000    6.0275590000000E+006
     398    0.0000000000000E+000    0.0000000000000E+000    0.0000000000000E+000    0.0000000000000E+000    0.0000000000000E+000    0.0000000000000E+000    6.0275590000000E+006
     399    0.0000000000000E+000    0.0000000000000E+000    0.0000000000000E+000    0.0000000000000E+000    0.0000000000000E+000    0.0000000000000E+000    6.0275590000000E+006
     400    0.0000000000000E+000    0.0000000000000E+000    0.0000000000000E+000    0.0000000000000E+000    0.0000000000000E+000    0.0000000000000E+000    6.0275590000000E+006
