       0    0.0000000000000E+000    9.9999900000000E+005    1.0000000000000E+000    0.0000000000000E+000    0.0000000000000E+000    1.0000000000000E+000
       1    0.0000000000000E+000    9.9999900000000E+005    1.0000000000000E+000    0.0000000000000E+000    0.0000000000000E+000    1.0000000000000E+000
       2    0.0000000000000E+000    9.9999900000000E+005    1.0000000000000E+000    0.0000000000000E+000    0.0000000000000E+000    1.0000000000000E+000
       3    0.0000000000000E+000    9.9999900000000E+005    1.0000000000000E+000    0.0000000000000E+000    0.0000000000000E+000    1.0000000000000E+000
       4    0.0000000000000E+000    9.9999900000000E+005    1.0000000000000E+000    0.0000000000000E+000    0.0000000000000E+000    1.0000000000000E+000
       5    0.0000000000000E+000    9.9999900000000E+005    1.0000000000000E+000    0.0000000000000E+000    0.0000000000000E+000    1.0000000000000E+000
       6    3.0000000000000E+000    9.9999600000000E+005    1.0000000000000E+000    0.0000000000000E+000    0.0000000000000E+000    1.0000000000000E+000
       7    3.0000000000000E+000    9.9999600000000E+005    1.0000000000000E+000    0.0000000000000E+000    0.0000000000000E+000    1.0000000000000E+000
       8    3.0000000000000E+000    9.9999600000000E+005    1.0000000000000E+000    0.0000000000000E+000    0.0000000000000E+000    1.0000000000000E+000
       9    3.0000000000000E+000    9.9999600000000E+005    1.0000000000000E+000    0.0000000000000E+000    0.0000000000000E+000    1.0000000000000E+000
      10    0.0000000000000E+000    9.9999600000000E+005    4.0000000000000E+000    0.0000000000000E+000    0.0000000000000E+000    4.0000000000000E+000
      11    2.0000000000000E+000    9.9999400000000E+005    4.0000000000000E+000    0.0000000000000E+000    0.0000000000000E+000    4.0000000000000E+000
      12    3.0000000000000E+000    9.9999300000000E+005    4.0000000000000E+000    0.0000000000000E+000    0.0000000000000E+000    4.0000000000000E+000
      13    3.0000000000000E+000    9.9999300000000E+005    4.0000000000000E+000    0.0000000000000E+000    0.0000000000000E+000    4.0000000000000E+000
      14    3.0000000000000E+000    9.9999300000000E+005    4.0000000000000E+000   -1.0000000000000E+000    1.0000000000000E+000    4.0000000000000E+000
      15    1.0000000000000E+000    9.9999300000000E+005    6.0000000000000E+000   -1.0000000000000E+000    1.0000000000000E+000    6.0000000000000E+000
      16    0.0000000000000E+000    9.9999300000000E+005    7.0000000000000E+000   -1.0000000000000E+000    1.0000000000000E+000    7.0000000000000E+000
      17    5.0000000000000E+000    9.9998800000000E+005    7.0000000000000E+000   -1.0000000000000E+000    1.0000000000000E+000    7.0000000000000E+000
      18    5.0000000000000E+000    9.9998800000000E+005    6.0000000000000E+000    0.0000000000000E+000    1.0000000000000E+000    7.0000000000000E+000
      19    5.0000000000000E+000    9.9998800000000E+005    6.0000000000000E+000    0.0000000000000E+000    1.0000000000000E+000    7.0000000000000E+000
      20    5.0000000000000E+000    9.9998800000000E+005    6.0000000000000E+000    0.0000000000000E+000    1.0000000000000E+000    7.0000000000000E+000
      21    0.0000000000000E+000    9.9998800000000E+005    1.1000000000000E+001    0.0000000000000E+000    1.0000000000000E+000    1.2000000000000E+001
      22    2.0000000000000E+000    9.9998600000000E+005    1.1000000000000E+001    0.0000000000000E+000    1.0000000000000E+000    1.2000000000000E+001
      23    8.0000000000000E+000    9.9998000000000E+005    1.1000000000000E+001    0.0000000000000E+000    1.0000000000000E+000    1.2000000000000E+001
      24    9.0000000000000E+000    9.9997900000000E+005    8.0000000000000E+000    3.0000000000000E+000    1.0000000000000E+000    1.2000000000000E+001
      25    1.6000000000000E+001    9.9997200000000E+005    8.0000000000000E+000    3.0000000000000E+000    1.0000000000000E+000    1.2000000000000E+001
      26    1.4000000000000E+001    9.9997200000000E+005    1.0000000000000E+001    3.0000000000000E+000    1.0000000000000E+000    1.4000000000000E+001
      27    9.0000000000000E+000    9.9997100000000E+005    1.6000000000000E+001    3.0000000000000E+000    1.0000000000000E+000    2.0000000000000E+001
      28    1.0000000000000E+001    9.9996900000000E+005    1.7000000000000E+001    3.0000000000000E+000    1.0000000000000E+000    2.1000000000000E+001
      29    1.1000000000000E+001    9.9996100000000E+005    2.2000000000000E+001    5.0000000000000E+000    1.0000000000000E+000    2.8000000000000E+001
      30    1.8000000000000E+001    9.9995400000000E+005    2.1000000000000E+001    6.0000000000000E+000    1.0000000000000E+000    2.8000000000000E+001
      31    2.4000000000000E+001    9.9994700000000E+005    2.2000000000000E+001    5.0000000000000E+000    2.0000000000000E+000    2.9000000000000E+001
      32    2.4000000000000E+001    9.9994500000000E+005    2.4000000000000E+001    5.0000000000000E+000    2.0000000000000E+000    3.1000000000000E+001
      33    2.4000000000000E+001    9.9993700000000E+005    3.2000000000000E+001    5.0000000000000E+000    2.0000000000000E+000    3.9000000000000E+001
      34    2.1000000000000E+001    9.9993300000000E+005    3.9000000000000E+001    5.0000000000000E+000    2.0000000000000E+000    4.6000000000000E+001
      35    2.6000000000000E+001    9.9992100000000E+005    4.1000000000000E+001    1.0000000000000E+001    2.0000000000000E+000    5.3000000000000E+001
      36    3.7000000000000E+001    9.9990800000000E+005    4.3000000000000E+001    9.0000000000000E+000    3.0000000000000E+000    5.5000000000000E+001
      37    3.8000000000000E+001    9.9989900000000E+005    5.1000000000000E+001    9.0000000000000E+000    3.0000000000000E+000    6.3000000000000E+001
      38    4.2000000000000E+001    9.9989100000000E+005    5.5000000000000E+001    9.0000000000000E+000    3.0000000000000E+000    6.7000000000000E+001
      39    4.4000000000000E+001    9.9987700000000E+005    6.7000000000000E+001    8.0000000000000E+000    4.0000000000000E+000    7.9000000000000E+001
      40    4.6000000000000E+001    9.9986200000000E+005    7.8000000000000E+001    1.0000000000000E+001    4.0000000000000E+000    9.2000000000000E+001
      41    5.9000000000000E+001    9.9984000000000E+005    8.1000000000000E+001    1.5000000000000E+001    5.0000000000000E+000    1.0100000000000E+002
      42    6.8000000000000E+001    9.9982300000000E+005    8.8000000000000E+001    1.3000000000000E+001    8.0000000000000E+000    1.0900000000000E+002
      43    6.6000000000000E+001    9.9981100000000E+005    9.5000000000000E+001    2.0000000000000E+001    8.0000000000000E+000    1.2300000000000E+002
      44    7.7000000000000E+001    9.9978500000000E+005    1.1000000000000E+002    1.8000000000000E+001    1.0000000000000E+001    1.3800000000000E+002
      45    7.3000000000000E+001    9.9976700000000E+005    1.3100000000000E+002    1.9000000000000E+001    1.0000000000000E+001    1.6000000000000E+002
      46    9.3000000000000E+001    9.9973000000000E+005    1.4600000000000E+002    2.0000000000000E+001    1.1000000000000E+001    1.7700000000000E+002
      47    1.1300000000000E+002    9.9969800000000E+005    1.5000000000000E+002    2.8000000000000E+001    1.1000000000000E+001    1.8900000000000E+002
      48    1.2000000000000E+002    9.9966500000000E+005    1.6900000000000E+002    3.3000000000000E+001    1.3000000000000E+001    2.1500000000000E+002
      49    1.4600000000000E+002    9.9962100000000E+005    1.8000000000000E+002    3.6000000000000E+001    1.7000000000000E+001    2.3300000000000E+002
      50    1.7200000000000E+002    9.9955800000000E+005    2.1500000000000E+002    3.5000000000000E+001    2.0000000000000E+001    2.7000000000000E+002
      51    1.9900000000000E+002    9.9949900000000E+005    2.3900000000000E+002    4.3000000000000E+001    2.0000000000000E+001    3.0200000000000E+002
      52    2.3600000000000E+002    9.9942900000000E+005    2.6800000000000E+002    4.5000000000000E+001    2.2000000000000E+001    3.3500000000000E+002
      53    2.5600000000000E+002    9.9936500000000E+005    3.0000000000000E+002    5.6000000000000E+001    2.3000000000000E+001    3.7900000000000E+002
      54    2.8100000000000E+002    9.9927700000000E+005    3.5000000000000E+002    6.6000000000000E+001    2.6000000000000E+001    4.4200000000000E+002
      55    3.1000000000000E+002    9.9918900000000E+005    4.0000000000000E+002    7.2000000000000E+001    2.9000000000000E+001    5.0100000000000E+002
      56    3.4000000000000E+002    9.9908900000000E+005    4.6200000000000E+002    7.6000000000000E+001    3.3000000000000E+001    5.7100000000000E+002
      57    4.0200000000000E+002    9.9896300000000E+005    5.1200000000000E+002    8.5000000000000E+001    3.8000000000000E+001    6.3500000000000E+002
      58    4.4200000000000E+002    9.9883500000000E+005    5.8500000000000E+002    9.5000000000000E+001    4.3000000000000E+001    7.2300000000000E+002
      59    5.1000000000000E+002    9.9867900000000E+005    6.5100000000000E+002    1.1300000000000E+002    4.7000000000000E+001    8.1100000000000E+002
      60    5.7400000000000E+002    9.9851500000000E+005    7.3400000000000E+002    1.2600000000000E+002    5.1000000000000E+001    9.1100000000000E+002
      61    6.2300000000000E+002    9.9834000000000E+005    8.4800000000000E+002    1.3300000000000E+002    5.6000000000000E+001    1.0370000000000E+003
      62    7.1700000000000E+002    9.9811800000000E+005    9.5000000000000E+002    1.4700000000000E+002    6.8000000000000E+001    1.1650000000000E+003
      63    8.5100000000000E+002    9.9782800000000E+005    1.0880000000000E+003    1.5200000000000E+002    8.1000000000000E+001    1.3210000000000E+003
      64    9.7600000000000E+002    9.9753900000000E+005    1.2150000000000E+003    1.7900000000000E+002    9.1000000000000E+001    1.4850000000000E+003
      65    1.1540000000000E+003    9.9718600000000E+005    1.3580000000000E+003    1.9700000000000E+002    1.0500000000000E+002    1.6600000000000E+003
      66    1.2920000000000E+003    9.9682600000000E+005    1.5470000000000E+003    2.1600000000000E+002    1.1900000000000E+002    1.8820000000000E+003
      67    1.4500000000000E+003    9.9637800000000E+005    1.7930000000000E+003    2.4300000000000E+002    1.3600000000000E+002    2.1720000000000E+003
      68    1.6530000000000E+003    9.9588600000000E+005    2.0190000000000E+003    2.9500000000000E+002    1.4700000000000E+002    2.4610000000000E+003
      69    1.9180000000000E+003    9.9526800000000E+005    2.3130000000000E+003    3.3300000000000E+002    1.6800000000000E+002    2.8140000000000E+003
      70    2.2190000000000E+003    9.9460700000000E+005    2.6030000000000E+003    3.7600000000000E+002    1.9500000000000E+002    3.1740000000000E+003
      71    2.4750000000000E+003    9.9390300000000E+005    2.9870000000000E+003    4.0600000000000E+002    2.2900000000000E+002    3.6220000000000E+003
      72    2.8420000000000E+003    9.9304400000000E+005    3.3910000000000E+003    4.5600000000000E+002    2.6700000000000E+002    4.1140000000000E+003
      73    3.2130000000000E+003    9.9205500000000E+005    3.9210000000000E+003    4.9900000000000E+002    3.1200000000000E+002    4.7320000000000E+003
      74    3.6290000000000E+003    9.9097800000000E+005    4.4820000000000E+003    5.6500000000000E+002    3.4600000000000E+002    5.3930000000000E+003
      75    4.2150000000000E+003    9.8968800000000E+005    5.0600000000000E+003    6.4100000000000E+002    3.9600000000000E+002    6.0970000000000E+003
      76    4.8370000000000E+003    9.8820700000000E+005    5.7910000000000E+003    7.2700000000000E+002    4.3800000000000E+002    6.9560000000000E+003
      77    5.5350000000000E+003    9.8652000000000E+005    6.6240000000000E+003    8.1900000000000E+002    5.0200000000000E+002    7.9450000000000E+003
      78    6.2500000000000E+003    9.8472800000000E+005    7.5370000000000E+003    9.3400000000000E+002    5.5100000000000E+002    9.0220000000000E+003
      79    7.0690000000000E+003    9.8261900000000E+005    8.6520000000000E+003    1.0370000000000E+003    6.2300000000000E+002    1.0312000000000E+004
      80    8.0060000000000E+003    9.8020100000000E+005    9.9110000000000E+003    1.1780000000000E+003    7.0400000000000E+002    1.1793000000000E+004
      81    8.9850000000000E+003    9.7753500000000E+005    1.1308000000000E+004    1.3600000000000E+003    8.1200000000000E+002    1.3480000000000E+004
      82    1.0262000000000E+004    9.7446600000000E+005    1.2811000000000E+004    1.5290000000000E+003    9.3200000000000E+002    1.5272000000000E+004
      83    1.1617000000000E+004    9.7100200000000E+005    1.4567000000000E+004    1.7740000000000E+003    1.0400000000000E+003    1.7381000000000E+004
      84    1.3137000000000E+004    9.6706400000000E+005    1.6625000000000E+004    1.9900000000000E+003    1.1840000000000E+003    1.9799000000000E+004
      85    1.5107000000000E+004    9.6242800000000E+005    1.8843000000000E+004    2.2830000000000E+003    1.3390000000000E+003    2.2465000000000E+004
      86    1.7025000000000E+004    9.5744100000000E+005    2.1420000000000E+004    2.5800000000000E+003    1.5340000000000E+003    2.5534000000000E+004
      87    1.9359000000000E+004    9.5164300000000E+005    2.4266000000000E+004    2.9710000000000E+003    1.7610000000000E+003    2.8998000000000E+004
      88    2.2004000000000E+004    9.4506000000000E+005    2.7543000000000E+004    3.3970000000000E+003    1.9960000000000E+003    3.2936000000000E+004
      89    2.4788000000000E+004    9.3764000000000E+005    3.1475000000000E+004    3.8590000000000E+003    2.2380000000000E+003    3.7572000000000E+004
      90    2.8188000000000E+004    9.2925300000000E+005    3.5603000000000E+004    4.3970000000000E+003    2.5590000000000E+003    4.2559000000000E+004
      91    3.1644000000000E+004    9.1999900000000E+005    4.0412000000000E+004    5.0630000000000E+003    2.8820000000000E+003    4.8357000000000E+004
      92    3.5293000000000E+004    9.0976700000000E+005    4.5918000000000E+004    5.7470000000000E+003    3.2750000000000E+003    5.4940000000000E+004
      93    3.9223000000000E+004    8.9841700000000E+005    5.2048000000000E+004    6.6110000000000E+003    3.7010000000000E+003    6.2360000000000E+004
      94    4.3711000000000E+004    8.8554200000000E+005    5.8954000000000E+004    7.6050000000000E+003    4.1880000000000E+003    7.0747000000000E+004
      95    4.8385000000000E+004    8.7161400000000E+005    6.6521000000000E+004    8.6650000000000E+003    4.8150000000000E+003    8.0001000000000E+004
      96    5.3906000000000E+004    8.5586100000000E+005    7.4961000000000E+004    9.7610000000000E+003    5.5110000000000E+003    9.0233000000000E+004
      97    5.9883000000000E+004    8.3853400000000E+005    8.4202000000000E+004    1.1169000000000E+004    6.2120000000000E+003    1.0158300000000E+005
      98    6.5795000000000E+004    8.1974700000000E+005    9.4659000000000E+004    1.2734000000000E+004    7.0650000000000E+003    1.1445800000000E+005
      99    7.2024000000000E+004    7.9959000000000E+005    1.0592100000000E+005    1.4435000000000E+004    8.0300000000000E+003    1.2838600000000E+005
     100    7.7853000000000E+004    7.7800800000000E+005    1.1860500000000E+005    1.6471000000000E+004    9.0630000000000E+003    1.4413900000000E+005
     101    8.3768000000000E+004    7.5476600000000E+005    1.3246800000000E+005    1.8872000000000E+004    1.0126000000000E+004    1.6146600000000E+005
     102    8.9537000000000E+004    7.3021000000000E+005    1.4731700000000E+005    2.1477000000000E+004    1.1459000000000E+004    1.8025300000000E+005
     103    9.5580000000000E+004    7.0401000000000E+005    1.6283800000000E+005    2.4664000000000E+004    1.2908000000000E+004    2.0041000000000E+005
     104    1.0094100000000E+005    6.7706700000000E+005    1.7943300000000E+005    2.8073000000000E+004    1.4486000000000E+004    2.2199200000000E+005
     105    1.0527800000000E+005    6.4948800000000E+005    1.9687700000000E+005    3.2126000000000E+004    1.6231000000000E+004    2.4523400000000E+005
     106    1.0898900000000E+005    6.2122100000000E+005    2.1485000000000E+005    3.6827000000000E+004    1.8113000000000E+004    2.6979000000000E+005
     107    1.1143900000000E+005    5.9257100000000E+005    2.3363000000000E+005    4.2222000000000E+004    2.0138000000000E+004    2.9599000000000E+005
     108    1.1226800000000E+005    5.6479900000000E+005    2.5218600000000E+005    4.8421000000000E+004    2.2326000000000E+004    3.2293300000000E+005
     109    1.1211700000000E+005    5.3737100000000E+005    2.7051100000000E+005    5.5401000000000E+004    2.4600000000000E+004    3.5051200000000E+005
     110    1.1049500000000E+005    5.1072600000000E+005    2.8854600000000E+005    6.3086000000000E+004    2.7147000000000E+004    3.7877900000000E+005
     111    1.0740000000000E+005    4.8517100000000E+005    3.0584600000000E+005    7.1789000000000E+004    2.9794000000000E+004    4.0742900000000E+005
     112    7.9628000000000E+004    4.8517100000000E+005    3.2074300000000E+005    8.1907000000000E+004    3.2551000000000E+004    4.3520100000000E+005
     113    5.2200000000000E+004    4.8517100000000E+005    3.3424300000000E+005    9.3132000000000E+004    3.5254000000000E+004    4.6262900000000E+005
     114    2.5555000000000E+004    4.8517100000000E+005    3.4513500000000E+005    1.0609300000000E+005    3.8046000000000E+004    4.8927400000000E+005
     115    0.0000000000000E+000    4.8517100000000E+005    3.5336300000000E+005    1.2058600000000E+005    4.0880000000000E+004    5.1482900000000E+005
     116    0.0000000000000E+000    4.8517100000000E+005    3.3457600000000E+005    1.3658300000000E+005    4.3670000000000E+004    5.1482900000000E+005
     117    0.0000000000000E+000    4.8517100000000E+005    3.1441900000000E+005    1.5406000000000E+005    4.6350000000000E+004    5.1482900000000E+005
     118    0.0000000000000E+000    4.8517100000000E+005    2.9283700000000E+005    1.7302500000000E+005    4.8967000000000E+004    5.1482900000000E+005
     119    0.0000000000000E+000    4.8517100000000E+005    2.6959500000000E+005    1.9370200000000E+005    5.1532000000000E+004    5.1482900000000E+005
     120    0.0000000000000E+000    4.8517100000000E+005    2.4503900000000E+005    2.1825800000000E+005    5.1532000000000E+004    5.1482900000000E+005
     121    0.0000000000000E+000    4.8517100000000E+005    2.1883900000000E+005    2.4445800000000E+005    5.1532000000000E+004    5.1482900000000E+005
     122    0.0000000000000E+000    4.8517100000000E+005    1.9189600000000E+005    2.7140100000000E+005    5.1532000000000E+004    5.1482900000000E+005
     123    0.0000000000000E+000    4.8517100000000E+005    1.6431700000000E+005    2.9898000000000E+005    5.1532000000000E+004    5.1482900000000E+005
     124    1.0000000000000E+000    4.8517000000000E+005    1.3605000000000E+005    3.2724700000000E+005    5.1532000000000E+004    5.1482900000000E+005
     125    4.0000000000000E+000    4.8516700000000E+005    1.0740000000000E+005    3.5589700000000E+005    5.1532000000000E+004    5.1482900000000E+005
     126    5.9000000000000E+001    4.8511200000000E+005    7.9628000000000E+004    3.8366900000000E+005    5.1532000000000E+004    5.1482900000000E+005
     127    4.0100000000000E+002    4.8477000000000E+005    5.2200000000000E+004    4.1109700000000E+005    5.1532000000000E+004    5.1482900000000E+005
     128    1.3460000000000E+003    4.8382400000000E+005    2.5556000000000E+004    4.3774200000000E+005    5.1532000000000E+004    5.1483000000000E+005
     129    2.3880000000000E+003    4.8277900000000E+005    4.0000000000000E+000    4.6329700000000E+005    5.1532000000000E+004    5.1483300000000E+005
     130    2.3340000000000E+003    4.8277800000000E+005    5.9000000000000E+001    4.6329700000000E+005    5.1532000000000E+004    5.1488800000000E+005
     131    1.9920000000000E+003    4.8277800000000E+005    4.0100000000000E+002    4.6329700000000E+005    5.1532000000000E+004    5.1523000000000E+005
     132    1.0650000000000E+003    4.8275900000000E+005    1.3470000000000E+003    4.6329700000000E+005    5.1532000000000E+004    5.1617600000000E+005
     133    9.0000000000000E+001    4.8268900000000E+005    2.3920000000000E+003    4.6329600000000E+005    5.1533000000000E+004    5.1722100000000E+005
     134    2.2500000000000E+002    4.8255300000000E+005    2.3930000000000E+003    4.6328800000000E+005    5.1541000000000E+004    5.1722200000000E+005
     135    3.5100000000000E+002    4.8242700000000E+005    2.3930000000000E+003    4.6324000000000E+005    5.1589000000000E+004    5.1722200000000E+005
     136    4.5200000000000E+002    4.8230700000000E+005    2.4120000000000E+003    4.6314100000000E+005    5.1688000000000E+004    5.1724100000000E+005
     137    5.0100000000000E+002    4.8218800000000E+005    2.4820000000000E+003    4.6304100000000E+005    5.1788000000000E+004    5.1731100000000E+005
     138    5.0000000000000E+002    4.8205300000000E+005    2.6180000000000E+003    4.6304100000000E+005    5.1788000000000E+004    5.1744700000000E+005
     139    5.1100000000000E+002    4.8191600000000E+005    2.7440000000000E+003    4.6304100000000E+005    5.1788000000000E+004    5.1757300000000E+005
     140    5.3400000000000E+002    4.8177300000000E+005    2.8640000000000E+003    4.6304100000000E+005    5.1788000000000E+004    5.1769300000000E+005
     141    5.6800000000000E+002    4.8162000000000E+005    2.9830000000000E+003    4.6303700000000E+005    5.1792000000000E+004    5.1781200000000E+005
     142    5.7000000000000E+002    4.8148300000000E+005    3.1170000000000E+003    4.6302700000000E+005    5.1803000000000E+004    5.1794700000000E+005
     143    6.0100000000000E+002    4.8131500000000E+005    3.2510000000000E+003    4.6301700000000E+005    5.1816000000000E+004    5.1808400000000E+005
     144    6.3500000000000E+002    4.8113800000000E+005    3.3390000000000E+003    4.6306400000000E+005    5.1824000000000E+004    5.1822700000000E+005
     145    6.4000000000000E+002    4.8098000000000E+005    3.1500000000000E+003    4.6339000000000E+005    5.1840000000000E+004    5.1838000000000E+005
     146    6.7100000000000E+002    4.8081200000000E+005    2.3410000000000E+003    4.6432500000000E+005    5.1851000000000E+004    5.1851700000000E+005
     147    6.1800000000000E+002    4.8069700000000E+005    1.4640000000000E+003    4.6535100000000E+005    5.1870000000000E+004    5.1868500000000E+005
     148    4.9900000000000E+002    4.8063900000000E+005    1.6400000000000E+003    4.6534400000000E+005    5.1878000000000E+004    5.1886200000000E+005
     149    4.2200000000000E+002    4.8055800000000E+005    1.7980000000000E+003    4.6533200000000E+005    5.1890000000000E+004    5.1902000000000E+005
     150    3.5000000000000E+002    4.8046200000000E+005    1.9470000000000E+003    4.6534000000000E+005    5.1901000000000E+004    5.1918800000000E+005
     151    3.2300000000000E+002    4.8037400000000E+005    1.9920000000000E+003    4.6539700000000E+005    5.1914000000000E+004    5.1930300000000E+005
     152    3.5900000000000E+002    4.8028000000000E+005    1.9140000000000E+003    4.6551600000000E+005    5.1931000000000E+004    5.1936100000000E+005
     153    3.6600000000000E+002    4.8019200000000E+005    1.8690000000000E+003    4.6563000000000E+005    5.1943000000000E+004    5.1944200000000E+005
     154    3.5300000000000E+002    4.8010900000000E+005    1.8450000000000E+003    4.6574000000000E+005    5.1953000000000E+004    5.1953800000000E+005
     155    3.6900000000000E+002    4.8000500000000E+005    1.8140000000000E+003    4.6585100000000E+005    5.1961000000000E+004    5.1962600000000E+005
     156    3.6000000000000E+002    4.7992000000000E+005    1.7730000000000E+003    4.6598100000000E+005    5.1966000000000E+004    5.1972000000000E+005
     157    3.6300000000000E+002    4.7982900000000E+005    1.7240000000000E+003    4.6610300000000E+005    5.1981000000000E+004    5.1980800000000E+005
     158    3.7900000000000E+002    4.7973000000000E+005    1.6640000000000E+003    4.6623700000000E+005    5.1990000000000E+004    5.1989100000000E+005
     159    3.6400000000000E+002    4.7964100000000E+005    1.6150000000000E+003    4.6638100000000E+005    5.1999000000000E+004    5.1999500000000E+005
     160    3.6400000000000E+002    4.7955600000000E+005    1.5630000000000E+003    4.6651000000000E+005    5.2007000000000E+004    5.2008000000000E+005
     161    3.5300000000000E+002    4.7947600000000E+005    1.4860000000000E+003    4.6666300000000E+005    5.2022000000000E+004    5.2017100000000E+005
     162    3.2800000000000E+002    4.7940200000000E+005    1.4080000000000E+003    4.6683300000000E+005    5.2029000000000E+004    5.2027000000000E+005
     163    3.2100000000000E+002    4.7932000000000E+005    1.3390000000000E+003    4.6698000000000E+005    5.2040000000000E+004    5.2035900000000E+005
     164    3.1700000000000E+002    4.7923900000000E+005    1.2560000000000E+003    4.6713500000000E+005    5.2053000000000E+004    5.2044400000000E+005
     165    3.1100000000000E+002    4.7916500000000E+005    1.2210000000000E+003    4.6724400000000E+005    5.2059000000000E+004    5.2052400000000E+005
     166    2.9200000000000E+002    4.7911000000000E+005    1.2370000000000E+003    4.6729400000000E+005    5.2067000000000E+004    5.2059800000000E+005
     167    2.7400000000000E+002    4.7904600000000E+005    1.2380000000000E+003    4.6736600000000E+005    5.2076000000000E+004    5.2068000000000E+005
     168    2.4800000000000E+002    4.7899100000000E+005    1.2230000000000E+003    4.6745500000000E+005    5.2083000000000E+004    5.2076100000000E+005
     169    2.2300000000000E+002    4.7894200000000E+005    1.2090000000000E+003    4.6753900000000E+005    5.2087000000000E+004    5.2083500000000E+005
     170    2.2300000000000E+002    4.7888700000000E+005    1.1700000000000E+003    4.6762700000000E+005    5.2093000000000E+004    5.2089000000000E+005
     171    2.2500000000000E+002    4.7882100000000E+005    1.1460000000000E+003    4.6770300000000E+005    5.2105000000000E+004    5.2095400000000E+005
     172    2.3000000000000E+002    4.7876100000000E+005    1.1180000000000E+003    4.6777700000000E+005    5.2114000000000E+004    5.2100900000000E+005
     173    2.3900000000000E+002    4.7870300000000E+005    1.0630000000000E+003    4.6787500000000E+005    5.2120000000000E+004    5.2105800000000E+005
     174    2.2400000000000E+002    4.7866300000000E+005    1.0330000000000E+003    4.6795600000000E+005    5.2124000000000E+004    5.2111300000000E+005
     175    2.1300000000000E+002    4.7860800000000E+005    1.0080000000000E+003    4.6804000000000E+005    5.2131000000000E+004    5.2117900000000E+005
     176    2.0400000000000E+002    4.7855700000000E+005    9.6900000000000E+002    4.6813200000000E+005    5.2138000000000E+004    5.2123900000000E+005
     177    2.0400000000000E+002    4.7849900000000E+005    9.3800000000000E+002    4.6821800000000E+005    5.2141000000000E+004    5.2129700000000E+005
     178    2.0700000000000E+002    4.7845600000000E+005    8.9300000000000E+002    4.6829900000000E+005    5.2145000000000E+004    5.2133700000000E+005
     179    1.9500000000000E+002    4.7841300000000E+005    8.6800000000000E+002    4.6837400000000E+005    5.2150000000000E+004    5.2139200000000E+005
     180    1.8900000000000E+002    4.7836800000000E+005    8.4500000000000E+002    4.6844500000000E+005    5.2153000000000E+004    5.2144300000000E+005
     181    2.0400000000000E+002    4.7829500000000E+005    8.2100000000000E+002    4.6852500000000E+005    5.2155000000000E+004    5.2150100000000E+005
     182    1.9800000000000E+002    4.7825800000000E+005    7.8300000000000E+002    4.6860400000000E+005    5.2157000000000E+004    5.2154400000000E+005
     183    1.9000000000000E+002    4.7822300000000E+005    7.5200000000000E+002    4.6867200000000E+005    5.2163000000000E+004    5.2158700000000E+005
     184    1.7700000000000E+002    4.7819100000000E+005    7.4200000000000E+002    4.6872100000000E+005    5.2169000000000E+004    5.2163200000000E+005
     185    1.3700000000000E+002    4.7815800000000E+005    7.5100000000000E+002    4.6877900000000E+005    5.2175000000000E+004    5.2170500000000E+005
     186    1.3500000000000E+002    4.7812300000000E+005    7.3300000000000E+002    4.6882700000000E+005    5.2182000000000E+004    5.2174200000000E+005
     187    1.3500000000000E+002    4.7808800000000E+005    7.1900000000000E+002    4.6887300000000E+005    5.2185000000000E+004    5.2177700000000E+005
     188    1.3000000000000E+002    4.7806100000000E+005    6.9600000000000E+002    4.6892400000000E+005    5.2189000000000E+004    5.2180900000000E+005
     189    1.2800000000000E+002    4.7803000000000E+005    6.6300000000000E+002    4.6898000000000E+005    5.2199000000000E+004    5.2184200000000E+005
     190    1.2400000000000E+002    4.7799900000000E+005    6.3800000000000E+002    4.6903700000000E+005    5.2202000000000E+004    5.2187700000000E+005
     191    1.2300000000000E+002    4.7796500000000E+005    6.1500000000000E+002    4.6909300000000E+005    5.2204000000000E+004    5.2191200000000E+005
     192    1.3200000000000E+002    4.7792900000000E+005    6.0200000000000E+002    4.6913000000000E+005    5.2207000000000E+004    5.2193900000000E+005
     193    1.1900000000000E+002    4.7791100000000E+005    5.7800000000000E+002    4.6918400000000E+005    5.2208000000000E+004    5.2197000000000E+005
     194    1.1700000000000E+002    4.7788200000000E+005    5.5800000000000E+002    4.6923000000000E+005    5.2213000000000E+004    5.2200100000000E+005
     195    1.1000000000000E+002    4.7785500000000E+005    5.3400000000000E+002    4.6928600000000E+005    5.2215000000000E+004    5.2203500000000E+005
     196    9.6000000000000E+001    4.7783300000000E+005    5.2700000000000E+002    4.6932900000000E+005    5.2215000000000E+004    5.2207100000000E+005
     197    9.4000000000000E+001    4.7781700000000E+005    5.0200000000000E+002    4.6936900000000E+005    5.2218000000000E+004    5.2208900000000E+005
     198    8.9000000000000E+001    4.7779300000000E+005    4.8600000000000E+002    4.6941000000000E+005    5.2222000000000E+004    5.2211800000000E+005
     199    8.4000000000000E+001    4.7777100000000E+005    4.4000000000000E+002    4.6948000000000E+005    5.2225000000000E+004    5.2214500000000E+005
     200    9.7000000000000E+001    4.7773600000000E+005    4.2500000000000E+002    4.6951200000000E+005    5.2230000000000E+004    5.2216700000000E+005
     201    1.0200000000000E+002    4.7771500000000E+005    4.0600000000000E+002    4.6954700000000E+005    5.2230000000000E+004    5.2218300000000E+005
     202    9.5000000000000E+001    4.7769800000000E+005    3.9800000000000E+002    4.6957800000000E+005    5.2231000000000E+004    5.2220700000000E+005
     203    9.6000000000000E+001    4.7767500000000E+005    3.8700000000000E+002    4.6960900000000E+005    5.2233000000000E+004    5.2222900000000E+005
     204    7.6000000000000E+001    4.7766000000000E+005    3.8700000000000E+002    4.6964100000000E+005    5.2236000000000E+004    5.2226400000000E+005
     205    7.6000000000000E+001    4.7763900000000E+005    3.7300000000000E+002    4.6967600000000E+005    5.2236000000000E+004    5.2228500000000E+005
     206    8.3000000000000E+001    4.7761500000000E+005    3.6300000000000E+002    4.6969900000000E+005    5.2240000000000E+004    5.2230200000000E+005
     207    8.4000000000000E+001    4.7759100000000E+005    3.5500000000000E+002    4.6972700000000E+005    5.2243000000000E+004    5.2232500000000E+005
     208    8.9000000000000E+001    4.7757100000000E+005    3.3900000000000E+002    4.6975400000000E+005    5.2247000000000E+004    5.2234000000000E+005
     209    8.7000000000000E+001    4.7755200000000E+005    3.2600000000000E+002    4.6978600000000E+005    5.2249000000000E+004    5.2236100000000E+005
     210    7.5000000000000E+001    4.7754000000000E+005    3.1400000000000E+002    4.6981900000000E+005    5.2252000000000E+004    5.2238500000000E+005
     211    6.1000000000000E+001    4.7753000000000E+005    3.2000000000000E+002    4.6983400000000E+005    5.2255000000000E+004    5.2240900000000E+005
     212    6.1000000000000E+001    4.7751000000000E+005    3.1100000000000E+002    4.6986200000000E+005    5.2256000000000E+004    5.2242900000000E+005
     213    6.4000000000000E+001    4.7748800000000E+005    3.0300000000000E+002    4.6988600000000E+005    5.2259000000000E+004    5.2244800000000E+005
     214    6.4000000000000E+001    4.7747600000000E+005    2.9300000000000E+002    4.6990300000000E+005    5.2264000000000E+004    5.2246000000000E+005
     215    6.4000000000000E+001    4.7746600000000E+005    2.8700000000000E+002    4.6991700000000E+005    5.2266000000000E+004    5.2247000000000E+005
     216    6.0000000000000E+001    4.7745000000000E+005    2.8300000000000E+002    4.6993800000000E+005    5.2269000000000E+004    5.2249000000000E+005
     217    5.3000000000000E+001    4.7743500000000E+005    2.8300000000000E+002    4.6995600000000E+005    5.2273000000000E+004    5.2251200000000E+005
     218    6.0000000000000E+001    4.7741600000000E+005    2.6000000000000E+002    4.6999000000000E+005    5.2274000000000E+004    5.2252400000000E+005
     219    6.4000000000000E+001    4.7740200000000E+005    2.4900000000000E+002    4.7001000000000E+005    5.2275000000000E+004    5.2253400000000E+005
     220    6.2000000000000E+001    4.7738800000000E+005    2.4800000000000E+002    4.7002600000000E+005    5.2276000000000E+004    5.2255000000000E+005
     221    6.2000000000000E+001    4.7737300000000E+005    2.4000000000000E+002    4.7004600000000E+005    5.2279000000000E+004    5.2256500000000E+005
     222    5.6000000000000E+001    4.7736000000000E+005    2.4400000000000E+002    4.7006000000000E+005    5.2280000000000E+004    5.2258400000000E+005
     223    5.2000000000000E+001    4.7735000000000E+005    2.3700000000000E+002    4.7007900000000E+005    5.2282000000000E+004    5.2259800000000E+005
     224    6.2000000000000E+001    4.7732600000000E+005    2.2700000000000E+002    4.7010200000000E+005    5.2283000000000E+004    5.2261200000000E+005
     225    5.7000000000000E+001    4.7731600000000E+005    2.1800000000000E+002    4.7012600000000E+005    5.2283000000000E+004    5.2262700000000E+005
     226    5.5000000000000E+001    4.7730500000000E+005    2.1100000000000E+002    4.7014400000000E+005    5.2285000000000E+004    5.2264000000000E+005
     227    5.1000000000000E+001    4.7729900000000E+005    2.0200000000000E+002    4.7016100000000E+005    5.2287000000000E+004    5.2265000000000E+005
     228    3.7000000000000E+001    4.7728900000000E+005    2.1400000000000E+002    4.7017100000000E+005    5.2289000000000E+004    5.2267400000000E+005
     229    4.0000000000000E+001    4.7727600000000E+005    2.1400000000000E+002    4.7018100000000E+005    5.2289000000000E+004    5.2268400000000E+005
     230    3.8000000000000E+001    4.7726700000000E+005    2.0500000000000E+002    4.7020000000000E+005    5.2290000000000E+004    5.2269500000000E+005
     231    4.1000000000000E+001    4.7725800000000E+005    1.8900000000000E+002    4.7021900000000E+005    5.2293000000000E+004    5.2270100000000E+005
     232    3.8000000000000E+001    4.7725100000000E+005    1.8700000000000E+002    4.7023100000000E+005    5.2293000000000E+004    5.2271100000000E+005
     233    3.7000000000000E+001    4.7723900000000E+005    1.9000000000000E+002    4.7023900000000E+005    5.2295000000000E+004    5.2272400000000E+005
     234    3.9000000000000E+001    4.7722800000000E+005    1.8300000000000E+002    4.7025300000000E+005    5.2297000000000E+004    5.2273300000000E+005
     235    4.3000000000000E+001    4.7721500000000E+005    1.7700000000000E+002    4.7026700000000E+005    5.2298000000000E+004    5.2274200000000E+005
     236    4.3000000000000E+001    4.7720800000000E+005    1.6500000000000E+002    4.7028500000000E+005    5.2299000000000E+004    5.2274900000000E+005
     237    3.7000000000000E+001    4.7720200000000E+005    1.6300000000000E+002    4.7029700000000E+005    5.2301000000000E+004    5.2276100000000E+005
     238    3.7000000000000E+001    4.7719100000000E+005    1.6000000000000E+002    4.7031100000000E+005    5.2301000000000E+004    5.2277200000000E+005
     239    2.9000000000000E+001    4.7718600000000E+005    1.5800000000000E+002    4.7032600000000E+005    5.2301000000000E+004    5.2278500000000E+005
     240    2.9000000000000E+001    4.7717900000000E+005    1.5200000000000E+002    4.7033800000000E+005    5.2302000000000E+004    5.2279200000000E+005
     241    2.9000000000000E+001    4.7717300000000E+005    1.4800000000000E+002    4.7034700000000E+005    5.2303000000000E+004    5.2279800000000E+005
     242    2.7000000000000E+001    4.7716400000000E+005    1.3500000000000E+002    4.7037100000000E+005    5.2303000000000E+004    5.2280900000000E+005
     243    3.6000000000000E+001    4.7715000000000E+005    1.3000000000000E+002    4.7038100000000E+005    5.2303000000000E+004    5.2281400000000E+005
     244    3.6000000000000E+001    4.7714300000000E+005    1.2600000000000E+002    4.7039000000000E+005    5.2305000000000E+004    5.2282100000000E+005
     245    3.8000000000000E+001    4.7713500000000E+005    1.2600000000000E+002    4.7039600000000E+005    5.2305000000000E+004    5.2282700000000E+005
     246    3.6000000000000E+001    4.7712800000000E+005    1.2500000000000E+002    4.7040400000000E+005    5.2307000000000E+004    5.2283600000000E+005
     247    2.5000000000000E+001    4.7712500000000E+005    1.2600000000000E+002    4.7041700000000E+005    5.2307000000000E+004    5.2285000000000E+005
     248    2.7000000000000E+001    4.7711600000000E+005    1.2400000000000E+002    4.7042500000000E+005    5.2308000000000E+004    5.2285700000000E+005
     249    2.7000000000000E+001    4.7710800000000E+005    1.2300000000000E+002    4.7043400000000E+005    5.2308000000000E+004    5.2286500000000E+005
     250    2.5000000000000E+001    4.7710300000000E+005    1.2300000000000E+002    4.7044000000000E+005    5.2309000000000E+004    5.2287200000000E+005
     251    2.8000000000000E+001    4.7709700000000E+005    1.1400000000000E+002    4.7045100000000E+005    5.2310000000000E+004    5.2287500000000E+005
     252    2.3000000000000E+001    4.7709300000000E+005    1.1200000000000E+002    4.7046100000000E+005    5.2311000000000E+004    5.2288400000000E+005
     253    2.1000000000000E+001    4.7708700000000E+005    1.0700000000000E+002    4.7047300000000E+005    5.2312000000000E+004    5.2289200000000E+005
     254    2.7000000000000E+001    4.7707600000000E+005    1.0500000000000E+002    4.7048000000000E+005    5.2312000000000E+004    5.2289700000000E+005
     255    2.6000000000000E+001    4.7707100000000E+005    1.0500000000000E+002    4.7048600000000E+005    5.2312000000000E+004    5.2290300000000E+005
     256    3.1000000000000E+001    4.7706200000000E+005    9.8000000000000E+001    4.7049400000000E+005    5.2315000000000E+004    5.2290700000000E+005
     257    2.8000000000000E+001    4.7705900000000E+005    9.9000000000000E+001    4.7049800000000E+005    5.2316000000000E+004    5.2291300000000E+005
     258    2.0000000000000E+001    4.7705600000000E+005    1.0300000000000E+002    4.7050500000000E+005    5.2316000000000E+004    5.2292400000000E+005
     259    1.7000000000000E+001    4.7705400000000E+005    1.0200000000000E+002    4.7051100000000E+005    5.2316000000000E+004    5.2292900000000E+005
     260    1.2000000000000E+001    4.7705000000000E+005    1.0200000000000E+002    4.7051900000000E+005    5.2317000000000E+004    5.2293800000000E+005
     261    1.3000000000000E+001    4.7704600000000E+005    9.1000000000000E+001    4.7053200000000E+005    5.2318000000000E+004    5.2294100000000E+005
     262    1.7000000000000E+001    4.7703900000000E+005    8.7000000000000E+001    4.7053800000000E+005    5.2319000000000E+004    5.2294400000000E+005
     263    1.9000000000000E+001    4.7703500000000E+005    8.1000000000000E+001    4.7054500000000E+005    5.2320000000000E+004    5.2294600000000E+005
     264    2.1000000000000E+001    4.7702900000000E+005    7.8000000000000E+001    4.7055000000000E+005    5.2322000000000E+004    5.2295000000000E+005
     265    1.9000000000000E+001    4.7702700000000E+005    7.9000000000000E+001    4.7055300000000E+005    5.2322000000000E+004    5.2295400000000E+005
     266    1.5000000000000E+001    4.7702400000000E+005    7.7000000000000E+001    4.7056200000000E+005    5.2322000000000E+004    5.2296100000000E+005
     267    1.8000000000000E+001    4.7701700000000E+005    7.3000000000000E+001    4.7057000000000E+005    5.2322000000000E+004    5.2296500000000E+005
     268    1.3000000000000E+001    4.7701600000000E+005    7.4000000000000E+001    4.7057400000000E+005    5.2323000000000E+004    5.2297100000000E+005
     269    1.1000000000000E+001    4.7701600000000E+005    7.0000000000000E+001    4.7057900000000E+005    5.2324000000000E+004    5.2297300000000E+005
     270    1.1000000000000E+001    4.7701300000000E+005    6.9000000000000E+001    4.7058300000000E+005    5.2324000000000E+004    5.2297600000000E+005
     271    7.0000000000000E+000    4.7701000000000E+005    7.0000000000000E+001    4.7058900000000E+005    5.2324000000000E+004    5.2298300000000E+005
     272    1.1000000000000E+001    4.7700500000000E+005    6.0000000000000E+001    4.7059700000000E+005    5.2327000000000E+004    5.2298400000000E+005
     273    1.5000000000000E+001    4.7700100000000E+005    5.5000000000000E+001    4.7060100000000E+005    5.2328000000000E+004    5.2298400000000E+005
     274    1.4000000000000E+001    4.7699900000000E+005    4.9000000000000E+001    4.7061000000000E+005    5.2328000000000E+004    5.2298700000000E+005
     275    1.6000000000000E+001    4.7699400000000E+005    4.9000000000000E+001    4.7061200000000E+005    5.2329000000000E+004    5.2299000000000E+005
     276    1.5000000000000E+001    4.7699000000000E+005    5.1000000000000E+001    4.7061500000000E+005    5.2329000000000E+004    5.2299500000000E+005
     277    1.7000000000000E+001    4.7698400000000E+005    5.3000000000000E+001    4.7061700000000E+005    5.2329000000000E+004    5.2299900000000E+005
     278    1.8000000000000E+001    4.7698100000000E+005    5.1000000000000E+001    4.7062100000000E+005    5.2329000000000E+004    5.2300100000000E+005
     279    1.6000000000000E+001    4.7697800000000E+005    5.2000000000000E+001    4.7062500000000E+005    5.2329000000000E+004    5.2300600000000E+005
     280    1.4000000000000E+001    4.7697600000000E+005    4.9000000000000E+001    4.7063200000000E+005    5.2329000000000E+004    5.2301000000000E+005
     281    1.4000000000000E+001    4.7697000000000E+005    5.1000000000000E+001    4.7063600000000E+005    5.2329000000000E+004    5.2301600000000E+005
     282    1.1000000000000E+001    4.7697000000000E+005    4.8000000000000E+001    4.7064200000000E+005    5.2329000000000E+004    5.2301900000000E+005
     283    1.4000000000000E+001    4.7696400000000E+005    4.9000000000000E+001    4.7064400000000E+005    5.2329000000000E+004    5.2302200000000E+005
     284    1.4000000000000E+001    4.7696200000000E+005    4.8000000000000E+001    4.7064600000000E+005    5.2330000000000E+004    5.2302400000000E+005
     285    9.0000000000000E+000    4.7696100000000E+005    4.7000000000000E+001    4.7065300000000E+005    5.2330000000000E+004    5.2303000000000E+005
     286    1.1000000000000E+001    4.7695900000000E+005    4.6000000000000E+001    4.7065400000000E+005    5.2330000000000E+004    5.2303000000000E+005
     287    6.0000000000000E+000    4.7695800000000E+005    5.2000000000000E+001    4.7065200000000E+005    5.2332000000000E+004    5.2303600000000E+005
     288    9.0000000000000E+000    4.7695300000000E+005    5.1000000000000E+001    4.7065500000000E+005    5.2332000000000E+004    5.2303800000000E+005
     289    9.0000000000000E+000    4.7695200000000E+005    4.9000000000000E+001    4.7065700000000E+005    5.2333000000000E+004    5.2303900000000E+005
     290    1.0000000000000E+001    4.7694900000000E+005    4.6000000000000E+001    4.7066200000000E+005    5.2333000000000E+004    5.2304100000000E+005
     291    1.7000000000000E+001    4.7694100000000E+005    4.3000000000000E+001    4.7066500000000E+005    5.2334000000000E+004    5.2304200000000E+005
     292    1.2000000000000E+001    4.7694100000000E+005    4.6000000000000E+001    4.7066600000000E+005    5.2335000000000E+004    5.2304700000000E+005
     293    1.5000000000000E+001    4.7693700000000E+005    4.2000000000000E+001    4.7067100000000E+005    5.2335000000000E+004    5.2304800000000E+005
     294    1.5000000000000E+001    4.7693400000000E+005    4.1000000000000E+001    4.7067500000000E+005    5.2335000000000E+004    5.2305100000000E+005
     295    8.0000000000000E+000    4.7693300000000E+005    4.3000000000000E+001    4.7068100000000E+005    5.2335000000000E+004    5.2305900000000E+005
     296    1.1000000000000E+001    4.7693000000000E+005    4.0000000000000E+001    4.7068400000000E+005    5.2335000000000E+004    5.2305900000000E+005
     297    7.0000000000000E+000    4.7693000000000E+005    4.1000000000000E+001    4.7068700000000E+005    5.2335000000000E+004    5.2306300000000E+005
     298    6.0000000000000E+000    4.7692800000000E+005    4.2000000000000E+001    4.7068900000000E+005    5.2335000000000E+004    5.2306600000000E+005
     299    7.0000000000000E+000    4.7692600000000E+005    3.7000000000000E+001    4.7069400000000E+005    5.2336000000000E+004    5.2306700000000E+005
     300    4.0000000000000E+000    4.7692600000000E+005    4.0000000000000E+001    4.7069400000000E+005    5.2336000000000E+004    5.2307000000000E+005
