         1         0         0         0         1         0         0
         2         0         0         0         1         0         0
         3         0         0         0         1         0         0
         4         0         0         0         1         0         0
         5         0         0         0         1         0         0
         6         0         0         0         1         0         0
         7         2         0         0         1         0         0
         8         2         0         0         1         0         0
         9         1         0         0         1         0         0
        10         0         0         0         1         0         0
        11         0         2         0         1         0         0
        12         0         2         0         3         0         0
        13         1         1         0         5         0         0
        14         2         0         0         6         0         0
        15         2         0         0         6         0         0
        16         2         0         0         6         0         0
        17         3         1         0         6         0         0
        18         2         2         1         7         0         0
        19         0         2         0         8         0         0
        20         2         2         0        10         0         0
        21         3         3         0        12         0         0
        22         2         2         0        15         0         0
        23         0         0         0        17         0         0
        24        13         2         0        17         0         0
        25         8         3         2        19         0         0
        26         5         2         2        20         0         1
        27        13         0         1        20         0         0
        28         3        13         0        19         0         1
        29         8         8         0        32         0         0
        30        14         5         0        40         1         0
        31         7        13         1        45         0         0
        32        16         3         2        57         1         0
        33         6         8         2        58         0         1
        34        21        14         2        64         0         3
        35        15         7         3        76         0         0
        36        23        16         2        80         0         2
        37        29         6         0        94         1         2
        38        20        21         2       100         3         1
        39        43        15         3       119         0         1
        40        43        23         2       131         2         2
        41        39        29         0       152         2         3
        42        31        20        13       181         1         1
        43        56        43         8       188         1         4
        44        51        43         5       223         2         4
        45        73        39        13       261         3         2
        46        72        31         3       287         1         2
        47        85        56         8       315         4         2
        48       106        51        14       363         4         4
        49       123        73         7       400         2         4
        50       127        72        16       466         2         6
        51       188        85         6       522         2         5
        52       144       106        21       601         4        12
        53       203       123        15       686         4        14
        54       191       127        23       794         6        15
        55       227       188        29       898         5        21
        56       305       144        20      1057        12        11
        57       355       203        43      1181        14        19
        58       398       191        43      1341        15        17
        59       461       227        39      1489        21        15
        60       522       305        31      1677        11        33
        61       514       355        56      1951        19        24
        62       496       398        51      2250        17        38
        63       482       461        73      2597        15        48
        64       459       522        72      2985        33        54
        65       417       514        85      3435        24        59
        66       363       496       106      3864        38        43
        67       221       482       123      4254        48        49
        68       262       459       127      4613        54        35
        69       231       417       188      4945        59        39
        70       279       363       144      5174        43        46
        71       331       221       203      5393        49        17
        72       291       262       191      5411        35        18
        73       300       231       227      5482        39        23
        74       316       279       305      5486        46        27
        75       265       331       355      5460        17        29
        76       299       291       398      5436        18        32
        77       299       300       461      5329        23        32
        78       316       316       522      5168        27        30
        79       294       265       514      4962        29        34
        80       259       299       496      4713        32        30
        81       264       299       482      4516        32        32
        82       254       316       459      4333        30        33
        83       253       294       417      4190        34        34
        84       200       259       363      4067        30        25
        85       206       264       221      3963        32        29
        86       210       254       262      4006        33        21
        87       209       253       231      3998        34        18
        88       227       200       279      4020        25        26
        89       245       206       331      3941        29        19
        90       238       210       291      3816        21        23
        91       252       209       300      3735        18        25
        92       292       227       316      3644        26        24
        93       314       245       265      3555        19        25
        94       366       238       299      3535        23        26
        95       399       252       299      3474        25        33
        96       439       292       316      3427        24        29
        97       463       314       294      3403        25        35
        98       455       366       259      3423        26        40
        99       552       399       264      3530        33        39
       100       482       439       254      3665        29        46
       101       556       463       253      3850        35        52
       102       562       455       200      4060        40        51
       103       577       552       206      4315        39        53
       104       650       482       210      4661        46        55
       105       682       556       209      4933        52        54
       106       743       562       227      5280        51        56
       107       777       577       245      5615        53        43
       108       803       650       238      5947        55        65
       109       886       682       252      6359        54        86
       110       963       743       292      6789        56        85
       111      1043       777       314      7240        43        77
       112       999       803       366      7703        65        65
       113      1052       886       399      8140        86        97
       114      1164       963       439      8627        85       102
       115      1209      1043       463      9151        77       106
       116      1277       999       455      9731        65       101
       117      1254      1052       552     10275        97       102
       118      1464      1164       482     10775       102       123
       119      1529      1209       556     11457       106       115
       120      1545      1277       562     12110       101       131
       121      1636      1254       577     12825       102       121
       122      1508      1464       650     13502       123       131
       123      1462      1529       682     14316       115       157
       124      1449      1545       743     15163       131       178
       125      1337      1636       777     15965       121       186
       126      1212      1508       803     16824       131       139
       127      1139      1462       886     17529       157       137
       128      1196      1449       963     18105       178       134
       129      1184      1337      1043     18591       186       150
       130      1176      1212       999     18885       139       128
       131      1268      1139      1052     19098       137       121
       132      1188      1196      1164     19185       134       124
       133      1212      1184      1209     19217       150        96
       134      1237      1176      1277     19192       128        98
       135      1173      1268      1254     19091       121       118
       136      1211      1188      1464     19105       124       113
       137      1242      1212      1529     18829        96       122
       138      1107      1237      1545     18512        98       122
       139      1132      1173      1636     18204       118       124
       140      1140      1211      1508     17741       113       123
       141      1086      1242      1462     17444       122       119
       142      1079      1107      1449     17224       122       105
       143      1076      1132      1337     16882       124       128
       144      1060      1140      1212     16677       123       101
       145      1028      1086      1139     16605       119       115
       146      1044      1079      1196     16552       105       107
       147      1057      1076      1184     16435       128        94
       148       997      1060      1176     16327       101       106
       149      1011      1028      1268     16211       115        90
       150       930      1044      1188     15971       107       120
       151       933      1057      1212     15827        94       107
       152       934       997      1237     15672       106       114
       153       897      1011      1173     15432        90       105
       154       900       930      1211     15270       120        97
       155       884       933      1242     14989       107       113
       156       872       934      1107     14680       114        87
       157       864       897      1132     14507       105        82
       158       869       900      1140     14272        97        88
       159       822       884      1086     14032       113        81
       160       803       872      1079     13830        87        81
       161       734       864      1076     13623        82        87
       162       800       869      1060     13411        88        86
       163       783       822      1028     13220        81        88
       164       797       803      1044     13014        81        72
       165       690       734      1057     12773        87        75
       166       742       800       997     12450        86        81
       167       741       783      1011     12253        88        92
       168       705       797       930     12025        72        82
       169       731       690       933     11892        75        63
       170       669       742       934     11649        81        71
       171       667       741       897     11457        92        66
       172       637       705       900     11301        82        67
       173       659       731       884     11106        63        65
       174       584       669       872     10953        71        69
       175       602       667       864     10750        66        59
       176       605       637       869     10553        67        58
       177       583       659       822     10321        65        63
       178       612       584       803     10158        69        50
       179       548       602       734      9939        59        47
       180       558       605       800      9807        58        65
       181       547       583       783      9612        63        64
       182       483       612       797      9412        50        73
       183       564       548       690      9227        47        53
       184       491       558       742      9085        65        52
       185       497       547       741      8901        64        56
       186       487       483       705      8707        73        44
       187       467       564       731      8485        53        43
       188       471       491       669      8318        52        48
       189       455       497       667      8140        56        43
       190       416       487       637      7970        44        40
       191       423       467       659      7820        43        55
       192       404       471       584      7628        48        46
       193       391       455       602      7515        43        44
       194       424       416       605      7368        40        51
       195       396       423       583      7179        55        32
       196       427       404       612      7019        46        29
       197       311       391       548      6811        44        43
       198       398       424       558      6654        51        36
       199       369       396       547      6520        32        37
       200       367       427       483      6369        29        43
       201       348       311       564      6313        43        26
       202       338       398       491      6060        36        39
       203       328       369       497      5967        37        40
       204       324       367       487      5839        43        35
       205       308       348       467      5719        26        31
       206       311       338       471      5600        39        37
       207       330       328       455      5467        40        41
       208       297       324       416      5340        35        37
       209       287       308       423      5248        31        28
       210       280       311       404      5133        37        23
       211       289       330       391      5040        41        40
       212       274       297       424      4979        37        22
       213       277       287       396      4852        28        27
       214       225       280       427      4743        23        24
       215       292       289       311      4596        40        36
       216       236       274       398      4574        22        30
       217       286       277       369      4450        27        26
       218       238       225       367      4358        24        22
       219       216       292       348      4216        36        37
       220       235       236       338      4160        30        29
       221       237       286       328      4058        26        28
       222       203       238       324      4016        22        20
       223       220       216       308      3930        37        22
       224       216       235       311      3838        29        23
       225       215       237       330      3762        28        24
       226       196       203       297      3669        20        23
       227       193       220       287      3575        22        20
       228       192       216       280      3508        23        25
       229       178       215       289      3444        24        24
       230       182       196       274      3370        23        15
       231       174       193       277      3292        20        23
       232       182       192       225      3208        25        18
       233       184       178       292      3175        24        23
       234       159       182       236      3061        15        23
       235       154       174       286      3007        23        12
       236       178       182       238      2895        18        22
       237       167       184       216      2839        23        17
       238       188       159       235      2807        23        17
       239       148       154       237      2731        12        17
       240       148       178       203      2648        22        15
       241       154       167       220      2623        17        11
       242       149       188       216      2570        17        16
       243       141       148       215      2542        17        18
       244       151       148       196      2475        15        15
       245       128       154       193      2427        11        20
       246       155       149       192      2388        16        14
       247       127       141       178      2345        18        14
       248       113       151       182      2308        15        14
       249       133       128       174      2277        20        13
       250       141       155       182      2231        14        17
       251       117       127       184      2204        14        14
       252       140       113       159      2147        14        13
       253       114       133       154      2101        13        17
       254        91       141       178      2080        17        16
       255       120       117       167      2043        14        12
       256        81       140       188      1993        13        12
       257        95       114       148      1945        17         9
       258       115        91       148      1911        16         7
       259        84       120       154      1854        12        14
       260        97        81       149      1820        12         5
       261       102        95       141      1752         9         8
       262       110       115       151      1706         7        14
       263        82        84       128      1670        14         7
       264        85        97       155      1626         5         8
       265        75       102       127      1568         8         9
       266        87       110       113      1543        14        16
       267        83        82       133      1540         7        10
       268        70        85       141      1489         8         6
       269        78        75       117      1433         9         6
       270        75        87       140      1391        16        10
       271        73        83       114      1338        10         8
       272        61        70        91      1307         6         7
       273        60        78       120      1286         6         7
       274        89        75        81      1244        10         4
       275        50        73        95      1238         8         9
       276        65        61       115      1216         7         4
       277        65        60        84      1162         7         8
       278        61        89        97      1138         4         8
       279        73        50       102      1130         9         3
       280        46        65       110      1078         4         6
       281        40        65        82      1033         8         3
       282        56        61        85      1016         8         8
       283        52        73        75       992         3        11
       284        43        46        87       990         6         4
       285        40        40        83       949         3         5
       286        50        56        70       906         8         4
       287        39        52        78       892        11        11
       288        48        43        75       866         4         2
       289        31        40        73       834         5         4
       290        49        50        61       801         4         4
       291        43        39        60       790        11         6
       292        38        48        89       769         2         3
       293        43        31        50       728         4         1
       294        25        49        65       709         4         4
       295        41        43        65       693         6         1
       296        48        38        61       671         3         4
       297        46        43        73       648         1         2
       298        27        25        46       618         4         2
       299        28        41        40       597         1         3
       300        35        48        56       598         4         3
       301        38        46        52       590         2         6
       302        36        27        43       584         2         4
       303        28        28        40       568         3         4
       304        33        35        50       556         3         4
       305        28        38        39       541         6         5
       306        21        36        48       540         4         4
       307        35        28        31       528         4         1
       308        23        33        49       525         4         5
       309        32        28        43       509         5         1
       310        23        21        38       494         4         1
       311        22        35        43       477         1         4
       312        18        23        25       469         5         1
       313        39        32        41       467         1         3
       314        17        23        48       458         1         2
       315        20        22        46       433         4         3
       316        18        18        27       409         1         1
       317        30        39        28       400         3         1
       318        19        17        35       411         2         0
       319        30        20        38       393         3         3
       320        11        18        36       375         1         3
       321        20        30        28       357         1         4
       322        17        19        33       359         0         1
       323        22        30        28       345         3         5
       324        19        11        21       347         3         1
       325        14        20        35       337         4         1
       326        23        17        23       322         1         1
       327        21        22        32       316         5         1
       328        13        19        23       306         1         3
       329        13        14        22       302         1         1
       330        17        23        18       294         1         5
       331        23        21        39       299         1         4
       332        12        13        17       281         3         2
       333        14        13        20       277         1         1
       334        14        17        18       270         5         1
       335        12        23        30       269         4         7
       336         9        12        19       262         2         1
       337        19        14        30       255         1         1
       338         4        14        11       239         1         3
       339        17        12        20       242         7         1
       340        10         9        17       234         1         1
       341        11        19        22       226         1         6
       342        11         4        19       223         3         0
       343        14        17        14       208         1         0
       344        12        10        23       211         1         0
       345        12        11        21       198         6         1
       346         1        11        13       188         0         1
       347         3        14        13       186         0         1
       348         6        12        17       187         0         0
       349         8        12        23       182         1         0
       350        13         1        12       171         1         0
       351         6         3        14       160         1         0
       352        11         6        14       149         0         0
       353         5         8        12       141         0         1
       354         7        13         9       137         0         1
       355        14         6        19       141         0         0
       356         4        11         4       128         0         1
       357        11         5        17       135         1         2
       358         8         7        10       123         1         0
       359         5        14        11       120         0         3
       360         4         4        11       123         1         0
       361         4        11        14       116         2         0
       362         1         8        12       113         0         0
       363         6         5        12       109         3         0
       364         3         4         1       102         0         0
       365         4         4         3       105         0         1
       366         7         1         6       106         0         0
       367         4         6         8       101         0         1
       368         9         3        13        99         0         0
       369         6         4         6        89         1         0
       370         9         7        11        87         0         0
       371         3         4         5        83         1         1
       372         8         9         7        82         0         1
       373         4         6        14        84         0         2
       374         5         9         4        76         0         0
       375         6         3        11        81         1         1
       376         5         8         8        73         1         2
       377         5         4         5        73         2         0
       378         4         5         4        72         0         0
       379         3         6         4        73         1         1
       380         4         5         1        75         2         1
       381         5         5         6        79         0         0
       382         4         4         3        78         0         0
       383         1         3         4        79         1         0
       384         7         4         7        78         1         0
       385         2         5         4        75         0         0
       386         1         4         9        76         0         0
       387         7         1         6        71         0         0
       388         8         7         9        66         0         2
       389         2         2         3        64         0         0
       390         2         1         8        63         0         0
       391         4         7         4        56         0         1
       392         1         8         5        59         2         1
       393         4         2         6        62         0         0
       394         3         2         5        58         0         0
       395         8         4         5        55         1         0
       396         1         1         4        54         1         0
       397         1         4         3        51         0         0
       398         0         3         4        52         0         1
       399         2         8         5        51         0         1
       400         2         1         4        54         0         0
       401         4         1         1        51         0         0
       402         3         0         7        51         1         0
       403         0         2         2        44         1         0
       404         0         2         1        44         0         0
       405         1         4         7        45         0         0
       406         3         3         8        42         0         0
       407         1         0         2        37         0         0
       408         3         0         2        35         0         0
       409         1         1         4        33         0         1
       410         1         3         1        30         0         0
       411         2         1         4        32         0         0
       412         1         3         3        29         0         0
       413         2         1         8        29         1         0
       414         5         1         1        22         0         0
       415         1         2         1        22         0         0
       416         1         1         0        23         0         0
       417         1         2         2        24         0         1
       418         0         5         2        24         0         1
       419         4         1         4        27         0         1
       420         1         1         3        24         0         0
       421         1         1         0        22         1         0
       422         1         0         0        23         1         0
       423         2         4         1        23         1         1
       424         1         1         3        26         0         0
       425         2         1         1        24         0         0
       426         3         1         3        24         0         0
       427         2         2         1        22         1         0
       428         0         1         1        23         0         0
       429         1         2         2        23         0         1
       430         2         3         1        23         0         0
       431         2         2         2        25         0         0
       432         0         0         5        25         0         0
       433         1         1         1        20         1         0
       434         2         2         1        20         0         0
       435         3         2         1        21         0         0
       436         0         0         0        22         0         0
       437         2         1         4        22         0         0
       438         1         2         1        19         0         0
       439         1         3         1        20         0         0
       440         0         0         1        22         0         0
       441         0         2         2        21         0         1
       442         3         1         1        21         0         1
       443         3         1         2        21         0         0
       444         4         0         3        20         0         0
       445         3         0         2        17         1         0
       446         0         3         0        15         1         0
       447         2         3         1        18         0         1
       448         1         4         2        20         0         1
       449         2         3         2        22         0         0
       450         0         0         0        23         0         0
       451         3         2         1        23         1         0
       452         0         1         2        24         1         0
       453         1         2         3        23         0         0
       454         0         0         0        22         0         0
       455         1         3         2        22         0         2
       456         0         0         1        23         0         0
       457         1         1         1        22         0         0
       458         1         0         0        22         0         0
       459         0         1         0        22         2         0
       460         1         0         3        23         0         0
       461         0         1         3        20         0         1
       462         0         1         4        18         0         0
       463         1         0         3        15         0         0
       464         1         1         0        12         0         0
       465         1         0         2        13         1         0
       466         1         0         1        11         0         0
       467         1         1         2        10         0         1
       468         0         1         0         9         0         0
       469         1         1         3        10         0         0
       470         1         1         0         8         0         0
       471         1         1         1         9         1         0
       472         1         0         0         9         0         0
       473         1         1         1         9         0         0
       474         0         1         0         9         0         0
       475         0         1         1        10         0         0
       476         0         1         1        10         0         0
       477         1         1         0        10         0         0
       478         1         0         1        11         0         0
       479         0         0         0        10         0         0
       480         0         0         0        10         0         0
       481         0         1         1        10         0         0
       482         0         1         1        10         0         1
       483         1         0         1        10         0         0
       484         0         0         1         9         0         0
       485         1         0         1         8         0         0
       486         0         0         0         7         1         0
       487         1         1         1         7         0         1
       488         0         0         1         7         0         0
       489         0         1         1         6         0         0
       490         0         0         1         6         0         0
       491         0         1         1         5         1         0
       492         0         0         0         5         0         0
       493         0         0         0         5         0         0
       494         0         0         0         5         0         0
       495         0         0         1         5         0         0
       496         0         0         1         4         0         0
       497         0         0         0         3         0         0
       498         0         0         0         3         0         0
       499         0         0         0         3         0         0
       500         0         0         0         3         0         0
