       2    1.0000000000000E+000    1.0000000000000E+000    1.0000000000000E+000
       3    1.0000000000000E+000    1.0000000000000E+000    1.0000000000000E+000
       4    1.0000000000000E+000    1.0000000000000E+000    1.0000000000000E+000
       5    1.0000000000000E+000    1.0000000000000E+000    1.0000000000000E+000
       6    1.0000000000000E+000    1.0000000000000E+000    1.0000000000000E+000
       7    9.9999324984659E-001    1.0000000000000E+000    9.9999324984659E-001
       8    9.9998424964205E-001    1.0000000000000E+000    9.9998424964205E-001
       9    9.9998199959092E-001    1.0000000000000E+000    9.9998199959092E-001
      10    9.9997299938639E-001    1.0000000000000E+000    9.9997299938639E-001
      11    9.9996624923299E-001    1.0000000000000E+000    9.9996624923299E-001
      12    9.9995499897735E-001    1.0000000000000E+000    9.9995499897735E-001
      13    9.9994599877285E-001    1.0000000000000E+000    9.9994599877285E-001
      14    9.9994149867060E-001    1.0000000000000E+000    9.9994149867060E-001
      15    9.9992349826165E-001    1.0000000000000E+000    9.9992349826165E-001
      16    9.9991224800609E-001    1.0000000000000E+000    9.9991224800609E-001
      17    9.9990549785276E-001    1.0000000000000E+000    9.9990549785276E-001
      18    9.9987849723959E-001    1.0000000000000E+000    9.9987849723959E-001
      19    9.9985374667769E-001    1.0000000000000E+000    9.9985374667769E-001
      20    9.9983124616706E-001    1.0000000000000E+000    9.9983124616706E-001
      21    9.9980199550354E-001    1.0000000000000E+000    9.9980199550354E-001
      22    9.9978174504440E-001    1.0000000000000E+000    9.9978174504440E-001
      23    9.9975249438156E-001    1.0000000000000E+000    9.9975249438156E-001
      24    9.9970974341366E-001    1.0000000000000E+000    9.9970974341366E-001
      25    9.9967599265034E-001    1.0000000000000E+000    9.9967599265034E-001
      26    9.9961974137997E-001    1.0000000000000E+000    9.9961974137997E-001
      27    9.9954773975775E-001    1.0000000000000E+000    9.9954773975775E-001
      28    9.9948923844335E-001    1.0000000000000E+000    9.9948923844335E-001
      29    9.9941948688109E-001    1.0000000000000E+000    9.9941948688109E-001
      30    9.9932273472413E-001    1.0000000000000E+000    9.9932273472413E-001
      31    9.9921698238189E-001    1.0000000000000E+000    9.9921698238189E-001
      32    9.9911123005803E-001    1.0000000000000E+000    9.9911123005803E-001
      33    9.9896947697611E-001    1.0000000000000E+000    9.9896947697611E-001
      34    9.9882322384168E-001    1.0000000000000E+000    9.9882322384168E-001
      35    9.9864772015001E-001    1.0000000000000E+000    9.9864772015001E-001
      36    9.9844746604390E-001    1.0000000000000E+000    9.9844746604390E-001
      37    9.9817971075796E-001    1.0000000000000E+000    9.9817971075796E-001
      38    9.9794120627529E-001    1.0000000000000E+000    9.9794120627529E-001
      39    9.9766445137836E-001    1.0000000000000E+000    9.9766445137836E-001
      40    9.9732469587510E-001    1.0000000000000E+000    9.9732469587510E-001
      41    9.9693544035590E-001    1.0000000000000E+000    9.9693544035590E-001
      42    9.9649668528519E-001    1.0000000000000E+000    9.9649668528519E-001
      43    9.9594768091140E-001    1.0000000000000E+000    9.9594768091140E-001
      44    9.9529742899986E-001    1.0000000000000E+000    9.9529742899986E-001
      45    9.9465618110480E-001    1.0000000000000E+000    9.9465618110480E-001
      46    9.9390243937623E-001    1.0000000000000E+000    9.9390243937623E-001
      47    9.9306545691264E-001    1.0000000000000E+000    9.9306545691264E-001
      48    9.9211823881878E-001    1.0000000000000E+000    9.9211823881878E-001
      49    9.9100904470311E-001    1.0000000000000E+000    9.9100904470311E-001
      50    9.8969514040493E-001    1.0000000000000E+000    9.8969514040493E-001
      51    9.8828003430960E-001    1.0000000000000E+000    9.8828003430960E-001
      52    9.8657927128316E-001    1.0000000000000E+000    9.8657927128316E-001
      53    9.8456815471093E-001    1.0000000000000E+000    9.8456815471093E-001
      54    9.8239521291256E-001    1.0000000000000E+000    9.8239521291256E-001
      55    9.7988731974827E-001    1.0000000000000E+000    9.7988731974827E-001
      56    9.7700412636783E-001    1.0000000000000E+000    9.7700412636783E-001
      57    9.7379978925559E-001    1.0000000000000E+000    9.7379978925559E-001
      58    9.7015988330352E-001    1.0000000000000E+000    9.7015988330352E-001
      59    9.6591847452752E-001    1.0000000000000E+000    9.6591847452752E-001
      60    9.6125145749741E-001    1.0000000000000E+000    9.6125145749741E-001
      61    9.5580019125748E-001    1.0000000000000E+000    9.5580019125748E-001
      62    9.4980848384479E-001    1.0000000000000E+000    9.4980848384479E-001
      63    9.4279556331106E-001    1.0000000000000E+000    9.4279556331106E-001
      64    9.3495047004087E-001    1.0000000000000E+000    9.3495047004087E-001
      65    9.2611109520208E-001    1.0000000000000E+000    9.2611109520208E-001
      66    9.1589172898140E-001    1.0000000000000E+000    9.1589172898140E-001
      67    9.0425471356837E-001    1.0000000000000E+000    9.0425471356837E-001
      68    8.9158827259696E-001    1.0000000000000E+000    8.9158827259696E-001
      69    8.7737324679792E-001    1.0000000000000E+000    8.7737324679792E-001
      70    8.6100301003780E-001    1.0000000000000E+000    8.6100301003780E-001
      71    8.4277047670105E-001    1.0000000000000E+000    8.4277047670105E-001
      72    8.2268157515571E-001    1.0000000000000E+000    8.2268157515571E-001
      73    8.0028913159456E-001    1.0000000000000E+000    8.0028913159456E-001
      74    7.7595472327858E-001    1.0000000000000E+000    7.7595472327858E-001
      75    7.4917780448925E-001    1.0000000000000E+000    7.4917780448925E-001
      76    7.1978758890212E-001    1.0000000000000E+000    7.1978758890212E-001
      77    6.8780485923566E-001    1.0000000000000E+000    6.8780485923566E-001
      78    6.5390019438234E-001    1.0000000000000E+000    6.5390019438234E-001
      79    6.1771890988762E-001    1.0000000000000E+000    6.1771890988762E-001
      80    5.7960139972184E-001    1.0000000000000E+000    5.7960139972184E-001
      81    5.4046770944371E-001    1.0000000000000E+000    5.4046770944371E-001
      82    5.0092808118447E-001    1.0000000000000E+000    5.0092808118447E-001
      83    4.6066429682687E-001    1.0000000000000E+000    4.6066429682687E-001
      84    4.2096066448446E-001    1.0000000000000E+000    4.2096066448446E-001
      85    3.8254922963849E-001    1.0000000000000E+000    3.8254922963849E-001
      86    3.4617355477191E-001    1.0000000000000E+000    3.4617355477191E-001
      87    3.1184727280800E-001    1.0000000000000E+000    3.1184727280800E-001
      88    2.8077112933935E-001    1.0000000000000E+000    2.8077112933935E-001
      89    2.5210358854970E-001    1.0000000000000E+000    2.5210358854970E-001
      90    2.2689469901475E-001    1.0000000000000E+000    2.2689469901475E-001
      91    2.0448907607883E-001    1.0000000000000E+000    2.0448907607883E-001
      92    1.8509723964805E-001    1.0000000000000E+000    1.8509723964805E-001
      93    1.6812120932972E-001    1.0000000000000E+000    1.6812120932972E-001
      94    1.5357043396979E-001    1.0000000000000E+000    1.5357043396979E-001
      95    1.4114909936628E-001    1.0000000000000E+000    1.4114909936628E-001
      96    1.3045485406775E-001    1.0000000000000E+000    1.3045485406775E-001
      97    1.2127492720816E-001    1.0000000000000E+000    1.2127492720816E-001
      98    1.1329176479897E-001    1.0000000000000E+000    1.1329176479897E-001
      99    1.0645909197559E-001    1.0000000000000E+000    1.0645909197559E-001
     100    1.0063872546800E-001    1.0000000000000E+000    1.0063872546800E-001
     101    9.5535286185295E-002    1.0000000000000E+000    9.5535286185295E-002
     102    9.1129551408068E-002    1.0000000000000E+000    9.1129551408068E-002
     103    8.7281417720974E-002    1.0000000000000E+000    8.7281417720974E-002
     104    8.4023488984246E-002    1.0000000000000E+000    8.4023488984246E-002
     105    8.1160504577294E-002    1.0000000000000E+000    8.1160504577294E-002
     106    7.8579802942952E-002    1.0000000000000E+000    7.8579802942952E-002
     107    7.6339926535261E-002    1.0000000000000E+000    7.6339926535261E-002
     108    7.4397486853176E-002    1.0000000000000E+000    7.4397486853176E-002
     109    7.2716216857249E-002    1.0000000000000E+000    7.2716216857249E-002
     110    7.1217238762840E-002    1.0000000000000E+000    7.1217238762840E-002
     111    6.9935783331329E-002    1.0000000000000E+000    6.9935783331329E-002
     112    6.8783172577503E-002    1.0000000000000E+000    6.8783172577503E-002
     113    6.7759781015782E-002    1.0000000000000E+000    6.7759781015782E-002
     114    6.6870816640299E-002    1.0000000000000E+000    6.6870816640299E-002
     115    6.6101831374682E-002    1.0000000000000E+000    6.6101831374682E-002
     116    6.5395053019208E-002    1.0000000000000E+000    6.5395053019208E-002
     117    6.4792983974764E-002    1.0000000000000E+000    6.4792983974764E-002
     118    6.4271602362573E-002    1.0000000000000E+000    6.4271602362573E-002
     119    6.3774776679536E-002    1.0000000000000E+000    6.3774776679536E-002
     120    6.3347222357891E-002    1.0000000000000E+000    6.3347222357891E-002
     121    6.2973803829355E-002    1.0000000000000E+000    6.2973803829355E-002
     122    6.2634824215991E-002    1.0000000000000E+000    6.2634824215991E-002
     123    6.2333376737697E-002    1.0000000000000E+000    6.2333376737697E-002
     124    6.2053879413872E-002    1.0000000000000E+000    6.2053879413872E-002
     125    6.1812747215643E-002    1.0000000000000E+000    6.1812747215643E-002
     126    6.1602163045195E-002    1.0000000000000E+000    6.1602163045195E-002
     127    6.1417902432041E-002    1.0000000000000E+000    6.1417902432041E-002
     128    6.1253341747982E-002    1.0000000000000E+000    6.1253341747982E-002
     129    6.1106490245366E-002    1.0000000000000E+000    6.1106490245366E-002
     130    6.0973364904520E-002    1.0000000000000E+000    6.0973364904520E-002
     131    6.0855439862872E-002    1.0000000000000E+000    6.0855439862872E-002
     132    6.0759582528833E-002    1.0000000000000E+000    6.0759582528833E-002
     133    6.0667716036298E-002    1.0000000000000E+000    6.0667716036298E-002
     134    6.0586317339655E-002    1.0000000000000E+000    6.0586317339655E-002
     135    6.0517127886021E-002    1.0000000000000E+000    6.0517127886021E-002
     136    6.0447807125614E-002    1.0000000000000E+000    6.0447807125614E-002
     137    6.0385274455131E-002    1.0000000000000E+000    6.0385274455131E-002
     138    6.0334187785830E-002    1.0000000000000E+000    6.0334187785830E-002
     139    6.0287606867128E-002    1.0000000000000E+000    6.0287606867128E-002
     140    6.0245297011771E-002    1.0000000000000E+000    6.0245297011771E-002
     141    6.0207470215448E-002    1.0000000000000E+000    6.0207470215448E-002
     142    6.0174338951028E-002    1.0000000000000E+000    6.0174338951028E-002
     143    6.0143450460696E-002    1.0000000000000E+000    6.0143450460696E-002
     144    6.0117687194265E-002    1.0000000000000E+000    6.0117687194265E-002
     145    6.0095265885210E-002    1.0000000000000E+000    6.0095265885210E-002
     146    6.0076625902077E-002    1.0000000000000E+000    6.0076625902077E-002
     147    6.0058879818188E-002    1.0000000000000E+000    6.0058879818188E-002
     148    6.0043135299613E-002    1.0000000000000E+000    6.0043135299613E-002
     149    6.0023406025729E-002    1.0000000000000E+000    6.0023406025729E-002
     150    6.0009001793052E-002    1.0000000000000E+000    6.0009001793052E-002
     151    5.9996816751918E-002    1.0000000000000E+000    5.9996816751918E-002
     152    5.9986627847558E-002    1.0000000000000E+000    5.9986627847558E-002
     153    5.9977769574850E-002    1.0000000000000E+000    5.9977769574850E-002
     154    5.9970684057689E-002    1.0000000000000E+000    5.9970684057689E-002
     155    5.9963378142996E-002    1.0000000000000E+000    5.9963378142996E-002
     156    5.9957401350365E-002    1.0000000000000E+000    5.9957401350365E-002
     157    5.9951867904104E-002    1.0000000000000E+000    5.9951867904104E-002
     158    5.9948548122931E-002    1.0000000000000E+000    5.9948548122931E-002
     159    5.9944122082355E-002    1.0000000000000E+000    5.9944122082355E-002
     160    5.9939475150933E-002    1.0000000000000E+000    5.9939475150933E-002
     161    5.9935934914451E-002    1.0000000000000E+000    5.9935934914451E-002
     162    5.9932394922446E-002    1.0000000000000E+000    5.9932394922446E-002
     163    5.9930182551584E-002    1.0000000000000E+000    5.9930182551584E-002
     164    5.9928412723647E-002    1.0000000000000E+000    5.9928412723647E-002
     165    5.9927970276211E-002    1.0000000000000E+000    5.9927970276211E-002
     166    5.9924873251101E-002    1.0000000000000E+000    5.9924873251101E-002
     167    5.9923103606490E-002    1.0000000000000E+000    5.9923103606490E-002
     168    5.9921997609637E-002    1.0000000000000E+000    5.9921997609637E-002
     169    5.9920891636653E-002    1.0000000000000E+000    5.9920891636653E-002
     170    5.9919343314574E-002    1.0000000000000E+000    5.9919343314574E-002
     171    5.9918458580103E-002    1.0000000000000E+000    5.9918458580103E-002
     172    5.9917352683496E-002    1.0000000000000E+000    5.9917352683496E-002
     173    5.9916689156987E-002    1.0000000000000E+000    5.9916689156987E-002
     174    5.9916246810754E-002    1.0000000000000E+000    5.9916246810754E-002
     175    5.9916025639070E-002    1.0000000000000E+000    5.9916025639070E-002
     176    5.9915583298565E-002    1.0000000000000E+000    5.9915583298565E-002
     177    5.9915583298565E-002    1.0000000000000E+000    5.9915583298565E-002
     178    5.9915140961879E-002    1.0000000000000E+000    5.9915140961879E-002
     179    5.9914919794968E-002    1.0000000000000E+000    5.9914919794968E-002
     180    5.9914477464009E-002    1.0000000000000E+000    5.9914477464009E-002
     181    5.9914035136869E-002    1.0000000000000E+000    5.9914035136869E-002
     182    5.9913592813547E-002    1.0000000000000E+000    5.9913592813547E-002
     183    5.9913150494044E-002    1.0000000000000E+000    5.9913150494044E-002
     184    5.9913150494044E-002    1.0000000000000E+000    5.9913150494044E-002
     185    5.9913150494044E-002    1.0000000000000E+000    5.9913150494044E-002
     186    5.9912929335724E-002    1.0000000000000E+000    5.9912929335724E-002
     187    5.9912929335724E-002    1.0000000000000E+000    5.9912929335724E-002
     188    5.9912708178359E-002    1.0000000000000E+000    5.9912708178359E-002
     189    5.9912487021948E-002    1.0000000000000E+000    5.9912487021948E-002
     190    5.9912487021948E-002    1.0000000000000E+000    5.9912487021948E-002
     191    5.9912487021948E-002    1.0000000000000E+000    5.9912487021948E-002
     192    5.9912044711991E-002    1.0000000000000E+000    5.9912044711991E-002
     193    5.9912044711991E-002    1.0000000000000E+000    5.9912044711991E-002
     194    5.9912044711991E-002    1.0000000000000E+000    5.9912044711991E-002
     195    5.9912044711991E-002    1.0000000000000E+000    5.9912044711991E-002
     196    5.9912044711991E-002    1.0000000000000E+000    5.9912044711991E-002
     197    5.9912044711991E-002    1.0000000000000E+000    5.9912044711991E-002
     198    5.9911823558444E-002    1.0000000000000E+000    5.9911823558444E-002
     199    5.9911823558444E-002    1.0000000000000E+000    5.9911823558444E-002
     200    5.9911823558444E-002    1.0000000000000E+000    5.9911823558444E-002
