         1         0         0         0        10         0         0
         2         3         0         0        10         0         0
         3         4         0         0        10         0         0
         4         1         0         0        10         0         0
         5         4         0         0        10         0         0
         6         3         3         0        10         0         1
         7         5         4         0        13         0         0
         8         4         1         0        17         0         0
         9         2         4         0        18         0         0
        10         8         3         0        22         1         0
        11         5         5         0        25         0         1
        12         3         4         0        30         0         0
        13        12         2         0        34         0         0
        14        11         8         0        36         0         0
        15        10         5         0        44         1         3
        16        13         3         0        49         0         1
        17         9        12         0        52         0         1
        18        13        11        10        64         0         1
        19        19        10         0        65         3         1
        20        15        13         3        75         1         3
        21        25         9         4        85         1         1
        22        32        13         1        90         1         1
        23        26        19         4       102         1         4
        24        31        15         3       117         3         1
        25        43        25         5       129         1         4
        26        47        32         4       149         1         3
        27        47        26         2       177         4         2
        28        63        31         8       201         1         0
        29        65        43         5       224         4         5
        30        78        47         3       262         3         4
        31        89        47        12       306         2         6
        32       119        63        11       341         0         5
        33       106        65        10       393         5         6
        34       123        78        13       448         4        12
        35       151        89         9       513         6         9
        36       173       119        13       593         5        12
        37       195       106        19       699         6        13
        38       244       123        15       786        12        13
        39       289       151        25       894         9        11
        40       285       173        32      1020        12        18
        41       335       195        26      1161        13        14
        42       372       244        31      1330        13        18
        43       421       289        43      1543        11        25
        44       493       285        47      1789        18        25
        45       584       335        47      2027        14        31
        46       629       372        63      2315        18        39
        47       756       421        65      2624        25        42
        48       894       493        78      2980        25        52
        49       966       584        89      3395        31        60
        50      1115       629       119      3890        39        68
        51      1282       756       106      4400        42        61
        52      1425       894       123      5050        52       104
        53      1619       966       151      5821        60       104
        54      1887      1115       173      6636        68       114
        55      2077      1282       195      7578        61       119
        56      2427      1425       244      8665       104       152
        57      2669      1619       289      9846       104       147
        58      3126      1887       285     11176       114       187
        59      3500      2077       335     12778       119       208
        60      3948      2427       372     14520       152       241
        61      4571      2669       421     16575       147       277
        62      5215      3126       493     18823       187       322
        63      5690      3500       584     21456       208       348
        64      6405      3948       629     24372       241       379
        65      7405      4571       756     27691       277       459
        66      8289      5215       894     31506       322       540
        67      9191      5690       966     35827       348       593
        68     10327      6405      1115     40551       379       660
        69     11335      7405      1282     45841       459       791
        70     12628      8289      1425     51964       540       856
        71     14076      9191      1619     58828       593       895
        72     15614     10327      1887     66400       660      1055
        73     16944     11335      2077     74840       791      1121
        74     18601     12628      2427     84098       856      1223
        75     20278     14076      2669     94299       895      1321
        76     21680     15614      3126    105706      1055      1509
        77     22962     16944      3500    118194      1121      1735
        78     24696     18601      3948    131638      1223      1849
        79     25928     20278      4571    146291      1321      2114
        80     26909     21680      5215    161998      1509      2137
        81     27526     22962      5690    178463      1735      2314
        82     28242     24696      6405    195735      1849      2517
        83     27939     25928      7405    214026      2114      2627
        84     28279     26909      8289    232549      2137      2733
        85     27358     27526      9191    251169      2314      2705
        86     26766     28242     10327    269504      2517      2693
        87     25484     27939     11335    287419      2627      2766
        88     24495     28279     12628    304023      2733      2847
        89     22988     27358     14076    319674      2705      2777
        90     21391     26766     15614    332956      2693      2666
        91     19982     25484     16944    344108      2766      2554
        92     18523     24495     18601    352648      2847      2396
        93     17316     22988     20278    358542      2777      2353
        94     15856     21391     21680    361252      2666      2113
        95     14371     19982     22962    360963      2554      1966
        96     13343     18523     24696    357983      2396      1867
        97     12145     17316     25928    351810      2353      1731
        98     11136     15856     26909    343198      2113      1626
        99      9852     14371     27526    332145      1966      1424
       100      9008     13343     28242    318990      1867      1367
       101      8424     12145     27939    304091      1731      1200
       102      7563     11136     28279    288297      1626      1159
       103      6761      9852     27358    271154      1424       982
       104      6013      9008     26766    253648      1367       899
       105      5494      8424     25484    235890      1200       915
       106      4801      7563     24495    218830      1159       707
       107      4404      6761     22988    201898       982       675
       108      3981      6013     21391    185671       899       581
       109      3514      5494     19982    170293       915       556
       110      3083      4801     18523    155805       707       477
       111      2870      4404     17316    142083       675       390
       112      2473      3981     15856    129171       581       404
       113      2163      3514     14371    117296       556       357
       114      2080      3083     13343    106439       477       306
       115      1805      2870     12145     96179       390       295
       116      1588      2473     11136     86904       404       263
       117      1451      2163      9852     78241       357       218
       118      1298      2080      9008     70552       306       205
       119      1210      1805      8424     63624       295       187
       120      1049      1588      7563     57005       263       148
       121       920      1451      6761     51030       218       160
       122       808      1298      6013     45720       205       124
       123       724      1210      5494     41005       187       124
       124       648      1049      4801     36721       148       106
       125       589       920      4404     32969       160        95
       126       523       808      3981     29485       124        71
       127       426       724      3514     26312       124        74
       128       409       648      3083     23522       106        61
       129       363       589      2870     21087        95        74
       130       309       523      2473     18806        71        45
       131       310       426      2163     16856        74        45
       132       280       409      2080     15119        61        32
       133       229       363      1805     13448        74        37
       134       209       309      1588     12006        45        27
       135       190       310      1451     10727        45        32
       136       170       280      1298      9586        32        26
       137       149       229      1210      8568        37        25
       138       139       209      1049      7587        27        28
       139       116       190       920      6747        32        19
       140       101       170       808      6017        26        17
       141        84       149       724      5379        25        12
       142        80       139       648      4804        28        11
       143        71       116       589      4295        19        10
       144        89       101       523      3822        17        10
       145        65        84       426      3400        12        10
       146        55        80       409      3058        11         7
       147        46        71       363      2729        10         3
       148        40        89       309      2437        10        13
       149        32        65       310      2217        10         9
       150        33        55       280      1972         7         6
       151        27        46       229      1747         3         2
       152        25        40       209      1564        13         3
       153        15        32       190      1395         9         5
       154        20        33       170      1237         6         4
       155        21        27       149      1100         2         2
       156        16        25       139       978         3         0
       157        16        15       116       864         5         2
       158        10        20       101       763         4         4
       159         8        21        84       682         2         1
       160         2        16        80       619         0         0
       161        14        16        71       555         2         0
       162         8        10        89       500         4         1
       163         5         8        65       421         1         0
       164         5         2        55       364         0         0
       165         7        14        46       311         0         1
       166         4         8        40       279         1         0
       167         5         5        32       247         0         0
       168         3         5        33       220         0         1
       169         2         7        27       192         1         0
       170         1         4        25       172         0         1
       171         2         5        15       151         0         0
       172         0         3        20       141         1         1
       173         2         2        21       124         0         0
       174         1         1        16       105         1         0
       175         2         2        16        90         0         0
       176         2         0        10        76         1         0
       177         2         2         8        66         0         0
       178         2         1         2        60         0         0
       179         0         2        14        59         0         0
       180         0         2         8        47         0         0
       181         1         2         5        41         0         1
       182         0         2         5        38         0         0
       183         1         0         7        35         0         0
       184         1         0         4        28         0         0
       185         0         1         5        24         1         0
       186         0         0         3        20         0         0
       187         2         1         2        17         0         0
       188         0         1         1        16         0         0
       189         0         0         2        16         0         0
       190         0         0         0        14         0         0
       191         0         2         2        14         0         0
       192         0         0         1        14         0         0
       193         1         0         2        13         0         0
       194         0         0         2        11         0         0
       195         0         0         2         9         0         0
       196         0         0         2         7         0         0
       197         0         1         0         5         0         0
       198         0         0         0         6         0         0
       199         0         0         1         6         0         0
       200         0         0         0         5         0         0
