       1    0.0000000000000E+000    0.0000000000000E+000    9.9999000000000E+005    1.0000000000000E+001    0.0000000000000E+000    0.0000000000000E+000    1.0000000000000E+001    1.0000000000000E+001    1.0000000000000E+001    0.0000000000000E+000    0.0000000000000E+000
       2    0.0000000000000E+000    0.0000000000000E+000    1.4099654080000E+005    1.0000000000000E+001    0.0000000000000E+000    0.0000000000000E+000    2.0000000000000E-003    1.0000000000000E+001    1.0000000000000E+001    0.0000000000000E+000    0.0000000000000E+000
       3    0.0000000000000E+000    2.6310000000000E+000    1.4099390980000E+005    1.0000000000000E+001    0.0000000000000E+000    0.0000000000000E+000    2.0000000000000E-003    1.0000000000000E+001    1.0000000000000E+001    0.0000000000000E+000    0.0000000000000E+000
       4    0.0000000000000E+000    5.6206000000000E+000    1.4099092020000E+005    1.0000000000000E+001    0.0000000000000E+000    0.0000000000000E+000    2.0000000000000E-003    1.0000000000000E+001    1.0000000000000E+001    0.0000000000000E+000    0.0000000000000E+000
       5    0.0000000000000E+000    8.9594000000000E+000    1.4098758140000E+005    1.0000000000000E+001    0.0000000000000E+000    0.0000000000000E+000    2.0000000000000E-003    1.0000000000000E+001    1.0000000000000E+001    0.0000000000000E+000    0.0000000000000E+000
       6    2.6310000000000E+000    1.1987400000000E+001    1.4098455340000E+005    1.0000000000000E+001   -9.9460000000000E-001    9.9460000000000E-001    2.6330000000000E+000    1.1000000000000E+001    1.4000000000000E+001    1.0000000000000E+000    4.0000000000000E+000
       7    2.9896000000000E+000    1.1419600000000E+001    1.4098249020000E+005    1.2631000000000E+001   -9.9460000000000E-001    9.9460000000000E-001    5.6226000000000E+000    1.3000000000000E+001    2.0000000000000E+001    2.0000000000000E+000    6.0000000000000E+000
       8    3.3388000000000E+000    1.2184800000000E+001    1.4097873540000E+005    1.5620600000000E+001   -9.9460000000000E-001    9.9460000000000E-001    8.9614000000000E+000    1.4000000000000E+001    2.5000000000000E+001    1.0000000000000E+000    5.0000000000000E+000
       9    3.0280000000000E+000    1.3435200000000E+001    1.4097414620000E+005    1.8959400000000E+001   -9.9460000000000E-001    9.9460000000000E-001    1.1989400000000E+001    1.5000000000000E+001    3.0000000000000E+001    1.0000000000000E+000    5.0000000000000E+000
      10    2.0632000000000E+000    1.5230000000000E+001    1.4096932340000E+005    2.1987400000000E+001   -9.9460000000000E-001    9.9460000000000E-001    1.4052600000000E+001    1.5000000000000E+001    3.3000000000000E+001    0.0000000000000E+000    3.0000000000000E+000
      11    3.7548000000000E+000    1.9045600000000E+001    1.4096344460000E+005    2.4050600000000E+001   -1.2588000000000E+000    1.2588000000000E+000    1.7807400000000E+001    1.7000000000000E+001    4.1000000000000E+001    2.0000000000000E+000    8.0000000000000E+000
      12    4.5892000000000E+000    2.2245800000000E+001    1.4095648960000E+005    2.7805400000000E+001   -1.5590000000000E+000    1.5590000000000E+000    2.2396600000000E+001    2.0000000000000E+001    4.7000000000000E+001    3.0000000000000E+000    6.0000000000000E+000
      13    4.8228000000000E+000    2.5262200000000E+001    1.4094888400000E+005    3.2394600000000E+001   -1.9028000000000E+000    1.9028000000000E+000    2.7219400000000E+001    2.2000000000000E+001    5.9000000000000E+001    2.0000000000000E+000    1.2000000000000E+001
      14    5.8788000000000E+000    2.9133600000000E+001    1.4094018980000E+005    3.7217400000000E+001   -2.2062000000000E+000    2.2062000000000E+000    3.3098200000000E+001    2.3000000000000E+001    7.1000000000000E+001    1.0000000000000E+000    1.2000000000000E+001
      15    6.9550000000000E+000    3.3239800000000E+001    1.4093020480000E+005    4.3096200000000E+001   -2.4122000000000E+000    2.4122000000000E+000    4.0053200000000E+001    3.1000000000000E+001    8.0000000000000E+001    8.0000000000000E+000    9.0000000000000E+000
      16    7.6056000000000E+000    3.8136000000000E+001    1.4091835360000E+005    5.0051200000000E+001   -2.7816000000000E+000    2.7816000000000E+000    4.7658800000000E+001    3.5000000000000E+001    9.5000000000000E+001    4.0000000000000E+000    1.5000000000000E+001
      17    8.6942000000000E+000    4.4989600000000E+001    1.4090389440000E+005    5.7656800000000E+001   -3.2178000000000E+000    3.2178000000000E+000    5.6353000000000E+001    3.9000000000000E+001    1.1700000000000E+002    4.0000000000000E+000    2.2000000000000E+001
      18    9.9850000000000E+000    5.2954800000000E+001    1.4088723500000E+005    6.6351000000000E+001   -3.7048000000000E+000    3.7048000000000E+000    6.6338000000000E+001    3.9000000000000E+001    1.3800000000000E+002    0.0000000000000E+000    2.1000000000000E+001
      19    1.1851200000000E+001    6.1713800000000E+001    1.4086849100000E+005    6.6336000000000E+001    5.7024000000000E+000    4.2976000000000E+000    7.8189200000000E+001    4.4000000000000E+001    1.6300000000000E+002    5.0000000000000E+000    2.5000000000000E+001
      20    1.4459200000000E+001    6.8313600000000E+001    1.4085004000000E+005    7.8187200000000E+001    5.0136000000000E+000    4.9864000000000E+000    9.2648400000000E+001    5.5000000000000E+001    1.8900000000000E+002    1.1000000000000E+001    2.6000000000000E+001
      21    1.6659400000000E+001    7.5618400000000E+001    1.4082827600000E+005    9.0015400000000E+001    6.8802000000000E+000    5.7508000000000E+000    1.0930780000000E+002    6.1000000000000E+001    2.0600000000000E+002    6.0000000000000E+000    1.7000000000000E+001
      22    1.8744000000000E+001    8.4868000000000E+001    1.4080236700000E+005    1.0368520000000E+002    8.9942000000000E+000    6.6264000000000E+000    1.2805180000000E+002    6.8000000000000E+001    2.3700000000000E+002    7.0000000000000E+000    3.1000000000000E+001
      23    1.8451000000000E+001    9.6706400000000E+001    1.4077178460000E+005    1.1909040000000E+002    1.1357000000000E+001    7.6024000000000E+000    1.4650280000000E+002    7.4000000000000E+001    2.8700000000000E+002    6.0000000000000E+000    5.0000000000000E+001
      24    2.1764000000000E+001    1.1332160000000E+002    1.4073671840000E+005    1.3451340000000E+002    1.3192200000000E+001    8.7952000000000E+000    1.6826680000000E+002    8.2000000000000E+001    3.2800000000000E+002    8.0000000000000E+000    4.1000000000000E+001
      25    2.5909000000000E+001    1.3089720000000E+002    1.4069737880000E+005    1.5421420000000E+002    1.3831800000000E+001    1.0218800000000E+001    1.9417580000000E+002    9.1000000000000E+001    3.9100000000000E+002    9.0000000000000E+000    6.3000000000000E+001
      26    3.0582400000000E+001    1.4979740000000E+002    1.4065256960000E+005    1.7636840000000E+002    1.5933800000000E+001    1.1871600000000E+001    2.2475820000000E+002    1.0400000000000E+002    4.6200000000000E+002    1.3000000000000E+001    7.1000000000000E+001
      27    3.5066200000000E+001    1.6999060000000E+002    1.4060179400000E+005    2.0236160000000E+002    1.8626800000000E+001    1.3767800000000E+001    2.5982440000000E+002    1.1400000000000E+002    5.3400000000000E+002    1.0000000000000E+001    7.2000000000000E+001
      28    3.9339600000000E+001    1.9263320000000E+002    1.4054408520000E+005    2.3260500000000E+002    2.1601000000000E+001    1.5616400000000E+001    2.9916400000000E+002    1.2400000000000E+002    5.9600000000000E+002    1.0000000000000E+001    6.2000000000000E+001
      29    4.4809200000000E+001    2.1993540000000E+002    1.4047744340000E+005    2.6606580000000E+002    2.5322400000000E+001    1.7773800000000E+001    3.4397320000000E+002    1.4200000000000E+002    6.7600000000000E+002    1.8000000000000E+001    8.0000000000000E+001
      30    5.0775600000000E+001    2.5181240000000E+002    1.4040075720000E+005    3.0392000000000E+002    2.9693800000000E+001    2.0357400000000E+001    3.9474880000000E+002    1.6300000000000E+002    7.6900000000000E+002    2.1000000000000E+001    9.3000000000000E+001
      31    5.7708800000000E+001    2.8885060000000E+002    1.4031294340000E+005    3.4709000000000E+002    3.4205200000000E+001    2.3451600000000E+001    4.5245760000000E+002    1.8500000000000E+002    8.8300000000000E+002    2.2000000000000E+001    1.1400000000000E+002
      32    6.6641800000000E+001    3.3137020000000E+002    1.4021271500000E+005    3.9610460000000E+002    3.9374000000000E+001    2.6977000000000E+001    5.1909940000000E+002    2.1400000000000E+002    1.0080000000000E+003    2.9000000000000E+001    1.2500000000000E+002
      33    7.6686200000000E+001    3.7874540000000E+002    1.4009869800000E+005    4.5276140000000E+002    4.5428800000000E+001    3.0907200000000E+001    5.9578560000000E+002    2.4000000000000E+002    1.1820000000000E+003    2.6000000000000E+001    1.7400000000000E+002
      34    8.7813800000000E+001    4.3195980000000E+002    1.3996879740000E+005    5.1759640000000E+002    5.2832400000000E+001    3.5354800000000E+001    6.8359940000000E+002    2.6500000000000E+002    1.3560000000000E+003    2.5000000000000E+001    1.7400000000000E+002
      35    1.0022840000000E+002    4.9217360000000E+002    1.3982076980000E+005    5.9095100000000E+002    6.2211600000000E+001    4.0434800000000E+001    7.8382780000000E+002    2.9300000000000E+002    1.5500000000000E+003    2.8000000000000E+001    1.9400000000000E+002
      36    1.1401700000000E+002    5.6029480000000E+002    1.3965242020000E+005    6.7452000000000E+002    7.3133400000000E+001    4.6172400000000E+001    8.9784480000000E+002    3.4000000000000E+002    1.7890000000000E+003    4.7000000000000E+001    2.3900000000000E+002
      37    1.2990060000000E+002    6.3831860000000E+002    1.3946037940000E+005    7.6979300000000E+002    8.5162600000000E+001    5.2887200000000E+001    1.0277454000000E+003    3.8900000000000E+002    2.0650000000000E+003    4.9000000000000E+001    2.7600000000000E+002
      38    1.4802760000000E+002    7.2755840000000E+002    1.3924123900000E+005    8.8124260000000E+002    9.5981400000000E+001    6.0519400000000E+001    1.1757730000000E+003    4.4200000000000E+002    2.3260000000000E+003    5.3000000000000E+001    2.6100000000000E+002
      39    1.6834960000000E+002    8.2902260000000E+002    1.3899174720000E+005    1.0075062000000E+003    1.0894260000000E+002    6.9322200000000E+001    1.3441226000000E+003    5.1700000000000E+002    2.6310000000000E+003    7.5000000000000E+001    3.0500000000000E+002
      40    1.9204080000000E+002    9.4553400000000E+002    1.3870688620000E+005    1.1499468000000E+003    1.2484660000000E+002    7.9327200000000E+001    1.5361634000000E+003    5.7500000000000E+002    2.9720000000000E+003    5.8000000000000E+001    3.4100000000000E+002
      41    2.1914040000000E+002    1.0783432000000E+003    1.3838203620000E+005    1.3114052000000E+003    1.4395360000000E+002    9.0802600000000E+001    1.7553038000000E+003    6.6400000000000E+002    3.4360000000000E+003    8.9000000000000E+001    4.6400000000000E+002
      42    2.4949180000000E+002    1.2299790000000E+003    1.3801126000000E+005    1.4954794000000E+003    1.6596860000000E+002    1.0385380000000E+002    2.0047956000000E+003    7.6400000000000E+002    3.9630000000000E+003    1.0000000000000E+002    5.2700000000000E+002
      43    2.8486100000000E+002    1.4051482000000E+003    1.3758659900000E+005    1.7056316000000E+003    1.9045220000000E+002    1.1870980000000E+002    2.2896566000000E+003    8.5700000000000E+002    4.5240000000000E+003    9.3000000000000E+001    5.6100000000000E+002
      44    3.2485000000000E+002    1.6047698000000E+003    1.3710211640000E+005    1.9456834000000E+003    2.1846760000000E+002    1.3550360000000E+002    2.6145066000000E+003    9.6600000000000E+002    5.1260000000000E+003    1.0900000000000E+002    6.0200000000000E+002
      45    3.7077620000000E+002    1.8329504000000E+003    1.3654908580000E+005    2.2197578000000E+003    2.5006120000000E+002    1.5468560000000E+002    2.9852828000000E+003    1.0840000000000E+003    5.7560000000000E+003    1.1800000000000E+002    6.3000000000000E+002
      46    4.2466100000000E+002    2.0925456000000E+003    1.3591871440000E+005    2.5328252000000E+003    2.8579260000000E+002    1.7666300000000E+002    3.4099438000000E+003    1.2370000000000E+003    6.5820000000000E+003    1.5300000000000E+002    8.2600000000000E+002
      47    4.8448260000000E+002    2.3880284000000E+003    1.3519857060000E+005    2.8908444000000E+003    3.2742400000000E+002    2.0167340000000E+002    3.8944264000000E+003    1.4030000000000E+003    7.5680000000000E+003    1.6600000000000E+002    9.8600000000000E+002
      48    5.5303060000000E+002    2.7249614000000E+003    1.3437715500000E+005    3.2986408000000E+003    3.7554640000000E+002    2.3023720000000E+002    4.4474570000000E+003    1.6040000000000E+003    8.6180000000000E+003    2.0100000000000E+002    1.0500000000000E+003
      49    6.3037140000000E+002    3.1090942000000E+003    1.3343999160000E+005    3.7638576000000E+003    4.3085700000000E+002    2.6274040000000E+002    5.0778284000000E+003    1.8230000000000E+003    9.8190000000000E+003    2.1900000000000E+002    1.2010000000000E+003
      50    7.2014380000000E+002    3.5432414000000E+003    1.3237547300000E+005    4.2940006000000E+003    4.9390320000000E+002    2.9992260000000E+002    5.7979722000000E+003    2.0640000000000E+003    1.1197000000000E+004    2.4100000000000E+002    1.3780000000000E+003
      51    8.2141560000000E+002    4.0343216000000E+003    1.3116424900000E+005    4.9001274000000E+003    5.6541160000000E+002    3.4243120000000E+002    6.6193878000000E+003    2.3690000000000E+003    1.2732000000000E+004    3.0500000000000E+002    1.5350000000000E+003
      52    9.3716340000000E+002    4.5915964000000E+003    1.2978555860000E+005    5.5916424000000E+003    6.4693880000000E+002    3.9080460000000E+002    7.5565512000000E+003    2.7120000000000E+003    1.4447000000000E+004    3.4300000000000E+002    1.7150000000000E+003
      53    1.0645186000000E+003    5.2264452000000E+003    1.2821354640000E+005    6.3807782000000E+003    7.3952260000000E+002    4.4624840000000E+002    8.6210698000000E+003    3.0870000000000E+003    1.6476000000000E+004    3.7500000000000E+002    2.0290000000000E+003
      54    1.2112240000000E+003    5.9548704000000E+003    1.2642060260000E+005    7.2769472000000E+003    8.4468300000000E+002    5.0943760000000E+002    9.8322938000000E+003    3.5090000000000E+003    1.8800000000000E+004    4.2200000000000E+002    2.3240000000000E+003
      55    1.3786904000000E+003    6.7879208000000E+003    1.2437632820000E+005    8.2961304000000E+003    9.6469600000000E+002    5.8146540000000E+002    1.1210984200000E+004    3.9820000000000E+003    2.1456000000000E+004    4.7300000000000E+002    2.6560000000000E+003
      56    1.5720122000000E+003    7.7348444000000E+003    1.2205071420000E+005    9.4556804000000E+003    1.1016880000000E+003    6.6361380000000E+002    1.2782996400000E+004    4.5310000000000E+003    2.4495000000000E+004    5.4900000000000E+002    3.0390000000000E+003
      57    1.7929438000000E+003    8.8042972000000E+003    1.1940924920000E+005    1.0778200800000E+004    1.2574594000000E+003    7.5733420000000E+002    1.4575940200000E+004    5.1870000000000E+003    2.7848000000000E+004    6.5600000000000E+002    3.3530000000000E+003
      58    2.0442744000000E+003    1.0004015800000E+004    1.1641658680000E+005    1.2286283600000E+004    1.4358088000000E+003    8.6384580000000E+002    1.6620214600000E+004    5.9140000000000E+003    3.1605000000000E+004    7.2700000000000E+002    3.7570000000000E+003
      59    2.3256140000000E+003    1.1352562200000E+004    1.1302376600000E+005    1.4005708000000E+004    1.6397142000000E+003    9.8479040000000E+002    1.8945828600000E+004    6.7860000000000E+003    3.5935000000000E+004    8.7200000000000E+002    4.3300000000000E+003
      60    2.6414650000000E+003    1.2874209400000E+004    1.0917650480000E+005    1.5960545800000E+004    1.8726286000000E+003    1.1226522000000E+003    2.1587293600000E+004    7.7480000000000E+003    4.0824000000000E+004    9.6200000000000E+002    4.8890000000000E+003
      61    2.9926624000000E+003    1.4595343800000E+004    1.0481390540000E+005    1.8177349800000E+004    2.1400854000000E+003    1.2798564000000E+003    2.4579956000000E+004    8.8730000000000E+003    4.6377000000000E+004    1.1250000000000E+003    5.5530000000000E+003
      62    3.3928208000000E+003    1.6539251800000E+004    9.9877335000000E+004    2.0685529600000E+004    2.4454762000000E+003    1.4589482000000E+003    2.7972776800000E+004    1.0135000000000E+004    5.2562000000000E+004    1.2620000000000E+003    6.1850000000000E+003
      63    3.8472612000000E+003    1.8723332000000E+004    9.4300434000000E+004    2.3525319800000E+004    2.7944460000000E+003    1.6630090000000E+003    3.1820038000000E+004    1.1533000000000E+004    5.9582000000000E+004    1.3980000000000E+003    7.0200000000000E+003
      64    4.3625994000000E+003    2.1161707400000E+004    8.8014797400000E+004    2.6742209600000E+004    3.1917972000000E+003    1.8960292000000E+003    3.6182637400000E+004    1.3115000000000E+004    6.7516000000000E+004    1.5820000000000E+003    7.9340000000000E+003
      65    4.9365704000000E+003    2.3875314800000E+004    8.0938590600000E+004    3.0384665200000E+004    3.6479668000000E+003    2.1600034000000E+003    4.1119207800000E+004    1.4926000000000E+004    7.6389000000000E+004    1.8110000000000E+003    8.8730000000000E+003
      66    5.5769010000000E+003    2.6893013800000E+004    7.2984321200000E+004    3.4499820000000E+004    4.1698012000000E+003    2.4595846000000E+003    4.6696108800000E+004    1.7116000000000E+004    8.6539000000000E+004    2.1900000000000E+003    1.0150000000000E+004
      67    6.2856366000000E+003    3.0237204800000E+004    6.4063229200000E+004    3.9139557600000E+004    4.7675548000000E+003    2.7989944000000E+003    5.2981745400000E+004    1.9472000000000E+004    9.7621000000000E+004    2.3560000000000E+003    1.1082000000000E+004
      68    7.0762068000000E+003    3.3925790600000E+004    5.4089006800000E+004    4.4360675600000E+004    5.4475354000000E+003    3.1835324000000E+003    6.0057952200000E+004    2.2288000000000E+004    1.1002500000000E+005    2.8160000000000E+003    1.2404000000000E+004
      69    7.9542694000000E+003    3.7964907400000E+004    4.2973683200000E+004    5.0225658400000E+004    6.2220872000000E+003    3.6202046000000E+003    6.8012221600000E+004    2.5327000000000E+004    1.2375400000000E+005    3.0390000000000E+003    1.3729000000000E+004
      70    8.9210920000000E+003    4.2358091400000E+004    3.0626229800000E+004    5.6801237400000E+004    7.1067638000000E+003    4.1142184000000E+003    7.6933313600000E+004    2.8916000000000E+004    1.3879700000000E+005    3.5890000000000E+003    1.5043000000000E+004
      71    9.9742224000000E+003    4.7102330800000E+004    1.6960898400000E+004    6.4150317200000E+004    8.1208234000000E+003    4.6721710000000E+003    8.6907536000000E+004    3.2863000000000E+004    1.5542100000000E+005    3.9470000000000E+003    1.6624000000000E+004
      72    1.1115323600000E+004    5.2194662200000E+004    1.8943446000000E+003    7.2331595800000E+004    9.2852466000000E+003    5.3006916000000E+003    9.8022859600000E+004    3.7363000000000E+004    1.7385700000000E+005    4.5000000000000E+003    1.8436000000000E+004
      73    1.2347453400000E+004    5.7607677200000E+004   -1.4633994000000E+004    8.1402645000000E+004    1.0621468800000E+004    6.0087438000000E+003    1.1037031300000E+005    4.2411000000000E+004    1.9353600000000E+005    5.0480000000000E+003    1.9679000000000E+004
      74    1.3665331400000E+004    6.3293335800000E+004   -3.2667106000000E+004    9.1424484400000E+004    1.2151826400000E+004    6.8040002000000E+003    1.2403564440000E+005    4.8103000000000E+004    2.1493700000000E+005    5.6920000000000E+003    2.1401000000000E+004
      75    1.5066553800000E+004    6.9186697800000E+004   -5.2225799400000E+004    1.0244835080000E+005    1.3901494400000E+004    7.6957972000000E+003    1.3910219820000E+005    5.4572000000000E+004    2.3773400000000E+005    6.4690000000000E+003    2.2797000000000E+004
      76    1.6528338600000E+004    7.5189803000000E+004   -7.3295458400000E+004    1.1452224220000E+005    1.5896985800000E+004    8.6929682000000E+003    1.5563053680000E+005    6.1853000000000E+004    2.6192800000000E+005    7.2810000000000E+003    2.4194000000000E+004
      77    1.8033112000000E+004    8.1188105600000E+004   -9.5822099600000E+004    1.2765776000000E+005    1.8178220200000E+004    9.8045546000000E+003    1.7366364880000E+005    6.9953000000000E+004    2.8747200000000E+005    8.1000000000000E+003    2.5544000000000E+004
      78    1.9558693400000E+004    8.7048227000000E+004   -1.1971533300000E+005    1.4184361080000E+005    2.0790088200000E+004    1.1039947800000E+004    1.9322234220000E+005    7.9031000000000E+004    3.1419200000000E+005    9.0780000000000E+003    2.6720000000000E+004
      79    2.1069659000000E+004    9.2612191400000E+004   -1.4483799080000E+005    1.5703970480000E+005    2.3786455400000E+004    1.2406180000000E+004    2.1429200120000E+005    8.9482000000000E+004    3.4169900000000E+005    1.0451000000000E+004    2.7507000000000E+004
      80    2.2526641200000E+004    9.7711770800000E+004   -1.7100722920000E+005    1.7317279340000E+005    2.7217405600000E+004    1.3911800200000E+004    2.3681864240000E+005    1.0105900000000E+005    3.6944500000000E+005    1.1577000000000E+004    2.7746000000000E+004
      81    2.3893233400000E+004    1.0215904280000E+005   -1.9798114240000E+005    1.9012253360000E+005    3.1140754600000E+004    1.5565352200000E+004    2.6071187580000E+005    1.1364800000000E+005    3.9770200000000E+005    1.2589000000000E+004    2.8257000000000E+004
      82    2.5122657800000E+004    1.0578034080000E+005   -2.2549567380000E+005    2.0773013040000E+005    3.5623004000000E+004    1.7368739400000E+004    2.8583453360000E+005    1.2803000000000E+005    4.2576400000000E+005    1.4382000000000E+004    2.8062000000000E+004
      83    2.6169238400000E+004    1.0841547700000E+005   -2.5325346780000E+005    2.2577658140000E+005    4.0743212000000E+004    1.9324738200000E+004    3.1200377200000E+005    1.4362400000000E+005    4.5338900000000E+005    1.5594000000000E+004    2.7625000000000E+004
      84    2.6973913200000E+004    1.0994777680000E+005   -2.8095500600000E+005    2.4399155040000E+005    4.6590814800000E+004    2.1431404800000E+004    3.3897768520000E+005    1.6085800000000E+005    4.8027300000000E+005    1.7234000000000E+004    2.6884000000000E+004
      85    2.7514531400000E+004    1.1030883680000E+005   -3.0828997920000E+005    2.6204437160000E+005    5.3258958200000E+004    2.3684353400000E+004    3.6649221660000E+005    1.7941500000000E+005    5.0610800000000E+005    1.8557000000000E+004    2.5835000000000E+004
      86    2.7757794000000E+004    1.0948465180000E+005   -3.3498032560000E+005    2.7958468060000E+005    6.0843662400000E+004    2.6073871600000E+004    3.9425001060000E+005    1.9965700000000E+005    5.3091200000000E+005    2.0242000000000E+004    2.4804000000000E+004
      87    2.7701538200000E+004    1.0752416700000E+005   -3.6077763480000E+005    2.9622715100000E+005    6.9445722800000E+004    2.8587134800000E+004    4.2195154880000E+005    2.2163300000000E+005    5.5447000000000E+005    2.1976000000000E+004    2.3558000000000E+004
      88    2.7334973200000E+004    1.0451785980000E+005   -3.8547286580000E+005    3.1158123580000E+005    7.9176985600000E+004    3.1203325400000E+004   -4.0970693720000E+005    2.4460000000000E+005    5.7665700000000E+005    2.2967000000000E+004    2.2187000000000E+004
      89    2.6690346400000E+004    1.0062757780000E+005   -4.0891755700000E+005    3.2525087760000E+005    9.0144110400000E+004    3.3901532000000E+004   -3.8301659080000E+005    2.6906600000000E+005    5.9727700000000E+005    2.4466000000000E+004    2.0620000000000E+004
      90    2.5797309200000E+004    9.6021979200000E+004    4.2799115440000E+005    3.3687467020000E+005    1.0245860300000E+005    3.6653593200000E+004   -3.5721928160000E+005    2.9498400000000E+005    6.1630300000000E+005    2.5918000000000E+004    1.9026000000000E+004
      91    2.4695231000000E+004    9.0901021600000E+004    4.0731480280000E+005    3.4614364080000E+005    1.1621091340000E+005    3.9429621400000E+004   -3.3252405060000E+005    3.2217100000000E+005    6.3404200000000E+005    2.7187000000000E+004    1.7739000000000E+004
      92    2.3444691200000E+004    8.5458869200000E+004    3.8806172420000E+005    3.5280575980000E+005    1.3147335260000E+005    4.2200294200000E+004   -3.0907935940000E+005    3.5008700000000E+005    6.5031800000000E+005    2.7916000000000E+004    1.6276000000000E+004
      93    2.2084747800000E+004    7.9858509200000E+004    3.7021739300000E+005    3.5669175760000E+005    1.4829939000000E+005    4.4932950200000E+004   -2.8699461160000E+005    3.7778500000000E+005    6.6532300000000E+005    2.7698000000000E+004    1.5005000000000E+004
      94    2.0676351600000E+004    7.4250923200000E+004    3.5374023120000E+005    3.5770684640000E+005    1.6669937320000E+005    4.7602626000000E+004   -2.6631826000000E+005    4.0610100000000E+005    6.7912000000000E+005    2.8316000000000E+004    1.3797000000000E+004
      95    1.9253078600000E+004    6.8734860200000E+004    3.3857994260000E+005    3.5585655680000E+005    1.8664685480000E+005    5.0181785600000E+004   -2.4706518140000E+005    4.3416100000000E+005    6.9175100000000E+005    2.8060000000000E+004    1.2631000000000E+004
      96    1.7844331200000E+004    6.3394658800000E+004    3.2466706540000E+005    3.5121640200000E+005    2.0807060800000E+005    5.2651265800000E+004   -2.2922085020000E+005    4.6135300000000E+005    7.0321500000000E+005    2.7192000000000E+004    1.1464000000000E+004
      97    1.6477161800000E+004    5.8283631000000E+004    3.1193376200000E+005    3.4393807540000E+005    2.3084737840000E+005    5.4997153200000E+004   -2.1274368840000E+005    4.8816900000000E+005    7.1352700000000E+005    2.6816000000000E+004    1.0312000000000E+004
      98    1.5160288600000E+004    5.3433649000000E+004    3.0030658220000E+005    3.3424599880000E+005    2.5480767100000E+005    5.7206099000000E+004   -1.9758339980000E+005    5.1388800000000E+005    7.2299800000000E+005    2.5719000000000E+004    9.4710000000000E+003
      99    1.3912877200000E+004    4.8864433400000E+004    2.8971550920000E+005    3.2243237420000E+005    2.7971391740000E+005    5.9273765800000E+004   -1.8367052260000E+005    5.3824100000000E+005    7.3162800000000E+005    2.4353000000000E+004    8.6300000000000E+003
     100    1.2733303400000E+004    4.4576230400000E+004    2.8009083500000E+005    3.0883072000000E+005    3.0530255640000E+005    6.1199658200000E+004   -1.7093721920000E+005    5.6150400000000E+005    7.3941600000000E+005    2.3263000000000E+004    7.7880000000000E+003
     101    1.1627179800000E+004    4.0570820800000E+004    2.7136294120000E+005    2.9380622940000E+005    3.3127563760000E+005    6.2984371000000E+004   -1.5931003940000E+005    5.8316300000000E+005    7.4640700000000E+005    2.1659000000000E+004    6.9910000000000E+003
     102    1.0591073000000E+004    3.6838973800000E+004    2.6346760840000E+005    2.7773187100000E+005    3.5732933060000E+005    6.4632216200000E+004   -1.4871896640000E+005    6.0316900000000E+005    7.5254100000000E+005    2.0006000000000E+004    6.1340000000000E+003
     103    9.6246742000000E+003    3.3380886200000E+004    2.5633462300000E+005    2.6098797080000E+005    3.8314878560000E+005    6.6147734400000E+004   -1.3909429220000E+005    6.2165500000000E+005    7.5815300000000E+005    1.8486000000000E+004    5.6120000000000E+003
     104    8.7278938000000E+003    3.0187954000000E+004    2.4990288100000E+005    2.4392229860000E+005    4.0844856180000E+005    6.7538304600000E+004   -1.3036639840000E+005    6.3858000000000E+005    7.6317900000000E+005    1.6925000000000E+004    5.0260000000000E+003
     105    7.8953328000000E+003    2.7249702000000E+004    2.4411323920000E+005    2.2685288320000E+005   -4.2602194560000E+005    6.8812662000000E+004   -1.2247106560000E+005    6.5435900000000E+005    7.6770600000000E+005    1.5779000000000E+004    4.5270000000000E+003
     106    7.1329854000000E+003    2.4557618800000E+004    2.3890998960000E+005    2.1005298500000E+005   -4.0248860620000E+005    6.9974553600000E+004   -1.1533808020000E+005    6.6877400000000E+005    7.7180000000000E+005    1.4415000000000E+004    4.0940000000000E+003
     107    6.4317420000000E+003    2.2096839600000E+004    2.3423778340000E+005    1.9374127920000E+005   -3.8010331940000E+005    7.1033958000000E+004   -1.0890633820000E+005    6.8202000000000E+005    7.7547600000000E+005    1.3246000000000E+004    3.6760000000000E+003
     108    5.7896418000000E+003    1.9855287400000E+004    2.3004759360000E+005    1.7808827340000E+005   -3.5898128040000E+005    7.1996666800000E+004   -1.0311669640000E+005    6.9428600000000E+005    7.7877900000000E+005    1.2266000000000E+004    3.3030000000000E+003
     109    5.2032496000000E+003    1.7823194200000E+004    2.2629004500000E+005    1.6320156360000E+005   -3.3917836620000E+005    7.2870104200000E+004   -9.7913446800000E+004    7.0527600000000E+005    7.8167800000000E+005    1.0990000000000E+004    2.8990000000000E+003
     110    4.6722062000000E+003    1.5984551800000E+004    2.2292543780000E+005    1.4915173460000E+005   -3.2071435440000E+005    7.3659171000000E+004   -9.3241240600000E+004    7.1532100000000E+005    7.8419600000000E+005    1.0045000000000E+004    2.5180000000000E+003
     111    4.1901898000000E+003    1.4327673000000E+004    2.1991011040000E+005    1.3597960960000E+005   -3.0358308920000E+005    7.4372237000000E+004   -8.9051050800000E+004    7.2438500000000E+005    7.8660200000000E+005    9.0640000000000E+003    2.4060000000000E+003
     112    3.7575486000000E+003    1.2838282200000E+004    2.1720931140000E+005    1.2369263760000E+005   -2.8774924620000E+005    7.5015555800000E+004   -8.5293502200000E+004    7.3270300000000E+005    7.8873100000000E+005    8.3180000000000E+003    2.1290000000000E+003
     113    3.3646072000000E+003    1.1495686600000E+004    2.1479435840000E+005    1.1228989760000E+005   -2.7316754580000E+005    7.5594144000000E+004   -8.1928895000000E+004    7.4035000000000E+005    7.9057900000000E+005    7.6470000000000E+003    1.8480000000000E+003
     114    3.0153274000000E+003    1.0292702800000E+004    2.1263273500000E+005    1.0174162760000E+005   -2.5977489960000E+005    7.6114375000000E+004   -7.8913567600000E+004    7.4713700000000E+005    7.9221300000000E+005    6.7870000000000E+003    1.6340000000000E+003
     115    2.7007990000000E+003    9.2105162000000E+003    2.1069959420000E+005    9.2023651600000E+004   -2.4750798660000E+005    7.6580765400000E+004   -7.6212768600000E+004    7.5323200000000E+005    7.9367200000000E+005    6.0950000000000E+003    1.4590000000000E+003
     116    2.4149530000000E+003    8.2366464000000E+003    2.0897266500000E+005    8.3097270800000E+004   -2.3629965860000E+005    7.6999617200000E+004   -7.3797815600000E+004    7.5876600000000E+005    7.9496500000000E+005    5.5340000000000E+003    1.2930000000000E+003
     117    2.1616234000000E+003    7.3642258000000E+003    2.0743013260000E+005    7.4921150800000E+004   -2.2608422520000E+005    7.7375256800000E+004   -7.1636192200000E+004    7.6370200000000E+005    7.9621700000000E+005    4.9360000000000E+003    1.2520000000000E+003
     118    1.9331408000000E+003    6.5806224000000E+003    2.0605211260000E+005    6.7458100000000E+004   -2.1679586580000E+005    7.7711571600000E+004   -6.9703051400000E+004    7.6809800000000E+005    7.9736500000000E+005    4.3960000000000E+003    1.1480000000000E+003
     119    1.7269292000000E+003    5.8784154000000E+003    2.0482117880000E+005    6.0663347000000E+004   -2.0836904620000E+005    7.8012645800000E+004   -6.7976122200000E+004    7.7205100000000E+005    7.9834400000000E+005    3.9530000000000E+003    9.7900000000000E+002
     120    1.5425324000000E+003    5.2505612000000E+003    2.0372210380000E+005    5.4494943400000E+004   -2.0074372880000E+005    7.8282661200000E+004   -6.6433589800000E+004    7.7550100000000E+005    7.9916000000000E+005    3.4500000000000E+003    8.1600000000000E+002
     121    1.3780200000000E+003    4.6888204000000E+003    2.0274131220000E+005    4.8904490400000E+004   -1.9385239360000E+005    7.8524311400000E+004   -6.5055569800000E+004    7.7865100000000E+005    7.9992200000000E+005    3.1500000000000E+003    7.6200000000000E+002
     122    1.2309338000000E+003    4.1858964000000E+003    2.0186621620000E+005    4.3850768400000E+004   -1.8763704120000E+005    7.8740701000000E+004   -6.3824636000000E+004    7.8148500000000E+005    8.0056900000000E+005    2.8340000000000E+003    6.4700000000000E+002
     123    1.0990750000000E+003    3.7366338000000E+003    2.0108454500000E+005    3.9292060400000E+004   -1.8204065660000E+005    7.8933958200000E+004   -6.2725561000000E+004    7.8389400000000E+005    8.0119900000000E+005    2.4090000000000E+003    6.3000000000000E+002
     124    9.8079160000000E+002    3.3346462000000E+003    2.0038745760000E+005    3.5187885800000E+004   -1.7700996900000E+005    7.9106520200000E+004   -6.1744769400000E+004    7.8622100000000E+005    8.0170900000000E+005    2.3270000000000E+003    5.1000000000000E+002
     125    8.7509600000000E+002    2.9751430000000E+003    1.9976616920000E+005    3.1496471200000E+004   -1.7249202480000E+005    7.9260782200000E+004   -6.0869673400000E+004    7.8826400000000E+005    8.0218700000000E+005    2.0430000000000E+003    4.7800000000000E+002
     126    7.8167120000000E+002    2.6534664000000E+003    1.9921274980000E+005    2.8181377400000E+004   -1.6843954720000E+005    7.9398494400000E+004   -6.0088002200000E+004    7.9003500000000E+005    8.0258700000000E+005    1.7710000000000E+003    4.0000000000000E+002
     127    6.9708740000000E+002    2.3653716000000E+003    1.9871917340000E+005    2.5205500000000E+004   -1.6480538600000E+005    7.9521881800000E+004   -5.9390914800000E+004    7.9169600000000E+005    8.0297400000000E+005    1.6610000000000E+003    3.8700000000000E+002
     128    6.2128840000000E+002    2.1094436000000E+003    1.9827801400000E+005    2.2537980200000E+004   -1.6155061940000E+005    7.9631722400000E+004   -5.8769626400000E+004    7.9320500000000E+005    8.0330700000000E+005    1.5090000000000E+003    3.3300000000000E+002
     129    5.5341940000000E+002    1.8811438000000E+003    1.9788502540000E+005    2.0143941200000E+004   -1.5863347560000E+005    7.9729906000000E+004   -5.8216207000000E+004    7.9451500000000E+005    8.0364100000000E+005    1.3100000000000E+003    3.3400000000000E+002
     130    4.9357640000000E+002    1.6781962000000E+003    1.9753455360000E+005    1.7996561600000E+004   -1.5601998220000E+005    7.9817211600000E+004   -5.7722630600000E+004    7.9568200000000E+005    8.0391300000000E+005    1.1670000000000E+003    2.7200000000000E+002
     131    4.4115940000000E+002    1.4969182000000E+003    1.9722225520000E+005    1.6075185000000E+004   -1.5368339980000E+005    7.9895582200000E+004   -5.7281471200000E+004    7.9672900000000E+005    8.0416700000000E+005    1.0470000000000E+003    2.5400000000000E+002
     132    3.9298860000000E+002    1.3344316000000E+003    1.9694358240000E+005    1.4354721000000E+004   -1.5159142600000E+005    7.9965231800000E+004   -5.6888482600000E+004    7.9764600000000E+005    8.0438200000000E+005    9.1700000000000E+002    2.1500000000000E+002
     133    3.5047180000000E+002    1.1897022000000E+003    1.9669532320000E+005    1.2814568800000E+004   -1.4972054420000E+005    8.0027490800000E+004   -5.6538010800000E+004    7.9847700000000E+005    8.0456100000000E+005    8.3100000000000E+002    1.7900000000000E+002
     134    3.1229840000000E+002    1.0607618000000E+003    1.9647379180000E+005    1.1438111400000E+004   -1.4804873280000E+005    8.0082608600000E+004   -5.6225712400000E+004    7.9917800000000E+005    8.0473200000000E+005    7.0100000000000E+002    1.7100000000000E+002
     135    2.7867280000000E+002    9.4633840000000E+002    1.9627591680000E+005    1.0207877400000E+004   -1.4655540100000E+005    8.0131809200000E+004   -5.5947039600000E+004    7.9983100000000E+005    8.0489400000000E+005    6.5300000000000E+002    1.6200000000000E+002
     136    2.4825920000000E+002    8.4407660000000E+002    1.9609950580000E+005    9.1085302000000E+003   -1.4522148260000E+005    8.0175910800000E+004   -5.5698780400000E+004    8.0040100000000E+005    8.0503300000000E+005    5.7000000000000E+002    1.3900000000000E+002
     137    2.2153140000000E+002    7.5335640000000E+002    1.9594196680000E+005    8.1258556000000E+003   -1.4402993480000E+005    8.0215296800000E+004   -5.5477249000000E+004    8.0091900000000E+005    8.0516400000000E+005    5.1800000000000E+002    1.3100000000000E+002
     138    1.9787500000000E+002    6.7206160000000E+002    1.9580173020000E+005    7.2483120000000E+003   -1.4296586820000E+005    8.0250305200000E+004   -5.5279374000000E+004    8.0142400000000E+005    8.0524600000000E+005    5.0500000000000E+002    8.2000000000000E+001
     139    1.7641100000000E+002    5.9890640000000E+002    1.9567701040000E+005    6.4653954000000E+003   -1.4201628500000E+005    8.0281513600000E+004   -5.5102963000000E+004    8.0185000000000E+005    8.0533500000000E+005    4.2600000000000E+002    8.9000000000000E+001
     140    1.5753900000000E+002    5.3338420000000E+002    1.9556612160000E+005    5.7667104000000E+003   -1.4116913540000E+005    8.0309460000000E+004   -5.4945424000000E+004    8.0222800000000E+005    8.0544000000000E+005    3.7800000000000E+002    1.0500000000000E+002
     141    1.4023660000000E+002    4.7434640000000E+002    1.9546762040000E+005    5.1425782000000E+003   -1.4041234440000E+005    8.0334340200000E+004   -5.4805187400000E+004    8.0254000000000E+005    8.0551900000000E+005    3.1200000000000E+002    7.9000000000000E+001
     142    1.2471980000000E+002    4.2154820000000E+002    1.9538018200000E+005    4.5857274000000E+003   -1.3973744240000E+005    8.0356525600000E+004   -5.4680467600000E+004    8.0282900000000E+005    8.0558000000000E+005    2.8900000000000E+002    6.1000000000000E+001
     143    1.1088880000000E+002    3.7492720000000E+002    1.9530208320000E+005    4.0891588000000E+003   -1.3913588620000E+005    8.0376257800000E+004   -5.4569578800000E+004    8.0310700000000E+005    8.0563400000000E+005    2.7800000000000E+002    5.4000000000000E+001
     144    9.8501200000000E+001    3.3364960000000E+002    1.9523247200000E+005    3.6466282000000E+003   -1.3860008240000E+005    8.0393873400000E+004   -5.4471077600000E+004    8.0336000000000E+005    8.0569100000000E+005    2.5300000000000E+002    5.7000000000000E+001
     145    8.7438400000000E+001    2.9719180000000E+002    1.9517042860000E+005    3.2515530000000E+003   -1.3812230700000E+005    8.0409674400000E+004   -5.4383639200000E+004    8.0358000000000E+005    8.0574400000000E+005    2.2000000000000E+002    5.3000000000000E+001
     146    7.8098800000000E+001    2.6536040000000E+002    1.9511482160000E+005    2.8978320000000E+003   -1.3769514360000E+005    8.0423670400000E+004   -5.4305540400000E+004    8.0377300000000E+005    8.0579400000000E+005    1.9300000000000E+002    5.0000000000000E+001
     147    6.9611200000000E+001    2.3692340000000E+002    1.9506515980000E+005    2.5829422000000E+003   -1.3731460860000E+005    8.0436124000000E+004   -5.4235929200000E+004    8.0393700000000E+005    8.0582400000000E+005    1.6400000000000E+002    3.0000000000000E+001
     148    6.2043400000000E+001    2.1162520000000E+002    1.9502084680000E+005    2.3020816000000E+003   -1.3697520700000E+005    8.0447194200000E+004   -5.4173885800000E+004    8.0407700000000E+005    8.0586700000000E+005    1.4000000000000E+002    4.3000000000000E+001
     149    5.5607000000000E+001    1.8901320000000E+002    1.9498141540000E+005    2.0518266000000E+003   -1.3667270380000E+005    8.0456989400000E+004   -5.4118278800000E+004    8.0421900000000E+005    8.0589800000000E+005    1.4200000000000E+002    3.1000000000000E+001
     150    4.9661800000000E+001    1.6852880000000E+002    1.9494629280000E+005    1.8287608000000E+003   -1.3640273380000E+005    8.0465692200000E+004   -5.4068617000000E+004    8.0434800000000E+005    8.0592000000000E+005    1.2900000000000E+002    2.2000000000000E+001
     151    4.4313000000000E+001    1.5014300000000E+002    1.9491501680000E+005    1.6301634000000E+003   -1.3616231520000E+005    8.0473532800000E+004   -5.4024304000000E+004    8.0444700000000E+005    8.0594400000000E+005    9.9000000000000E+001    2.4000000000000E+001
     152    3.9431400000000E+001    1.3378340000000E+002    1.9488706340000E+005    1.4529450000000E+003   -1.3594777980000E+005    8.0480528800000E+004   -5.3984872600000E+004    8.0453200000000E+005    8.0596400000000E+005    8.5000000000000E+001    2.0000000000000E+001
     153    3.5122600000000E+001    1.1923360000000E+002    1.9486218180000E+005    1.2945014000000E+003   -1.3575601220000E+005    8.0486636200000E+004   -5.3949750000000E+004    8.0462000000000E+005    8.0598900000000E+005    8.8000000000000E+001    2.5000000000000E+001
     154    3.1276000000000E+001    1.0627960000000E+002    1.9484001320000E+005    1.1532130000000E+003   -1.3558514400000E+005    8.0492179000000E+004   -5.3918474000000E+004    8.0468900000000E+005    8.0600200000000E+005    6.9000000000000E+001    1.3000000000000E+001
     155    2.7953400000000E+001    9.4537800000000E+001    1.9482047900000E+005    1.0269500000000E+003   -1.3543253900000E+005    8.0497113000000E+004   -5.3890520600000E+004    8.0476600000000E+005    8.0601600000000E+005    7.7000000000000E+001    1.4000000000000E+001
     156    2.4881600000000E+001    8.4104000000000E+001    1.9480295940000E+005    9.1466680000000E+002   -1.3529670440000E+005    8.0501515000000E+004   -5.3865639000000E+004    8.0481600000000E+005    8.0602900000000E+005    5.0000000000000E+001    1.3000000000000E+001
     157    2.2168600000000E+001    7.4775600000000E+001    1.9478740620000E+005    8.1482860000000E+002   -1.3517589460000E+005    8.0505425000000E+004   -5.3843470400000E+004    8.0487200000000E+005    8.0603600000000E+005    5.6000000000000E+001    7.0000000000000E+000
     158    1.9534200000000E+001    6.6557400000000E+001    1.9477345580000E+005    7.2610840000000E+002   -1.3506849160000E+005    8.0508910800000E+004   -5.3823936200000E+004    8.0491300000000E+005    8.0604300000000E+005    4.1000000000000E+001    7.0000000000000E+000
     159    1.7519600000000E+001    5.9500000000000E+001    1.9476097900000E+005    6.4714140000000E+002   -1.3497309220000E+005    8.0512012600000E+004   -5.3806416600000E+004    8.0494500000000E+005    8.0605100000000E+005    3.2000000000000E+001    8.0000000000000E+000
     160    1.5553200000000E+001    5.3028800000000E+001    1.9474993060000E+005    5.7722260000000E+002   -1.3488845040000E+005    8.0514809200000E+004   -5.3790863400000E+004    8.0498300000000E+005    8.0605600000000E+005    3.8000000000000E+001    5.0000000000000E+000
     161    1.3950400000000E+001    4.7317000000000E+001    1.9474008920000E+005    5.1467700000000E+002   -1.3481284360000E+005    8.0517301200000E+004   -5.3776913000000E+004    8.0501200000000E+005    8.0606500000000E+005    2.9000000000000E+001    9.0000000000000E+000
     162    1.2476800000000E+001    4.2191200000000E+001    1.9473126460000E+005    4.5901620000000E+002   -1.3474547120000E+005    8.0519540000000E+004   -5.3764436200000E+004    8.0505100000000E+005    8.0607100000000E+005    3.9000000000000E+001    6.0000000000000E+000
     163    1.1048400000000E+001    3.7483000000000E+001    1.9472349600000E+005    4.0944960000000E+002   -1.3468541900000E+005    8.0521531200000E+004   -5.3753387800000E+004    8.0507700000000E+005    8.0607500000000E+005    2.6000000000000E+001    4.0000000000000E+000
     164    9.8414000000000E+000    3.3384800000000E+001    1.9471654580000E+005    3.6489100000000E+002   -1.3463155120000E+005    8.0523270400000E+004   -5.3743546400000E+004    8.0510600000000E+005    8.0608300000000E+005    2.9000000000000E+001    8.0000000000000E+000
     165    8.8246000000000E+000    2.9765000000000E+001    1.9471032420000E+005    3.2507060000000E+002   -1.3458342920000E+005    8.0524810200000E+004   -5.3734721800000E+004    8.0512800000000E+005    8.0608700000000E+005    2.2000000000000E+001    4.0000000000000E+000
     166    7.7686000000000E+000    2.6458800000000E+001    1.9470480580000E+005    2.8958220000000E+002   -1.3454052280000E+005    8.0526216800000E+004   -5.3726953200000E+004    8.0514400000000E+005    8.0609100000000E+005    1.6000000000000E+001    4.0000000000000E+000
     167    6.9502000000000E+000    2.3597400000000E+001    1.9469989860000E+005    2.5791940000000E+002   -1.3450232540000E+005    8.0527450800000E+004   -5.3720003000000E+004    8.0516200000000E+005    8.0609300000000E+005    1.8000000000000E+001    2.0000000000000E+000
     168    6.2216000000000E+000    2.1040800000000E+001    1.9469550500000E+005    2.2974700000000E+002   -1.3446827800000E+005    8.0528526000000E+004   -5.3713781400000E+004    8.0517000000000E+005    8.0609600000000E+005    8.0000000000000E+000    3.0000000000000E+000
     169    5.5184000000000E+000    1.8744200000000E+001    1.9469158000000E+005    2.0469260000000E+002   -1.3443797000000E+005    8.0529494000000E+004   -5.3708263000000E+004    8.0518500000000E+005    8.0609700000000E+005    1.5000000000000E+001    1.0000000000000E+000
     170    4.9072000000000E+000    1.6708600000000E+001    1.9468809720000E+005    1.8225760000000E+002   -1.3441089540000E+005    8.0530372800000E+004   -5.3703355800000E+004    8.0520200000000E+005    8.0609700000000E+005    1.7000000000000E+001    0.0000000000000E+000
     171    4.3936000000000E+000    1.4865800000000E+001    1.9468503280000E+005    1.6228320000000E+002   -1.3438679300000E+005    8.0531152000000E+004   -5.3698962200000E+004    8.0521300000000E+005    8.0610000000000E+005    1.1000000000000E+001    3.0000000000000E+000
     172    3.9250000000000E+000    1.3224600000000E+001    1.9468228040000E+005    1.4450820000000E+002   -1.3436532620000E+005    8.0531853800000E+004   -5.3695037200000E+004    8.0522100000000E+005    8.0610100000000E+005    8.0000000000000E+000    1.0000000000000E+000
     173    3.4828000000000E+000    1.1768400000000E+001    1.9467981160000E+005    1.2889900000000E+002   -1.3434642280000E+005    8.0532484600000E+004   -5.3691554400000E+004    8.0522800000000E+005    8.0610100000000E+005    7.0000000000000E+000    0.0000000000000E+000
     174    3.0644000000000E+000    1.0479800000000E+001    1.9467761740000E+005    1.1486220000000E+002   -1.3432944000000E+005    8.0533021400000E+004   -5.3688490000000E+004    8.0523300000000E+005    8.0610100000000E+005    5.0000000000000E+000    0.0000000000000E+000
     175    2.7524000000000E+000    9.3296000000000E+000    1.9467570320000E+005    1.0237340000000E+002   -1.3431436600000E+005    8.0533500600000E+004   -5.3685737600000E+004    8.0524200000000E+005    8.0610100000000E+005    9.0000000000000E+000    0.0000000000000E+000
     176    2.4688000000000E+000    8.3670000000000E+000    1.9467391340000E+005    9.1175400000000E+001   -1.3430084960000E+005    8.0533934600000E+004   -5.3683268800000E+004    8.0524400000000E+005    8.0610400000000E+005    2.0000000000000E+000    3.0000000000000E+000
     177    2.1942000000000E+000    7.4730000000000E+000    1.9467233860000E+005    8.1167400000000E+001   -1.3428876540000E+005    8.0534327200000E+004   -5.3681074600000E+004    8.0525100000000E+005    8.0610500000000E+005    7.0000000000000E+000    1.0000000000000E+000
     178    1.9142000000000E+000    6.6512000000000E+000    1.9467096620000E+005    7.2313200000000E+001   -1.3427806020000E+005    8.0534670400000E+004   -5.3679160400000E+004    8.0525800000000E+005    8.0610600000000E+005    7.0000000000000E+000    1.0000000000000E+000
     179    1.7898000000000E+000    5.9618000000000E+000    1.9466974140000E+005    6.4386000000000E+001   -1.3426852360000E+005    8.0534975200000E+004   -5.3677370600000E+004    8.0526200000000E+005    8.0610700000000E+005    4.0000000000000E+000    1.0000000000000E+000
     180    1.5748000000000E+000    5.2832000000000E+000    1.9466863020000E+005    5.7351200000000E+001   -1.3425997500000E+005    8.0535251200000E+004   -5.3675795800000E+004    8.0526600000000E+005    8.0610700000000E+005    4.0000000000000E+000    0.0000000000000E+000
     181    1.3724000000000E+000    4.6694000000000E+000    1.9466766920000E+005    5.1157400000000E+001   -1.3425245000000E+005    8.0535494800000E+004   -5.3674423400000E+004    8.0526700000000E+005    8.0610800000000E+005    1.0000000000000E+000    1.0000000000000E+000
     182    1.2248000000000E+000    4.1768000000000E+000    1.9466678940000E+005    4.5579600000000E+001   -1.3424571720000E+005    8.0535712200000E+004   -5.3673198600000E+004    8.0527000000000E+005    8.0610800000000E+005    3.0000000000000E+000    0.0000000000000E+000
     183    1.1112000000000E+000    3.7412000000000E+000    1.9466600020000E+005    4.0582800000000E+001   -1.3423969380000E+005    8.0535910400000E+004   -5.3672087400000E+004    8.0527300000000E+005    8.0610900000000E+005    3.0000000000000E+000    1.0000000000000E+000
     184    9.6100000000000E-001    3.3198000000000E+000    1.9466531040000E+005    3.6175600000000E+001   -1.3423435940000E+005    8.0536094400000E+004   -5.3671126400000E+004    8.0527500000000E+005    8.0610900000000E+005    2.0000000000000E+000    0.0000000000000E+000
     185    8.7980000000000E-001    2.9678000000000E+000    1.9466470140000E+005    3.2229400000000E+001   -1.3422960880000E+005    8.0536251000000E+004   -5.3670246600000E+004    8.0527500000000E+005    8.0610900000000E+005    0.0000000000000E+000    0.0000000000000E+000
     186    7.8920000000000E-001    2.6286000000000E+000    1.9466416080000E+005    2.8715600000000E+001   -1.3422535100000E+005    8.0536386800000E+004   -5.3669457400000E+004    8.0527800000000E+005    8.0610900000000E+005    3.0000000000000E+000    0.0000000000000E+000
     187    6.8980000000000E-001    2.3200000000000E+000    1.9466368020000E+005    2.5579800000000E+001   -1.3422155420000E+005    8.0536515000000E+004   -5.3668767600000E+004    8.0528200000000E+005    8.0610900000000E+005    4.0000000000000E+000    0.0000000000000E+000
     188    6.0900000000000E-001    2.0612000000000E+000    1.9466324920000E+005    2.2786800000000E+001   -1.3421818080000E+005    8.0536624400000E+004   -5.3668158600000E+004    8.0528200000000E+005    8.0610900000000E+005    0.0000000000000E+000    0.0000000000000E+000
     189    5.4060000000000E-001    1.8414000000000E+000    1.9466286000000E+005    2.0331400000000E+001   -1.3421521700000E+005    8.0536725000000E+004   -5.3667618000000E+004    8.0528400000000E+005    8.0610900000000E+005    2.0000000000000E+000    0.0000000000000E+000
     190    4.8060000000000E-001    1.6364000000000E+000    1.9466252440000E+005    1.8119600000000E+001   -1.3421254820000E+005    8.0536808600000E+004   -5.3667137400000E+004    8.0528500000000E+005    8.0610900000000E+005    1.0000000000000E+000    0.0000000000000E+000
     191    4.3100000000000E-001    1.4578000000000E+000    1.9466222240000E+005    1.6131400000000E+001   -1.3421015420000E+005    8.0536883400000E+004   -5.3666706400000E+004    8.0528600000000E+005    8.0610900000000E+005    1.0000000000000E+000    0.0000000000000E+000
     192    3.8920000000000E-001    1.3088000000000E+000    1.9466194040000E+005    1.4368200000000E+001   -1.3420803000000E+005    8.0536953400000E+004   -5.3666317200000E+004    8.0528700000000E+005    8.0610900000000E+005    1.0000000000000E+000    0.0000000000000E+000
     193    3.3560000000000E-001    1.1554000000000E+000    1.9466170460000E+005    1.2843200000000E+001   -1.3420618160000E+005    8.0537019200000E+004   -5.3665981600000E+004    8.0528900000000E+005    8.0610900000000E+005    2.0000000000000E+000    0.0000000000000E+000
     194    3.0200000000000E-001    1.0606000000000E+000    1.9466146380000E+005    1.1389000000000E+001   -1.3420444240000E+005    8.0537069800000E+004   -5.3665679600000E+004    8.0528900000000E+005    8.0610900000000E+005    0.0000000000000E+000    0.0000000000000E+000
     195    2.8200000000000E-001    9.6980000000000E-001    1.9466125260000E+005    1.0116200000000E+001   -1.3420291600000E+005    8.0537118200000E+004   -5.3665397600000E+004    8.0529100000000E+005    8.0610900000000E+005    2.0000000000000E+000    0.0000000000000E+000
     196    2.3580000000000E-001    8.5360000000000E-001    1.9466108680000E+005    9.0258000000000E+000   -1.3420158860000E+005    8.0537163200000E+004   -5.3665161800000E+004    8.0529100000000E+005    8.0610900000000E+005    0.0000000000000E+000    0.0000000000000E+000
     197    2.4080000000000E-001    7.7040000000000E-001    1.9466093420000E+005    8.0368000000000E+000   -1.3420039840000E+005    8.0537197800000E+004   -5.3664921000000E+004    8.0529100000000E+005    8.0610900000000E+005    0.0000000000000E+000    0.0000000000000E+000
     198    2.1120000000000E-001    6.6940000000000E-001    1.9466079440000E+005    7.1664000000000E+000   -1.3419932060000E+005    8.0537231200000E+004   -5.3664709800000E+004    8.0529300000000E+005    8.0610900000000E+005    2.0000000000000E+000    0.0000000000000E+000
     199    1.6580000000000E-001    5.8340000000000E-001    1.9466066920000E+005    6.4166000000000E+000   -1.3419839120000E+005    8.0537262800000E+004   -5.3664544000000E+004    8.0529400000000E+005    8.0610900000000E+005    1.0000000000000E+000    0.0000000000000E+000
     200    1.5260000000000E-001    5.2520000000000E-001    1.9466056160000E+005    5.7026000000000E+000   -1.3419754000000E+005    8.0537291400000E+004   -5.3664391400000E+004    8.0529400000000E+005    8.0610900000000E+005    0.0000000000000E+000    0.0000000000000E+000
