       0    0.0000000000000E+000    9.9999910000000E+006    9.0000000000000E+000    0.0000000000000E+000    0.0000000000000E+000    9.0000000000000E+000
       1    0.0000000000000E+000    9.9999910000000E+006    9.0000000000000E+000    0.0000000000000E+000    0.0000000000000E+000    9.0000000000000E+000
       2    2.0000000000000E+000    9.9999890000000E+006    9.0000000000000E+000    0.0000000000000E+000    0.0000000000000E+000    9.0000000000000E+000
       3    4.0000000000000E+000    9.9999870000000E+006    9.0000000000000E+000    0.0000000000000E+000    0.0000000000000E+000    9.0000000000000E+000
       4    9.0000000000000E+000    9.9999820000000E+006    9.0000000000000E+000    0.0000000000000E+000    0.0000000000000E+000    9.0000000000000E+000
       5    1.3000000000000E+001    9.9999780000000E+006    9.0000000000000E+000   -1.0000000000000E+000    1.0000000000000E+000    9.0000000000000E+000
       6    1.3000000000000E+001    9.9999760000000E+006    1.1000000000000E+001   -1.0000000000000E+000    1.0000000000000E+000    1.1000000000000E+001
       7    1.5000000000000E+001    9.9999720000000E+006    1.3000000000000E+001   -1.0000000000000E+000    1.0000000000000E+000    1.3000000000000E+001
       8    1.0000000000000E+001    9.9999720000000E+006    1.8000000000000E+001   -1.0000000000000E+000    1.0000000000000E+000    1.8000000000000E+001
       9    1.6000000000000E+001    9.9999620000000E+006    2.2000000000000E+001   -1.0000000000000E+000    1.0000000000000E+000    2.2000000000000E+001
      10    1.8000000000000E+001    9.9999580000000E+006    2.4000000000000E+001   -1.0000000000000E+000    1.0000000000000E+000    2.4000000000000E+001
      11    2.4000000000000E+001    9.9999480000000E+006    2.8000000000000E+001   -2.0000000000000E+000    2.0000000000000E+000    2.8000000000000E+001
      12    3.0000000000000E+001    9.9999420000000E+006    2.8000000000000E+001   -2.0000000000000E+000    2.0000000000000E+000    2.8000000000000E+001
      13    2.5000000000000E+001    9.9999370000000E+006    3.8000000000000E+001   -2.0000000000000E+000    2.0000000000000E+000    3.8000000000000E+001
      14    2.3000000000000E+001    9.9999350000000E+006    4.2000000000000E+001   -2.0000000000000E+000    2.0000000000000E+000    4.2000000000000E+001
      15    1.8000000000000E+001    9.9999300000000E+006    5.2000000000000E+001   -2.0000000000000E+000    2.0000000000000E+000    5.2000000000000E+001
      16    1.7000000000000E+001    9.9999250000000E+006    5.8000000000000E+001   -2.0000000000000E+000    2.0000000000000E+000    5.8000000000000E+001
      17    2.3000000000000E+001    9.9999140000000E+006    6.3000000000000E+001   -3.0000000000000E+000    3.0000000000000E+000    6.3000000000000E+001
      18    2.6000000000000E+001    9.9999090000000E+006    5.6000000000000E+001    6.0000000000000E+000    3.0000000000000E+000    6.5000000000000E+001
      19    2.6000000000000E+001    9.9999040000000E+006    6.1000000000000E+001    3.0000000000000E+000    6.0000000000000E+000    7.0000000000000E+001
      20    2.5000000000000E+001    9.9999000000000E+006    6.4000000000000E+001    5.0000000000000E+000    6.0000000000000E+000    7.5000000000000E+001
      21    2.0000000000000E+001    9.9998940000000E+006    7.3000000000000E+001    7.0000000000000E+000    6.0000000000000E+000    8.6000000000000E+001
      22    2.9000000000000E+001    9.9998800000000E+006    7.3000000000000E+001    1.2000000000000E+001    6.0000000000000E+000    9.1000000000000E+001
      23    3.1000000000000E+001    9.9998730000000E+006    7.4000000000000E+001    1.5000000000000E+001    7.0000000000000E+000    9.6000000000000E+001
      24    4.1000000000000E+001    9.9998590000000E+006    7.6000000000000E+001    1.7000000000000E+001    7.0000000000000E+000    1.0000000000000E+002
      25    4.2000000000000E+001    9.9998520000000E+006    7.8000000000000E+001    2.1000000000000E+001    7.0000000000000E+000    1.0600000000000E+002
      26    4.2000000000000E+001    9.9998380000000E+006    9.2000000000000E+001    2.1000000000000E+001    7.0000000000000E+000    1.2000000000000E+002
      27    5.0000000000000E+001    9.9998230000000E+006    8.9000000000000E+001    3.1000000000000E+001    7.0000000000000E+000    1.2700000000000E+002
      28    5.5000000000000E+001    9.9998040000000E+006    9.9000000000000E+001    3.4000000000000E+001    8.0000000000000E+000    1.4100000000000E+002
      29    6.0000000000000E+001    9.9997920000000E+006    9.6000000000000E+001    4.4000000000000E+001    8.0000000000000E+000    1.4800000000000E+002
      30    5.3000000000000E+001    9.9997850000000E+006    1.0400000000000E+002    4.7000000000000E+001    1.1000000000000E+001    1.6200000000000E+002
      31    5.3000000000000E+001    9.9997700000000E+006    1.1400000000000E+002    5.2000000000000E+001    1.1000000000000E+001    1.7700000000000E+002
      32    4.7000000000000E+001    9.9997570000000E+006    1.3100000000000E+002    5.1000000000000E+001    1.4000000000000E+001    1.9600000000000E+002
      33    4.5000000000000E+001    9.9997470000000E+006    1.3800000000000E+002    5.5000000000000E+001    1.5000000000000E+001    2.0800000000000E+002
      34    6.1000000000000E+001    9.9997240000000E+006    1.4000000000000E+002    5.9000000000000E+001    1.6000000000000E+001    2.1500000000000E+002
      35    6.5000000000000E+001    9.9997050000000E+006    1.4400000000000E+002    6.9000000000000E+001    1.7000000000000E+001    2.3000000000000E+002
      36    7.1000000000000E+001    9.9996860000000E+006    1.5200000000000E+002    7.3000000000000E+001    1.8000000000000E+001    2.4300000000000E+002
      37    8.0000000000000E+001    9.9996670000000E+006    1.5700000000000E+002    7.7000000000000E+001    1.9000000000000E+001    2.5300000000000E+002
      38    8.0000000000000E+001    9.9996440000000E+006    1.7600000000000E+002    8.1000000000000E+001    1.9000000000000E+001    2.7600000000000E+002
      39    8.2000000000000E+001    9.9996230000000E+006    1.8900000000000E+002    8.6000000000000E+001    2.0000000000000E+001    2.9500000000000E+002
      40    8.5000000000000E+001    9.9996010000000E+006    1.9400000000000E+002    1.0000000000000E+002    2.0000000000000E+001    3.1400000000000E+002
      41    9.1000000000000E+001    9.9995760000000E+006    2.0600000000000E+002    1.0600000000000E+002    2.1000000000000E+001    3.3300000000000E+002
      42    9.8000000000000E+001    9.9995460000000E+006    2.1500000000000E+002    1.2000000000000E+002    2.1000000000000E+001    3.5600000000000E+002
      43    9.9000000000000E+001    9.9995240000000E+006    2.2900000000000E+002    1.2200000000000E+002    2.6000000000000E+001    3.7700000000000E+002
      44    1.0200000000000E+002    9.9994990000000E+006    2.3700000000000E+002    1.3500000000000E+002    2.7000000000000E+001    3.9900000000000E+002
      45    1.0900000000000E+002    9.9994670000000E+006    2.4700000000000E+002    1.4800000000000E+002    2.9000000000000E+001    4.2400000000000E+002
      46    1.1200000000000E+002    9.9994340000000E+006    2.5800000000000E+002    1.6500000000000E+002    3.1000000000000E+001    4.5400000000000E+002
      47    1.3000000000000E+002    9.9993940000000E+006    2.6800000000000E+002    1.7500000000000E+002    3.3000000000000E+001    4.7600000000000E+002
      48    1.3700000000000E+002    9.9993620000000E+006    2.8600000000000E+002    1.8100000000000E+002    3.4000000000000E+001    5.0100000000000E+002
      49    1.4600000000000E+002    9.9993210000000E+006    3.0300000000000E+002    1.9400000000000E+002    3.6000000000000E+001    5.3300000000000E+002
      50    1.6100000000000E+002    9.9992730000000E+006    3.2300000000000E+002    2.0200000000000E+002    4.1000000000000E+001    5.6600000000000E+002
      51    1.7200000000000E+002    9.9992220000000E+006    3.5300000000000E+002    2.1000000000000E+002    4.3000000000000E+001    6.0600000000000E+002
      52    1.8200000000000E+002    9.9991800000000E+006    3.6200000000000E+002    2.2600000000000E+002    5.0000000000000E+001    6.3800000000000E+002
      53    1.9700000000000E+002    9.9991240000000E+006    3.8400000000000E+002    2.4100000000000E+002    5.4000000000000E+001    6.7900000000000E+002
      54    2.0400000000000E+002    9.9990690000000E+006    4.1300000000000E+002    2.5900000000000E+002    5.5000000000000E+001    7.2700000000000E+002
      55    2.0700000000000E+002    9.9990150000000E+006    4.4500000000000E+002    2.7100000000000E+002    6.2000000000000E+001    7.7800000000000E+002
      56    2.3400000000000E+002    9.9989460000000E+006    4.6400000000000E+002    2.9200000000000E+002    6.4000000000000E+001    8.2000000000000E+002
      57    2.4200000000000E+002    9.9988820000000E+006    4.9900000000000E+002    3.1000000000000E+002    6.7000000000000E+001    8.7600000000000E+002
      58    2.5600000000000E+002    9.9988130000000E+006    5.3200000000000E+002    3.2600000000000E+002    7.3000000000000E+001    9.3100000000000E+002
      59    2.8900000000000E+002    9.9987260000000E+006    5.6100000000000E+002    3.4900000000000E+002    7.5000000000000E+001    9.8500000000000E+002
      60    3.0500000000000E+002    9.9986410000000E+006    6.0000000000000E+002    3.7800000000000E+002    7.6000000000000E+001    1.0540000000000E+003
      61    3.2800000000000E+002    9.9985540000000E+006    6.4200000000000E+002    3.9300000000000E+002    8.3000000000000E+001    1.1180000000000E+003
      62    3.4900000000000E+002    9.9984640000000E+006    6.8600000000000E+002    4.1400000000000E+002    8.7000000000000E+001    1.1870000000000E+003
      63    3.7000000000000E+002    9.9983560000000E+006    7.4100000000000E+002    4.4300000000000E+002    9.0000000000000E+001    1.2740000000000E+003
      64    3.9100000000000E+002    9.9982500000000E+006    7.9300000000000E+002    4.6900000000000E+002    9.7000000000000E+001    1.3590000000000E+003
      65    4.1300000000000E+002    9.9981410000000E+006    8.4000000000000E+002    5.0400000000000E+002    1.0200000000000E+002    1.4460000000000E+003
      66    4.4100000000000E+002    9.9980230000000E+006    8.9800000000000E+002    5.3100000000000E+002    1.0700000000000E+002    1.5360000000000E+003
      67    4.5200000000000E+002    9.9979040000000E+006    9.6500000000000E+002    5.6300000000000E+002    1.1600000000000E+002    1.6440000000000E+003
      68    4.9000000000000E+002    9.9977600000000E+006    1.0230000000000E+003    6.0800000000000E+002    1.1900000000000E+002    1.7500000000000E+003
      69    5.0200000000000E+002    9.9976390000000E+006    1.0810000000000E+003    6.5200000000000E+002    1.2600000000000E+002    1.8590000000000E+003
      70    4.4700000000000E+002    9.9975760000000E+006    1.1570000000000E+003    6.8800000000000E+002    1.3200000000000E+002    1.9770000000000E+003
      71    4.9400000000000E+002    9.9974100000000E+006    1.2200000000000E+003    7.3300000000000E+002    1.4300000000000E+002    2.0960000000000E+003
      72    5.1100000000000E+002    9.9972490000000E+006    1.3090000000000E+003    7.7900000000000E+002    1.5200000000000E+002    2.2400000000000E+003
      73    5.4000000000000E+002    9.9970990000000E+006    1.3760000000000E+003    8.2200000000000E+002    1.6300000000000E+002    2.3610000000000E+003
      74    6.8300000000000E+002    9.9968930000000E+006    1.3700000000000E+003    8.8200000000000E+002    1.7200000000000E+002    2.4240000000000E+003
      75    7.1900000000000E+002    9.9966910000000E+006    1.4720000000000E+003    9.2700000000000E+002    1.9100000000000E+002    2.5900000000000E+003
      76    7.3300000000000E+002    9.9965160000000E+006    1.5640000000000E+003    9.8100000000000E+002    2.0600000000000E+002    2.7510000000000E+003
      77    6.3800000000000E+002    9.9964610000000E+006    1.6270000000000E+003    1.0580000000000E+003    2.1600000000000E+002    2.9010000000000E+003
      78    6.3500000000000E+002    9.9962580000000E+006    1.7480000000000E+003    1.1360000000000E+003    2.2300000000000E+002    3.1070000000000E+003
      79    6.2400000000000E+002    9.9960670000000E+006    1.8630000000000E+003    1.2090000000000E+003    2.3700000000000E+002    3.3090000000000E+003
      80    6.3300000000000E+002    9.9958830000000E+006    1.9480000000000E+003    1.2740000000000E+003    2.6200000000000E+002    3.4840000000000E+003
      81    7.4200000000000E+002    9.9957190000000E+006    1.8950000000000E+003    1.3740000000000E+003    2.7000000000000E+002    3.5390000000000E+003
      82    6.8700000000000E+002    9.9955710000000E+006    1.9920000000000E+003    1.4610000000000E+003    2.8900000000000E+002    3.7420000000000E+003
      83    6.6300000000000E+002    9.9954040000000E+006    2.0740000000000E+003    1.5470000000000E+003    3.1200000000000E+002    3.9330000000000E+003
      84    5.6500000000000E+002    9.9953180000000E+006    2.1400000000000E+003    1.6540000000000E+003    3.2300000000000E+002    4.1170000000000E+003
      85    6.2400000000000E+002    9.9950950000000E+006    2.1850000000000E+003    1.7640000000000E+003    3.3200000000000E+002    4.2810000000000E+003
      86    6.3500000000000E+002    9.9949360000000E+006    2.1890000000000E+003    1.8840000000000E+003    3.5600000000000E+002    4.4290000000000E+003
      87    6.7500000000000E+002    9.9947290000000E+006    2.2350000000000E+003    1.9910000000000E+003    3.7000000000000E+002    4.5960000000000E+003
      88    7.8000000000000E+002    9.9945380000000E+006    2.2580000000000E+003    2.0320000000000E+003    3.9200000000000E+002    4.6820000000000E+003
      89    7.6100000000000E+002    9.9943340000000E+006    2.3150000000000E+003    2.1770000000000E+003    4.1300000000000E+002    4.9050000000000E+003
      90    7.4700000000000E+002    9.9941890000000E+006    2.3130000000000E+003    2.3240000000000E+003    4.2700000000000E+002    5.0640000000000E+003
      91    5.8800000000000E+002    9.9941410000000E+006    2.3700000000000E+003    2.4480000000000E+003    4.5300000000000E+002    5.2710000000000E+003
      92    5.9700000000000E+002    9.9939410000000E+006    2.3550000000000E+003    2.6450000000000E+003    4.6200000000000E+002    5.4620000000000E+003
      93    6.1000000000000E+002    9.9937240000000E+006    2.3570000000000E+003    2.8240000000000E+003    4.8500000000000E+002    5.6660000000000E+003
      94    6.5300000000000E+002    9.9935360000000E+006    2.3270000000000E+003    2.9860000000000E+003    4.9800000000000E+002    5.8110000000000E+003
      95    8.2100000000000E+002    9.9933200000000E+006    2.3200000000000E+003    3.0190000000000E+003    5.2000000000000E+002    5.8590000000000E+003
      96    8.2100000000000E+002    9.9931200000000E+006    2.3170000000000E+003    3.1960000000000E+003    5.4600000000000E+002    6.0590000000000E+003
      97    7.4600000000000E+002    9.9929780000000E+006    2.3430000000000E+003    3.3670000000000E+003    5.6600000000000E+002    6.2760000000000E+003
      98    6.3400000000000E+002    9.9929020000000E+006    2.3470000000000E+003    3.5420000000000E+003    5.7500000000000E+002    6.4640000000000E+003
      99    6.2900000000000E+002    9.9926910000000E+006    2.3990000000000E+003    3.6970000000000E+003    5.8400000000000E+002    6.6800000000000E+003
     100    6.2700000000000E+002    9.9924930000000E+006    2.4510000000000E+003    3.8200000000000E+003    6.0900000000000E+002    6.8800000000000E+003
     101    7.0000000000000E+002    9.9922780000000E+006    2.4260000000000E+003    3.9670000000000E+003    6.2900000000000E+002    7.0220000000000E+003
     102    8.2600000000000E+002    9.9920760000000E+006    2.4160000000000E+003    4.0370000000000E+003    6.4500000000000E+002    7.0980000000000E+003
     103    8.5400000000000E+002    9.9918370000000E+006    2.4040000000000E+003    4.2380000000000E+003    6.6700000000000E+002    7.3090000000000E+003
     104    8.3600000000000E+002    9.9916570000000E+006    2.4430000000000E+003    4.3710000000000E+003    6.9300000000000E+002    7.5070000000000E+003
     105    6.8100000000000E+002    9.9915970000000E+006    2.4510000000000E+003    4.5660000000000E+003    7.0500000000000E+002    7.7220000000000E+003
     106    7.6000000000000E+002    9.9913160000000E+006    2.4620000000000E+003    4.7500000000000E+003    7.1200000000000E+002    7.9240000000000E+003
     107    7.6300000000000E+002    9.9910740000000E+006    2.4970000000000E+003    4.9310000000000E+003    7.3500000000000E+002    8.1630000000000E+003
     108    8.0400000000000E+002    9.9908530000000E+006    2.5320000000000E+003    5.0580000000000E+003    7.5300000000000E+002    8.3430000000000E+003
     109    9.2200000000000E+002    9.9906750000000E+006    2.5440000000000E+003    5.0820000000000E+003    7.7700000000000E+002    8.4030000000000E+003
     110    8.6000000000000E+002    9.9904560000000E+006    2.6250000000000E+003    5.2690000000000E+003    7.9000000000000E+002    8.6840000000000E+003
     111    7.4800000000000E+002    9.9903260000000E+006    2.6500000000000E+003    5.4670000000000E+003    8.0900000000000E+002    8.9260000000000E+003
     112    5.8600000000000E+002    9.9902670000000E+006    2.6830000000000E+003    5.6430000000000E+003    8.2100000000000E+002    9.1470000000000E+003
     113    5.8400000000000E+002    9.9900910000000E+006    2.6450000000000E+003    5.8520000000000E+003    8.2800000000000E+002    9.3250000000000E+003
     114    5.9300000000000E+002    9.9898630000000E+006    2.6640000000000E+003    6.0290000000000E+003    8.5100000000000E+002    9.5440000000000E+003
     115    6.2600000000000E+002    9.9897000000000E+006    2.6520000000000E+003    6.1520000000000E+003    8.7000000000000E+002    9.6740000000000E+003
     116    7.4900000000000E+002    9.9895180000000E+006    2.6350000000000E+003    6.2030000000000E+003    8.9500000000000E+002    9.7330000000000E+003
     117    7.7200000000000E+002    9.9893190000000E+006    2.6000000000000E+003    6.4020000000000E+003    9.0700000000000E+002    9.9090000000000E+003
     118    6.6200000000000E+002    9.9892010000000E+006    2.6300000000000E+003    6.5800000000000E+003    9.2700000000000E+002    1.0137000000000E+004
     119    5.8000000000000E+002    9.9891200000000E+006    2.5780000000000E+003    6.7840000000000E+003    9.3800000000000E+002    1.0300000000000E+004
     120    5.9900000000000E+002    9.9889190000000E+006    2.5580000000000E+003    6.9770000000000E+003    9.4700000000000E+002    1.0482000000000E+004
     121    5.8000000000000E+002    9.9887390000000E+006    2.5180000000000E+003    7.1910000000000E+003    9.7200000000000E+002    1.0681000000000E+004
     122    6.3700000000000E+002    9.9885640000000E+006    2.4560000000000E+003    7.3520000000000E+003    9.9100000000000E+002    1.0799000000000E+004
     123    7.2400000000000E+002    9.9883960000000E+006    2.4770000000000E+003    7.3950000000000E+003    1.0080000000000E+003    1.0880000000000E+004
     124    6.7500000000000E+002    9.9882440000000E+006    2.3970000000000E+003    7.6560000000000E+003    1.0280000000000E+003    1.1081000000000E+004
     125    6.3500000000000E+002    9.9881040000000E+006    2.3350000000000E+003    7.8760000000000E+003    1.0500000000000E+003    1.1261000000000E+004
     126    5.2500000000000E+002    9.9880390000000E+006    2.2890000000000E+003    8.0880000000000E+003    1.0590000000000E+003    1.1436000000000E+004
     127    5.6100000000000E+002    9.9878350000000E+006    2.2790000000000E+003    8.2560000000000E+003    1.0690000000000E+003    1.1604000000000E+004
     128    5.5100000000000E+002    9.9876930000000E+006    2.2120000000000E+003    8.4460000000000E+003    1.0980000000000E+003    1.1756000000000E+004
     129    5.9600000000000E+002    9.9875080000000E+006    2.2220000000000E+003    8.5570000000000E+003    1.1170000000000E+003    1.1896000000000E+004
     130    6.7200000000000E+002    9.9873670000000E+006    2.2280000000000E+003    8.6030000000000E+003    1.1300000000000E+003    1.1961000000000E+004
     131    6.2000000000000E+002    9.9872150000000E+006    2.2560000000000E+003    8.7580000000000E+003    1.1510000000000E+003    1.2165000000000E+004
     132    5.5800000000000E+002    9.9871350000000E+006    2.1700000000000E+003    8.9780000000000E+003    1.1590000000000E+003    1.2307000000000E+004
     133    4.0500000000000E+002    9.9871030000000E+006    2.1920000000000E+003    9.1260000000000E+003    1.1740000000000E+003    1.2492000000000E+004
     134    4.0300000000000E+002    9.9869640000000E+006    2.1510000000000E+003    9.2990000000000E+003    1.1830000000000E+003    1.2633000000000E+004
     135    4.5500000000000E+002    9.9867600000000E+006    2.1040000000000E+003    9.4780000000000E+003    1.2030000000000E+003    1.2785000000000E+004
     136    5.1800000000000E+002    9.9866170000000E+006    2.0660000000000E+003    9.5780000000000E+003    1.2210000000000E+003    1.2865000000000E+004
     137    6.1000000000000E+002    9.9864930000000E+006    2.0170000000000E+003    9.6430000000000E+003    1.2370000000000E+003    1.2897000000000E+004
     138    5.6000000000000E+002    9.9864040000000E+006    1.9550000000000E+003    9.8320000000000E+003    1.2490000000000E+003    1.3036000000000E+004
     139    4.7200000000000E+002    9.9862880000000E+006    1.9790000000000E+003    9.9970000000000E+003    1.2640000000000E+003    1.3240000000000E+004
     140    3.6500000000000E+002    9.9862520000000E+006    1.9470000000000E+003    1.0161000000000E+004    1.2750000000000E+003    1.3383000000000E+004
     141    3.9200000000000E+002    9.9861010000000E+006    1.9030000000000E+003    1.0326000000000E+004    1.2780000000000E+003    1.3507000000000E+004
     142    4.3200000000000E+002    9.9859720000000E+006    1.8400000000000E+003    1.0472000000000E+004    1.2840000000000E+003    1.3596000000000E+004
     143    4.6700000000000E+002    9.9858210000000E+006    1.8160000000000E+003    1.0599000000000E+004    1.2970000000000E+003    1.3712000000000E+004
     144    6.0400000000000E+002    9.9856480000000E+006    1.7870000000000E+003    1.0656000000000E+004    1.3050000000000E+003    1.3748000000000E+004
     145    5.8400000000000E+002    9.9855170000000E+006    1.7340000000000E+003    1.0851000000000E+004    1.3140000000000E+003    1.3899000000000E+004
     146    5.4800000000000E+002    9.9854240000000E+006    1.7210000000000E+003    1.0987000000000E+004    1.3200000000000E+003    1.4028000000000E+004
     147    4.4200000000000E+002    9.9853790000000E+006    1.6870000000000E+003    1.1161000000000E+004    1.3310000000000E+003    1.4179000000000E+004
     148    3.8300000000000E+002    9.9852650000000E+006    1.7190000000000E+003    1.1297000000000E+004    1.3360000000000E+003    1.4352000000000E+004
     149    4.0100000000000E+002    9.9851160000000E+006    1.6980000000000E+003    1.1432000000000E+004    1.3530000000000E+003    1.4483000000000E+004
     150    4.1000000000000E+002    9.9850140000000E+006    1.7110000000000E+003    1.1496000000000E+004    1.3690000000000E+003    1.4576000000000E+004
     151    4.7500000000000E+002    9.9849040000000E+006    1.7240000000000E+003    1.1508000000000E+004    1.3890000000000E+003    1.4621000000000E+004
     152    4.7700000000000E+002    9.9847880000000E+006    1.6990000000000E+003    1.1633000000000E+004    1.4030000000000E+003    1.4735000000000E+004
     153    4.1100000000000E+002    9.9847050000000E+006    1.6440000000000E+003    1.1820000000000E+004    1.4200000000000E+003    1.4884000000000E+004
     154    3.4300000000000E+002    9.9846710000000E+006    1.6030000000000E+003    1.1952000000000E+004    1.4310000000000E+003    1.4986000000000E+004
     155    4.0600000000000E+002    9.9844980000000E+006    1.5890000000000E+003    1.2073000000000E+004    1.4340000000000E+003    1.5096000000000E+004
     156    3.8500000000000E+002    9.9844030000000E+006    1.6160000000000E+003    1.2147000000000E+004    1.4490000000000E+003    1.5212000000000E+004
     157    4.2300000000000E+002    9.9842820000000E+006    1.5830000000000E+003    1.2256000000000E+004    1.4560000000000E+003    1.5295000000000E+004
     158    5.2700000000000E+002    9.9841440000000E+006    1.5810000000000E+003    1.2284000000000E+004    1.4640000000000E+003    1.5329000000000E+004
     159    4.4100000000000E+002    9.9840570000000E+006    1.6030000000000E+003    1.2427000000000E+004    1.4720000000000E+003    1.5502000000000E+004
     160    4.5000000000000E+002    9.9839530000000E+006    1.5690000000000E+003    1.2544000000000E+004    1.4840000000000E+003    1.5597000000000E+004
     161    3.5500000000000E+002    9.9839270000000E+006    1.5390000000000E+003    1.2689000000000E+004    1.4900000000000E+003    1.5718000000000E+004
     162    3.1900000000000E+002    9.9838250000000E+006    1.5040000000000E+003    1.2860000000000E+004    1.4920000000000E+003    1.5856000000000E+004
     163    3.7200000000000E+002    9.9836850000000E+006    1.4600000000000E+003    1.2967000000000E+004    1.5160000000000E+003    1.5943000000000E+004
     164    3.5200000000000E+002    9.9836010000000E+006    1.4710000000000E+003    1.3052000000000E+004    1.5240000000000E+003    1.6047000000000E+004
     165    4.6900000000000E+002    9.9834580000000E+006    1.4520000000000E+003    1.3080000000000E+004    1.5410000000000E+003    1.6073000000000E+004
     166    5.0800000000000E+002    9.9833170000000E+006    1.4400000000000E+003    1.3178000000000E+004    1.5570000000000E+003    1.6175000000000E+004
     167    4.7800000000000E+002    9.9832070000000E+006    1.4310000000000E+003    1.3312000000000E+004    1.5720000000000E+003    1.6315000000000E+004
     168    4.1800000000000E+002    9.9831830000000E+006    1.4130000000000E+003    1.3397000000000E+004    1.5890000000000E+003    1.6399000000000E+004
     169    4.1900000000000E+002    9.9830390000000E+006    1.4460000000000E+003    1.3504000000000E+004    1.5920000000000E+003    1.6542000000000E+004
     170    4.2400000000000E+002    9.9828930000000E+006    1.4710000000000E+003    1.3610000000000E+004    1.6020000000000E+003    1.6683000000000E+004
     171    4.8600000000000E+002    9.9827210000000E+006    1.4980000000000E+003    1.3679000000000E+004    1.6160000000000E+003    1.6793000000000E+004
     172    5.8100000000000E+002    9.9826020000000E+006    1.4880000000000E+003    1.3704000000000E+004    1.6250000000000E+003    1.6817000000000E+004
     173    5.3200000000000E+002    9.9825070000000E+006    1.4590000000000E+003    1.3863000000000E+004    1.6390000000000E+003    1.6961000000000E+004
     174    5.7900000000000E+002    9.9823140000000E+006    1.5100000000000E+003    1.3942000000000E+004    1.6550000000000E+003    1.7107000000000E+004
     175    4.4100000000000E+002    9.9822800000000E+006    1.5610000000000E+003    1.4052000000000E+004    1.6660000000000E+003    1.7279000000000E+004
     176    4.7100000000000E+002    9.9821310000000E+006    1.5420000000000E+003    1.4186000000000E+004    1.6700000000000E+003    1.7398000000000E+004
     177    5.5900000000000E+002    9.9819480000000E+006    1.5500000000000E+003    1.4259000000000E+004    1.6840000000000E+003    1.7493000000000E+004
     178    5.0000000000000E+002    9.9818140000000E+006    1.6390000000000E+003    1.4345000000000E+004    1.7020000000000E+003    1.7686000000000E+004
     179    6.5200000000000E+002    9.9816280000000E+006    1.6470000000000E+003    1.4358000000000E+004    1.7150000000000E+003    1.7720000000000E+004
     180    6.0500000000000E+002    9.9815260000000E+006    1.6940000000000E+003    1.4442000000000E+004    1.7330000000000E+003    1.7869000000000E+004
     181    5.5600000000000E+002    9.9813920000000E+006    1.7370000000000E+003    1.4580000000000E+004    1.7350000000000E+003    1.8052000000000E+004
     182    4.6100000000000E+002    9.9813530000000E+006    1.7870000000000E+003    1.4644000000000E+004    1.7550000000000E+003    1.8186000000000E+004
     183    4.6600000000000E+002    9.9811620000000E+006    1.8300000000000E+003    1.4784000000000E+004    1.7580000000000E+003    1.8372000000000E+004
     184    5.5800000000000E+002    9.9809680000000E+006    1.7910000000000E+003    1.4909000000000E+004    1.7740000000000E+003    1.8474000000000E+004
     185    5.9300000000000E+002    9.9807990000000E+006    1.8150000000000E+003    1.4999000000000E+004    1.7940000000000E+003    1.8608000000000E+004
     186    6.4200000000000E+002    9.9807110000000E+006    1.8300000000000E+003    1.5005000000000E+004    1.8120000000000E+003    1.8647000000000E+004
     187    5.8900000000000E+002    9.9805730000000E+006    1.8770000000000E+003    1.5137000000000E+004    1.8240000000000E+003    1.8838000000000E+004
     188    5.0900000000000E+002    9.9804590000000E+006    1.9250000000000E+003    1.5276000000000E+004    1.8310000000000E+003    1.9032000000000E+004
     189    4.0800000000000E+002    9.9803910000000E+006    1.9220000000000E+003    1.5434000000000E+004    1.8450000000000E+003    1.9201000000000E+004
     190    5.2500000000000E+002    9.9801860000000E+006    1.8910000000000E+003    1.5550000000000E+004    1.8480000000000E+003    1.9289000000000E+004
     191    5.7800000000000E+002    9.9799950000000E+006    1.9340000000000E+003    1.5628000000000E+004    1.8650000000000E+003    1.9427000000000E+004
     192    6.0300000000000E+002    9.9798560000000E+006    1.8550000000000E+003    1.5797000000000E+004    1.8890000000000E+003    1.9541000000000E+004
     193    7.0800000000000E+002    9.9796830000000E+006    1.8890000000000E+003    1.5814000000000E+004    1.9060000000000E+003    1.9609000000000E+004
     194    6.4000000000000E+002    9.9795460000000E+006    1.9450000000000E+003    1.5959000000000E+004    1.9100000000000E+003    1.9814000000000E+004
     195    5.5600000000000E+002    9.9794390000000E+006    1.9530000000000E+003    1.6128000000000E+004    1.9240000000000E+003    2.0005000000000E+004
     196    4.6900000000000E+002    9.9793870000000E+006    1.9580000000000E+003    1.6252000000000E+004    1.9340000000000E+003    2.0144000000000E+004
     197    4.4600000000000E+002    9.9792370000000E+006    1.9450000000000E+003    1.6434000000000E+004    1.9380000000000E+003    2.0317000000000E+004
     198    5.0000000000000E+002    9.9790460000000E+006    1.9800000000000E+003    1.6517000000000E+004    1.9570000000000E+003    2.0454000000000E+004
     199    5.5700000000000E+002    9.9788820000000E+006    1.9530000000000E+003    1.6625000000000E+004    1.9830000000000E+003    2.0561000000000E+004
     200    6.3900000000000E+002    9.9787480000000E+006    1.9660000000000E+003    1.6650000000000E+004    1.9970000000000E+003    2.0613000000000E+004
     201    6.3000000000000E+002    9.9786070000000E+006    1.9250000000000E+003    1.6816000000000E+004    2.0220000000000E+003    2.0763000000000E+004
     202    6.1100000000000E+002    9.9784350000000E+006    1.9220000000000E+003    1.6994000000000E+004    2.0380000000000E+003    2.0954000000000E+004
     203    4.9800000000000E+002    9.9783840000000E+006    1.9170000000000E+003    1.7148000000000E+004    2.0530000000000E+003    2.1118000000000E+004
     204    5.2700000000000E+002    9.9782210000000E+006    1.9630000000000E+003    1.7232000000000E+004    2.0570000000000E+003    2.1252000000000E+004
     205    5.6800000000000E+002    9.9780390000000E+006    1.9660000000000E+003    1.7349000000000E+004    2.0780000000000E+003    2.1393000000000E+004
     206    5.4900000000000E+002    9.9778860000000E+006    2.0240000000000E+003    1.7450000000000E+004    2.0910000000000E+003    2.1565000000000E+004
     207    6.4200000000000E+002    9.9777420000000E+006    2.0070000000000E+003    1.7497000000000E+004    2.1120000000000E+003    2.1616000000000E+004
     208    6.3600000000000E+002    9.9775850000000E+006    1.9650000000000E+003    1.7691000000000E+004    2.1230000000000E+003    2.1779000000000E+004
     209    5.4500000000000E+002    9.9774940000000E+006    1.9560000000000E+003    1.7866000000000E+004    2.1390000000000E+003    2.1961000000000E+004
     210    4.4100000000000E+002    9.9774450000000E+006    1.9700000000000E+003    1.7992000000000E+004    2.1520000000000E+003    2.2114000000000E+004
     211    4.5700000000000E+002    9.9772850000000E+006    1.9410000000000E+003    1.8155000000000E+004    2.1620000000000E+003    2.2258000000000E+004
     212    4.2300000000000E+002    9.9771620000000E+006    1.9610000000000E+003    1.8277000000000E+004    2.1770000000000E+003    2.2415000000000E+004
     213    4.6600000000000E+002    9.9770280000000E+006    1.9450000000000E+003    1.8365000000000E+004    2.1960000000000E+003    2.2506000000000E+004
     214    5.3500000000000E+002    9.9769100000000E+006    1.9420000000000E+003    1.8397000000000E+004    2.2160000000000E+003    2.2555000000000E+004
     215    4.8400000000000E+002    9.9768010000000E+006    1.9520000000000E+003    1.8530000000000E+004    2.2330000000000E+003    2.2715000000000E+004
     216    4.6800000000000E+002    9.9766940000000E+006    1.8840000000000E+003    1.8696000000000E+004    2.2580000000000E+003    2.2838000000000E+004
     217    3.9900000000000E+002    9.9766290000000E+006    1.8540000000000E+003    1.8852000000000E+004    2.2660000000000E+003    2.2972000000000E+004
     218    4.0300000000000E+002    9.9765070000000E+006    1.8380000000000E+003    1.8982000000000E+004    2.2700000000000E+003    2.3090000000000E+004
     219    4.5000000000000E+002    9.9763510000000E+006    1.8060000000000E+003    1.9113000000000E+004    2.2800000000000E+003    2.3199000000000E+004
     220    4.4300000000000E+002    9.9762510000000E+006    1.7410000000000E+003    1.9274000000000E+004    2.2910000000000E+003    2.3306000000000E+004
     221    5.0500000000000E+002    9.9761240000000E+006    1.7550000000000E+003    1.9313000000000E+004    2.3030000000000E+003    2.3371000000000E+004
     222    5.1100000000000E+002    9.9759960000000E+006    1.7140000000000E+003    1.9469000000000E+004    2.3100000000000E+003    2.3493000000000E+004
     223    4.1300000000000E+002    9.9759380000000E+006    1.6880000000000E+003    1.9639000000000E+004    2.3220000000000E+003    2.3649000000000E+004
     224    3.4600000000000E+002    9.9759050000000E+006    1.6350000000000E+003    1.9785000000000E+004    2.3290000000000E+003    2.3749000000000E+004
     225    2.8000000000000E+002    9.9758440000000E+006    1.6180000000000E+003    1.9927000000000E+004    2.3310000000000E+003    2.3876000000000E+004
     226    3.1200000000000E+002    9.9756840000000E+006    1.5890000000000E+003    2.0075000000000E+004    2.3400000000000E+003    2.4004000000000E+004
     227    3.9400000000000E+002    9.9755440000000E+006    1.5560000000000E+003    2.0143000000000E+004    2.3630000000000E+003    2.4062000000000E+004
     228    4.5800000000000E+002    9.9754470000000E+006    1.5400000000000E+003    2.0183000000000E+004    2.3720000000000E+003    2.4095000000000E+004
     229    5.1400000000000E+002    9.9753300000000E+006    1.4410000000000E+003    2.0332000000000E+004    2.3830000000000E+003    2.4156000000000E+004
     230    4.2100000000000E+002    9.9752630000000E+006    1.4780000000000E+003    2.0444000000000E+004    2.3940000000000E+003    2.4316000000000E+004
     231    3.2000000000000E+002    9.9752240000000E+006    1.4840000000000E+003    2.0572000000000E+004    2.4000000000000E+003    2.4456000000000E+004
     232    4.0200000000000E+002    9.9750450000000E+006    1.4630000000000E+003    2.0686000000000E+004    2.4040000000000E+003    2.4553000000000E+004
     233    4.5800000000000E+002    9.9748720000000E+006    1.4710000000000E+003    2.0791000000000E+004    2.4080000000000E+003    2.4670000000000E+004
     234    5.2200000000000E+002    9.9747410000000E+006    1.4310000000000E+003    2.0878000000000E+004    2.4280000000000E+003    2.4737000000000E+004
     235    6.3400000000000E+002    9.9745900000000E+006    1.4050000000000E+003    2.0923000000000E+004    2.4480000000000E+003    2.4776000000000E+004
     236    5.6600000000000E+002    9.9744790000000E+006    1.4620000000000E+003    2.1042000000000E+004    2.4510000000000E+003    2.4955000000000E+004
     237    4.6400000000000E+002    9.9744080000000E+006    1.4790000000000E+003    2.1183000000000E+004    2.4660000000000E+003    2.5128000000000E+004
     238    4.2100000000000E+002    9.9743200000000E+006    1.5100000000000E+003    2.1277000000000E+004    2.4720000000000E+003    2.5259000000000E+004
     239    3.5000000000000E+002    9.9742400000000E+006    1.5340000000000E+003    2.1397000000000E+004    2.4790000000000E+003    2.5410000000000E+004
     240    3.7400000000000E+002    9.9741050000000E+006    1.5170000000000E+003    2.1505000000000E+004    2.4990000000000E+003    2.5521000000000E+004
     241    4.2600000000000E+002    9.9739820000000E+006    1.5300000000000E+003    2.1548000000000E+004    2.5140000000000E+003    2.5592000000000E+004
     242    4.4800000000000E+002    9.9738720000000E+006    1.5850000000000E+003    2.1573000000000E+004    2.5220000000000E+003    2.5680000000000E+004
     243    4.5800000000000E+002    9.9737820000000E+006    1.6040000000000E+003    2.1615000000000E+004    2.5410000000000E+003    2.5760000000000E+004
     244    4.0400000000000E+002    9.9737010000000E+006    1.5790000000000E+003    2.1766000000000E+004    2.5500000000000E+003    2.5895000000000E+004
     245    3.4200000000000E+002    9.9736400000000E+006    1.5620000000000E+003    2.1898000000000E+004    2.5580000000000E+003    2.6018000000000E+004
     246    3.6500000000000E+002    9.9735070000000E+006    1.5750000000000E+003    2.1986000000000E+004    2.5670000000000E+003    2.6128000000000E+004
     247    3.9700000000000E+002    9.9733850000000E+006    1.5480000000000E+003    2.2098000000000E+004    2.5720000000000E+003    2.6218000000000E+004
     248    4.2800000000000E+002    9.9732730000000E+006    1.5620000000000E+003    2.2155000000000E+004    2.5820000000000E+003    2.6299000000000E+004
     249    4.6000000000000E+002    9.9731800000000E+006    1.5840000000000E+003    2.2181000000000E+004    2.5950000000000E+003    2.6360000000000E+004
     250    4.1000000000000E+002    9.9730970000000E+006    1.5380000000000E+003    2.2355000000000E+004    2.6000000000000E+003    2.6493000000000E+004
     251    3.7700000000000E+002    9.9730080000000E+006    1.4870000000000E+003    2.2514000000000E+004    2.6140000000000E+003    2.6615000000000E+004
     252    3.0000000000000E+002    9.9729730000000E+006    1.4680000000000E+003    2.2642000000000E+004    2.6170000000000E+003    2.6727000000000E+004
     253    3.8600000000000E+002    9.9727940000000E+006    1.4100000000000E+003    2.2786000000000E+004    2.6240000000000E+003    2.6820000000000E+004
     254    4.6300000000000E+002    9.9726340000000E+006    1.3820000000000E+003    2.2879000000000E+004    2.6420000000000E+003    2.6903000000000E+004
     255    5.2700000000000E+002    9.9724810000000E+006    1.4000000000000E+003    2.2941000000000E+004    2.6510000000000E+003    2.6992000000000E+004
     256    6.4300000000000E+002    9.9723300000000E+006    1.3470000000000E+003    2.3016000000000E+004    2.6640000000000E+003    2.7027000000000E+004
     257    6.1000000000000E+002    9.9721840000000E+006    1.4460000000000E+003    2.3090000000000E+004    2.6700000000000E+003    2.7206000000000E+004
     258    5.3700000000000E+002    9.9720970000000E+006    1.4710000000000E+003    2.3214000000000E+004    2.6810000000000E+003    2.7366000000000E+004
     259    4.4100000000000E+002    9.9720400000000E+006    1.5010000000000E+003    2.3326000000000E+004    2.6920000000000E+003    2.7519000000000E+004
     260    4.6200000000000E+002    9.9718680000000E+006    1.5420000000000E+003    2.3432000000000E+004    2.6960000000000E+003    2.7670000000000E+004
     261    4.2600000000000E+002    9.9717580000000E+006    1.5980000000000E+003    2.3499000000000E+004    2.7190000000000E+003    2.7816000000000E+004
     262    5.1300000000000E+002    9.9715840000000E+006    1.6040000000000E+003    2.3566000000000E+004    2.7330000000000E+003    2.7903000000000E+004
     263    5.7100000000000E+002    9.9714690000000E+006    1.6000000000000E+003    2.3600000000000E+004    2.7600000000000E+003    2.7960000000000E+004
     264    6.1900000000000E+002    9.9712490000000E+006    1.6390000000000E+003    2.3714000000000E+004    2.7790000000000E+003    2.8132000000000E+004
     265    6.1900000000000E+002    9.9711390000000E+006    1.6270000000000E+003    2.3819000000000E+004    2.7960000000000E+003    2.8242000000000E+004
     266    4.8400000000000E+002    9.9711000000000E+006    1.6890000000000E+003    2.3922000000000E+004    2.8050000000000E+003    2.8416000000000E+004
     267    5.5900000000000E+002    9.9709100000000E+006    1.7110000000000E+003    2.4013000000000E+004    2.8070000000000E+003    2.8531000000000E+004
     268    5.3100000000000E+002    9.9707180000000E+006    1.8480000000000E+003    2.4085000000000E+004    2.8180000000000E+003    2.8751000000000E+004
     269    5.8600000000000E+002    9.9705530000000E+006    1.8690000000000E+003    2.4165000000000E+004    2.8270000000000E+003    2.8861000000000E+004
     270    7.4400000000000E+002    9.9703560000000E+006    1.8730000000000E+003    2.4184000000000E+004    2.8430000000000E+003    2.8900000000000E+004
     271    7.1400000000000E+002    9.9701960000000E+006    1.8840000000000E+003    2.4353000000000E+004    2.8530000000000E+003    2.9090000000000E+004
     272    6.8300000000000E+002    9.9700350000000E+006    1.9160000000000E+003    2.4492000000000E+004    2.8740000000000E+003    2.9282000000000E+004
     273    6.0400000000000E+002    9.9699490000000E+006    1.9280000000000E+003    2.4632000000000E+004    2.8870000000000E+003    2.9447000000000E+004
     274    6.4600000000000E+002    9.9697100000000E+006    1.9740000000000E+003    2.4783000000000E+004    2.8870000000000E+003    2.9644000000000E+004
     275    6.6800000000000E+002    9.9695280000000E+006    1.9880000000000E+003    2.4904000000000E+004    2.9120000000000E+003    2.9804000000000E+004
     276    7.5900000000000E+002    9.9692760000000E+006    2.0620000000000E+003    2.4980000000000E+004    2.9230000000000E+003    2.9965000000000E+004
     277    8.3300000000000E+002    9.9691160000000E+006    2.0910000000000E+003    2.5019000000000E+004    2.9410000000000E+003    3.0051000000000E+004
     278    6.5400000000000E+002    9.9690560000000E+006    2.1580000000000E+003    2.5170000000000E+004    2.9620000000000E+003    3.0290000000000E+004
     279    6.8700000000000E+002    9.9688410000000E+006    2.2300000000000E+003    2.5267000000000E+004    2.9750000000000E+003    3.0472000000000E+004
     280    5.3000000000000E+002    9.9687460000000E+006    2.3080000000000E+003    2.5426000000000E+004    2.9900000000000E+003    3.0724000000000E+004
     281    6.6200000000000E+002    9.9684540000000E+006    2.3530000000000E+003    2.5534000000000E+004    2.9970000000000E+003    3.0884000000000E+004
     282    8.5600000000000E+002    9.9682000000000E+006    2.1930000000000E+003    2.5735000000000E+004    3.0160000000000E+003    3.0944000000000E+004
     283    9.0000000000000E+002    9.9679410000000E+006    2.2980000000000E+003    2.5822000000000E+004    3.0390000000000E+003    3.1159000000000E+004
     284    1.0040000000000E+003    9.9677420000000E+006    2.3540000000000E+003    2.5826000000000E+004    3.0740000000000E+003    3.1254000000000E+004
     285    7.6900000000000E+002    9.9676850000000E+006    2.4560000000000E+003    2.5995000000000E+004    3.0950000000000E+003    3.1546000000000E+004
     286    7.8600000000000E+002    9.9674140000000E+006    2.5180000000000E+003    2.6178000000000E+004    3.1040000000000E+003    3.1800000000000E+004
     287    6.4500000000000E+002    9.9672960000000E+006    2.6120000000000E+003    2.6318000000000E+004    3.1290000000000E+003    3.2059000000000E+004
     288    8.2800000000000E+002    9.9669140000000E+006    2.6140000000000E+003    2.6506000000000E+004    3.1380000000000E+003    3.2258000000000E+004
     289    1.1340000000000E+003    9.9665510000000E+006    2.5110000000000E+003    2.6638000000000E+004    3.1660000000000E+003    3.2315000000000E+004
     290    1.2310000000000E+003    9.9661830000000E+006    2.6210000000000E+003    2.6778000000000E+004    3.1870000000000E+003    3.2586000000000E+004
     291    1.4400000000000E+003    9.9658560000000E+006    2.6530000000000E+003    2.6834000000000E+004    3.2170000000000E+003    3.2704000000000E+004
     292    1.3790000000000E+003    9.9655350000000E+006    2.7960000000000E+003    2.7056000000000E+004    3.2340000000000E+003    3.3086000000000E+004
     293    1.2710000000000E+003    9.9652800000000E+006    2.9770000000000E+003    2.7233000000000E+004    3.2390000000000E+003    3.3449000000000E+004
     294    1.0580000000000E+003    9.9651250000000E+006    3.0930000000000E+003    2.7459000000000E+004    3.2650000000000E+003    3.3817000000000E+004
     295    1.1520000000000E+003    9.9647040000000E+006    3.2600000000000E+003    2.7612000000000E+004    3.2720000000000E+003    3.4144000000000E+004
     296    1.1190000000000E+003    9.9644160000000E+006    3.5210000000000E+003    2.7632000000000E+004    3.3120000000000E+003    3.4465000000000E+004
     297    1.1530000000000E+003    9.9641270000000E+006    3.5610000000000E+003    2.7813000000000E+004    3.3460000000000E+003    3.4720000000000E+004
     298    1.2660000000000E+003    9.9638590000000E+006    3.6210000000000E+003    2.7877000000000E+004    3.3770000000000E+003    3.4875000000000E+004
     299    1.1490000000000E+003    9.9635550000000E+006    3.7500000000000E+003    2.8130000000000E+004    3.4160000000000E+003    3.5296000000000E+004
     300    1.0800000000000E+003    9.9633360000000E+006    3.7840000000000E+003    2.8358000000000E+004    3.4420000000000E+003    3.5584000000000E+004
     301    8.8000000000000E+002    9.9632470000000E+006    3.8140000000000E+003    2.8595000000000E+004    3.4640000000000E+003    3.5873000000000E+004
     302    9.2700000000000E+002    9.9629320000000E+006    3.8830000000000E+003    2.8780000000000E+004    3.4780000000000E+003    3.6141000000000E+004
     303    1.0020000000000E+003    9.9625530000000E+006    4.1300000000000E+003    2.8807000000000E+004    3.5080000000000E+003    3.6445000000000E+004
     304    1.0460000000000E+003    9.9622900000000E+006    4.0780000000000E+003    2.9042000000000E+004    3.5440000000000E+003    3.6664000000000E+004
     305    1.2330000000000E+003    9.9620140000000E+006    4.0490000000000E+003    2.9130000000000E+004    3.5740000000000E+003    3.6753000000000E+004
     306    1.1760000000000E+003    9.9617560000000E+006    3.9820000000000E+003    2.9486000000000E+004    3.6000000000000E+003    3.7068000000000E+004
     307    9.5500000000000E+002    9.9615980000000E+006    3.9980000000000E+003    2.9819000000000E+004    3.6300000000000E+003    3.7447000000000E+004
     308    8.3000000000000E+002    9.9614600000000E+006    3.8930000000000E+003    3.0164000000000E+004    3.6530000000000E+003    3.7710000000000E+004
     309    8.5000000000000E+002    9.9611640000000E+006    3.8420000000000E+003    3.0481000000000E+004    3.6630000000000E+003    3.7986000000000E+004
     310    9.0200000000000E+002    9.9608540000000E+006    3.7790000000000E+003    3.0768000000000E+004    3.6970000000000E+003    3.8244000000000E+004
     311    9.9500000000000E+002    9.9606030000000E+006    3.6820000000000E+003    3.0974000000000E+004    3.7460000000000E+003    3.8402000000000E+004
     312    1.1170000000000E+003    9.9603430000000E+006    3.6650000000000E+003    3.1095000000000E+004    3.7800000000000E+003    3.8540000000000E+004
     313    1.0190000000000E+003    9.9601450000000E+006    3.5400000000000E+003    3.1500000000000E+004    3.7960000000000E+003    3.8836000000000E+004
     314    8.6900000000000E+002    9.9599850000000E+006    3.5620000000000E+003    3.1766000000000E+004    3.8180000000000E+003    3.9146000000000E+004
     315    7.2500000000000E+002    9.9598780000000E+006    3.5240000000000E+003    3.2039000000000E+004    3.8340000000000E+003    3.9397000000000E+004
     316    6.0800000000000E+002    9.9597350000000E+006    3.5160000000000E+003    3.2293000000000E+004    3.8480000000000E+003    3.9657000000000E+004
     317    6.5000000000000E+002    9.9594950000000E+006    3.4100000000000E+003    3.2566000000000E+004    3.8790000000000E+003    3.9855000000000E+004
     318    7.4800000000000E+002    9.9592370000000E+006    3.3510000000000E+003    3.2752000000000E+004    3.9120000000000E+003    4.0015000000000E+004
     319    8.3800000000000E+002    9.9590400000000E+006    3.3690000000000E+003    3.2817000000000E+004    3.9360000000000E+003    4.0122000000000E+004
     320    9.1500000000000E+002    9.9588200000000E+006    3.1970000000000E+003    3.3116000000000E+004    3.9520000000000E+003    4.0265000000000E+004
     321    8.2000000000000E+002    9.9586750000000E+006    3.0580000000000E+003    3.3477000000000E+004    3.9700000000000E+003    4.0505000000000E+004
     322    6.3000000000000E+002    9.9586070000000E+006    3.0530000000000E+003    3.3727000000000E+004    3.9830000000000E+003    4.0763000000000E+004
     323    7.1400000000000E+002    9.9583260000000E+006    2.9740000000000E+003    3.3999000000000E+004    3.9870000000000E+003    4.0960000000000E+004
     324    7.0900000000000E+002    9.9581110000000E+006    2.9360000000000E+003    3.4242000000000E+004    4.0020000000000E+003    4.1180000000000E+004
     325    7.8300000000000E+002    9.9578920000000E+006    2.9230000000000E+003    3.4378000000000E+004    4.0240000000000E+003    4.1325000000000E+004
     326    8.9700000000000E+002    9.9577100000000E+006    2.8530000000000E+003    3.4485000000000E+004    4.0550000000000E+003    4.1393000000000E+004
     327    8.0500000000000E+002    9.9575210000000E+006    2.8380000000000E+003    3.4766000000000E+004    4.0700000000000E+003    4.1674000000000E+004
     328    7.3600000000000E+002    9.9573750000000E+006    2.7430000000000E+003    3.5052000000000E+004    4.0940000000000E+003    4.1889000000000E+004
     329    5.7600000000000E+002    9.9573160000000E+006    2.7110000000000E+003    3.5290000000000E+004    4.1070000000000E+003    4.2108000000000E+004
     330    5.7500000000000E+002    9.9571350000000E+006    2.6330000000000E+003    3.5544000000000E+004    4.1130000000000E+003    4.2290000000000E+004
     331    5.7900000000000E+002    9.9569420000000E+006    2.6240000000000E+003    3.5711000000000E+004    4.1440000000000E+003    4.2479000000000E+004
     332    6.1100000000000E+002    9.9567640000000E+006    2.6100000000000E+003    3.5854000000000E+004    4.1610000000000E+003    4.2625000000000E+004
     333    7.3200000000000E+002    9.9565840000000E+006    2.5620000000000E+003    3.5933000000000E+004    4.1890000000000E+003    4.2684000000000E+004
     334    7.0600000000000E+002    9.9564290000000E+006    2.6000000000000E+003    3.6058000000000E+004    4.2070000000000E+003    4.2865000000000E+004
     335    6.5300000000000E+002    9.9562890000000E+006    2.5530000000000E+003    3.6279000000000E+004    4.2260000000000E+003    4.3058000000000E+004
     336    5.3600000000000E+002    9.9562280000000E+006    2.4730000000000E+003    3.6518000000000E+004    4.2450000000000E+003    4.3236000000000E+004
     337    5.9000000000000E+002    9.9559940000000E+006    2.4560000000000E+003    3.6706000000000E+004    4.2540000000000E+003    4.3416000000000E+004
     338    6.1600000000000E+002    9.9558130000000E+006    2.3910000000000E+003    3.6912000000000E+004    4.2680000000000E+003    4.3571000000000E+004
     339    7.0100000000000E+002    9.9555880000000E+006    2.3860000000000E+003    3.7037000000000E+004    4.2880000000000E+003    4.3711000000000E+004
     340    8.1500000000000E+002    9.9554130000000E+006    2.3790000000000E+003    3.7087000000000E+004    4.3060000000000E+003    4.3772000000000E+004
     341    8.2400000000000E+002    9.9551700000000E+006    2.3320000000000E+003    3.7353000000000E+004    4.3210000000000E+003    4.4006000000000E+004
     342    7.6800000000000E+002    9.9550450000000E+006    2.2980000000000E+003    3.7550000000000E+004    4.3390000000000E+003    4.4187000000000E+004
     343    6.0900000000000E+002    9.9549790000000E+006    2.3040000000000E+003    3.7754000000000E+004    4.3540000000000E+003    4.4412000000000E+004
     344    6.8800000000000E+002    9.9547250000000E+006    2.2970000000000E+003    3.7934000000000E+004    4.3560000000000E+003    4.4587000000000E+004
     345    6.5900000000000E+002    9.9545110000000E+006    2.3510000000000E+003    3.8101000000000E+004    4.3780000000000E+003    4.4830000000000E+004
     346    7.0100000000000E+002    9.9543440000000E+006    2.3300000000000E+003    3.8227000000000E+004    4.3980000000000E+003    4.4955000000000E+004
     347    8.1400000000000E+002    9.9541650000000E+006    2.3370000000000E+003    3.8262000000000E+004    4.4220000000000E+003    4.5021000000000E+004
     348    6.8700000000000E+002    9.9540380000000E+006    2.4100000000000E+003    3.8428000000000E+004    4.4370000000000E+003    4.5275000000000E+004
     349    5.8500000000000E+002    9.9539260000000E+006    2.4310000000000E+003    3.8599000000000E+004    4.4590000000000E+003    4.5489000000000E+004
     350    4.8300000000000E+002    9.9538610000000E+006    2.4200000000000E+003    3.8762000000000E+004    4.4740000000000E+003    4.5656000000000E+004
     351    4.8100000000000E+002    9.9536840000000E+006    2.4190000000000E+003    3.8937000000000E+004    4.4790000000000E+003    4.5835000000000E+004
     352    5.6300000000000E+002    9.9534750000000E+006    2.3910000000000E+003    3.9055000000000E+004    4.5160000000000E+003    4.5962000000000E+004
     353    6.2700000000000E+002    9.9532990000000E+006    2.3630000000000E+003    3.9173000000000E+004    4.5380000000000E+003    4.6074000000000E+004
     354    7.2100000000000E+002    9.9531400000000E+006    2.3670000000000E+003    3.9217000000000E+004    4.5550000000000E+003    4.6139000000000E+004
     355    6.2700000000000E+002    9.9530570000000E+006    2.3100000000000E+003    3.9441000000000E+004    4.5650000000000E+003    4.6316000000000E+004
     356    4.7100000000000E+002    9.9530040000000E+006    2.3380000000000E+003    3.9611000000000E+004    4.5760000000000E+003    4.6525000000000E+004
     357    3.5200000000000E+002    9.9529470000000E+006    2.2890000000000E+003    3.9823000000000E+004    4.5890000000000E+003    4.6701000000000E+004
     358    3.0600000000000E+002    9.9528340000000E+006    2.2730000000000E+003    3.9994000000000E+004    4.5930000000000E+003    4.6860000000000E+004
     359    3.6300000000000E+002    9.9526940000000E+006    2.1130000000000E+003    4.0213000000000E+004    4.6170000000000E+003    4.6943000000000E+004
     360    4.1700000000000E+002    9.9525870000000E+006    2.0410000000000E+003    4.0310000000000E+004    4.6450000000000E+003    4.6996000000000E+004
     361    4.8400000000000E+002    9.9524630000000E+006    2.0320000000000E+003    4.0364000000000E+004    4.6570000000000E+003    4.7053000000000E+004
     362    5.4000000000000E+002    9.9522940000000E+006    1.8910000000000E+003    4.0602000000000E+004    4.6730000000000E+003    4.7166000000000E+004
     363    4.8900000000000E+002    9.9522050000000E+006    1.8170000000000E+003    4.0808000000000E+004    4.6810000000000E+003    4.7306000000000E+004
     364    4.2800000000000E+002    9.9521590000000E+006    1.7570000000000E+003    4.0972000000000E+004    4.6840000000000E+003    4.7413000000000E+004
     365    4.1600000000000E+002    9.9520470000000E+006    1.7020000000000E+003    4.1144000000000E+004    4.6910000000000E+003    4.7537000000000E+004
     366    3.6600000000000E+002    9.9519280000000E+006    1.7440000000000E+003    4.1255000000000E+004    4.7070000000000E+003    4.7706000000000E+004
     367    3.8900000000000E+002    9.9518160000000E+006    1.7210000000000E+003    4.1355000000000E+004    4.7190000000000E+003    4.7795000000000E+004
     368    4.5500000000000E+002    9.9517040000000E+006    1.7020000000000E+003    4.1411000000000E+004    4.7280000000000E+003    4.7841000000000E+004
     369    4.2500000000000E+002    9.9516220000000E+006    1.6370000000000E+003    4.1577000000000E+004    4.7390000000000E+003    4.7953000000000E+004
     370    3.7000000000000E+002    9.9515580000000E+006    1.5470000000000E+003    4.1771000000000E+004    4.7540000000000E+003    4.8072000000000E+004
     371    2.9700000000000E+002    9.9515190000000E+006    1.4830000000000E+003    4.1930000000000E+004    4.7710000000000E+003    4.8184000000000E+004
     372    3.2600000000000E+002    9.9513780000000E+006    1.4360000000000E+003    4.2086000000000E+004    4.7740000000000E+003    4.8296000000000E+004
     373    3.3400000000000E+002    9.9512880000000E+006    1.4350000000000E+003    4.2161000000000E+004    4.7820000000000E+003    4.8378000000000E+004
     374    3.5200000000000E+002    9.9512060000000E+006    1.4460000000000E+003    4.2203000000000E+004    4.7930000000000E+003    4.8442000000000E+004
     375    3.8500000000000E+002    9.9511340000000E+006    1.4280000000000E+003    4.2248000000000E+004    4.8050000000000E+003    4.8481000000000E+004
     376    2.8800000000000E+002    9.9510900000000E+006    1.4560000000000E+003    4.2354000000000E+004    4.8120000000000E+003    4.8622000000000E+004
     377    2.5100000000000E+002    9.9510370000000E+006    1.4060000000000E+003    4.2489000000000E+004    4.8170000000000E+003    4.8712000000000E+004
     378    2.0200000000000E+002    9.9510040000000E+006    1.3810000000000E+003    4.2589000000000E+004    4.8240000000000E+003    4.8794000000000E+004
     379    2.3000000000000E+002    9.9509040000000E+006    1.3290000000000E+003    4.2710000000000E+004    4.8270000000000E+003    4.8866000000000E+004
     380    2.8600000000000E+002    9.9508040000000E+006    1.2040000000000E+003    4.2865000000000E+004    4.8410000000000E+003    4.8910000000000E+004
     381    3.1300000000000E+002    9.9507240000000E+006    1.1680000000000E+003    4.2947000000000E+004    4.8480000000000E+003    4.8963000000000E+004
     382    3.4700000000000E+002    9.9506570000000E+006    1.1550000000000E+003    4.2989000000000E+004    4.8520000000000E+003    4.8996000000000E+004
     383    3.0300000000000E+002    9.9506010000000E+006    1.1430000000000E+003    4.3094000000000E+004    4.8590000000000E+003    4.9096000000000E+004
     384    2.4000000000000E+002    9.9505640000000E+006    1.1240000000000E+003    4.3207000000000E+004    4.8650000000000E+003    4.9196000000000E+004
     385    1.7900000000000E+002    9.9505450000000E+006    1.0920000000000E+003    4.3310000000000E+004    4.8740000000000E+003    4.9276000000000E+004
     386    2.0600000000000E+002    9.9504510000000E+006    1.0470000000000E+003    4.3418000000000E+004    4.8780000000000E+003    4.9343000000000E+004
     387    2.2100000000000E+002    9.9503800000000E+006    1.0210000000000E+003    4.3487000000000E+004    4.8910000000000E+003    4.9399000000000E+004
     388    2.3800000000000E+002    9.9503260000000E+006    9.9400000000000E+002    4.3538000000000E+004    4.9040000000000E+003    4.9436000000000E+004
     389    3.0300000000000E+002    9.9502420000000E+006    9.7400000000000E+002    4.3572000000000E+004    4.9090000000000E+003    4.9455000000000E+004
     390    2.6100000000000E+002    9.9501900000000E+006    9.2700000000000E+002    4.3704000000000E+004    4.9180000000000E+003    4.9549000000000E+004
     391    2.2300000000000E+002    9.9501570000000E+006    9.0800000000000E+002    4.3786000000000E+004    4.9260000000000E+003    4.9620000000000E+004
     392    1.9700000000000E+002    9.9501290000000E+006    8.8000000000000E+002    4.3863000000000E+004    4.9310000000000E+003    4.9674000000000E+004
     393    1.8800000000000E+002    9.9500540000000E+006    8.9200000000000E+002    4.3933000000000E+004    4.9330000000000E+003    4.9758000000000E+004
     394    1.6800000000000E+002    9.9500220000000E+006    9.0000000000000E+002    4.3960000000000E+004    4.9500000000000E+003    4.9810000000000E+004
     395    1.8400000000000E+002    9.9499730000000E+006    8.8000000000000E+002    4.4012000000000E+004    4.9510000000000E+003    4.9843000000000E+004
     396    2.1400000000000E+002    9.9499150000000E+006    8.7500000000000E+002    4.4039000000000E+004    4.9570000000000E+003    4.9871000000000E+004
     397    2.0500000000000E+002    9.9498490000000E+006    8.5000000000000E+002    4.4132000000000E+004    4.9640000000000E+003    4.9946000000000E+004
     398    2.0600000000000E+002    9.9498160000000E+006    7.8200000000000E+002    4.4225000000000E+004    4.9710000000000E+003    4.9978000000000E+004
     399    1.8200000000000E+002    9.9497910000000E+006    7.5100000000000E+002    4.4302000000000E+004    4.9740000000000E+003    5.0027000000000E+004
     400    1.9700000000000E+002    9.9497180000000E+006    7.4200000000000E+002    4.4365000000000E+004    4.9780000000000E+003    5.0085000000000E+004
     401    1.8000000000000E+002    9.9496690000000E+006    7.5200000000000E+002    4.4412000000000E+004    4.9870000000000E+003    5.0151000000000E+004
     402    2.1300000000000E+002    9.9496030000000E+006    7.4800000000000E+002    4.4446000000000E+004    4.9900000000000E+003    5.0184000000000E+004
     403    2.2700000000000E+002    9.9495640000000E+006    7.5400000000000E+002    4.4462000000000E+004    4.9930000000000E+003    5.0209000000000E+004
     404    2.1100000000000E+002    9.9495070000000E+006    7.3300000000000E+002    4.4550000000000E+004    4.9990000000000E+003    5.0282000000000E+004
     405    1.8400000000000E+002    9.9494850000000E+006    7.1100000000000E+002    4.4617000000000E+004    5.0030000000000E+003    5.0331000000000E+004
     406    1.3800000000000E+002    9.9494650000000E+006    7.2300000000000E+002    4.4669000000000E+004    5.0050000000000E+003    5.0397000000000E+004
     407    1.5400000000000E+002    9.9494100000000E+006    6.7800000000000E+002    4.4749000000000E+004    5.0090000000000E+003    5.0436000000000E+004
     408    1.2600000000000E+002    9.9493810000000E+006    6.8300000000000E+002    4.4795000000000E+004    5.0150000000000E+003    5.0493000000000E+004
     409    1.9000000000000E+002    9.9492950000000E+006    6.7200000000000E+002    4.4824000000000E+004    5.0190000000000E+003    5.0515000000000E+004
     410    2.3500000000000E+002    9.9492300000000E+006    6.6400000000000E+002    4.4848000000000E+004    5.0230000000000E+003    5.0535000000000E+004
     411    2.3600000000000E+002    9.9491740000000E+006    6.4400000000000E+002    4.4919000000000E+004    5.0270000000000E+003    5.0590000000000E+004
     412    2.4900000000000E+002    9.9491320000000E+006    6.4100000000000E+002    4.4944000000000E+004    5.0340000000000E+003    5.0619000000000E+004
     413    1.7300000000000E+002    9.9491220000000E+006    6.7800000000000E+002    4.4992000000000E+004    5.0350000000000E+003    5.0705000000000E+004
     414    1.3400000000000E+002    9.9490960000000E+006    6.8500000000000E+002    4.5046000000000E+004    5.0390000000000E+003    5.0770000000000E+004
     415    1.2900000000000E+002    9.9490450000000E+006    6.7500000000000E+002    4.5104000000000E+004    5.0470000000000E+003    5.0826000000000E+004
     416    1.2600000000000E+002    9.9490060000000E+006    6.8400000000000E+002    4.5134000000000E+004    5.0500000000000E+003    5.0868000000000E+004
     417    1.4100000000000E+002    9.9489810000000E+006    6.6900000000000E+002    4.5152000000000E+004    5.0570000000000E+003    5.0878000000000E+004
     418    1.4200000000000E+002    9.9489540000000E+006    6.2200000000000E+002    4.5220000000000E+004    5.0620000000000E+003    5.0904000000000E+004
     419    1.0900000000000E+002    9.9489360000000E+006    6.2400000000000E+002    4.5267000000000E+004    5.0640000000000E+003    5.0955000000000E+004
     420    8.0000000000000E+001    9.9489260000000E+006    5.9700000000000E+002    4.5329000000000E+004    5.0680000000000E+003    5.0994000000000E+004
     421    9.0000000000000E+001    9.9488910000000E+006    5.8300000000000E+002    4.5367000000000E+004    5.0690000000000E+003    5.1019000000000E+004
     422    9.9000000000000E+001    9.9488550000000E+006    5.5300000000000E+002    4.5420000000000E+004    5.0730000000000E+003    5.1046000000000E+004
     423    1.1300000000000E+002    9.9488230000000E+006    5.4900000000000E+002    4.5438000000000E+004    5.0770000000000E+003    5.1064000000000E+004
     424    1.2600000000000E+002    9.9488000000000E+006    5.3900000000000E+002    4.5453000000000E+004    5.0820000000000E+003    5.1074000000000E+004
     425    1.1500000000000E+002    9.9487760000000E+006    5.1900000000000E+002    4.5505000000000E+004    5.0850000000000E+003    5.1109000000000E+004
     426    9.5000000000000E+001    9.9487600000000E+006    5.2600000000000E+002    4.5530000000000E+004    5.0890000000000E+003    5.1145000000000E+004
     427    7.7000000000000E+001    9.9487460000000E+006    4.7200000000000E+002    4.5614000000000E+004    5.0910000000000E+003    5.1177000000000E+004
     428    9.7000000000000E+001    9.9487030000000E+006    4.3000000000000E+002    4.5675000000000E+004    5.0950000000000E+003    5.1200000000000E+004
     429    1.1000000000000E+002    9.9486660000000E+006    3.9800000000000E+002    4.5727000000000E+004    5.0990000000000E+003    5.1224000000000E+004
     430    1.3200000000000E+002    9.9486280000000E+006    3.7200000000000E+002    4.5765000000000E+004    5.1030000000000E+003    5.1240000000000E+004
     431    1.3600000000000E+002    9.9486100000000E+006    3.7600000000000E+002    4.5771000000000E+004    5.1070000000000E+003    5.1254000000000E+004
     432    1.2100000000000E+002    9.9485820000000E+006    3.9300000000000E+002    4.5797000000000E+004    5.1070000000000E+003    5.1297000000000E+004
     433    9.7000000000000E+001    9.9485690000000E+006    3.7900000000000E+002    4.5846000000000E+004    5.1090000000000E+003    5.1334000000000E+004
     434    6.8000000000000E+001    9.9485600000000E+006    3.7800000000000E+002    4.5885000000000E+004    5.1090000000000E+003    5.1372000000000E+004
     435    7.0000000000000E+001    9.9485400000000E+006    3.7100000000000E+002    4.5910000000000E+004    5.1090000000000E+003    5.1390000000000E+004
     436    6.3000000000000E+001    9.9485190000000E+006    3.7200000000000E+002    4.5933000000000E+004    5.1130000000000E+003    5.1418000000000E+004
     437    6.4000000000000E+001    9.9485050000000E+006    3.6700000000000E+002    4.5943000000000E+004    5.1210000000000E+003    5.1431000000000E+004
     438    7.1000000000000E+001    9.9484890000000E+006    3.6600000000000E+002    4.5951000000000E+004    5.1230000000000E+003    5.1440000000000E+004
     439    7.1000000000000E+001    9.9484690000000E+006    3.5100000000000E+002    4.5984000000000E+004    5.1250000000000E+003    5.1460000000000E+004
     440    6.7000000000000E+001    9.9484520000000E+006    3.3600000000000E+002    4.6016000000000E+004    5.1290000000000E+003    5.1481000000000E+004
     441    7.1000000000000E+001    9.9484340000000E+006    3.1800000000000E+002    4.6048000000000E+004    5.1290000000000E+003    5.1495000000000E+004
     442    1.0200000000000E+002    9.9483870000000E+006    3.1100000000000E+002    4.6071000000000E+004    5.1290000000000E+003    5.1511000000000E+004
     443    1.2200000000000E+002    9.9483470000000E+006    3.0700000000000E+002    4.6093000000000E+004    5.1310000000000E+003    5.1531000000000E+004
     444    1.2100000000000E+002    9.9483310000000E+006    3.0800000000000E+002    4.6108000000000E+004    5.1320000000000E+003    5.1548000000000E+004
     445    1.3500000000000E+002    9.9482990000000E+006    3.1200000000000E+002    4.6121000000000E+004    5.1330000000000E+003    5.1566000000000E+004
     446    1.0600000000000E+002    9.9482810000000E+006    3.1600000000000E+002    4.6162000000000E+004    5.1350000000000E+003    5.1613000000000E+004
     447    9.0000000000000E+001    9.9482570000000E+006    3.1900000000000E+002    4.6196000000000E+004    5.1380000000000E+003    5.1653000000000E+004
     448    8.3000000000000E+001    9.9482480000000E+006    2.9700000000000E+002    4.6232000000000E+004    5.1400000000000E+003    5.1669000000000E+004
     449    1.0300000000000E+002    9.9481960000000E+006    3.1100000000000E+002    4.6249000000000E+004    5.1410000000000E+003    5.1701000000000E+004
     450    1.1000000000000E+002    9.9481710000000E+006    3.0100000000000E+002    4.6270000000000E+004    5.1480000000000E+003    5.1719000000000E+004
     451    1.2100000000000E+002    9.9481360000000E+006    3.1200000000000E+002    4.6281000000000E+004    5.1500000000000E+003    5.1743000000000E+004
     452    1.5400000000000E+002    9.9480940000000E+006    3.1200000000000E+002    4.6289000000000E+004    5.1510000000000E+003    5.1752000000000E+004
     453    1.3700000000000E+002    9.9480590000000E+006    3.4400000000000E+002    4.6307000000000E+004    5.1530000000000E+003    5.1804000000000E+004
     454    1.5800000000000E+002    9.9480130000000E+006    3.4800000000000E+002    4.6327000000000E+004    5.1540000000000E+003    5.1829000000000E+004
     455    1.3900000000000E+002    9.9479970000000E+006    3.6900000000000E+002    4.6340000000000E+004    5.1550000000000E+003    5.1864000000000E+004
     456    1.2800000000000E+002    9.9479660000000E+006    3.9500000000000E+002    4.6354000000000E+004    5.1570000000000E+003    5.1906000000000E+004
     457    1.5500000000000E+002    9.9479040000000E+006    4.1000000000000E+002    4.6363000000000E+004    5.1680000000000E+003    5.1941000000000E+004
     458    1.9600000000000E+002    9.9478170000000E+006    4.3900000000000E+002    4.6379000000000E+004    5.1690000000000E+003    5.1987000000000E+004
     459    2.4600000000000E+002    9.9477510000000E+006    4.3700000000000E+002    4.6392000000000E+004    5.1740000000000E+003    5.2003000000000E+004
     460    3.0600000000000E+002    9.9476600000000E+006    4.2100000000000E+002    4.6438000000000E+004    5.1750000000000E+003    5.2034000000000E+004
     461    2.9300000000000E+002    9.9476110000000E+006    4.4300000000000E+002    4.6475000000000E+004    5.1780000000000E+003    5.2096000000000E+004
     462    2.4000000000000E+002    9.9475770000000E+006    5.1400000000000E+002    4.6485000000000E+004    5.1840000000000E+003    5.2183000000000E+004
     463    2.8300000000000E+002    9.9474680000000E+006    5.4800000000000E+002    4.6515000000000E+004    5.1860000000000E+003    5.2249000000000E+004
     464    2.8900000000000E+002    9.9473710000000E+006    6.2100000000000E+002    4.6530000000000E+004    5.1890000000000E+003    5.2340000000000E+004
     465    3.3300000000000E+002    9.9472780000000E+006    6.4600000000000E+002    4.6544000000000E+004    5.1990000000000E+003    5.2389000000000E+004
     466    4.1100000000000E+002    9.9471660000000E+006    6.7100000000000E+002    4.6542000000000E+004    5.2100000000000E+003    5.2423000000000E+004
     467    4.4900000000000E+002    9.9470190000000E+006    7.2800000000000E+002    4.6584000000000E+004    5.2200000000000E+003    5.2532000000000E+004
     468    4.2600000000000E+002    9.9469450000000E+006    8.0000000000000E+002    4.6600000000000E+004    5.2290000000000E+003    5.2629000000000E+004
     469    4.2300000000000E+002    9.9468550000000E+006    8.5800000000000E+002    4.6629000000000E+004    5.2350000000000E+003    5.2722000000000E+004
     470    4.8100000000000E+002    9.9466850000000E+006    9.2800000000000E+002    4.6666000000000E+004    5.2400000000000E+003    5.2834000000000E+004
     471    5.1000000000000E+002    9.9465090000000E+006    1.0400000000000E+003    4.6696000000000E+004    5.2450000000000E+003    5.2981000000000E+004
     472    5.8000000000000E+002    9.9463650000000E+006    1.0680000000000E+003    4.6733000000000E+004    5.2540000000000E+003    5.3055000000000E+004
     473    6.5900000000000E+002    9.9461960000000E+006    1.1420000000000E+003    4.6737000000000E+004    5.2660000000000E+003    5.3145000000000E+004
     474    6.6900000000000E+002    9.9460160000000E+006    1.2810000000000E+003    4.6756000000000E+004    5.2780000000000E+003    5.3315000000000E+004
     475    6.3800000000000E+002    9.9458710000000E+006    1.3950000000000E+003    4.6807000000000E+004    5.2890000000000E+003    5.3491000000000E+004
     476    5.9700000000000E+002    9.9457680000000E+006    1.4520000000000E+003    4.6889000000000E+004    5.2940000000000E+003    5.3635000000000E+004
     477    6.5600000000000E+002    9.9455400000000E+006    1.5550000000000E+003    4.6946000000000E+004    5.3030000000000E+003    5.3804000000000E+004
     478    7.2400000000000E+002    9.9452920000000E+006    1.6440000000000E+003    4.7023000000000E+004    5.3170000000000E+003    5.3984000000000E+004
     479    8.5800000000000E+002    9.9450130000000E+006    1.7400000000000E+003    4.7052000000000E+004    5.3370000000000E+003    5.4129000000000E+004
     480    9.6900000000000E+002    9.9447990000000E+006    1.8090000000000E+003    4.7069000000000E+004    5.3540000000000E+003    5.4232000000000E+004
     481    1.0740000000000E+003    9.9444660000000E+006    1.9280000000000E+003    4.7158000000000E+004    5.3740000000000E+003    5.4460000000000E+004
     482    1.0380000000000E+003    9.9442540000000E+006    2.0790000000000E+003    4.7234000000000E+004    5.3950000000000E+003    5.4708000000000E+004
     483    9.3600000000000E+002    9.9440770000000E+006    2.2650000000000E+003    4.7308000000000E+004    5.4140000000000E+003    5.4987000000000E+004
     484    1.1070000000000E+003    9.9436920000000E+006    2.3670000000000E+003    4.7409000000000E+004    5.4250000000000E+003    5.5201000000000E+004
     485    1.1000000000000E+003    9.9433660000000E+006    2.5530000000000E+003    4.7538000000000E+004    5.4430000000000E+003    5.5534000000000E+004
     486    1.2430000000000E+003    9.9430110000000E+006    2.6910000000000E+003    4.7590000000000E+004    5.4650000000000E+003    5.5746000000000E+004
     487    1.4610000000000E+003    9.9426160000000E+006    2.7780000000000E+003    4.7652000000000E+004    5.4930000000000E+003    5.5923000000000E+004
     488    1.4100000000000E+003    9.9422820000000E+006    2.9930000000000E+003    4.7796000000000E+004    5.5190000000000E+003    5.6308000000000E+004
     489    1.2880000000000E+003    9.9420780000000E+006    3.1430000000000E+003    4.7940000000000E+004    5.5510000000000E+003    5.6634000000000E+004
     490    1.0800000000000E+003    9.9419310000000E+006    3.3540000000000E+003    4.8058000000000E+004    5.5770000000000E+003    5.6989000000000E+004
     491    1.1050000000000E+003    9.9415110000000E+006    3.5800000000000E+003    4.8209000000000E+004    5.5950000000000E+003    5.7384000000000E+004
     492    1.1870000000000E+003    9.9410950000000E+006    3.7340000000000E+003    4.8347000000000E+004    5.6370000000000E+003    5.7718000000000E+004
     493    1.3710000000000E+003    9.9407070000000E+006    3.7930000000000E+003    4.8447000000000E+004    5.6820000000000E+003    5.7922000000000E+004
     494    1.6100000000000E+003    9.9403210000000E+006    3.8370000000000E+003    4.8515000000000E+004    5.7170000000000E+003    5.8069000000000E+004
     495    1.4530000000000E+003    9.9400580000000E+006    4.0290000000000E+003    4.8713000000000E+004    5.7470000000000E+003    5.8489000000000E+004
     496    1.1930000000000E+003    9.9399020000000E+006    4.1970000000000E+003    4.8927000000000E+004    5.7810000000000E+003    5.8905000000000E+004
     497    9.6800000000000E+002    9.9397390000000E+006    4.3060000000000E+003    4.9187000000000E+004    5.8000000000000E+003    5.9293000000000E+004
     498    9.6800000000000E+002    9.9393530000000E+006    4.4780000000000E+003    4.9379000000000E+004    5.8220000000000E+003    5.9679000000000E+004
     499    1.0820000000000E+003    9.9389760000000E+006    4.4080000000000E+003    4.9665000000000E+004    5.8690000000000E+003    5.9942000000000E+004
     500    1.2840000000000E+003    9.9386180000000E+006    4.3520000000000E+003    4.9835000000000E+004    5.9110000000000E+003    6.0098000000000E+004
     501    1.5180000000000E+003    9.9382210000000E+006    4.3380000000000E+003    4.9981000000000E+004    5.9420000000000E+003    6.0261000000000E+004
     502    1.4620000000000E+003    9.9378910000000E+006    4.3390000000000E+003    5.0330000000000E+004    5.9780000000000E+003    6.0647000000000E+004
     503    1.2640000000000E+003    9.9377120000000E+006    4.3900000000000E+003    5.0631000000000E+004    6.0030000000000E+003    6.1024000000000E+004
     504    1.0750000000000E+003    9.9375430000000E+006    4.3930000000000E+003    5.0965000000000E+004    6.0240000000000E+003    6.1382000000000E+004
     505    1.1160000000000E+003    9.9371050000000E+006    4.3950000000000E+003    5.1348000000000E+004    6.0360000000000E+003    6.1779000000000E+004
     506    1.1560000000000E+003    9.9367350000000E+006    4.3910000000000E+003    5.1649000000000E+004    6.0690000000000E+003    6.2109000000000E+004
     507    9.7700000000000E+002    9.9367350000000E+006    4.3660000000000E+003    5.1825000000000E+004    6.0970000000000E+003    6.2288000000000E+004
     508    8.0800000000000E+002    9.9367350000000E+006    4.3880000000000E+003    5.1938000000000E+004    6.1310000000000E+003    6.2457000000000E+004
     509    3.7000000000000E+002    9.9367350000000E+006    4.4060000000000E+003    5.2309000000000E+004    6.1800000000000E+003    6.2895000000000E+004
     510    0.0000000000000E+000    9.9367350000000E+006    4.3600000000000E+003    5.2691000000000E+004    6.2140000000000E+003    6.3265000000000E+004
     511    0.0000000000000E+000    9.9367350000000E+006    3.9720000000000E+003    5.3054000000000E+004    6.2390000000000E+003    6.3265000000000E+004
     512    0.0000000000000E+000    9.9367350000000E+006    3.5860000000000E+003    5.3429000000000E+004    6.2500000000000E+003    6.3265000000000E+004
     513    0.0000000000000E+000    9.9367350000000E+006    3.3230000000000E+003    5.3650000000000E+004    6.2920000000000E+003    6.3265000000000E+004
     514    0.0000000000000E+000    9.9367350000000E+006    3.1670000000000E+003    5.3766000000000E+004    6.3320000000000E+003    6.3265000000000E+004
     515    0.0000000000000E+000    9.9367350000000E+006    3.0040000000000E+003    5.3929000000000E+004    6.3320000000000E+003    6.3265000000000E+004
     516    0.0000000000000E+000    9.9367350000000E+006    2.6180000000000E+003    5.4315000000000E+004    6.3320000000000E+003    6.3265000000000E+004
     517    0.0000000000000E+000    9.9367350000000E+006    2.2410000000000E+003    5.4692000000000E+004    6.3320000000000E+003    6.3265000000000E+004
     518    0.0000000000000E+000    9.9367350000000E+006    1.8830000000000E+003    5.5050000000000E+004    6.3320000000000E+003    6.3265000000000E+004
     519    0.0000000000000E+000    9.9367350000000E+006    1.4860000000000E+003    5.5447000000000E+004    6.3320000000000E+003    6.3265000000000E+004
     520    0.0000000000000E+000    9.9367350000000E+006    1.1560000000000E+003    5.5777000000000E+004    6.3320000000000E+003    6.3265000000000E+004
     521    0.0000000000000E+000    9.9367350000000E+006    9.7700000000000E+002    5.5956000000000E+004    6.3320000000000E+003    6.3265000000000E+004
     522    0.0000000000000E+000    9.9367350000000E+006    8.0800000000000E+002    5.6125000000000E+004    6.3320000000000E+003    6.3265000000000E+004
     523    0.0000000000000E+000    9.9367350000000E+006    3.7000000000000E+002    5.6563000000000E+004    6.3320000000000E+003    6.3265000000000E+004
     524    0.0000000000000E+000    9.9367350000000E+006    0.0000000000000E+000    5.6933000000000E+004    6.3320000000000E+003    6.3265000000000E+004
     525    0.0000000000000E+000    9.9367350000000E+006    0.0000000000000E+000    5.6933000000000E+004    6.3320000000000E+003    6.3265000000000E+004
     526    0.0000000000000E+000    9.9367350000000E+006    0.0000000000000E+000    5.6933000000000E+004    6.3320000000000E+003    6.3265000000000E+004
     527    0.0000000000000E+000    9.9367350000000E+006    0.0000000000000E+000    5.6933000000000E+004    6.3320000000000E+003    6.3265000000000E+004
     528    0.0000000000000E+000    9.9367350000000E+006    0.0000000000000E+000    5.6933000000000E+004    6.3320000000000E+003    6.3265000000000E+004
     529    0.0000000000000E+000    9.9367350000000E+006    0.0000000000000E+000    5.6933000000000E+004    6.3320000000000E+003    6.3265000000000E+004
     530    0.0000000000000E+000    9.9367350000000E+006    0.0000000000000E+000    5.6933000000000E+004    6.3320000000000E+003    6.3265000000000E+004
     531    0.0000000000000E+000    9.9367350000000E+006    0.0000000000000E+000    5.6933000000000E+004    6.3320000000000E+003    6.3265000000000E+004
     532    0.0000000000000E+000    9.9367350000000E+006    0.0000000000000E+000    5.6933000000000E+004    6.3320000000000E+003    6.3265000000000E+004
     533    0.0000000000000E+000    9.9367350000000E+006    0.0000000000000E+000    5.6933000000000E+004    6.3320000000000E+003    6.3265000000000E+004
     534    0.0000000000000E+000    9.9367350000000E+006    0.0000000000000E+000    5.6933000000000E+004    6.3320000000000E+003    6.3265000000000E+004
     535    0.0000000000000E+000    9.9367350000000E+006    0.0000000000000E+000    5.6933000000000E+004    6.3320000000000E+003    6.3265000000000E+004
     536    0.0000000000000E+000    9.9367350000000E+006    0.0000000000000E+000    5.6933000000000E+004    6.3320000000000E+003    6.3265000000000E+004
     537    0.0000000000000E+000    9.9367350000000E+006    0.0000000000000E+000    5.6933000000000E+004    6.3320000000000E+003    6.3265000000000E+004
     538    0.0000000000000E+000    9.9367350000000E+006    0.0000000000000E+000    5.6933000000000E+004    6.3320000000000E+003    6.3265000000000E+004
     539    0.0000000000000E+000    9.9367350000000E+006    0.0000000000000E+000    5.6933000000000E+004    6.3320000000000E+003    6.3265000000000E+004
     540    0.0000000000000E+000    9.9367350000000E+006    0.0000000000000E+000    5.6933000000000E+004    6.3320000000000E+003    6.3265000000000E+004
