         1         0         0         0        13         0         2
         2         3         0         0        13         0         0
         3         4         0         0        13         0         0
         4         4         0         0        13         0         0
         5         4         0         0        13         2         0
         6         7         3         0        13         0         0
         7         5         4         0        16         0         0
         8         4         4         0        20         0         1
         9         7         4         0        24         0         1
        10         6         7         0        28         0         0
        11         8         5         0        35         0         1
        12        19         4         0        40         1         1
        13        11         7         0        44         1         0
        14        14         6         0        51         0         0
        15         9         8         0        57         1         1
        16         9        19         0        65         1         2
        17         8        11         0        84         0         1
        18        15        14        13        95         0         1
        19        15         9         0        96         1         0
        20        21         9         3       105         2         1
        21         8         8         4       111         1         1
        22        11        15         4       115         1         1
        23        14        15         4       126         0         3
        24        24        21         7       137         1         3
        25        21         8         5       151         1         2
        26        23        11         4       154         1         0
        27        17        14         7       161         3         1
        28        31        24         6       168         3         0
        29        22        21         8       186         2         6
        30        31        23        19       199         0         5
        31        25        17        11       203         1         1
        32        22        31        14       209         0         6
        33        33        22         9       226         6         3
        34        26        31         9       239         5         4
        35        28        25         8       261         1         2
        36        37        22        15       278         6         0
        37        51        33        15       285         3         3
        38        49        26        21       303         4         1
        39        43        28         8       308         2         4
        40        46        37        11       328         0         3
        41        44        51        14       354         3         3
        42        52        49        24       391         1         6
        43        59        43        21       416         4         2
        44        57        46        23       438         3         3
        45        50        44        17       461         3         3
        46        65        52        31       488         6         2
        47        76        59        22       509         2         5
        48        78        57        31       546         3         3
        49        83        50        25       572         3         4
        50        85        65        22       597         2         8
        51        81        76        33       640         5         7
        52        94        78        26       683         3        11
        53        94        83        28       735         4        10
        54        93        85        37       790         8        15
        55       115        81        51       838         7         7
        56        93        94        49       868        11         8
        57       125        94        43       913        10        10
        58       100        93        46       964        15        11
        59       112       115        44      1011         7        12
        60       122        93        52      1082         8         6
        61       153       125        59      1123        10        11
        62        37       100        57      1189        11        10
        63        59       112        50      1232        12        12
        64       182       122        65      1294         6        18
        65       127       153        76      1351        11        19
        66       117        37        78      1428        10         8
        67       193        59        83      1387        12         9
        68       165       182        85      1363        18        18
        69        74       127        81      1460        19        11
        70        63       117        94      1506         8        10
        71       284       193        94      1529         9        22
        72       173       165        93      1628        18        19
        73       225        74       115      1700        11         4
        74       218        63        93      1659        10         8
        75       188       284       125      1629        22        14
        76       116       173       100      1788        19        21
        77        53       225       112      1861         4        17
        78       281       218       122      1974         8        27
        79       284       188       153      2070        14        22
        80       227       116        37      2105        21         9
        81       249        53        59      2184        17         9
        82       284       281       182      2178        27        32
        83       127       284       127      2277        22        27
        84        93       227       117      2434         9        22
        85       297       249       193      2544         9        31
        86       309       284       165      2600        32        24
        87       299       127        74      2719        27        16
        88       226        93        63      2772        22        12
        89       355       297       284      2802        31        34
        90       177       309       173      2815        24        32
        91        74       299       225      2951        16        34
        92       322       226       218      3025        12        28
        93       277       355       188      3033        34        38
        94       274       177       116      3200        32        14
        95       217        74        53      3261        34         7
        96       148       322       281      3282        28        27
        97        95       277       284      3323        38        35
        98        49       274       227      3316        14        31
        99       238       217       249      3363         7        19
       100       252       148       284      3331        27        14
       101       178        95       127      3195        35         8
       102       175        49        93      3163        31         4
       103       207       238       297      3119        19        26
       104        77       252       309      3060        14        24
       105        50       178       299      3003         8        18
       106       217       175       226      2882         4        16
       107       187       207       355      2831        26        22
       108       153        77       177      2683        24         9
       109       148        50        74      2583        18         7
       110       181       217       322      2559        16        26
       111       104       187       277      2454        22        22
       112        69       153       274      2364         9        14
       113       180       148       217      2243         7        14
       114       191       181       148      2174        26        19
       115       196       104        95      2207        22        15
       116       189        69        49      2216        14        14
       117       251       180       238      2236        14        22
       118       111       191       252      2178        19        26
       119        78       196       178      2117        15        15
       120       252       189       175      2135        14        13
       121       244       251       207      2149        22        31
       122       212       111        77      2193        26        12
       123       261        78        50      2227        15         6
       124       241       252       217      2255        13        23
       125       117       244       187      2290        31        19
       126        96       212       153      2347        12        20
       127       288       261       148      2406         6        11
       128       334       241       181      2519        23        29
       129       309       117       104      2579        19         6
       130       263        96        69      2592        20         9
       131       261       288       180      2619        11        30
       132       122       334       191      2727        29        37
       133        66       309       196      2870         6        31
       134       281       263       189      2983         9        30
       135       265       261       251      3057        30        29
       136       258       122       111      3067        37        14
       137       258        66        78      3078        31         9
       138       304       281       252      3066        30        29
       139       138       265       244      3095        29        29
       140        93       258       212      3116        14        24
       141       426       258       261      3162         9        35
       142       334       304       241      3159        29        34
       143       326       138       117      3222        29         9
       144       240        93        96      3243        24        10
       145       252       426       288      3240        35        47
       146       118       334       334      3378        34        29
       147        99       326       309      3378         9        34
       148       413       240       263      3395        10        16
       149       367       252       261      3372        47        17
       150       317       118       122      3363        29         9
       151       323        99        66      3359        34         8
       152       291       413       281      3392        16        45
       153       114       367       265      3524        17        47
       154        98       317       258      3626         9        31
       155       442       323       258      3685         8        37
       156       336       291       304      3750        45        24
       157       329       114       138      3737        47         9
       158       309        98        93      3713        31         4
       159       337       442       426      3718        37        40
       160       117       336       334      3734        24        39
       161       126       329       326      3736         9        22
       162       412       309       240      3739         4        36
       163       422       337       252      3808        40        31
       164       347       117       118      3893        39         9
       165       388       126        99      3892        22        11
       166       301       412       413      3919        36        32
       167       142       422       367      3918        31        52
       168       108       347       317      3973         9        29
       169       389       388       323      4003        11        35
       170       330       301       291      4068        32        25
       171       366       142       114      4078        52        10
       172       370       108        98      4106        29         9
       173       263       389       442      4116        35        35
       174       102       330       336      4063        25        30
       175       128       366       329      4057        10        37
       176       338       370       309      4094         9        37
       177       296       263       337      4155        35        28
       178       137       102       117      4081        30        11
       179       350       128       126      4066        37        10
       180       274       338       412      4068        37        41
       181       123       296       422      3994        28        34
       182        82       137       347      3868        11        11
       183       342       350       388      3658        10        38
       184       287       274       301      3620        41        33
       185       288       123       142      3593        34        15
       186       296        82       108      3574        11         5
       187       258       342       389      3548        38        35
       188       113       287       330      3501        33        29
       189        84       288       366      3458        15        32
       190       361       296       370      3380         5        22
       191       327       258       263      3306        35        26
       192       236       113       102      3301        29        11
       193       230        84       128      3312        32         3
       194       200       361       338      3268        22        40
       195       124       327       296      3291        26        39
       196        52       236       137      3322        11        17
       197       227       230       350      3421         3        15
       198       267       200       274      3301        40        15
       199       216       124       123      3227        39        12
       200       187        52        82      3228        17         4
       201       170       227       342      3198        15        20
       202       106       267       287      3083        15        14
       203        67       216       288      3063        12        16
       204       324       187       296      2991         4        10
       205       252       170       258      2882        20        21
       206       177       106       113      2794        14        14
       207       214        67        84      2787        16         7
       208       251       324       361      2770        10        35
       209        79       252       327      2733        21        17
       210        78       177       236      2658        14        13
       211       284       214       230      2599         7        23
       212       272       251       200      2583        35        28
       213       221        79       124      2634        17         9
       214       239        78        52      2589        13         9
       215       156       284       227      2615        23        29
       216        72       272       267      2672        28        23
       217        78       221       216      2677         9        24
       218       233       239       187      2682         9        17
       219       244       156       170      2734        29        14
       220       197        72       106      2720        23         5
       221       201        78        67      2686        24        12
       222       167       233       324      2697        17        26
       223        70       244       252      2606        14        26
       224        56       197       177      2598         5        23
       225       141       201       214      2618        12        21
       226       215       167       251      2605        26        24
       227       245        70        79      2521        26         8
       228       217        56        78      2512        23         5
       229       167       141       284      2490        21        18
       230        63       215       272      2347        24        18
       231        74       245       221      2290         8        21
       232       221       217       239      2314         5        27
       233       252       167       156      2292        18        14
       234       202        63        72      2303        18         3
       235       208        74        78      2294        21        11
       236       198       221       233      2290        27        19
       237        81       252       244      2278        14        19
       238        32       202       197      2286         3        20
       239        86       208       201      2291        11        19
       240       261       198       167      2298        19        16
       241       226        81        70      2329        19         8
       242       237        32        56      2340        20         4
       243       146        86       141      2316        19         6
       244        72       261       215      2261        16        21
       245        64       226       245      2307         8        25
       246       226       237       217      2288         4        22
       247       291       146       167      2308         6        14
       248       211        72        63      2287        21         7
       249       222        64        74      2296        25         6
       250       212       226       221      2286        22        24
       251       100       291       252      2291        14        27
       252        84       211       202      2330         7        21
       253       263       222       208      2339         6        21
       254       278       212       198      2353        24        22
       255       324       100        81      2367        27        14
       256       182        84        32      2386        21         4
       257       216       263        86      2438        21        23
       258        64       278       261      2615        22        29
       259        76       324       226      2632        14        32
       260       280       182       237      2730         4        11
       261       280       216       146      2675        23        18
       262       266        64        72      2745        29         8
       263       256        76        64      2737        32         9
       264       246       280       226      2749        11        28
       265       121       280       291      2803        18        22
       266        61       266       211      2792         8        25
       267       376       256       222      2847         9        20
       268       390       246       212      2881        28        23
       269       310       121       100      2915        22         9
       270       317        61        84      2936        25         8
       271       241       376       263      2913        20        46
       272       125       390       278      3026        23        45
       273       103       310       324      3138         9        27
       274       386       317       182      3124         8        19
       275       354       241       216      3259        46        20
       276       311       125        64      3284        45        13
       277       212       103        76      3345        27         7
       278       101       386       280      3372        19        39
       279       106       354       280      3478        20        36
       280       145       311       266      3552        13        32
       281       498       212       256      3597         7        24
       282       493       101       246      3553        39         9
       283       444       106       121      3408        36         9
       284       385       145        61      3393        32        12
       285       135       498       376      3477        24        54
       286       199       493       390      3599         9        40
       287       184       444       310      3702         9        34
       288       527       385       317      3836        12        29
       289       548       135       241      3904        54        11
       290       627       199       125      3798        40        18
       291       449       184       103      3872        34        24
       292       416       527       386      3953        29        50
       293       199       548       354      4094        11        56
       294       137       627       311      4288        18        50
       295       562       449       212      4604        24        48
       296       618       416       101      4841        50        52
       297       555       199       106      5156        56        26
       298       405       137       145      5249        50        19
       299       326       562       498      5241        48        50
       300       190       618       493      5305        52        47
       301       238       555       444      5430        26        61
       302       584       405       385      5541        19        39
       303       512       326       135      5561        50        27
       304       482       190       199      5752        47        29
       305       443       238       184      5743        61        21
       306       405       584       527      5797        39        46
       307       189       512       548      5854        27        49
       308       171       482       627      5818        29        50
       309       496       443       449      5673        21        45
       310       460       405       416      5667        46        46
       311       304       189       199      5656        49        16
       312       358       171       137      5646        50        18
       313       262       496       562      5680        45        50
       314       122       460       618      5614        46        48
       315       124       304       555      5456        16        32
       316       191       358       405      5205        18        39
       317       336       262       326      5158        50        33
       318       269       122       190      5094        48        13
       319       242       124       238      5026        32        12
       320       198       191       584      4912        39        20
       321       127       336       512      4519        33        42
       322        69       269       482      4343        13        24
       323       211       242       443      4130        12        19
       324       183       198       405      3929        20        25
       325       153       127       189      3722        42        18
       326       118        69       171      3660        24         6
       327       114       211       496      3558        19        12
       328        85       183       460      3273        25        20
       329        79       153       304      2996        18        11
       330       169       118       358      2845         6        16
       331       134       114       262      2605        12         7
       332       117        85       122      2457        20        11
       333       142        79       124      2420        11         5
       334       117       169       191      2375        16        12
       335        68       134       336      2353         7        17
       336        68       117       269      2151        11        15
       337       131       142       242      1999         5        13
       338       145       117       198      1899        12         4
       339       114        68       127      1818        17        13
       340       118        68        69      1759        15         8
       341       139       131       211      1758        13        10
       342        75       145       183      1678         4        15
       343        58       114       153      1640        13        14
       344       125       118       118      1601         8        12
       345       182       139       114      1601        10        19
       346        99        75        85      1626        15        10
       347       134        58        79      1616        14         1
       348       120       125       169      1595        12        11
       349        42       182       134      1551        19        19
       350        60        99       117      1599        10         7
       351       138       134       142      1581         1        15
       352       131       120       117      1573        11        14
       353        95        42        68      1576        19         4
       354        60        60        68      1550         7         7
       355       117       138       131      1542        15         8
       356        24       131       145      1549        14        16
       357        33        95       114      1535         4        10
       358        76        60       118      1516         7         7
       359       148       117       139      1458         8         6
       360       109        24        75      1436        16         3
       361       106        33        58      1385        10         2
       362       115        76       125      1360         7         8
       363        41       148       182      1311         6        20
       364        52       109        99      1277         3        13
       365       116       106       134      1287         2        11
       366       123       115       120      1259         8        15
       367       153        41        42      1254        20         3
       368       101        52        60      1253        13         8
       369        82       116       138      1245        11        10
       370        72       123       131      1223        15        14
       371        41       153        95      1215         3        13
       372       122       101        60      1273         8         7
       373       151        82       117      1314        10         4
       374       119        72        24      1279        14         8
       375        47        41        33      1327        13         3
       376        49       122        76      1335         7        10
       377        41       151       148      1381         4        22
       378        39       119       109      1384         8        16
       379       191        47       106      1394         3         1
       380       164        49       115      1335        10         2
       381       149        41        41      1269        22         4
       382       124        39        52      1269        16         7
       383        96       191       116      1256         1         9
       384        72       164       123      1331         2        26
       385        51       149       153      1372         4        17
       386       133       124       101      1368         7        10
       387       106        96        82      1391         9        18
       388       115        72        72      1405        26         9
       389       114        51        41      1405        17         5
       390        73       133       122      1415        10         8
       391        42       106       151      1426        18         7
       392        43       115       119      1381         9        14
       393       120       114        47      1377         5         5
       394       116        73        49      1444         8         9
       395        90        42        41      1468         7         4
       396        95        43        39      1469        14         5
       397        95       120       191      1473         5        13
       398        48       116       164      1402         9        17
       399        37        90       149      1354         4         7
       400       109        95       124      1295         5        10
       401        94        95        96      1266        13        13
       402        87        48        72      1265        17         6
       403       108        37        51      1241         7         4
       404        54       109       133      1227        10        12
       405        38        94       106      1203        13        12
       406        42        87       115      1191         6         8
       407        89       108       114      1163         4         9
       408       109        54        73      1157        12         6
       409       100        38        42      1138        12         9
       410        96        42        43      1134         8         4
       411        88        89       120      1133         9         8
       412        43       109       116      1102         6        12
       413         6       100        90      1095         9        11
       414        48        96        95      1105         4         7
       415       123        88        95      1106         8        12
       416        72        43        48      1099        12         7
       417        76         6        37      1094        11         0
       418        52        48       109      1063         7         4
       419        31       123        94      1002        12        12
       420        28        72        87      1031         7         3
       421        87        76       108      1016         0        11
       422        53        52        54       984         4         5
       423        39        31        38       982        12         4
       424        49        28        42       975         3         5
       425        33        87        89       961        11         7
       426        13        53       109       959         5         5
       427        28        39       100       903         4         7
       428        64        49        96       842         5         4
       429        31        33        88       795         7         3
       430        35        13        43       740         5         2
       431        55        28         6       710         7         3
       432        39        64        48       732         4         7
       433        22        31       123       748         3         4
       434        23        35        72       656         2         1
       435        35        55        76       619         3         7
       436        34        39        52       598         7         5
       437        25        22        31       585         4         4
       438        22        23        28       576         1         4
       439        28        35        87       571         7         3
       440         9        34        53       519         5         5
       441        11        25        39       500         4         3
       442        36        22        49       486         4         4
       443        18        28        33       459         3         1
       444        24         9        13       454         5         1
       445        26        11        28       450         3         2
       446        32        36        64       433         4         5
       447        20        18        31       405         1         3
       448         6        24        35       392         1         3
       449        20        26        55       381         2         2
       450        25        32        39       352         5         4
       451        32        20        22       345         3         1
       452        33         6        23       343         3         0
       453        28        20        35       326         2         5
       454        14        25        34       311         4         2
       455         5        32        25       302         1         2
       456        39        33        22       309         0         4
       457        29        28        28       320         5         0
       458        60        14         9       320         2         1
       459        46         5        11       325         2         0
       460        20        39        36       319         4         5
       461        20        29        18       322         0         7
       462        25        60        24       333         1         7
       463        57        46        26       369         0         8
       464        65        20        32       389         5         1
       465        58        20        20       377         7         1
       466        47        25         6       377         7         1
       467        75        57        20       396         8         7
       468        54        65        25       433         1        10
       469        37        58        32       473         1         6
       470       107        47        33       499         1         4
       471       108        75        28       513         7         8
       472       103        54        14       560        10         7
       473       125        37         5       600         6         3
       474        99       107        39       632         4         9
       475        66       108        29       700         8        12
       476        83       103        60       779         7        10
       477        82       125        46       822         3        14
       478       114        99        20       901         9        12
       479       247        66        20       980        12         2
       480       119        83        25      1026        10         7
       481       141        82        57      1084        14        15
       482       111       114        65      1109        12        10
       483        64       247        58      1158         2        28
       484       275       119        47      1347         7        11
       485       293       141        75      1419        15        15
       486       265       111        54      1485        10        15
       487       345        64        37      1542        28         7
       488       326       275       107      1569        11        19
       489       113       293       108      1737        15        27
       490       136       265       103      1922        15        22
       491       468       345       125      2084         7        40
       492       390       326        99      2304        19        30
       493       361       113        66      2531        27         8
       494       406       136        83      2578        22        12
       495       377       468        82      2631        40        37
       496       166       390       114      3017        30        35
       497       265       361       247      3293         8        30
       498       399       406       119      3407        12        45
       499       515       377       141      3694        37        40
       500       624       166       111      3930        35        14
       501       538       265        64      3985        30        27
       502       495       399       275      4186        45        39
       503       168       515       293      4310        40        60
       504       203       624       265      4532        14        71
       505       607       538       345      4891        27        58
       506       566       495       326      5084        39        53
       507         0       168       113      5253        60        13
       508         0       203       136      5308        71        18
       509         0       607       468      5375        58        61
       510         0       566       390      5514        53        63
       511         0         0       361      5690        13         0
       512         0         0       406      5329        18         0
       513         0         0       377      4923        61         0
       514         0         0       166      4546        63         0
       515         0         0       265      4380         0         0
       516         0         0       399      4115         0         0
       517         0         0       515      3716         0         0
       518         0         0       624      3201         0         0
       519         0         0       538      2577         0         0
       520         0         0       495      2039         0         0
       521         0         0       168      1544         0         0
       522         0         0       203      1376         0         0
       523         0         0       607      1173         0         0
       524         0         0       566       566         0         0
       525         0         0         0         0         0         0
       526         0         0         0         0         0         0
       527         0         0         0         0         0         0
       528         0         0         0         0         0         0
       529         0         0         0         0         0         0
       530         0         0         0         0         0         0
       531         0         0         0         0         0         0
       532         0         0         0         0         0         0
       533         0         0         0         0         0         0
       534         0         0         0         0         0         0
       535         0         0         0         0         0         0
       536         0         0         0         0         0         0
       537         0         0         0         0         0         0
       538         0         0         0         0         0         0
       539         0         0         0         0         0         0
       540         0         0         0         0         0         0
