         1         0         0         0         2         0         0
         2         6         0         0         2         0         0
         3         2         1         0         2         0         0
         4         0         2         0         3         0         0
         5         3         0         0         5         0         0
         6         0         6         0         5         0         3
         7         0         2         0        11         0         0
         8         2         0         0        13         0         0
         9         0         3         0        13         0         0
        10         1         0         0        16         3         0
        11         5         0         0        16         0         0
        12         1         2         0        16         0         0
        13         9         0         0        18         0         0
        14         2         1         0        18         0         0
        15         3         5         0        19         0         1
        16         6         1         0        24         0         0
        17         3         9         0        25         0         0
        18         2         2         2        34         0         0
        19        11         3         0        34         1         1
        20         2         6         6        37         0         0
        21         2         3         2        37         0         1
        22         5         2         0        38         0         1
        23        17        11         3        40         1         2
        24        16         2         0        48         0         0
        25        10         2         0        50         1         0
        26         7         5         2        52         1         1
        27        22        17         0        55         2         2
        28         6        16         1        72         0         2
        29         9        10         5        87         0         0
        30        25         7         1        92         1         2
        31        22        22         9        98         2         2
        32        17         6         2       111         2         2
        33        23         9         3       115         0         0
        34        30        25         6       121         2         2
        35        25        22         3       140         2         2
        36        19        17         2       159         2         2
        37        32        23        11       174         0         2
        38        31        30         2       186         2         2
        39        23        25         2       214         2         2
        40        35        19         5       237         2         1
        41        35        32        17       251         2         3
        42        16        31        16       266         2         1
        43        23        23        10       281         2         0
        44        46        35         7       294         1         5
        45        18        35        22       322         3         6
        46        44        16         6       335         1         2
        47        36        23         9       345         0         3
        48        47        46        25       359         5         3
        49        46        18        22       380         6         2
        50        37        44        17       376         2         4
        51        75        36        23       403         3         5
        52        63        47        30       416         3         4
        53       105        46        25       433         2         4
        54        79        37        19       454         4         2
        55       117        75        32       472         5        10
        56        49        63        31       515         4         5
        57        30       105        23       547         4        11
        58        72        79        35       629         2         7
        59        63       117        35       673        10        10
        60       112        49        16       755         5        11
        61        72        30        23       788        11         4
        62       112        72        46       795         7         7
        63        26        63        18       821        10         4
        64        39       112        44       866        11         8
        65       143        72        36       934         4         5
        66       102       112        47       970         7        16
        67       101        26        46      1035         4         3
        68       107        39        37      1015         8         3
        69       132       143        75      1017         5        10
        70        49       102        63      1085        16         8
        71        50       101       105      1124         3        11
        72       159       107        79      1120         3        10
        73       133       132       117      1148        10         6
        74       158        49        49      1163         8         2
        75       167        50        30      1163        11         2
        76       140       159        72      1183        10         9
        77        95       133        63      1270         6        13
        78        37       158       112      1340         2         9
        79       207       167        72      1386         2        28
        80       207       140       112      1481         9        15
        81       168        95        26      1509        13         7
        82       199        37        39      1578         9         4
        83       196       207       143      1576        28        15
        84        85       207       102      1640        15        15
        85        46       168       101      1745         7        13
        86       195       199       107      1812         4        21
        87       208       196       132      1904        15        23
        88       207        85        49      1968        15         4
        89       184        46        50      2004        13         8
        90       267       195       159      2000        21        18
        91       159       208       133      2036        23        25
        92        57       207       158      2111         4        20
        93       226       184       167      2160         8        22
        94       199       267       140      2177        18        23
        95       169       159        95      2304        25        16
        96       156        57        37      2368        20         6
        97       120       226       207      2388        22        23
        98        83       199       207      2407        23        24
        99        27       169       168      2399        16        16
       100       141       156       199      2400         6         9
       101       171       120       196      2357        23        15
       102       129        83        85      2281        24         1
       103       124        27        46      2279        16         3
       104       151       141       195      2260         9        14
       105        43       171       208      2206        15        14
       106        41       129       207      2169         1        17
       107       133       124       184      2091         3         7
       108       144       151       267      2031        14        21
       109       137        43       159      1915        14         4
       110       133        41        57      1799        17         5
       111       128       133       226      1783         7        11
       112        82       144       199      1690        21        14
       113        55       137       169      1635         4         8
       114       141       133       156      1603         5         8
       115       153       128       120      1580        11         9
       116       134        82        83      1588        14         8
       117       118        55        27      1587         8         7
       118       167       141       141      1615         8        13
       119        85       153       171      1615         9        20
       120        57       134       129      1597         8        11
       121       218       118       124      1602         7         8
       122       174       167       151      1596        13        16
       123       178        85        43      1612        20         7
       124       212        57        41      1654        11         8
       125       188       218       133      1670         8        17
       126        85       174       144      1755        16        17
       127        74       178       137      1785         7        14
       128       216       212       133      1826         8        18
       129       272       188       128      1905        17        23
       130       219        85        82      1965        17        12
       131       169        74        55      1968        14         7
       132       201       216       141      1987        18        20
       133        89       272       153      2062        23        21
       134        57       219       134      2181        12        30
       135       206       169       118      2266         7        12
       136       206       201       167      2317        20        17
       137       224        89        85      2351        21        11
       138       220        57        57      2355        30         4
       139       247       206       218      2355        12        20
       140        95       206       174      2343        17        21
       141        79       224       178      2375        11        29
       142       275       220       212      2421         4        24
       143       296       247       188      2429        20        25
       144       222        95        85      2488        21        12
       145       172        79        74      2498        29         6
       146       235       275       216      2503        24        14
       147       111       296       272      2562        25        18
       148        67       222       219      2586        12        16
       149       317       172       169      2589         6        17
       150       282       235       201      2592        14        21
       151       218       111        89      2626        18         9
       152       279        67        57      2648        16         4
       153       220       317       206      2658        17        30
       154        77       282       206      2769        21        27
       155        92       218       224      2845         9        22
       156       335       279       220      2839         4        36
       157       293       220       247      2898        30        27
       158       245        77        95      2871        27         5
       159       233        92        79      2853        22        10
       160       254       335       275      2866        36        33
       161       109       293       296      2926        27        34
       162        97       245       222      2923         5        27
       163       309       233       172      2946        10        30
       164       349       254       235      3007        33        28
       165       263       109       111      3026        34        14
       166       269        97        67      3024        27         7
       167       243       309       317      3054        30        31
       168       135       349       282      3046        28        31
       169        89       263       218      3113        14        25
       170       279       269       279      3158         7        27
       171       262       243       220      3148        31        28
       172       269       135        77      3171        31        13
       173       296        89        92      3229        25         3
       174       205       279       335      3226        27        30
       175        85       262       293      3170        28        29
       176        63       269       245      3139        13        26
       177       271       296       233      3163         3        27
       178       245       205       254      3226        30        20
       179        94        85       109      3177        29         7
       180       214        63        97      3153        26         3
       181       208       271       309      3119        27        26
       182        74       245       349      3081        20        29
       183        55        94       263      2977         7        13
       184       250       214       269      2808         3        23
       185       220       208       243      2753        26        24
       186       216        74       135      2718        29        10
       187       201        55        89      2657        13         5
       188       221       250       279      2623        23        22
       189        84       220       262      2594        24        27
       190        67       216       269      2552        10        25
       191       253       201       296      2499         5        15
       192       222       221       205      2404        22        20
       193       148        84        85      2420        27         5
       194       162        67        63      2419        25         3
       195       146       253       271      2423        15        19
       196        91       222       245      2405        20        30
       197        40       148        94      2382         5        15
       198       194       162       214      2436         3        16
       199       194       146       208      2384        19        12
       200       158        91        74      2322        30         9
       201       149        40        55      2339        15         3
       202       137       194       250      2324        16        28
       203        84       194       220      2268        12        14
       204        42       158       216      2242         9        12
       205       210       149       201      2184         3        28
       206       187       137       221      2132        28        19
       207       140        84        84      2048        14         7
       208       151        42        67      2048        12         6
       209       173       210       253      2023        28        18
       210        61       187       222      1980        19        17
       211        42       140       148      1945         7        18
       212       191       151       162      1937         6        10
       213       219       173       146      1926        18        14
       214       160        61        91      1953        17         9
       215       163        42        40      1923        18         7
       216       125       191       194      1925        10        17
       217        57       219       194      1922        14        23
       218        45       160       158      1947         9        19
       219       176       163       149      1949         7        21
       220       176       125       137      1963        17         8
       221       141        57        84      1951        23         8
       222       185        45        42      1924        19         5
       223       133       176       210      1927        21        14
       224        47       176       187      1893         8        13
       225        42       141       140      1882         8        13
       226        99       185       151      1883         5        21
       227       144       133       173      1917        14        12
       228       177        47        61      1877        13         2
       229       118        42        42      1863        13         2
       230       108        99       191      1863        21         8
       231        55       144       219      1771        12        23
       232        60       177       160      1696         2        22
       233       168       118       163      1713         2        14
       234       150       108       125      1668         8        10
       235       112        55        57      1651        23         6
       236       157        60        45      1649        22         9
       237       141       168       176      1664        14        15
       238        47       150       176      1656        10        13
       239        38       112       141      1630         6        11
       240        52       157       185      1601         9         9
       241       178       141       133      1573        15        23
       242       162        47        47      1581        13         2
       243       143        38        42      1581        11         2
       244        83        52        99      1577         9         5
       245        62       178       144      1530        23        21
       246        56       162       177      1564         2         9
       247       149       143       118      1549         2        15
       248       193        83       108      1574         5        13
       249       160        62        55      1549        21         2
       250       163        56        60      1556         9         6
       251       143       149       168      1552        15        13
       252        73       193       150      1533        13        22
       253        56       160       112      1576         2        14
       254       201       163       157      1624         6        17
       255       188       143       141      1630        13        10
       256       187        73        47      1632        22        10
       257       136        56        38      1658        14         0
       258       153       201        52      1676        17        22
       259        44       188       178      1825        10        16
       260        63       187       162      1835        10        14
       261       176       136       143      1860         0        12
       262       200       153        83      1853        22        20
       263       157        44        62      1923        16         6
       264       178        63        56      1905        14         6
       265       179       176       149      1912        12        17
       266        79       200       193      1939        20        22
       267        50       157       160      1946         6        20
       268       250       178       163      1943         6        18
       269       238       179       143      1958        17        11
       270       204        79        73      1994        22         5
       271       219        50        56      2000        20         4
       272       195       250       201      1994        18        24
       273        83       238       188      2043        11        31
       274        69       204       187      2093         5        24
       275       261       219       136      2110         4        19
       276       231       195       153      2193        24        27
       277       177        83        44      2235        31         6
       278       142        69        63      2274        24         6
       279        90       261       176      2280        19        17
       280        83       231       200      2365        27        29
       281       100       177       157      2396         6        12
       282       317       142       178      2416         6         9
       283       328        90       179      2380        17        11
       284       299        83        79      2291        29        10
       285       251       100        50      2295        12         8
       286        96       317       250      2345         9        39
       287       169       328       238      2412        11        31
       288       128       299       204      2502        10        36
       289       348       251       219      2597         8        22
       290       408        96       195      2629        39        11
       291       392       169        83      2530        31        25
       292       349       128        69      2616        36        10
       293       312       348       261      2675        22        28
       294        97       408       231      2762        11        37
       295        90       392       177      2939        25        36
       296       358       349       142      3154        10        29
       297       432       312        90      3361        28        32
       298       404        97        83      3583        37         7
       299       342        90       100      3597        36        15
       300       266       358       317      3587        29        42
       301       129       432       328      3628        32        37
       302       145       404       299      3732         7        42
       303       373       342       251      3837        15        33
       304       379       266        96      3928        42        34
       305       328       129       169      4098        37         8
       306       288       145       128      4058        42        19
       307       282       373       348      4075        33        51
       308       133       379       408      4100        34        35
       309       104       328       392      4071         8        36
       310       377       288       349      4007        19        24
       311       328       282       312      3946        51        25
       312       226       133        97      3916        35        19
       313       278       104        90      3952        36         6
       314       185       377       358      3966        24        39
       315        72       328       432      3985        25        31
       316       102       226       404      3881        19        25
       317       119       278       342      3703         6        27
       318       216       185       266      3639        39        13
       319       191        72       129      3558        31        10
       320       182       102       145      3501        25         6
       321       154       119       373      3458        27        13
       322        89       216       379      3204        13        20
       323        53       191       328      3041        10        21
       324       148       182       288      2904         6        15
       325       120       154       282      2798        13        17
       326       105        89       133      2670        20         9
       327       100        53       104      2626        21         5
       328       100       148       377      2575        15        11
       329        61       120       328      2346        17         8
       330        64       105       226      2138         9        11
       331       123       100       278      2017         5        11
       332        84       100       185      1839        11         9
       333       108        61        72      1754         8         2
       334       107        64       102      1743        11         4
       335        82       123       119      1705        11        22
       336        51        84       216      1709         9         2
       337        38       108       191      1577         2         8
       338       115       107       182      1494         4        11
       339       102        82       154      1419        22         6
       340        89        51        89      1347         2         3
       341       100        38        53      1309         8         8
       342        95       115       148      1294        11        13
       343        57       102       120      1261         6         7
       344        58        89       105      1243         3        11
       345        92       100       100      1227         8         9
       346       105        95       100      1227        13        10
       347        71        57        61      1222         7         5
       348        85        58        64      1218        11         9
       349        93        92       123      1212         9         8
       350        29       105        84      1181        10        14
       351        39        71       108      1202         5         7
       352       109        85       107      1165         9         8
       353        75        93        82      1143         8        13
       354        69        29        51      1154        14         4
       355        67        39        38      1132         7         5
       356        78       109       115      1133         8        11
       357        28        75       102      1127        13         8
       358        17        69        89      1100         4         9
       359        51        67       100      1080         5         2
       360        90        78        95      1047        11        13
       361        89        28        57      1030         8         3
       362        98        17        58      1001         9         4
       363       102        51        92       960         2         3
       364        36        90       105       919        13         7
       365        25        89        71       904         3        10
       366        90        98        85       922         4         6
       367       102       102        93       935         3         9
       368        92        36        29       944         7         4
       369        76        25        39       951        10         1
       370        71        90       109       937         6        14
       371        35       102        75       918         9        10
       372        20        92        69       945         4         8
       373        94        76        67       968         1         3
       374        90        71        78       977        14         6
       375       106        35        28       970        10         3
       376        35        20        17       977         8         4
       377        54        94        51       980         3         7
       378        20        90        90      1023         6         6
       379        30       106        89      1023         3         4
       380       144        35        98      1040         4         0
       381       102        54       102       977         7         7
       382        99        20        36       929         6         2
       383        91        30        25       913         4         3
       384        68       144        90       918         0        16
       385        44       102       102       972         7        13
       386        35        99        92       972         2        10
       387        86        91        76       979         3        10
       388        67        68        71       994        16         6
       389        81        44        35       991        13         4
       390        66        35        20      1000        10         2
       391        37        86        94      1015        10        13
       392        35        67        90      1007         6         6
       393        30        81       106       984         4         8
       394        90        66        35       959         2         7
       395        88        37        54       990        13         2
       396        52        35        20       973         6         4
       397        70        30        30       988         8         0
       398        58        90       144       988         7         7
       399        22        88       102       934         2         7
       400        22        52        99       920         4         6
       401        60        70        91       873         0         9
       402        63        58        68       852         7         3
       403        70        22        44       842         7         3
       404        72        22        35       820         6         2
       405        47        60        86       807         9         8
       406        17        63        67       781         3         8
       407        26        70        81       777         3         6
       408        59        72        66       766         2         5
       409        65        47        37       772         8        11
       410        79        17        35       782         8         1
       411        54        26        30       764         6         4
       412        52        59        90       760         5         8
       413        41        65        88       729        11         3
       414         1        79        52       706         1        10
       415        41        54        70       733         4         7
       416        70        52        58       717         8         6
       417        47        41        22       711         3         2
       418        35         1        22       730        10         1
       419        47        41        60       709         7         8
       420        21        70        63       690         6         9
       421        20        47        70       697         2         1
       422        58        35        72       674         1         2
       423        43        47        47       637         8         5
       424        23        21        17       637         9         0
       425        40        20        26       641         1         5
       426        28        58        59       635         2         7
       427        11        43        65       634         5         3
       428        19        23        79       612         0         1
       429        50        40        54       556         5         2
       430        13        28        52       542         7         2
       431        24        11        41       518         3         2
       432        28        19         1       488         1         1
       433        31        50        41       506         2         3
       434        18        13        70       515         2         1
       435        20        24        47       458         2         2
       436        22        28        35       435         1         4
       437        27        31        47       428         3         3
       438        17        18        21       412         1         0
       439        21        20        20       409         2         4
       440        26        22        58       409         4         2
       441         9        27        43       373         3         2
       442         1        17        23       357         0         1
       443        26        21        40       351         4         4
       444        18        26        28       332         2         2
       445        16         9        11       330         2         1
       446        18         1        19       328         1         0
       447        19        26        50       310         4         4
       448        13        18        13       286         2         0
       449         5        16        24       291         1         1
       450        11        18        28       283         0         2
       451        17        19        31       273         4         3
       452        16        13        18       261         0         3
       453        32         5        20       256         1         2
       454        19        11        22       241         2         1
       455        11        17        27       230         3         0
       456         6        16        17       220         3         1
       457        35        32        21       219         2         0
       458         9        19        26       230         1         3
       459        20        11         9       223         0         3
       460        36         6         1       225         1         1
       461        19        35        26       230         0         5
       462        18         9        18       239         3         1
       463        24        20        16       230         3         1
       464        54        36        18       234         1         3
       465        50        19        19       252         5         1
       466        45        18        13       252         1         2
       467        50        24         5       257         1         4
       468        58        54        11       276         3         3
       469        33        50        17       319         1         5
       470        20        45        16       352         2         2
       471        78        50        32       381         4         4
       472        78        58        19       399         3         0
       473        90        33        11       438         5         4
       474       119        20         6       460         2         3
       475        90        78        35       474         4        13
       476        39        78         9       517         0         6
       477        51        90        20       586         4         9
       478       258       119        36       656         3        16
       479       224        90        19       739        13         5
       480       210        39        18       810         6         4
       481       253        51        24       831         9         7
       482       251       258        54       858        16        29
       483        86       224        50      1062         5        17
       484        85       210        45      1236         4        15
       485       311       253        50      1401         7        30
       486       326       251        58      1604        29        22
       487       288        86        33      1797        17        12
       488       381        85        20      1850        15         7
       489       355       311        78      1915        30        39
       490       137       326        78      2148        22        32
       491       148       288        90      2396        12        28
       492       535       381       119      2594         7        32
       493       456       355        90      2856        39        36
       494       447       137        39      3121        32        18
       495       491       148        51      3219        28        12
       496       473       535       258      3316        32        51
       497       192       456       224      3593        36        44
       498       266       447       210      3825        18        34
       499       520       491       253      4062        12        55
       500       613       473       251      4300        51        53
       501       673       192        86      4522        44        25
       502       598       266        85      4628        34        23
       503       576       520       311      4809        55        53
       504       224       613       326      5018        53        61
       505       216       673       288      5305        25        54
       506       724       598       381      5690        23        56
       507       715       576       355      5907        53        51
       508         0       224       137      6128        61        26
       509         0       216       148      6215        54        20
       510         0       724       535      6283        56        74
       511         0       715       456      6472        51        60
       512         0         0       447      6731        26         0
       513         0         0       491      6284        20         0
       514         0         0       473      5793        74         0
       515         0         0       192      5320        60         0
       516         0         0       266      5128         0         0
       517         0         0       520      4862         0         0
       518         0         0       613      4342         0         0
       519         0         0       673      3729         0         0
       520         0         0       598      3056         0         0
       521         0         0       576      2458         0         0
       522         0         0       224      1882         0         0
       523         0         0       216      1658         0         0
       524         0         0       724      1442         0         0
       525         0         0       715       718         0         0
       526         0         0         0         3         0         0
       527         0         0         0         3         0         0
       528         0         0         0         3         0         0
       529         0         0         0         3         0         0
       530         0         0         0         3         0         0
       531         0         0         0         3         0         0
       532         0         0         0         3         0         0
       533         0         0         0         3         0         0
       534         0         0         0         3         0         0
       535         0         0         0         3         0         0
       536         0         0         0         3         0         0
       537         0         0         0         3         0         0
       538         0         0         0         3         0         0
       539         0         0         0         3         0         0
       540         0         0         0         3         0         0
