       1    7.0000000000000E+000    7.0000000000000E+000
       2    7.0000000000000E+000    7.0000000000000E+000
       3    7.0000000000000E+000    7.0000000000000E+000
       4    7.0000000000000E+000    7.0000000000000E+000
       5    7.0000000000000E+000    7.0000000000000E+000
       6    9.0000000000000E+000    1.1000000000000E+001
       7    1.1000000000000E+001    1.4000000000000E+001
       8    1.3000000000000E+001    1.7000000000000E+001
       9    1.4000000000000E+001    1.8000000000000E+001
      10    1.7000000000000E+001    2.2000000000000E+001
      11    1.8000000000000E+001    2.4000000000000E+001
      12    2.1000000000000E+001    2.7000000000000E+001
      13    2.2000000000000E+001    3.0000000000000E+001
      14    2.6000000000000E+001    3.6000000000000E+001
      15    3.2000000000000E+001    4.7000000000000E+001
      16    4.2000000000000E+001    5.5000000000000E+001
      17    4.7000000000000E+001    6.1000000000000E+001
      18    5.3000000000000E+001    6.7000000000000E+001
      19    5.7000000000000E+001    7.6000000000000E+001
      20    6.5000000000000E+001    9.5000000000000E+001
      21    7.9000000000000E+001    1.1700000000000E+002
      22    1.0300000000000E+002    1.4200000000000E+002
      23    1.1900000000000E+002    1.5900000000000E+002
      24    1.3800000000000E+002    1.7300000000000E+002
      25    1.5000000000000E+002    1.9100000000000E+002
      26    1.6000000000000E+002    2.1700000000000E+002
      27    1.7900000000000E+002    2.4200000000000E+002
      28    1.9800000000000E+002    2.6850000000000E+002
      29    2.1700000000000E+002    2.9700000000000E+002
      30    2.3500000000000E+002    3.2100000000000E+002
      31    2.5100000000000E+002    3.4100000000000E+002
      32    2.6800000000000E+002    3.6000000000000E+002
      33    2.8700000000000E+002    3.8200000000000E+002
      34    3.0200000000000E+002    4.1100000000000E+002
      35    3.2000000000000E+002    4.3500000000000E+002
      36    3.4100000000000E+002    4.6400000000000E+002
      37    3.6500000000000E+002    4.9350000000000E+002
      38    3.8600000000000E+002    5.2500000000000E+002
      39    4.1000000000000E+002    5.5700000000000E+002
      40    4.3200000000000E+002    5.8800000000000E+002
      41    4.5900000000000E+002    6.1750000000000E+002
      42    4.8100000000000E+002    6.5300000000000E+002
      43    5.0700000000000E+002    6.9100000000000E+002
      44    5.3200000000000E+002    7.2700000000000E+002
      45    5.5600000000000E+002    7.6300000000000E+002
      46    5.8400000000000E+002    7.9650000000000E+002
      47    6.1500000000000E+002    8.3400000000000E+002
      48    6.4500000000000E+002    8.7100000000000E+002
      49    6.7400000000000E+002    9.1000000000000E+002
      50    7.0200000000000E+002    9.5500000000000E+002
      51    7.2900000000000E+002    1.0020000000000E+003
      52    7.6100000000000E+002    1.0490000000000E+003
      53    7.9300000000000E+002    1.0960000000000E+003
      54    8.2600000000000E+002    1.1460000000000E+003
      55    8.6300000000000E+002    1.1940000000000E+003
      56    8.9900000000000E+002    1.2450000000000E+003
      57    9.4200000000000E+002    1.2970000000000E+003
      58    9.8200000000000E+002    1.3505000000000E+003
      59    1.0210000000000E+003    1.4010000000000E+003
      60    1.0640000000000E+003    1.4590000000000E+003
      61    1.1080000000000E+003    1.5230000000000E+003
      62    1.1500000000000E+003    1.5800000000000E+003
      63    1.1940000000000E+003    1.6390000000000E+003
      64    1.2410000000000E+003    1.7020000000000E+003
      65    1.2870000000000E+003    1.7680000000000E+003
      66    1.3330000000000E+003    1.8435000000000E+003
      67    1.3810000000000E+003    1.9160000000000E+003
      68    1.4360000000000E+003    1.9860000000000E+003
      69    1.4910000000000E+003    2.0630000000000E+003
      70    1.5435000000000E+003    2.1460000000000E+003
      71    1.5965000000000E+003    2.2255000000000E+003
      72    1.6530000000000E+003    2.3030000000000E+003
      73    1.7140000000000E+003    2.3920000000000E+003
      74    1.7840000000000E+003    2.4900000000000E+003
      75    1.8480000000000E+003    2.5840000000000E+003
      76    1.9090000000000E+003    2.6835000000000E+003
      77    1.9780000000000E+003    2.7755000000000E+003
      78    2.0525000000000E+003    2.8740000000000E+003
      79    2.1500000000000E+003    3.0040000000000E+003
      80    2.2530000000000E+003    3.1545000000000E+003
      81    2.3800000000000E+003    3.3535000000000E+003
      82    2.5265000000000E+003    3.5710000000000E+003
      83    2.6830000000000E+003    3.7775000000000E+003
      84    2.8390000000000E+003    3.9965000000000E+003
      85    3.0010000000000E+003    4.2385000000000E+003
      86    3.1700000000000E+003    4.4900000000000E+003
      87    3.3500000000000E+003    4.7780000000000E+003
      88    3.5510000000000E+003    5.0775000000000E+003
      89    3.7735000000000E+003    5.4190000000000E+003
      90    4.0435000000000E+003    5.6630000000000E+003
      91    4.3100000000000E+003    5.7760000000000E+003
      92    4.5955000000000E+003    6.1505000000000E+003
      93    4.9100000000000E+003    6.5115000000000E+003
      94    5.2495000000000E+003    6.9045000000000E+003
      95    5.4960000000000E+003    7.2520000000000E+003
      96    5.7310000000000E+003    7.5370000000000E+003
      97    5.8720000000000E+003    7.7140000000000E+003
      98    6.0030000000000E+003    7.8745000000000E+003
      99    6.2935000000000E+003    8.2385000000000E+003
     100    6.5720000000000E+003    8.5645000000000E+003
     101    6.8490000000000E+003    8.8980000000000E+003
     102    7.1385000000000E+003    9.2385000000000E+003
     103    7.3765000000000E+003    9.5225000000000E+003
     104    7.5675000000000E+003    9.7565000000000E+003
     105    7.7035000000000E+003    9.9255000000000E+003
     106    8.0075000000000E+003    1.0301000000000E+004
     107    8.3135000000000E+003    1.0646000000000E+004
     108    8.5810000000000E+003    1.0952500000000E+004
     109    8.7985000000000E+003    1.1227000000000E+004
     110    9.0780000000000E+003    1.1570000000000E+004
     111    9.2670000000000E+003    1.1794000000000E+004
     112    9.4195000000000E+003    1.1977000000000E+004
     113    9.6680000000000E+003    1.2284000000000E+004
     114    9.9525000000000E+003    1.2629500000000E+004
     115    1.0215000000000E+004    1.2941500000000E+004
     116    1.0508500000000E+004    1.3273500000000E+004
     117    1.0784500000000E+004    1.3609000000000E+004
     118    1.0972000000000E+004    1.3836000000000E+004
     119    1.1105500000000E+004    1.3995000000000E+004
     120    1.1423500000000E+004    1.4379500000000E+004
     121    1.1732000000000E+004    1.4749500000000E+004
     122    1.2014000000000E+004    1.5088000000000E+004
     123    1.2254500000000E+004    1.5414000000000E+004
     124    1.2550500000000E+004    1.5790000000000E+004
     125    1.2736500000000E+004    1.6023500000000E+004
     126    1.2895500000000E+004    1.6224000000000E+004
     127    1.3273500000000E+004    1.6689000000000E+004
     128    1.3655500000000E+004    1.7163000000000E+004
     129    1.3985000000000E+004    1.7582000000000E+004
     130    1.4331000000000E+004    1.7984000000000E+004
     131    1.4660500000000E+004    1.8411500000000E+004
     132    1.4887000000000E+004    1.8672000000000E+004
     133    1.5035000000000E+004    1.8836000000000E+004
     134    1.5446000000000E+004    1.9324500000000E+004
     135    1.5828000000000E+004    1.9779000000000E+004
     136    1.6179000000000E+004    2.0189500000000E+004
     137    1.6468500000000E+004    2.0516500000000E+004
     138    1.6733000000000E+004    2.0838000000000E+004
     139    1.6891500000000E+004    2.1034000000000E+004
     140    1.7057500000000E+004    2.1237500000000E+004
     141    1.7449500000000E+004    2.1719000000000E+004
     142    1.7761000000000E+004    2.2075000000000E+004
     143    1.8045500000000E+004    2.2432000000000E+004
     144    1.8322500000000E+004    2.2771500000000E+004
     145    1.8561000000000E+004    2.3060000000000E+004
     146    1.8739000000000E+004    2.3275500000000E+004
     147    1.8875500000000E+004    2.3453500000000E+004
     148    1.9194500000000E+004    2.3852000000000E+004
     149    1.9480000000000E+004    2.4210500000000E+004
     150    1.9820500000000E+004    2.4614000000000E+004
     151    2.0117000000000E+004    2.4972500000000E+004
     152    2.0421500000000E+004    2.5323000000000E+004
     153    2.0573000000000E+004    2.5509500000000E+004
     154    2.0718000000000E+004    2.5686000000000E+004
     155    2.1044000000000E+004    2.6086000000000E+004
     156    2.1338000000000E+004    2.6431500000000E+004
     157    2.1631000000000E+004    2.6785000000000E+004
     158    2.1923500000000E+004    2.7141500000000E+004
     159    2.2167000000000E+004    2.7439000000000E+004
     160    2.2309500000000E+004    2.7610000000000E+004
     161    2.2450000000000E+004    2.7780500000000E+004
     162    2.2842500000000E+004    2.8232500000000E+004
     163    2.3162000000000E+004    2.8611500000000E+004
     164    2.3436000000000E+004    2.8946500000000E+004
     165    2.3705500000000E+004    2.9281500000000E+004
     166    2.3950500000000E+004    2.9571500000000E+004
     167    2.4107500000000E+004    2.9756000000000E+004
     168    2.4231000000000E+004    2.9926500000000E+004
     169    2.4542500000000E+004    3.0319000000000E+004
     170    2.4844000000000E+004    3.0693500000000E+004
     171    2.5191500000000E+004    3.1111500000000E+004
     172    2.5503000000000E+004    3.1470000000000E+004
     173    2.5801500000000E+004    3.1840000000000E+004
     174    2.5911500000000E+004    3.1978500000000E+004
     175    2.6057500000000E+004    3.2144000000000E+004
     176    2.6448000000000E+004    3.2602000000000E+004
     177    2.6755000000000E+004    3.2954500000000E+004
     178    2.7071000000000E+004    3.3360000000000E+004
     179    2.7405000000000E+004    3.3755000000000E+004
     180    2.7666000000000E+004    3.4070500000000E+004
     181    2.7794000000000E+004    3.4216500000000E+004
     182    2.7923500000000E+004    3.4368500000000E+004
     183    2.8317500000000E+004    3.4854500000000E+004
     184    2.8656500000000E+004    3.5292000000000E+004
     185    2.8972500000000E+004    3.5704500000000E+004
     186    2.9245500000000E+004    3.6069000000000E+004
     187    2.9536000000000E+004    3.6400500000000E+004
     188    2.9657500000000E+004    3.6537500000000E+004
     189    2.9800500000000E+004    3.6727000000000E+004
     190    3.0183000000000E+004    3.7215500000000E+004
     191    3.0404000000000E+004    3.7485500000000E+004
     192    3.0545000000000E+004    3.7658000000000E+004
     193    3.0944500000000E+004    3.8140000000000E+004
     194    3.1244500000000E+004    3.8497500000000E+004
     195    3.1376000000000E+004    3.8668000000000E+004
     196    3.1495000000000E+004    3.8826500000000E+004
     197    3.1874500000000E+004    3.9327500000000E+004
     198    3.2251500000000E+004    3.9847000000000E+004
     199    3.2600500000000E+004    4.0288500000000E+004
     200    3.2965000000000E+004    4.0718500000000E+004
     201    3.3305500000000E+004    4.1153000000000E+004
     202    3.3409000000000E+004    4.1283500000000E+004
     203    3.3528000000000E+004    4.1443000000000E+004
     204    3.3890000000000E+004    4.1886000000000E+004
     205    3.4305500000000E+004    4.2406000000000E+004
     206    3.4644500000000E+004    4.2853000000000E+004
     207    3.4933500000000E+004    4.3220000000000E+004
     208    3.5218000000000E+004    4.3575500000000E+004
     209    3.5353500000000E+004    4.3744000000000E+004
     210    3.5452000000000E+004    4.3867000000000E+004
     211    3.5771000000000E+004    4.4274000000000E+004
     212    3.6096500000000E+004    4.4653500000000E+004
     213    3.6471500000000E+004    4.5091000000000E+004
     214    3.6736500000000E+004    4.5428000000000E+004
     215    3.7022500000000E+004    4.5790000000000E+004
     216    3.7126500000000E+004    4.5946500000000E+004
     217    3.7263500000000E+004    4.6117500000000E+004
     218    3.7635000000000E+004    4.6597500000000E+004
     219    3.7990000000000E+004    4.7015000000000E+004
     220    3.8367500000000E+004    4.7460000000000E+004
     221    3.8700500000000E+004    4.7872500000000E+004
     222    3.9017500000000E+004    4.8264000000000E+004
     223    3.9190000000000E+004    4.8477000000000E+004
     224    3.9339500000000E+004    4.8651500000000E+004
     225    3.9830000000000E+004    4.9248500000000E+004
     226    4.0243500000000E+004    4.9740000000000E+004
     227    4.0612500000000E+004    5.0208000000000E+004
     228    4.0939000000000E+004    5.0610000000000E+004
     229    4.1222000000000E+004    5.0959000000000E+004
     230    4.1370500000000E+004    5.1135500000000E+004
     231    4.1494000000000E+004    5.1278500000000E+004
     232    4.1924500000000E+004    5.1805000000000E+004
     233    4.2245500000000E+004    5.2244000000000E+004
     234    4.2613000000000E+004    5.2694000000000E+004
     235    4.2950500000000E+004    5.3089500000000E+004
     236    4.3237500000000E+004    5.3435500000000E+004
     237    4.3428000000000E+004    5.3659000000000E+004
     238    4.3538500000000E+004    5.3794500000000E+004
     239    4.3877500000000E+004    5.4189500000000E+004
     240    4.4264000000000E+004    5.4642000000000E+004
     241    4.4587000000000E+004    5.5048500000000E+004
     242    4.4918000000000E+004    5.5426000000000E+004
     243    4.5244500000000E+004    5.5813000000000E+004
     244    4.5364000000000E+004    5.5950000000000E+004
     245    4.5473500000000E+004    5.6081500000000E+004
     246    4.5844000000000E+004    5.6567500000000E+004
     247    4.6199500000000E+004    5.7013500000000E+004
     248    4.6558000000000E+004    5.7460500000000E+004
     249    4.6886500000000E+004    5.7858000000000E+004
     250    4.7239000000000E+004    5.8268500000000E+004
     251    4.7391500000000E+004    5.8464500000000E+004
     252    4.7527000000000E+004    5.8623500000000E+004
     253    4.7742500000000E+004    5.8881000000000E+004
     254    4.8158500000000E+004    5.9387000000000E+004
     255    4.8615500000000E+004    5.9929500000000E+004
     256    4.9007500000000E+004    6.0399500000000E+004
     257    4.9333000000000E+004    6.0780000000000E+004
     258    4.9505000000000E+004    6.0992500000000E+004
     259    4.9661500000000E+004    6.1188000000000E+004
     260    5.0200500000000E+004    6.1813500000000E+004
     261    5.0608500000000E+004    6.2314500000000E+004
     262    5.1081000000000E+004    6.2887000000000E+004
     263    5.1517000000000E+004    6.3406000000000E+004
     264    5.1907000000000E+004    6.3881500000000E+004
     265    5.2139000000000E+004    6.4155000000000E+004
     266    5.2289000000000E+004    6.4308500000000E+004
     267    5.2757500000000E+004    6.4870000000000E+004
     268    5.3247000000000E+004    6.5430500000000E+004
     269    5.3750500000000E+004    6.6021000000000E+004
     270    5.4178500000000E+004    6.6545000000000E+004
     271    5.4544000000000E+004    6.6982500000000E+004
     272    5.4700500000000E+004    6.7198000000000E+004
     273    5.4847000000000E+004    6.7393500000000E+004
     274    5.5276500000000E+004    6.7951500000000E+004
     275    5.5707000000000E+004    6.8439500000000E+004
     276    5.6133500000000E+004    6.8933500000000E+004
     277    5.6564000000000E+004    6.9402000000000E+004
     278    5.6989500000000E+004    6.9900500000000E+004
     279    5.7241500000000E+004    7.0213000000000E+004
     280    5.7404500000000E+004    7.0417000000000E+004
     281    5.7921000000000E+004    7.1039000000000E+004
     282    5.8347500000000E+004    7.1545000000000E+004
     283    5.8850500000000E+004    7.2135000000000E+004
     284    5.9319000000000E+004    7.2682500000000E+004
     285    5.9706000000000E+004    7.3119000000000E+004
     286    5.9877500000000E+004    7.3327500000000E+004
     287    6.0082000000000E+004    7.3593000000000E+004
     288    6.0644000000000E+004    7.4244500000000E+004
     289    6.1080000000000E+004    7.4780500000000E+004
     290    6.1512000000000E+004    7.5230000000000E+004
     291    6.1892000000000E+004    7.5680500000000E+004
     292    6.2067000000000E+004    7.5919000000000E+004
     293    6.2331000000000E+004    7.6247000000000E+004
     294    6.2611500000000E+004    7.6584000000000E+004
     295    6.3297000000000E+004    7.7329000000000E+004
     296    6.3925500000000E+004    7.8047000000000E+004
     297    6.4470500000000E+004    7.8702000000000E+004
     298    6.4883000000000E+004    7.9169500000000E+004
     299    6.5090000000000E+004    7.9425500000000E+004
     300    6.5430000000000E+004    7.9838000000000E+004
     301    6.5744000000000E+004    8.0223500000000E+004
     302    6.6507500000000E+004    8.1174000000000E+004
     303    6.7317500000000E+004    8.2126500000000E+004
     304    6.8276000000000E+004    8.3238000000000E+004
     305    6.9100500000000E+004    8.4204500000000E+004
     306    7.0148000000000E+004    8.5407000000000E+004
     307    7.0563500000000E+004    8.5897000000000E+004
     308    7.0929500000000E+004    8.6357000000000E+004
     309    7.2128500000000E+004    8.7809000000000E+004
     310    7.3081500000000E+004    8.8890000000000E+004
     311    7.4043000000000E+004    9.0008000000000E+004
     312    7.4792500000000E+004    9.0919000000000E+004
     313    7.5594500000000E+004    9.1878500000000E+004
     314    7.5968500000000E+004    9.2288500000000E+004
     315    7.6310500000000E+004    9.2681500000000E+004
     316    7.7225500000000E+004    9.3711000000000E+004
     317    7.8015000000000E+004    9.4698000000000E+004
     318    7.8824500000000E+004    9.5683500000000E+004
     319    7.9575500000000E+004    9.6556000000000E+004
     320    8.0219500000000E+004    9.7343500000000E+004
     321    8.0541000000000E+004    9.7745000000000E+004
     322    8.0850500000000E+004    9.8118500000000E+004
     323    8.1656000000000E+004    9.9085000000000E+004
     324    8.2336500000000E+004    9.9901000000000E+004
     325    8.3004500000000E+004    1.0068750000000E+005
     326    8.3559000000000E+004    1.0136800000000E+005
     327    8.4052500000000E+004    1.0195500000000E+005
     328    8.4252000000000E+004    1.0221300000000E+005
     329    8.4438000000000E+004    1.0241550000000E+005
     330    8.4710500000000E+004    1.0272750000000E+005
     331    8.5157000000000E+004    1.0325550000000E+005
     332    8.5641500000000E+004    1.0382550000000E+005
     333    8.5984500000000E+004    1.0428000000000E+005
     334    8.6289000000000E+004    1.0464400000000E+005
     335    8.6433000000000E+004    1.0481950000000E+005
     336    8.6554500000000E+004    1.0498450000000E+005
     337    8.6928000000000E+004    1.0542050000000E+005
     338    8.7254000000000E+004    1.0581650000000E+005
     339    8.7541000000000E+004    1.0617200000000E+005
     340    8.7851500000000E+004    1.0653200000000E+005
     341    8.8132500000000E+004    1.0687850000000E+005
     342    8.8237000000000E+004    1.0699650000000E+005
     343    8.8327500000000E+004    1.0710550000000E+005
     344    8.8659000000000E+004    1.0752150000000E+005
     345    8.8923000000000E+004    1.0783250000000E+005
     346    8.9173000000000E+004    1.0812100000000E+005
     347    8.9405500000000E+004    1.0840350000000E+005
     348    8.9626000000000E+004    1.0866000000000E+005
     349    8.9704000000000E+004    1.0875300000000E+005
     350    8.9783000000000E+004    1.0884450000000E+005
     351    9.0064500000000E+004    1.0920050000000E+005
     352    9.0328500000000E+004    1.0951450000000E+005
     353    9.0582000000000E+004    1.0982700000000E+005
     354    9.0795000000000E+004    1.1009900000000E+005
     355    9.0981500000000E+004    1.1032700000000E+005
     356    9.1052500000000E+004    1.1039500000000E+005
     357    9.1124500000000E+004    1.1048900000000E+005
     358    9.1373500000000E+004    1.1081250000000E+005
     359    9.1559500000000E+004    1.1104250000000E+005
     360    9.1767000000000E+004    1.1126900000000E+005
     361    9.1938000000000E+004    1.1147400000000E+005
     362    9.2091000000000E+004    1.1163950000000E+005
     363    9.2132500000000E+004    1.1169600000000E+005
     364    9.2193000000000E+004    1.1177100000000E+005
     365    9.2364500000000E+004    1.1198150000000E+005
     366    9.2507500000000E+004    1.1215100000000E+005
     367    9.2648500000000E+004    1.1229300000000E+005
     368    9.2775000000000E+004    1.1245100000000E+005
     369    9.2879000000000E+004    1.1259950000000E+005
     370    9.2930000000000E+004    1.1267400000000E+005
     371    9.2973000000000E+004    1.1272300000000E+005
     372    9.3028000000000E+004    1.1278550000000E+005
     373    9.3222500000000E+004    1.1300800000000E+005
     374    9.3332000000000E+004    1.1314000000000E+005
     375    9.3445500000000E+004    1.1327900000000E+005
     376    9.3582000000000E+004    1.1343350000000E+005
     377    9.3627500000000E+004    1.1349000000000E+005
     378    9.3671500000000E+004    1.1354100000000E+005
     379    9.3826500000000E+004    1.1371000000000E+005
     380    9.3923500000000E+004    1.1381900000000E+005
     381    9.4019500000000E+004    1.1392250000000E+005
     382    9.4119000000000E+004    1.1405150000000E+005
     383    9.4198500000000E+004    1.1415200000000E+005
     384    9.4244000000000E+004    1.1420000000000E+005
     385    9.4289500000000E+004    1.1424550000000E+005
     386    9.4414500000000E+004    1.1440200000000E+005
     387    9.4507000000000E+004    1.1451200000000E+005
     388    9.4612000000000E+004    1.1462300000000E+005
     389    9.4667000000000E+004    1.1467700000000E+005
     390    9.4719500000000E+004    1.1473750000000E+005
     391    9.4761000000000E+004    1.1479950000000E+005
     392    9.4823000000000E+004    1.1484850000000E+005
     393    9.4934500000000E+004    1.1500250000000E+005
     394    9.5086000000000E+004    1.1517150000000E+005
     395    9.5182500000000E+004    1.1528250000000E+005
     396    9.5274500000000E+004    1.1540800000000E+005
     397    9.5373500000000E+004    1.1552550000000E+005
     398    9.5429500000000E+004    1.1559300000000E+005
     399    9.5480000000000E+004    1.1565200000000E+005
     400    9.5598500000000E+004    1.1578600000000E+005
     401    9.5671000000000E+004    1.1588850000000E+005
     402    9.5752000000000E+004    1.1599250000000E+005
     403    9.5837500000000E+004    1.1607550000000E+005
     404    9.5907500000000E+004    1.1617350000000E+005
     405    9.5946000000000E+004    1.1620950000000E+005
     406    9.5975000000000E+004    1.1624600000000E+005
     407    9.6078500000000E+004    1.1637400000000E+005
     408    9.6199500000000E+004    1.1646900000000E+005
     409    9.6265000000000E+004    1.1656450000000E+005
     410    9.6333500000000E+004    1.1664900000000E+005
     411    9.6399500000000E+004    1.1672850000000E+005
     412    9.6432000000000E+004    1.1676300000000E+005
     413    9.6455500000000E+004    1.1679350000000E+005
     414    9.6549000000000E+004    1.1691700000000E+005
     415    9.6613000000000E+004    1.1699250000000E+005
     416    9.6696500000000E+004    1.1707500000000E+005
     417    9.6757500000000E+004    1.1714450000000E+005
     418    9.6803500000000E+004    1.1719700000000E+005
     419    9.6829500000000E+004    1.1722100000000E+005
     420    9.6848500000000E+004    1.1724650000000E+005
     421    9.6941000000000E+004    1.1736100000000E+005
     422    9.7002000000000E+004    1.1742750000000E+005
     423    9.7079000000000E+004    1.1750000000000E+005
     424    9.7149000000000E+004    1.1759100000000E+005
     425    9.7187000000000E+004    1.1764950000000E+005
     426    9.7208000000000E+004    1.1768550000000E+005
     427    9.7231000000000E+004    1.1771550000000E+005
     428    9.7271500000000E+004    1.1775550000000E+005
     429    9.7345500000000E+004    1.1784450000000E+005
     430    9.7396000000000E+004    1.1788850000000E+005
     431    9.7444000000000E+004    1.1793700000000E+005
     432    9.7482500000000E+004    1.1798350000000E+005
     433    9.7507000000000E+004    1.1800550000000E+005
     434    9.7520000000000E+004    1.1801850000000E+005
     435    9.7576500000000E+004    1.1807350000000E+005
     436    9.7615000000000E+004    1.1812150000000E+005
     437    9.7675000000000E+004    1.1817550000000E+005
     438    9.7719000000000E+004    1.1820450000000E+005
     439    9.7756500000000E+004    1.1824950000000E+005
     440    9.7774500000000E+004    1.1826550000000E+005
     441    9.7801000000000E+004    1.1828500000000E+005
     442    9.7861000000000E+004    1.1834800000000E+005
     443    9.7924000000000E+004    1.1839800000000E+005
     444    9.7964500000000E+004    1.1844200000000E+005
     445    9.8021500000000E+004    1.1849150000000E+005
     446    9.8060000000000E+004    1.1852900000000E+005
     447    9.8072500000000E+004    1.1854400000000E+005
     448    9.8089500000000E+004    1.1856650000000E+005
     449    9.8143500000000E+004    1.1862100000000E+005
     450    9.8179500000000E+004    1.1866300000000E+005
     451    9.8240000000000E+004    1.1872700000000E+005
     452    9.8301000000000E+004    1.1878900000000E+005
     453    9.8346000000000E+004    1.1883700000000E+005
     454    9.8357000000000E+004    1.1885200000000E+005
     455    9.8385000000000E+004    1.1887600000000E+005
     456    9.8450000000000E+004    1.1893350000000E+005
     457    9.8490500000000E+004    1.1898300000000E+005
     458    9.8527000000000E+004    1.1902450000000E+005
     459    9.8570500000000E+004    1.1907200000000E+005
     460    9.8614000000000E+004    1.1911350000000E+005
     461    9.8638000000000E+004    1.1913800000000E+005
     462    9.8656000000000E+004    1.1915000000000E+005
     463    9.8723000000000E+004    1.1920950000000E+005
     464    9.8758500000000E+004    1.1925050000000E+005
     465    9.8786500000000E+004    1.1927650000000E+005
     466    9.8825000000000E+004    1.1931200000000E+005
     467    9.8878500000000E+004    1.1937800000000E+005
     468    9.8895500000000E+004    1.1939200000000E+005
     469    9.8923500000000E+004    1.1942750000000E+005
     470    9.9001500000000E+004    1.1950200000000E+005
     471    9.9052500000000E+004    1.1956550000000E+005
     472    9.9107500000000E+004    1.1963600000000E+005
     473    9.9192500000000E+004    1.1970750000000E+005
     474    9.9275000000000E+004    1.1981850000000E+005
     475    9.9305500000000E+004    1.1985600000000E+005
     476    9.9340000000000E+004    1.1989000000000E+005
     477    9.9465500000000E+004    1.2003750000000E+005
     478    9.9577000000000E+004    1.2017700000000E+005
     479    9.9693500000000E+004    1.2030200000000E+005
     480    9.9806500000000E+004    1.2045500000000E+005
     481    9.9900500000000E+004    1.2055850000000E+005
     482    9.9960500000000E+004    1.2061650000000E+005
     483    1.0001800000000E+005    1.2067000000000E+005
     484    1.0022700000000E+005    1.2094800000000E+005
     485    1.0049400000000E+005    1.2126550000000E+005
     486    1.0077700000000E+005    1.2159500000000E+005
     487    1.0106450000000E+005    1.2190100000000E+005
     488    1.0120900000000E+005    1.2208500000000E+005
     489    1.0130500000000E+005    1.2223100000000E+005
     490    1.0143850000000E+005    1.2238100000000E+005
     491    1.0165400000000E+005    1.2261050000000E+005
     492    1.0215100000000E+005    1.2316750000000E+005
     493    1.0261000000000E+005    1.2369500000000E+005
     494    1.0310400000000E+005    1.2431850000000E+005
     495    1.0363800000000E+005    1.2489300000000E+005
     496    1.0380900000000E+005    1.2512000000000E+005
     497    1.0398900000000E+005    1.2532100000000E+005
     498    1.0461650000000E+005    1.2601800000000E+005
     499    1.0539900000000E+005    1.2684000000000E+005
     500    1.0616050000000E+005    1.2765650000000E+005
     501    1.0688800000000E+005    1.2847600000000E+005
     502    1.0749600000000E+005    1.2916600000000E+005
     503    1.0780650000000E+005    1.2952000000000E+005
     504    1.0805150000000E+005    1.2982400000000E+005
     505    1.0892050000000E+005    1.3081200000000E+005
     506    1.0968600000000E+005    1.3165800000000E+005
     507    1.1051350000000E+005    1.3257400000000E+005
     508    1.1127450000000E+005    1.3348100000000E+005
     509    1.1196700000000E+005    1.3426450000000E+005
     510    1.1219500000000E+005    1.3456000000000E+005
     511    1.1244100000000E+005    1.3483900000000E+005
     512    1.1325100000000E+005    1.3578500000000E+005
     513    1.1400100000000E+005    1.3666750000000E+005
     514    1.1475000000000E+005    1.3751900000000E+005
     515    1.1538050000000E+005    1.3826750000000E+005
     516    1.1602800000000E+005    1.3895800000000E+005
     517    1.1622000000000E+005    1.3918700000000E+005
     518    1.1645650000000E+005    1.3948500000000E+005
     519    1.1733900000000E+005    1.4047200000000E+005
     520    1.1806700000000E+005    1.4127800000000E+005
     521    1.1806700000000E+005    1.4127800000000E+005
     522    1.1806700000000E+005    1.4127800000000E+005
     523    1.1806700000000E+005    1.4127800000000E+005
     524    1.1806700000000E+005    1.4127800000000E+005
     525    1.1806700000000E+005    1.4127800000000E+005
     526    1.1806700000000E+005    1.4127800000000E+005
     527    1.1806700000000E+005    1.4127800000000E+005
     528    1.1806700000000E+005    1.4127800000000E+005
     529    1.1806700000000E+005    1.4127800000000E+005
     530    1.1806700000000E+005    1.4127800000000E+005
     531    1.1806700000000E+005    1.4127800000000E+005
     532    1.1806700000000E+005    1.4127800000000E+005
     533    1.1806700000000E+005    1.4127800000000E+005
     534    1.1806700000000E+005    1.4127800000000E+005
     535    1.1806700000000E+005    1.4127800000000E+005
     536    1.1806700000000E+005    1.4127800000000E+005
     537    1.1806700000000E+005    1.4127800000000E+005
     538    1.1806700000000E+005    1.4127800000000E+005
     539    1.1806700000000E+005    1.4127800000000E+005
     540    1.1806700000000E+005    1.4127800000000E+005
