       0    0.0000000000000E+000    9.9999900000000E+006    2.0000000000000E+000    0.0000000000000E+000    0.0000000000000E+000    2.0000000000000E+000
       1    2.0000000000000E+000    9.9999900000000E+006    3.0000000000000E+000    0.0000000000000E+000    0.0000000000000E+000    3.0000000000000E+000
       2    2.0000000000000E+000    9.9999900000000E+006    3.0000000000000E+000    0.0000000000000E+000    0.0000000000000E+000    3.0000000000000E+000
       3    0.0000000000000E+000    9.9999900000000E+006    5.0000000000000E+000    0.0000000000000E+000    0.0000000000000E+000    5.0000000000000E+000
       4   -3.0000000000000E+000    9.9999900000000E+006    8.0000000000000E+000    0.0000000000000E+000    0.0000000000000E+000    8.0000000000000E+000
       5   -2.0000000000000E+000    9.9999890000000E+006    8.0000000000000E+000   -1.0000000000000E+000    1.0000000000000E+000    8.0000000000000E+000
       6    2.0000000000000E+000    9.9999850000000E+006    8.0000000000000E+000   -1.0000000000000E+000    1.0000000000000E+000    8.0000000000000E+000
       7    3.0000000000000E+000    9.9999840000000E+006    8.0000000000000E+000   -1.0000000000000E+000    1.0000000000000E+000    8.0000000000000E+000
       8    4.0000000000000E+000    9.9999830000000E+006    8.0000000000000E+000   -1.0000000000000E+000    1.0000000000000E+000    8.0000000000000E+000
       9    6.0000000000000E+000    9.9999800000000E+006    9.0000000000000E+000   -1.0000000000000E+000    1.0000000000000E+000    9.0000000000000E+000
      10    2.0000000000000E+000    9.9999800000000E+006    1.3000000000000E+001   -1.0000000000000E+000    1.0000000000000E+000    1.3000000000000E+001
      11    4.0000000000000E+000    9.9999770000000E+006    1.4000000000000E+001   -1.0000000000000E+000    1.0000000000000E+000    1.4000000000000E+001
      12    5.0000000000000E+000    9.9999750000000E+006    1.5000000000000E+001   -1.0000000000000E+000    1.0000000000000E+000    1.5000000000000E+001
      13    2.0000000000000E+000    9.9999750000000E+006    1.8000000000000E+001   -1.0000000000000E+000    1.0000000000000E+000    1.8000000000000E+001
      14    4.0000000000000E+000    9.9999730000000E+006    1.8000000000000E+001   -2.0000000000000E+000    2.0000000000000E+000    1.8000000000000E+001
      15    2.0000000000000E+000    9.9999720000000E+006    2.1000000000000E+001   -2.0000000000000E+000    2.0000000000000E+000    2.1000000000000E+001
      16    4.0000000000000E+000    9.9999680000000E+006    2.3000000000000E+001   -2.0000000000000E+000    2.0000000000000E+000    2.3000000000000E+001
      17    7.0000000000000E+000    9.9999650000000E+006    2.3000000000000E+001   -2.0000000000000E+000    2.0000000000000E+000    2.3000000000000E+001
      18    6.0000000000000E+000    9.9999640000000E+006    2.3000000000000E+001    0.0000000000000E+000    2.0000000000000E+000    2.5000000000000E+001
      19    8.0000000000000E+000    9.9999610000000E+006    2.4000000000000E+001    0.0000000000000E+000    2.0000000000000E+000    2.6000000000000E+001
      20    6.0000000000000E+000    9.9999590000000E+006    2.8000000000000E+001   -1.0000000000000E+000    3.0000000000000E+000    3.0000000000000E+001
      21    7.0000000000000E+000    9.9999550000000E+006    3.1000000000000E+001   -1.0000000000000E+000    3.0000000000000E+000    3.3000000000000E+001
      22    1.2000000000000E+001    9.9999490000000E+006    3.2000000000000E+001   -1.0000000000000E+000    3.0000000000000E+000    3.4000000000000E+001
      23    1.2000000000000E+001    9.9999460000000E+006    3.4000000000000E+001    0.0000000000000E+000    3.0000000000000E+000    3.7000000000000E+001
      24    1.1000000000000E+001    9.9999450000000E+006    3.2000000000000E+001    4.0000000000000E+000    3.0000000000000E+000    3.9000000000000E+001
      25    1.1000000000000E+001    9.9999410000000E+006    3.5000000000000E+001    5.0000000000000E+000    3.0000000000000E+000    4.3000000000000E+001
      26    8.0000000000000E+000    9.9999380000000E+006    4.0000000000000E+001    6.0000000000000E+000    3.0000000000000E+000    4.9000000000000E+001
      27    1.6000000000000E+001    9.9999270000000E+006    4.0000000000000E+001    8.0000000000000E+000    4.0000000000000E+000    5.2000000000000E+001
      28    1.8000000000000E+001    9.9999240000000E+006    4.1000000000000E+001    8.0000000000000E+000    4.0000000000000E+000    5.3000000000000E+001
      29    1.9000000000000E+001    9.9999190000000E+006    4.2000000000000E+001    9.0000000000000E+000    6.0000000000000E+000    5.7000000000000E+001
      30    2.2000000000000E+001    9.9999130000000E+006    4.3000000000000E+001    1.1000000000000E+001    6.0000000000000E+000    6.0000000000000E+001
      31    2.3000000000000E+001    9.9999010000000E+006    5.4000000000000E+001    1.1000000000000E+001    6.0000000000000E+000    7.1000000000000E+001
      32    2.5000000000000E+001    9.9998960000000E+006    5.5000000000000E+001    1.3000000000000E+001    6.0000000000000E+000    7.4000000000000E+001
      33    2.4000000000000E+001    9.9998920000000E+006    5.9000000000000E+001    1.4000000000000E+001    6.0000000000000E+000    7.9000000000000E+001
      34    2.0000000000000E+001    9.9998900000000E+006    6.1000000000000E+001    1.7000000000000E+001    7.0000000000000E+000    8.5000000000000E+001
      35    1.5000000000000E+001    9.9998830000000E+006    7.0000000000000E+001    1.9000000000000E+001    8.0000000000000E+000    9.7000000000000E+001
      36    1.9000000000000E+001    9.9998740000000E+006    7.4000000000000E+001    2.0000000000000E+001    8.0000000000000E+000    1.0200000000000E+002
      37    2.4000000000000E+001    9.9998650000000E+006    7.5000000000000E+001    2.2000000000000E+001    9.0000000000000E+000    1.0600000000000E+002
      38    2.8000000000000E+001    9.9998590000000E+006    7.5000000000000E+001    2.3000000000000E+001    1.0000000000000E+001    1.0800000000000E+002
      39    2.9000000000000E+001    9.9998510000000E+006    7.8000000000000E+001    2.4000000000000E+001    1.3000000000000E+001    1.1500000000000E+002
      40    2.5000000000000E+001    9.9998460000000E+006    8.1000000000000E+001    3.0000000000000E+001    1.3000000000000E+001    1.2400000000000E+002
      41    1.9000000000000E+001    9.9998430000000E+006    8.7000000000000E+001    3.3000000000000E+001    1.3000000000000E+001    1.3300000000000E+002
      42    2.0000000000000E+001    9.9998360000000E+006    9.2000000000000E+001    3.4000000000000E+001    1.3000000000000E+001    1.3900000000000E+002
      43    2.1000000000000E+001    9.9998270000000E+006    9.6000000000000E+001    3.8000000000000E+001    1.3000000000000E+001    1.4700000000000E+002
      44    2.2000000000000E+001    9.9998210000000E+006    9.8000000000000E+001    4.0000000000000E+001    1.4000000000000E+001    1.5200000000000E+002
      45    2.4000000000000E+001    9.9998160000000E+006    9.0000000000000E+001    5.1000000000000E+001    1.4000000000000E+001    1.5500000000000E+002
      46    2.6000000000000E+001    9.9998070000000E+006    9.4000000000000E+001    5.4000000000000E+001    1.4000000000000E+001    1.6200000000000E+002
      47    2.7000000000000E+001    9.9997970000000E+006    9.8000000000000E+001    5.9000000000000E+001    1.4000000000000E+001    1.7100000000000E+002
      48    2.5000000000000E+001    9.9997930000000E+006    9.8000000000000E+001    6.5000000000000E+001    1.4000000000000E+001    1.7700000000000E+002
      49    2.5000000000000E+001    9.9997880000000E+006    9.1000000000000E+001    7.7000000000000E+001    1.4000000000000E+001    1.8200000000000E+002
      50    2.7000000000000E+001    9.9997770000000E+006    9.5000000000000E+001    8.2000000000000E+001    1.4000000000000E+001    1.9100000000000E+002
      51    3.5000000000000E+001    9.9997590000000E+006    1.0100000000000E+002    8.4000000000000E+001    1.6000000000000E+001    2.0100000000000E+002
      52    4.3000000000000E+001    9.9997470000000E+006    1.0300000000000E+002    8.6000000000000E+001    1.6000000000000E+001    2.0500000000000E+002
      53    4.5000000000000E+001    9.9997400000000E+006    1.0100000000000E+002    9.3000000000000E+001    1.6000000000000E+001    2.1000000000000E+002
      54    3.9000000000000E+001    9.9997350000000E+006    1.0300000000000E+002    1.0100000000000E+002    1.7000000000000E+001    2.2100000000000E+002
      55    2.8000000000000E+001    9.9997280000000E+006    1.1200000000000E+002    1.0800000000000E+002    1.9000000000000E+001    2.3900000000000E+002
      56    2.1000000000000E+001    9.9997230000000E+006    1.1800000000000E+002    1.1400000000000E+002    1.9000000000000E+001    2.5100000000000E+002
      57    3.1000000000000E+001    9.9997060000000E+006    1.1700000000000E+002    1.2200000000000E+002    1.9000000000000E+001    2.5800000000000E+002
      58    3.5000000000000E+001    9.9996970000000E+006    1.1700000000000E+002    1.2400000000000E+002    2.2000000000000E+001    2.6300000000000E+002
      59    3.7000000000000E+001    9.9996880000000E+006    1.2100000000000E+002    1.2500000000000E+002    2.4000000000000E+001    2.7000000000000E+002
      60    4.9000000000000E+001    9.9996710000000E+006    1.1900000000000E+002    1.3200000000000E+002    2.4000000000000E+001    2.7500000000000E+002
      61    4.1000000000000E+001    9.9996620000000E+006    1.2700000000000E+002    1.3900000000000E+002    2.6000000000000E+001    2.9200000000000E+002
      62    4.2000000000000E+001    9.9996520000000E+006    1.3000000000000E+002    1.4400000000000E+002    2.7000000000000E+001    3.0100000000000E+002
      63    4.0000000000000E+001    9.9996450000000E+006    1.3400000000000E+002    1.4800000000000E+002    2.8000000000000E+001    3.1000000000000E+002
      64    3.4000000000000E+001    9.9996340000000E+006    1.4200000000000E+002    1.5700000000000E+002    2.8000000000000E+001    3.2700000000000E+002
      65    5.6000000000000E+001    9.9996030000000E+006    1.4100000000000E+002    1.6600000000000E+002    2.9000000000000E+001    3.3600000000000E+002
      66    7.4000000000000E+001    9.9995750000000E+006    1.4700000000000E+002    1.6900000000000E+002    3.0000000000000E+001    3.4600000000000E+002
      67    9.0000000000000E+001    9.9995520000000E+006    1.4900000000000E+002    1.7300000000000E+002    3.1000000000000E+001    3.5300000000000E+002
      68    8.8000000000000E+001    9.9995430000000E+006    1.4900000000000E+002    1.7800000000000E+002    3.7000000000000E+001    3.6400000000000E+002
      69    6.6000000000000E+001    9.9995340000000E+006    1.6200000000000E+002    1.9600000000000E+002    3.7000000000000E+001    3.9500000000000E+002
      70    5.2000000000000E+001    9.9995200000000E+006    1.7800000000000E+002    2.0600000000000E+002    3.9000000000000E+001    4.2300000000000E+002
      71    5.9000000000000E+001    9.9994900000000E+006    1.9400000000000E+002    2.1100000000000E+002    4.1000000000000E+001    4.4600000000000E+002
      72    8.7000000000000E+001    9.9994530000000E+006    1.9800000000000E+002    2.1300000000000E+002    4.4000000000000E+001    4.5500000000000E+002
      73    1.1700000000000E+002    9.9994140000000E+006    2.0000000000000E+002    2.1900000000000E+002    4.5000000000000E+001    4.6400000000000E+002
      74    1.3700000000000E+002    9.9993800000000E+006    2.0900000000000E+002    2.2100000000000E+002    4.8000000000000E+001    4.7800000000000E+002
      75    1.4200000000000E+002    9.9993450000000E+006    2.2200000000000E+002    2.3700000000000E+002    4.9000000000000E+001    5.0800000000000E+002
      76    1.2800000000000E+002    9.9993220000000E+006    2.5000000000000E+002    2.4300000000000E+002    5.2000000000000E+001    5.4500000000000E+002
      77    1.0400000000000E+002    9.9993070000000E+006    2.8000000000000E+002    2.5200000000000E+002    5.2000000000000E+001    5.8400000000000E+002
      78    1.0300000000000E+002    9.9992740000000E+006    2.9700000000000E+002    2.6700000000000E+002    5.4000000000000E+001    6.1800000000000E+002
      79    1.0500000000000E+002    9.9992370000000E+006    3.2300000000000E+002    2.7400000000000E+002    5.6000000000000E+001    6.5300000000000E+002
      80    1.1800000000000E+002    9.9992010000000E+006    3.3600000000000E+002    2.8200000000000E+002    5.8000000000000E+001    6.7600000000000E+002
      81    1.3400000000000E+002    9.9991700000000E+006    3.4400000000000E+002    2.8500000000000E+002    6.2000000000000E+001    6.9100000000000E+002
      82    1.3600000000000E+002    9.9991350000000E+006    3.6600000000000E+002    2.9400000000000E+002    6.4000000000000E+001    7.2400000000000E+002
      83    1.2300000000000E+002    9.9991110000000E+006    3.7200000000000E+002    3.2300000000000E+002    6.6000000000000E+001    7.6100000000000E+002
      84    1.0400000000000E+002    9.9990940000000E+006    3.8000000000000E+002    3.5100000000000E+002    6.6000000000000E+001    7.9700000000000E+002
      85    9.8000000000000E+001    9.9990690000000E+006    3.8800000000000E+002    3.7100000000000E+002    6.9000000000000E+001    8.2800000000000E+002
      86    1.0100000000000E+002    9.9990310000000E+006    4.1400000000000E+002    3.7600000000000E+002    7.3000000000000E+001    8.6300000000000E+002
      87    1.1500000000000E+002    9.9989930000000E+006    4.2900000000000E+002    3.8000000000000E+002    7.8000000000000E+001    8.8700000000000E+002
      88    1.2700000000000E+002    9.9989640000000E+006    4.3200000000000E+002    3.9000000000000E+002    8.2000000000000E+001    9.0400000000000E+002
      89    1.1500000000000E+002    9.9989510000000E+006    4.2700000000000E+002    4.2000000000000E+002    8.2000000000000E+001    9.2900000000000E+002
      90    8.9000000000000E+001    9.9989390000000E+006    4.2800000000000E+002    4.5200000000000E+002    8.7000000000000E+001    9.6700000000000E+002
      91    6.2000000000000E+001    9.9989280000000E+006    4.2700000000000E+002    4.8700000000000E+002    9.1000000000000E+001    1.0050000000000E+003
      92    5.4000000000000E+001    9.9989070000000E+006    4.2200000000000E+002    5.1800000000000E+002    9.4000000000000E+001    1.0340000000000E+003
      93    8.0000000000000E+001    9.9988680000000E+006    4.0000000000000E+002    5.5300000000000E+002    9.4000000000000E+001    1.0470000000000E+003
      94    1.0900000000000E+002    9.9988270000000E+006    3.8900000000000E+002    5.7400000000000E+002    9.6000000000000E+001    1.0590000000000E+003
      95    1.3100000000000E+002    9.9987940000000E+006    3.8500000000000E+002    5.8300000000000E+002    1.0200000000000E+002    1.0700000000000E+003
      96    1.5000000000000E+002    9.9987540000000E+006    3.7300000000000E+002    6.1300000000000E+002    1.0500000000000E+002    1.0910000000000E+003
      97    1.2600000000000E+002    9.9987390000000E+006    3.7500000000000E+002    6.4800000000000E+002    1.0700000000000E+002    1.1300000000000E+003
      98    1.1700000000000E+002    9.9987070000000E+006    3.8000000000000E+002    6.8400000000000E+002    1.0700000000000E+002    1.1710000000000E+003
      99    1.2000000000000E+002    9.9986710000000E+006    3.8200000000000E+002    7.1400000000000E+002    1.0800000000000E+002    1.2040000000000E+003
     100    1.0000000000000E+002    9.9986510000000E+006    3.8700000000000E+002    7.4700000000000E+002    1.1000000000000E+002    1.2440000000000E+003
     101    1.2900000000000E+002    9.9986070000000E+006    3.7800000000000E+002    7.6600000000000E+002    1.1500000000000E+002    1.2590000000000E+003
     102    1.3600000000000E+002    9.9985680000000E+006    3.9300000000000E+002    7.7900000000000E+002    1.1900000000000E+002    1.2910000000000E+003
     103    1.2800000000000E+002    9.9985400000000E+006    4.0400000000000E+002    8.0100000000000E+002    1.2200000000000E+002    1.3270000000000E+003
     104    1.2800000000000E+002    9.9985200000000E+006    3.8600000000000E+002    8.3700000000000E+002    1.2400000000000E+002    1.3470000000000E+003
     105    1.0200000000000E+002    9.9985020000000E+006    3.9200000000000E+002    8.7400000000000E+002    1.2500000000000E+002    1.3910000000000E+003
     106    1.0100000000000E+002    9.9984640000000E+006    4.0200000000000E+002    9.0100000000000E+002    1.2700000000000E+002    1.4300000000000E+003
     107    1.0900000000000E+002    9.9984280000000E+006    4.1700000000000E+002    9.1300000000000E+002    1.2800000000000E+002    1.4580000000000E+003
     108    1.1800000000000E+002    9.9983990000000E+006    4.2500000000000E+002    9.2300000000000E+002    1.3000000000000E+002    1.4780000000000E+003
     109    1.2900000000000E+002    9.9983700000000E+006    4.3200000000000E+002    9.2700000000000E+002    1.3700000000000E+002    1.4960000000000E+003
     110    1.2100000000000E+002    9.9983400000000E+006    4.4900000000000E+002    9.4300000000000E+002    1.4200000000000E+002    1.5340000000000E+003
     111    1.0200000000000E+002    9.9983230000000E+006    4.4600000000000E+002    9.7900000000000E+002    1.4500000000000E+002    1.5700000000000E+003
     112    8.2000000000000E+001    9.9983140000000E+006    4.3400000000000E+002    1.0200000000000E+003    1.4500000000000E+002    1.5990000000000E+003
     113    7.6000000000000E+001    9.9982910000000E+006    4.3000000000000E+002    1.0470000000000E+003    1.5100000000000E+002    1.6280000000000E+003
     114    7.1000000000000E+001    9.9982660000000E+006    4.2000000000000E+002    1.0820000000000E+003    1.5600000000000E+002    1.6580000000000E+003
     115    8.1000000000000E+001    9.9982390000000E+006    4.2200000000000E+002    1.0930000000000E+003    1.6000000000000E+002    1.6750000000000E+003
     116    9.1000000000000E+001    9.9982200000000E+006    3.9900000000000E+002    1.1250000000000E+003    1.6000000000000E+002    1.6840000000000E+003
     117    8.9000000000000E+001    9.9981990000000E+006    3.8600000000000E+002    1.1560000000000E+003    1.6500000000000E+002    1.7070000000000E+003
     118    8.8000000000000E+001    9.9981750000000E+006    3.9100000000000E+002    1.1720000000000E+003    1.6900000000000E+002    1.7320000000000E+003
     119    7.8000000000000E+001    9.9981580000000E+006    3.7400000000000E+002    1.2130000000000E+003    1.7200000000000E+002    1.7590000000000E+003
     120    7.9000000000000E+001    9.9981380000000E+006    3.5400000000000E+002    1.2520000000000E+003    1.7200000000000E+002    1.7780000000000E+003
     121    8.6000000000000E+001    9.9981100000000E+006    3.4700000000000E+002    1.2790000000000E+003    1.7300000000000E+002    1.7990000000000E+003
     122    7.7000000000000E+001    9.9980950000000E+006    3.5100000000000E+002    1.2960000000000E+003    1.7600000000000E+002    1.8230000000000E+003
     123    7.9000000000000E+001    9.9980760000000E+006    3.5000000000000E+002    1.3140000000000E+003    1.7600000000000E+002    1.8400000000000E+003
     124    7.2000000000000E+001    9.9980630000000E+006    3.3200000000000E+002    1.3520000000000E+003    1.7600000000000E+002    1.8600000000000E+003
     125    5.0000000000000E+001    9.9980570000000E+006    3.2400000000000E+002    1.3850000000000E+003    1.7900000000000E+002    1.8880000000000E+003
     126    3.8000000000000E+001    9.9980540000000E+006    3.1000000000000E+002    1.4120000000000E+003    1.8100000000000E+002    1.9030000000000E+003
     127    3.4000000000000E+001    9.9980390000000E+006    3.0000000000000E+002    1.4390000000000E+003    1.8300000000000E+002    1.9220000000000E+003
     128    2.8000000000000E+001    9.9980320000000E+006    2.8300000000000E+002    1.4670000000000E+003    1.8500000000000E+002    1.9350000000000E+003
     129    4.1000000000000E+001    9.9980130000000E+006    2.7200000000000E+002    1.4810000000000E+003    1.8800000000000E+002    1.9410000000000E+003
     130    4.9000000000000E+001    9.9980020000000E+006    2.6600000000000E+002    1.4890000000000E+003    1.8900000000000E+002    1.9440000000000E+003
     131    3.8000000000000E+001    9.9979980000000E+006    2.5800000000000E+002    1.5100000000000E+003    1.9100000000000E+002    1.9590000000000E+003
     132    3.2000000000000E+001    9.9979970000000E+006    2.4000000000000E+002    1.5330000000000E+003    1.9300000000000E+002    1.9660000000000E+003
     133    1.6000000000000E+001    9.9979940000000E+006    2.3200000000000E+002    1.5590000000000E+003    1.9400000000000E+002    1.9850000000000E+003
     134    1.4000000000000E+001    9.9979850000000E+006    2.2400000000000E+002    1.5780000000000E+003    1.9400000000000E+002    1.9960000000000E+003
     135    3.1000000000000E+001    9.9979640000000E+006    2.0700000000000E+002    1.5990000000000E+003    1.9400000000000E+002    2.0000000000000E+003
     136    4.1000000000000E+001    9.9979530000000E+006    1.8400000000000E+002    1.6210000000000E+003    1.9600000000000E+002    2.0010000000000E+003
     137    4.8000000000000E+001    9.9979430000000E+006    1.7000000000000E+002    1.6370000000000E+003    1.9700000000000E+002    2.0040000000000E+003
     138    5.9000000000000E+001    9.9979230000000E+006    1.5900000000000E+002    1.6570000000000E+003    1.9700000000000E+002    2.0130000000000E+003
     139    4.7000000000000E+001    9.9979140000000E+006    1.5200000000000E+002    1.6850000000000E+003    1.9700000000000E+002    2.0340000000000E+003
     140    4.3000000000000E+001    9.9979070000000E+006    1.4800000000000E+002    1.7000000000000E+003    1.9700000000000E+002    2.0450000000000E+003
     141    4.7000000000000E+001    9.9978930000000E+006    1.3900000000000E+002    1.7190000000000E+003    1.9700000000000E+002    2.0550000000000E+003
     142    3.3000000000000E+001    9.9978870000000E+006    1.4600000000000E+002    1.7300000000000E+003    1.9900000000000E+002    2.0750000000000E+003
     143    2.9000000000000E+001    9.9978820000000E+006    1.4900000000000E+002    1.7330000000000E+003    2.0200000000000E+002    2.0840000000000E+003
     144    3.0000000000000E+001    9.9978740000000E+006    1.5300000000000E+002    1.7350000000000E+003    2.0300000000000E+002    2.0910000000000E+003
     145    3.6000000000000E+001    9.9978540000000E+006    1.5200000000000E+002    1.7470000000000E+003    2.0600000000000E+002    2.1050000000000E+003
     146    3.2000000000000E+001    9.9978520000000E+006    1.5100000000000E+002    1.7520000000000E+003    2.0800000000000E+002    2.1110000000000E+003
     147    3.0000000000000E+001    9.9978490000000E+006    1.3700000000000E+002    1.7700000000000E+003    2.0900000000000E+002    2.1160000000000E+003
     148    3.4000000000000E+001    9.9978370000000E+006    1.3400000000000E+002    1.7810000000000E+003    2.0900000000000E+002    2.1240000000000E+003
     149    2.4000000000000E+001    9.9978270000000E+006    1.5000000000000E+002    1.7850000000000E+003    2.0900000000000E+002    2.1440000000000E+003
     150    2.9000000000000E+001    9.9978200000000E+006    1.5100000000000E+002    1.7840000000000E+003    2.1100000000000E+002    2.1460000000000E+003
     151    4.0000000000000E+001    9.9978060000000E+006    1.5100000000000E+002    1.7870000000000E+003    2.1100000000000E+002    2.1490000000000E+003
     152    3.6000000000000E+001    9.9977980000000E+006    1.5400000000000E+002    1.7960000000000E+003    2.1100000000000E+002    2.1610000000000E+003
     153    2.9000000000000E+001    9.9977950000000E+006    1.4300000000000E+002    1.8140000000000E+003    2.1400000000000E+002    2.1710000000000E+003
     154    2.4000000000000E+001    9.9977930000000E+006    1.3900000000000E+002    1.8240000000000E+003    2.1500000000000E+002    2.1780000000000E+003
     155    1.8000000000000E+001    9.9977850000000E+006    1.4300000000000E+002    1.8330000000000E+003    2.1600000000000E+002    2.1920000000000E+003
     156    1.6000000000000E+001    9.9977790000000E+006    1.3100000000000E+002    1.8530000000000E+003    2.1600000000000E+002    2.2000000000000E+003
     157    1.8000000000000E+001    9.9977740000000E+006    1.2500000000000E+002    1.8620000000000E+003    2.1600000000000E+002    2.2030000000000E+003
     158    2.3000000000000E+001    9.9977670000000E+006    1.2000000000000E+002    1.8690000000000E+003    2.1600000000000E+002    2.2050000000000E+003
     159    3.1000000000000E+001    9.9977510000000E+006    1.1400000000000E+002    1.8810000000000E+003    2.1800000000000E+002    2.2130000000000E+003
     160    2.9000000000000E+001    9.9977470000000E+006    1.1400000000000E+002    1.8870000000000E+003    2.1800000000000E+002    2.2190000000000E+003
     161    2.7000000000000E+001    9.9977440000000E+006    1.1400000000000E+002    1.8920000000000E+003    2.1800000000000E+002    2.2240000000000E+003
     162    2.9000000000000E+001    9.9977350000000E+006    1.1300000000000E+002    1.9000000000000E+003    2.1800000000000E+002    2.2310000000000E+003
     163    1.9000000000000E+001    9.9977290000000E+006    1.0900000000000E+002    1.9200000000000E+003    2.1800000000000E+002    2.2470000000000E+003
     164    1.6000000000000E+001    9.9977280000000E+006    1.1100000000000E+002    1.9210000000000E+003    2.1900000000000E+002    2.2510000000000E+003
     165    1.5000000000000E+001    9.9977260000000E+006    1.1100000000000E+002    1.9230000000000E+003    2.2000000000000E+002    2.2540000000000E+003
     166    2.8000000000000E+001    9.9977040000000E+006    1.0800000000000E+002    1.9340000000000E+003    2.2100000000000E+002    2.2630000000000E+003
     167    2.2000000000000E+001    9.9977040000000E+006    1.0400000000000E+002    1.9430000000000E+003    2.2200000000000E+002    2.2690000000000E+003
     168    2.6000000000000E+001    9.9976990000000E+006    9.8000000000000E+001    1.9490000000000E+003    2.2300000000000E+002    2.2700000000000E+003
     169    4.5000000000000E+001    9.9976780000000E+006    8.6000000000000E+001    1.9630000000000E+003    2.2300000000000E+002    2.2720000000000E+003
     170    2.7000000000000E+001    9.9976740000000E+006    1.0000000000000E+002    1.9690000000000E+003    2.2500000000000E+002    2.2940000000000E+003
     171    3.2000000000000E+001    9.9976690000000E+006    9.7000000000000E+001    1.9710000000000E+003    2.2600000000000E+002    2.2940000000000E+003
     172    3.4000000000000E+001    9.9976620000000E+006    1.0000000000000E+002    1.9730000000000E+003    2.2600000000000E+002    2.2990000000000E+003
     173    2.0000000000000E+001    9.9976550000000E+006    1.1300000000000E+002    1.9810000000000E+003    2.2600000000000E+002    2.3200000000000E+003
     174    1.7000000000000E+001    9.9976540000000E+006    1.1100000000000E+002    1.9860000000000E+003    2.2700000000000E+002    2.3240000000000E+003
     175    1.9000000000000E+001    9.9976470000000E+006    1.1100000000000E+002    1.9910000000000E+003    2.2700000000000E+002    2.3290000000000E+003
     176    2.5000000000000E+001    9.9976340000000E+006    1.1100000000000E+002    1.9970000000000E+003    2.2800000000000E+002    2.3360000000000E+003
     177    2.5000000000000E+001    9.9976270000000E+006    1.0200000000000E+002    2.0090000000000E+003    2.3200000000000E+002    2.3430000000000E+003
     178    2.8000000000000E+001    9.9976230000000E+006    9.9000000000000E+001    2.0130000000000E+003    2.3200000000000E+002    2.3440000000000E+003
     179    3.3000000000000E+001    9.9976110000000E+006    1.0300000000000E+002    2.0160000000000E+003    2.3200000000000E+002    2.3510000000000E+003
     180    3.3000000000000E+001    9.9975980000000E+006    1.0700000000000E+002    2.0240000000000E+003    2.3300000000000E+002    2.3640000000000E+003
     181    2.6000000000000E+001    9.9975980000000E+006    1.0800000000000E+002    2.0300000000000E+003    2.3300000000000E+002    2.3710000000000E+003
     182    2.5000000000000E+001    9.9975950000000E+006    1.1100000000000E+002    2.0310000000000E+003    2.3300000000000E+002    2.3750000000000E+003
     183    2.3000000000000E+001    9.9975850000000E+006    1.2100000000000E+002    2.0330000000000E+003    2.3300000000000E+002    2.3870000000000E+003
     184    1.6000000000000E+001    9.9975790000000E+006    1.1200000000000E+002    2.0530000000000E+003    2.3500000000000E+002    2.4000000000000E+003
     185    2.1000000000000E+001    9.9975740000000E+006    1.1200000000000E+002    2.0530000000000E+003    2.3500000000000E+002    2.4000000000000E+003
     186    2.1000000000000E+001    9.9975710000000E+006    1.1000000000000E+002    2.0580000000000E+003    2.3500000000000E+002    2.4030000000000E+003
     187    2.5000000000000E+001    9.9975570000000E+006    9.9000000000000E+001    2.0780000000000E+003    2.3600000000000E+002    2.4130000000000E+003
     188    2.0000000000000E+001    9.9975560000000E+006    1.0100000000000E+002    2.0810000000000E+003    2.3700000000000E+002    2.4190000000000E+003
     189    1.5000000000000E+001    9.9975560000000E+006    1.0100000000000E+002    2.0860000000000E+003    2.3700000000000E+002    2.4240000000000E+003
     190    2.1000000000000E+001    9.9975470000000E+006    9.7000000000000E+001    2.0930000000000E+003    2.3700000000000E+002    2.4270000000000E+003
     191    1.8000000000000E+001    9.9975360000000E+006    1.0400000000000E+002    2.0980000000000E+003    2.3900000000000E+002    2.4410000000000E+003
     192    2.6000000000000E+001    9.9975270000000E+006    1.0400000000000E+002    2.0990000000000E+003    2.3900000000000E+002    2.4420000000000E+003
     193    2.9000000000000E+001    9.9975240000000E+006    9.7000000000000E+001    2.1060000000000E+003    2.3900000000000E+002    2.4420000000000E+003
     194    3.8000000000000E+001    9.9975060000000E+006    9.3000000000000E+001    2.1190000000000E+003    2.3900000000000E+002    2.4510000000000E+003
     195    3.0000000000000E+001    9.9975030000000E+006    9.7000000000000E+001    2.1240000000000E+003    2.4100000000000E+002    2.4620000000000E+003
     196    2.3000000000000E+001    9.9975010000000E+006    1.0200000000000E+002    2.1280000000000E+003    2.4100000000000E+002    2.4710000000000E+003
     197    2.8000000000000E+001    9.9974930000000E+006    9.3000000000000E+001    2.1400000000000E+003    2.4100000000000E+002    2.4740000000000E+003
     198    1.9000000000000E+001    9.9974840000000E+006    9.8000000000000E+001    2.1510000000000E+003    2.4300000000000E+002    2.4920000000000E+003
     199    2.0000000000000E+001    9.9974800000000E+006    1.0100000000000E+002    2.1490000000000E+003    2.4500000000000E+002    2.4950000000000E+003
     200    2.5000000000000E+001    9.9974730000000E+006    1.0000000000000E+002    2.1510000000000E+003    2.4600000000000E+002    2.4970000000000E+003
     201    2.5000000000000E+001    9.9974650000000E+006    9.8000000000000E+001    2.1600000000000E+003    2.4700000000000E+002    2.5050000000000E+003
     202    1.7000000000000E+001    9.9974640000000E+006    1.0100000000000E+002    2.1640000000000E+003    2.4900000000000E+002    2.5140000000000E+003
     203    1.9000000000000E+001    9.9974580000000E+006    1.0000000000000E+002    2.1690000000000E+003    2.4900000000000E+002    2.5180000000000E+003
     204    3.5000000000000E+001    9.9974350000000E+006    1.0400000000000E+002    2.1720000000000E+003    2.4900000000000E+002    2.5250000000000E+003
     205    4.0000000000000E+001    9.9974220000000E+006    9.8000000000000E+001    2.1840000000000E+003    2.5100000000000E+002    2.5330000000000E+003
     206    5.4000000000000E+001    9.9974070000000E+006    9.8000000000000E+001    2.1830000000000E+003    2.5300000000000E+002    2.5340000000000E+003
     207    5.2000000000000E+001    9.9974030000000E+006    1.0400000000000E+002    2.1830000000000E+003    2.5300000000000E+002    2.5400000000000E+003
     208    4.7000000000000E+001    9.9973850000000E+006    1.1800000000000E+002    2.1920000000000E+003    2.5300000000000E+002    2.5630000000000E+003
     209    3.5000000000000E+001    9.9973840000000E+006    1.2000000000000E+002    2.2030000000000E+003    2.5300000000000E+002    2.5760000000000E+003
     210    2.0000000000000E+001    9.9973840000000E+006    1.2600000000000E+002    2.2120000000000E+003    2.5300000000000E+002    2.5910000000000E+003
     211    2.1000000000000E+001    9.9973790000000E+006    1.2700000000000E+002    2.2140000000000E+003    2.5400000000000E+002    2.5950000000000E+003
     212    9.0000000000000E+000    9.9973730000000E+006    1.2700000000000E+002    2.2290000000000E+003    2.5700000000000E+002    2.6130000000000E+003
     213    2.0000000000000E+001    9.9973610000000E+006    1.2500000000000E+002    2.2310000000000E+003    2.5800000000000E+002    2.6140000000000E+003
     214    2.6000000000000E+001    9.9973550000000E+006    1.2300000000000E+002    2.2310000000000E+003    2.6000000000000E+002    2.6140000000000E+003
     215    2.4000000000000E+001    9.9973520000000E+006    1.2000000000000E+002    2.2380000000000E+003    2.6100000000000E+002    2.6190000000000E+003
     216    2.2000000000000E+001    9.9973480000000E+006    1.1700000000000E+002    2.2440000000000E+003    2.6400000000000E+002    2.6250000000000E+003
     217    1.3000000000000E+001    9.9973450000000E+006    1.2500000000000E+002    2.2480000000000E+003    2.6400000000000E+002    2.6370000000000E+003
     218    2.1000000000000E+001    9.9973310000000E+006    1.2400000000000E+002    2.2550000000000E+003    2.6400000000000E+002    2.6430000000000E+003
     219    2.5000000000000E+001    9.9973240000000E+006    1.1900000000000E+002    2.2620000000000E+003    2.6500000000000E+002    2.6460000000000E+003
     220    3.0000000000000E+001    9.9973150000000E+006    1.2200000000000E+002    2.2630000000000E+003    2.6500000000000E+002    2.6500000000000E+003
     221    3.4000000000000E+001    9.9973080000000E+006    1.1900000000000E+002    2.2670000000000E+003    2.6700000000000E+002    2.6530000000000E+003
     222    3.1000000000000E+001    9.9972970000000E+006    1.1000000000000E+002    2.2900000000000E+003    2.6700000000000E+002    2.6670000000000E+003
     223    2.8000000000000E+001    9.9972930000000E+006    1.0400000000000E+002    2.3030000000000E+003    2.6700000000000E+002    2.6740000000000E+003
     224    2.8000000000000E+001    9.9972840000000E+006    9.8000000000000E+001    2.3170000000000E+003    2.6800000000000E+002    2.6830000000000E+003
     225    2.6000000000000E+001    9.9972790000000E+006    1.0100000000000E+002    2.3210000000000E+003    2.6800000000000E+002    2.6900000000000E+003
     226    2.1000000000000E+001    9.9972730000000E+006    9.4000000000000E+001    2.3380000000000E+003    2.6900000000000E+002    2.7010000000000E+003
     227    3.2000000000000E+001    9.9972580000000E+006    9.7000000000000E+001    2.3370000000000E+003    2.7100000000000E+002    2.7050000000000E+003
     228    2.4000000000000E+001    9.9972570000000E+006    1.0600000000000E+002    2.3350000000000E+003    2.7300000000000E+002    2.7140000000000E+003
     229    4.2000000000000E+001    9.9972340000000E+006    1.0600000000000E+002    2.3390000000000E+003    2.7400000000000E+002    2.7190000000000E+003
     230    4.0000000000000E+001    9.9972300000000E+006    1.0600000000000E+002    2.3440000000000E+003    2.7500000000000E+002    2.7250000000000E+003
     231    3.0000000000000E+001    9.9972250000000E+006    1.0900000000000E+002    2.3560000000000E+003    2.7500000000000E+002    2.7400000000000E+003
     232    5.0000000000000E+001    9.9972040000000E+006    1.0400000000000E+002    2.3600000000000E+003    2.7700000000000E+002    2.7410000000000E+003
     233    3.6000000000000E+001    9.9971950000000E+006    1.2400000000000E+002    2.3630000000000E+003    2.7700000000000E+002    2.7640000000000E+003
     234    5.5000000000000E+001    9.9971720000000E+006    1.2400000000000E+002    2.3660000000000E+003    2.7800000000000E+002    2.7680000000000E+003
     235    7.0000000000000E+001    9.9971520000000E+006    1.2600000000000E+002    2.3670000000000E+003    2.8000000000000E+002    2.7730000000000E+003
     236    5.5000000000000E+001    9.9971460000000E+006    1.3300000000000E+002    2.3810000000000E+003    2.8000000000000E+002    2.7940000000000E+003
     237    4.8000000000000E+001    9.9971440000000E+006    1.3500000000000E+002    2.3840000000000E+003    2.8400000000000E+002    2.8030000000000E+003
     238    2.6000000000000E+001    9.9971430000000E+006    1.4900000000000E+002    2.3930000000000E+003    2.8400000000000E+002    2.8260000000000E+003
     239    2.2000000000000E+001    9.9971270000000E+006    1.6200000000000E+002    2.3980000000000E+003    2.8600000000000E+002    2.8460000000000E+003
     240    3.0000000000000E+001    9.9971130000000E+006    1.5700000000000E+002    2.4060000000000E+003    2.8900000000000E+002    2.8520000000000E+003
     241    4.2000000000000E+001    9.9970990000000E+006    1.5500000000000E+002    2.4090000000000E+003    2.9000000000000E+002    2.8540000000000E+003
     242    5.9000000000000E+001    9.9970810000000E+006    1.4700000000000E+002    2.4180000000000E+003    2.9000000000000E+002    2.8550000000000E+003
     243    5.6000000000000E+001    9.9970680000000E+006    1.5800000000000E+002    2.4220000000000E+003    2.9100000000000E+002    2.8710000000000E+003
     244    4.3000000000000E+001    9.9970670000000E+006    1.6600000000000E+002    2.4270000000000E+003    2.9200000000000E+002    2.8850000000000E+003
     245    3.0000000000000E+001    9.9970660000000E+006    1.6500000000000E+002    2.4420000000000E+003    2.9200000000000E+002    2.8990000000000E+003
     246    2.2000000000000E+001    9.9970560000000E+006    1.8200000000000E+002    2.4430000000000E+003    2.9200000000000E+002    2.9170000000000E+003
     247    2.5000000000000E+001    9.9970400000000E+006    1.7200000000000E+002    2.4650000000000E+003    2.9300000000000E+002    2.9300000000000E+003
     248    4.5000000000000E+001    9.9970190000000E+006    1.6900000000000E+002    2.4670000000000E+003    2.9500000000000E+002    2.9310000000000E+003
     249    5.0000000000000E+001    9.9970130000000E+006    1.6500000000000E+002    2.4720000000000E+003    2.9500000000000E+002    2.9320000000000E+003
     250    7.1000000000000E+001    9.9969820000000E+006    1.5400000000000E+002    2.4900000000000E+003    2.9800000000000E+002    2.9420000000000E+003
     251    6.4000000000000E+001    9.9969730000000E+006    1.6100000000000E+002    2.4980000000000E+003    2.9900000000000E+002    2.9580000000000E+003
     252    4.6000000000000E+001    9.9969700000000E+006    1.5900000000000E+002    2.5200000000000E+003    3.0000000000000E+002    2.9790000000000E+003
     253    6.5000000000000E+001    9.9969450000000E+006    1.4500000000000E+002    2.5390000000000E+003    3.0100000000000E+002    2.9850000000000E+003
     254    4.8000000000000E+001    9.9969310000000E+006    1.7000000000000E+002    2.5450000000000E+003    3.0100000000000E+002    3.0160000000000E+003
     255    7.8000000000000E+001    9.9968920000000E+006    1.7700000000000E+002    2.5460000000000E+003    3.0200000000000E+002    3.0250000000000E+003
     256    9.4000000000000E+001    9.9968730000000E+006    1.7900000000000E+002    2.5460000000000E+003    3.0300000000000E+002    3.0280000000000E+003
     257    8.7000000000000E+001    9.9968550000000E+006    1.8800000000000E+002    2.5610000000000E+003    3.0400000000000E+002    3.0530000000000E+003
     258    7.7000000000000E+001    9.9968510000000E+006    1.8800000000000E+002    2.5720000000000E+003    3.0700000000000E+002    3.0670000000000E+003
     259    4.2000000000000E+001    9.9968470000000E+006    2.1300000000000E+002    2.5860000000000E+003    3.0700000000000E+002    3.1060000000000E+003
     260    4.8000000000000E+001    9.9968220000000E+006    2.1400000000000E+002    2.6040000000000E+003    3.0700000000000E+002    3.1250000000000E+003
     261    3.8000000000000E+001    9.9968140000000E+006    2.1900000000000E+002    2.6150000000000E+003    3.0900000000000E+002    3.1430000000000E+003
     262    6.7000000000000E+001    9.9967810000000E+006    2.2200000000000E+002    2.6140000000000E+003    3.1100000000000E+002    3.1470000000000E+003
     263    9.6000000000000E+001    9.9967480000000E+006    2.2500000000000E+002    2.6110000000000E+003    3.1500000000000E+002    3.1510000000000E+003
     264    7.8000000000000E+001    9.9967410000000E+006    2.4000000000000E+002    2.6200000000000E+003    3.1600000000000E+002    3.1760000000000E+003
     265    8.5000000000000E+001    9.9967260000000E+006    2.3200000000000E+002    2.6360000000000E+003    3.1600000000000E+002    3.1840000000000E+003
     266    5.6000000000000E+001    9.9967220000000E+006    2.4400000000000E+002    2.6550000000000E+003    3.1800000000000E+002    3.2170000000000E+003
     267    6.0000000000000E+001    9.9966850000000E+006    2.7100000000000E+002    2.6610000000000E+003    3.1800000000000E+002    3.2500000000000E+003
     268    6.5000000000000E+001    9.9966730000000E+006    2.4700000000000E+002    2.6880000000000E+003    3.2200000000000E+002    3.2570000000000E+003
     269    7.4000000000000E+001    9.9966490000000E+006    2.5300000000000E+002    2.6960000000000E+003    3.2300000000000E+002    3.2720000000000E+003
     270    8.5000000000000E+001    9.9966340000000E+006    2.5400000000000E+002    2.6970000000000E+003    3.2500000000000E+002    3.2760000000000E+003
     271    5.8000000000000E+001    9.9966240000000E+006    2.6600000000000E+002    2.7180000000000E+003    3.2900000000000E+002    3.3130000000000E+003
     272    5.0000000000000E+001    9.9966200000000E+006    2.6400000000000E+002    2.7300000000000E+003    3.3100000000000E+002    3.3250000000000E+003
     273    3.3000000000000E+001    9.9966130000000E+006    2.4900000000000E+002    2.7680000000000E+003    3.3200000000000E+002    3.3490000000000E+003
     274    6.5000000000000E+001    9.9965660000000E+006    2.4500000000000E+002    2.7860000000000E+003    3.3300000000000E+002    3.3640000000000E+003
     275    8.2000000000000E+001    9.9965390000000E+006    2.3700000000000E+002    2.7990000000000E+003    3.3800000000000E+002    3.3740000000000E+003
     276    1.0900000000000E+002    9.9965080000000E+006    2.3700000000000E+002    2.8030000000000E+003    3.3800000000000E+002    3.3780000000000E+003
     277    1.4500000000000E+002    9.9964650000000E+006    2.4000000000000E+002    2.8070000000000E+003    3.3800000000000E+002    3.3850000000000E+003
     278    1.6800000000000E+002    9.9963950000000E+006    2.6200000000000E+002    2.8300000000000E+003    3.4000000000000E+002    3.4320000000000E+003
     279    1.5500000000000E+002    9.9963810000000E+006    2.8100000000000E+002    2.8380000000000E+003    3.4000000000000E+002    3.4590000000000E+003
     280    1.3200000000000E+002    9.9963730000000E+006    2.7900000000000E+002    2.8710000000000E+003    3.4000000000000E+002    3.4900000000000E+003
     281    1.1900000000000E+002    9.9963430000000E+006    2.8900000000000E+002    2.9030000000000E+003    3.4100000000000E+002    3.5330000000000E+003
     282    8.4000000000000E+001    9.9963080000000E+006    3.5200000000000E+002    2.9050000000000E+003    3.4600000000000E+002    3.6030000000000E+003
     283    1.2200000000000E+002    9.9962560000000E+006    3.5100000000000E+002    2.9190000000000E+003    3.4700000000000E+002    3.6170000000000E+003
     284    1.5600000000000E+002    9.9962140000000E+006    3.5500000000000E+002    2.9210000000000E+003    3.4900000000000E+002    3.6250000000000E+003
     285    1.6500000000000E+002    9.9961750000000E+006    3.4800000000000E+002    2.9510000000000E+003    3.5600000000000E+002    3.6550000000000E+003
     286    1.3700000000000E+002    9.9961680000000E+006    3.7100000000000E+002    2.9550000000000E+003    3.6400000000000E+002    3.6900000000000E+003
     287    1.0000000000000E+002    9.9961530000000E+006    3.9900000000000E+002    2.9770000000000E+003    3.6600000000000E+002    3.7420000000000E+003
     288    8.6000000000000E+001    9.9961250000000E+006    4.2600000000000E+002    2.9890000000000E+003    3.6900000000000E+002    3.7840000000000E+003
     289    8.7000000000000E+001    9.9960850000000E+006    4.5500000000000E+002    2.9950000000000E+003    3.7300000000000E+002    3.8230000000000E+003
     290    1.1800000000000E+002    9.9960470000000E+006    4.5800000000000E+002    2.9920000000000E+003    3.8000000000000E+002    3.8300000000000E+003
     291    1.4500000000000E+002    9.9960050000000E+006    4.6600000000000E+002    2.9950000000000E+003    3.8400000000000E+002    3.8450000000000E+003
     292    1.7200000000000E+002    9.9959500000000E+006    4.4700000000000E+002    3.0360000000000E+003    3.9000000000000E+002    3.8730000000000E+003
     293    1.5000000000000E+002    9.9959320000000E+006    4.6000000000000E+002    3.0590000000000E+003    3.9400000000000E+002    3.9130000000000E+003
     294    1.2700000000000E+002    9.9959170000000E+006    4.6700000000000E+002    3.0900000000000E+003    3.9400000000000E+002    3.9510000000000E+003
     295    1.3000000000000E+002    9.9958720000000E+006    4.6600000000000E+002    3.1310000000000E+003    3.9600000000000E+002    3.9930000000000E+003
     296    1.2600000000000E+002    9.9958210000000E+006    4.5100000000000E+002    3.2010000000000E+003    3.9600000000000E+002    4.0480000000000E+003
     297    1.4000000000000E+002    9.9957890000000E+006    4.5500000000000E+002    3.2090000000000E+003    4.0200000000000E+002    4.0660000000000E+003
     298    1.6000000000000E+002    9.9957540000000E+006    4.6200000000000E+002    3.2140000000000E+003    4.0500000000000E+002    4.0810000000000E+003
     299    1.8600000000000E+002    9.9956830000000E+006    4.7700000000000E+002    3.2400000000000E+003    4.0900000000000E+002    4.1260000000000E+003
     300    1.4300000000000E+002    9.9956750000000E+006    4.9300000000000E+002    3.2680000000000E+003    4.1600000000000E+002    4.1770000000000E+003
     301    1.2500000000000E+002    9.9956610000000E+006    4.7300000000000E+002    3.3160000000000E+003    4.2000000000000E+002    4.2090000000000E+003
     302    9.2000000000000E+001    9.9956590000000E+006    4.6600000000000E+002    3.3550000000000E+003    4.2300000000000E+002    4.2440000000000E+003
     303    4.4000000000000E+001    9.9956360000000E+006    4.9800000000000E+002    3.3900000000000E+003    4.2700000000000E+002    4.3150000000000E+003
     304    7.0000000000000E+001    9.9956020000000E+006    4.9900000000000E+002    3.3940000000000E+003    4.3000000000000E+002    4.3230000000000E+003
     305    8.4000000000000E+001    9.9955740000000E+006    4.9800000000000E+002    3.4090000000000E+003    4.3000000000000E+002    4.3370000000000E+003
     306    1.0700000000000E+002    9.9955490000000E+006    4.7200000000000E+002    3.4340000000000E+003    4.3300000000000E+002    4.3390000000000E+003
     307    9.0000000000000E+001    9.9955430000000E+006    4.5500000000000E+002    3.4680000000000E+003    4.3900000000000E+002    4.3620000000000E+003
     308    5.9000000000000E+001    9.9955400000000E+006    4.5100000000000E+002    3.5050000000000E+003    4.4000000000000E+002    4.3960000000000E+003
     309    6.2000000000000E+001    9.9955090000000E+006    4.3700000000000E+002    3.5460000000000E+003    4.4100000000000E+002    4.4240000000000E+003
     310    5.9000000000000E+001    9.9954870000000E+006    4.0700000000000E+002    3.6010000000000E+003    4.4100000000000E+002    4.4490000000000E+003
     311    9.8000000000000E+001    9.9954420000000E+006    3.9500000000000E+002    3.6170000000000E+003    4.4300000000000E+002    4.4550000000000E+003
     312    1.1300000000000E+002    9.9954240000000E+006    3.8300000000000E+002    3.6280000000000E+003    4.4700000000000E+002    4.4580000000000E+003
     313    1.0100000000000E+002    9.9954050000000E+006    3.6900000000000E+002    3.6680000000000E+003    4.5200000000000E+002    4.4890000000000E+003
     314    8.1000000000000E+001    9.9954030000000E+006    3.4000000000000E+002    3.7190000000000E+003    4.5200000000000E+002    4.5110000000000E+003
     315    4.6000000000000E+001    9.9953930000000E+006    3.5300000000000E+002    3.7510000000000E+003    4.5200000000000E+002    4.5560000000000E+003
     316    5.0000000000000E+001    9.9953710000000E+006    3.3600000000000E+002    3.7860000000000E+003    4.5200000000000E+002    4.5740000000000E+003
     317    4.3000000000000E+001    9.9953590000000E+006    2.8400000000000E+002    3.8510000000000E+003    4.5800000000000E+002    4.5930000000000E+003
     318    5.1000000000000E+001    9.9953490000000E+006    2.7800000000000E+002    3.8580000000000E+003    4.5900000000000E+002    4.5950000000000E+003
     319    5.8000000000000E+001    9.9953320000000E+006    2.7400000000000E+002    3.8670000000000E+003    4.6400000000000E+002    4.6050000000000E+003
     320    5.6000000000000E+001    9.9953120000000E+006    2.9400000000000E+002    3.8670000000000E+003    4.6600000000000E+002    4.6270000000000E+003
     321    6.2000000000000E+001    9.9952940000000E+006    2.8300000000000E+002    3.8900000000000E+003    4.6600000000000E+002    4.6390000000000E+003
     322    6.0000000000000E+001    9.9952860000000E+006    2.5900000000000E+002    3.9240000000000E+003    4.6600000000000E+002    4.6490000000000E+003
     323    8.5000000000000E+001    9.9952440000000E+006    2.4800000000000E+002    3.9520000000000E+003    4.6600000000000E+002    4.6660000000000E+003
     324    9.6000000000000E+001    9.9952130000000E+006    2.4300000000000E+002    3.9760000000000E+003    4.6700000000000E+002    4.6860000000000E+003
     325    1.0000000000000E+002    9.9951910000000E+006    2.5500000000000E+002    3.9810000000000E+003    4.6800000000000E+002    4.7040000000000E+003
     326    1.1300000000000E+002    9.9951700000000E+006    2.6000000000000E+002    3.9820000000000E+003    4.7000000000000E+002    4.7120000000000E+003
     327    9.7000000000000E+001    9.9951440000000E+006    2.7100000000000E+002    4.0100000000000E+003    4.7300000000000E+002    4.7540000000000E+003
     328    6.8000000000000E+001    9.9951420000000E+006    2.8000000000000E+002    4.0290000000000E+003    4.7600000000000E+002    4.7850000000000E+003
     329    5.4000000000000E+001    9.9951340000000E+006    2.5700000000000E+002    4.0730000000000E+003    4.7700000000000E+002    4.8070000000000E+003
     330    6.3000000000000E+001    9.9951040000000E+006    2.6000000000000E+002    4.0910000000000E+003    4.7700000000000E+002    4.8280000000000E+003
     331    5.2000000000000E+001    9.9950890000000E+006    2.6700000000000E+002    4.1030000000000E+003    4.8400000000000E+002    4.8540000000000E+003
     332    7.9000000000000E+001    9.9950600000000E+006    2.6700000000000E+002    4.1040000000000E+003    4.8500000000000E+002    4.8560000000000E+003
     333    9.5000000000000E+001    9.9950360000000E+006    2.6500000000000E+002    4.1110000000000E+003    4.8800000000000E+002    4.8640000000000E+003
     334    1.0500000000000E+002    9.9949960000000E+006    2.7300000000000E+002    4.1330000000000E+003    4.8800000000000E+002    4.8940000000000E+003
     335    1.0000000000000E+002    9.9949860000000E+006    2.7600000000000E+002    4.1430000000000E+003    4.9000000000000E+002    4.9090000000000E+003
     336    8.5000000000000E+001    9.9949720000000E+006    2.9500000000000E+002    4.1530000000000E+003    4.9000000000000E+002    4.9380000000000E+003
     337    1.0500000000000E+002    9.9949280000000E+006    3.0200000000000E+002    4.1700000000000E+003    4.9000000000000E+002    4.9620000000000E+003
     338    9.0000000000000E+001    9.9949030000000E+006    3.2200000000000E+002    4.1880000000000E+003    4.9200000000000E+002    5.0020000000000E+003
     339    1.0300000000000E+002    9.9948800000000E+006    3.1400000000000E+002    4.2050000000000E+003    4.9300000000000E+002    5.0120000000000E+003
     340    1.1100000000000E+002    9.9948580000000E+006    3.2000000000000E+002    4.2100000000000E+003    4.9600000000000E+002    5.0260000000000E+003
     341    8.1000000000000E+001    9.9948440000000E+006    3.2200000000000E+002    4.2510000000000E+003    4.9700000000000E+002    5.0700000000000E+003
     342    7.0000000000000E+001    9.9948300000000E+006    3.1600000000000E+002    4.2810000000000E+003    4.9800000000000E+002    5.0950000000000E+003
     343    4.9000000000000E+001    9.9948280000000E+006    3.1700000000000E+002    4.3020000000000E+003    4.9900000000000E+002    5.1180000000000E+003
     344    3.2000000000000E+001    9.9948230000000E+006    3.1800000000000E+002    4.3200000000000E+003    5.0200000000000E+002    5.1400000000000E+003
     345    4.1000000000000E+001    9.9948000000000E+006    3.0600000000000E+002    4.3400000000000E+003    5.0800000000000E+002    5.1540000000000E+003
     346    5.3000000000000E+001    9.9947740000000E+006    3.1800000000000E+002    4.3420000000000E+003    5.0800000000000E+002    5.1680000000000E+003
     347    6.6000000000000E+001    9.9947590000000E+006    3.1200000000000E+002    4.3460000000000E+003    5.1200000000000E+002    5.1700000000000E+003
     348    7.7000000000000E+001    9.9947430000000E+006    2.8700000000000E+002    4.3720000000000E+003    5.1600000000000E+002    5.1750000000000E+003
     349    5.5000000000000E+001    9.9947420000000E+006    2.9500000000000E+002    4.3870000000000E+003    5.1600000000000E+002    5.1980000000000E+003
     350    3.6000000000000E+001    9.9947350000000E+006    2.9200000000000E+002    4.4150000000000E+003    5.1700000000000E+002    5.2240000000000E+003
     351    3.2000000000000E+001    9.9947240000000E+006    2.8300000000000E+002    4.4390000000000E+003    5.1700000000000E+002    5.2390000000000E+003
     352    3.8000000000000E+001    9.9947020000000E+006    2.5900000000000E+002    4.4790000000000E+003    5.1700000000000E+002    5.2550000000000E+003
     353    7.1000000000000E+001    9.9946680000000E+006    2.5000000000000E+002    4.4850000000000E+003    5.2100000000000E+002    5.2560000000000E+003
     354    9.7000000000000E+001    9.9946350000000E+006    2.4300000000000E+002    4.4990000000000E+003    5.2100000000000E+002    5.2630000000000E+003
     355    1.0200000000000E+002    9.9946190000000E+006    2.1000000000000E+002    4.5420000000000E+003    5.2200000000000E+002    5.2740000000000E+003
     356    9.2000000000000E+001    9.9946070000000E+006    2.0700000000000E+002    4.5660000000000E+003    5.2300000000000E+002    5.2960000000000E+003
     357    6.2000000000000E+001    9.9946030000000E+006    2.1800000000000E+002    4.5890000000000E+003    5.2300000000000E+002    5.3300000000000E+003
     358    5.5000000000000E+001    9.9945770000000E+006    2.2900000000000E+002    4.6110000000000E+003    5.2300000000000E+002    5.3630000000000E+003
     359    6.0000000000000E+001    9.9945560000000E+006    2.3100000000000E+002    4.6240000000000E+003    5.2400000000000E+002    5.3790000000000E+003
     360    6.5000000000000E+001    9.9945390000000E+006    2.2900000000000E+002    4.6360000000000E+003    5.2600000000000E+002    5.3910000000000E+003
     361    7.3000000000000E+001    9.9945270000000E+006    2.3100000000000E+002    4.6330000000000E+003    5.3100000000000E+002    5.3950000000000E+003
     362    5.7000000000000E+001    9.9945170000000E+006    2.5200000000000E+002    4.6370000000000E+003    5.3200000000000E+002    5.4210000000000E+003
     363    4.7000000000000E+001    9.9945060000000E+006    2.5000000000000E+002    4.6600000000000E+003    5.3200000000000E+002    5.4420000000000E+003
     364    4.8000000000000E+001    9.9944880000000E+006    2.4100000000000E+002    4.6850000000000E+003    5.3300000000000E+002    5.4590000000000E+003
     365    4.9000000000000E+001    9.9944750000000E+006    2.3800000000000E+002    4.7000000000000E+003    5.3300000000000E+002    5.4710000000000E+003
     366    4.9000000000000E+001    9.9944650000000E+006    2.3200000000000E+002    4.7140000000000E+003    5.3500000000000E+002    5.4810000000000E+003
     367    6.0000000000000E+001    9.9944430000000E+006    2.4200000000000E+002    4.7120000000000E+003    5.3800000000000E+002    5.4920000000000E+003
     368    5.2000000000000E+001    9.9944330000000E+006    2.5300000000000E+002    4.7170000000000E+003    5.4000000000000E+002    5.5100000000000E+003
     369    5.3000000000000E+001    9.9944190000000E+006    2.5500000000000E+002    4.7270000000000E+003    5.4100000000000E+002    5.5230000000000E+003
     370    4.8000000000000E+001    9.9944140000000E+006    2.4300000000000E+002    4.7480000000000E+003    5.4200000000000E+002    5.5330000000000E+003
     371    3.3000000000000E+001    9.9944070000000E+006    2.3100000000000E+002    4.7800000000000E+003    5.4400000000000E+002    5.5550000000000E+003
     372    4.2000000000000E+001    9.9943880000000E+006    2.0800000000000E+002    4.8120000000000E+003    5.4500000000000E+002    5.5650000000000E+003
     373    4.5000000000000E+001    9.9943710000000E+006    2.0600000000000E+002    4.8280000000000E+003    5.4500000000000E+002    5.5790000000000E+003
     374    5.7000000000000E+001    9.9943540000000E+006    1.9900000000000E+002    4.8400000000000E+003    5.4500000000000E+002    5.5840000000000E+003
     375    6.9000000000000E+001    9.9943350000000E+006    2.0200000000000E+002    4.8420000000000E+003    5.4700000000000E+002    5.5910000000000E+003
     376    7.0000000000000E+001    9.9943150000000E+006    1.9500000000000E+002    4.8680000000000E+003    5.4700000000000E+002    5.6100000000000E+003
     377    5.5000000000000E+001    9.9943130000000E+006    1.9100000000000E+002    4.8880000000000E+003    5.4800000000000E+002    5.6270000000000E+003
     378    4.4000000000000E+001    9.9943070000000E+006    1.9100000000000E+002    4.9050000000000E+003    5.4800000000000E+002    5.6440000000000E+003
     379    7.9000000000000E+001    9.9942530000000E+006    1.9800000000000E+002    4.9160000000000E+003    5.4900000000000E+002    5.6630000000000E+003
     380    6.7000000000000E+001    9.9942450000000E+006    2.0800000000000E+002    4.9250000000000E+003    5.5000000000000E+002    5.6830000000000E+003
     381    8.4000000000000E+001    9.9942260000000E+006    1.9900000000000E+002    4.9330000000000E+003    5.5300000000000E+002    5.6850000000000E+003
     382    1.0200000000000E+002    9.9942020000000E+006    1.8700000000000E+002    4.9480000000000E+003    5.5600000000000E+002    5.6910000000000E+003
     383    6.9000000000000E+001    9.9941810000000E+006    2.2800000000000E+002    4.9610000000000E+003    5.5600000000000E+002    5.7450000000000E+003
     384    6.6000000000000E+001    9.9941760000000E+006    2.2600000000000E+002    4.9650000000000E+003    5.6200000000000E+002    5.7530000000000E+003
     385    5.7000000000000E+001    9.9941660000000E+006    2.2300000000000E+002    4.9870000000000E+003    5.6200000000000E+002    5.7720000000000E+003
     386    4.4000000000000E+001    9.9941550000000E+006    2.3700000000000E+002    4.9970000000000E+003    5.6200000000000E+002    5.7960000000000E+003
     387    4.7000000000000E+001    9.9941310000000E+006    2.4400000000000E+002    5.0030000000000E+003    5.7000000000000E+002    5.8170000000000E+003
     388    8.4000000000000E+001    9.9940890000000E+006    2.4400000000000E+002    5.0060000000000E+003    5.7200000000000E+002    5.8220000000000E+003
     389    1.1200000000000E+002    9.9940510000000E+006    2.4700000000000E+002    5.0110000000000E+003    5.7400000000000E+002    5.8320000000000E+003
     390    1.4600000000000E+002    9.9940060000000E+006    2.3900000000000E+002    5.0270000000000E+003    5.7700000000000E+002    5.8430000000000E+003
     391    1.2800000000000E+002    9.9940000000000E+006    2.4600000000000E+002    5.0440000000000E+003    5.7700000000000E+002    5.8670000000000E+003
     392    1.0400000000000E+002    9.9939820000000E+006    2.7100000000000E+002    5.0610000000000E+003    5.7700000000000E+002    5.9090000000000E+003
     393    1.2900000000000E+002    9.9939190000000E+006    2.9000000000000E+002    5.0800000000000E+003    5.7700000000000E+002    5.9470000000000E+003
     394    1.0700000000000E+002    9.9938960000000E+006    3.1500000000000E+002    5.0990000000000E+003    5.7800000000000E+002    5.9920000000000E+003
     395    1.2200000000000E+002    9.9938750000000E+006    3.1900000000000E+002    5.1010000000000E+003    5.7800000000000E+002    5.9980000000000E+003
     396    1.3900000000000E+002    9.9938400000000E+006    3.3100000000000E+002    5.1030000000000E+003    5.8200000000000E+002    6.0160000000000E+003
     397    1.0100000000000E+002    9.9938150000000E+006    3.4000000000000E+002    5.1500000000000E+003    5.8900000000000E+002    6.0790000000000E+003
     398    8.5000000000000E+001    9.9938080000000E+006    3.5500000000000E+002    5.1540000000000E+003    5.9300000000000E+002    6.1020000000000E+003
     399    6.4000000000000E+001    9.9938080000000E+006    3.5700000000000E+002    5.1730000000000E+003    5.9300000000000E+002    6.1230000000000E+003
     400    4.9000000000000E+001    9.9937880000000E+006    3.6800000000000E+002    5.1950000000000E+003    5.9500000000000E+002    6.1580000000000E+003
     401    4.8000000000000E+001    9.9937640000000E+006    3.7200000000000E+002    5.2150000000000E+003    5.9600000000000E+002    6.1830000000000E+003
     402    6.8000000000000E+001    9.9937370000000E+006    3.7400000000000E+002    5.2190000000000E+003    5.9700000000000E+002    6.1900000000000E+003
     403    1.0300000000000E+002    9.9937020000000E+006    3.6400000000000E+002    5.2290000000000E+003    5.9700000000000E+002    6.1900000000000E+003
     404    1.0300000000000E+002    9.9936820000000E+006    3.7300000000000E+002    5.2350000000000E+003    6.0200000000000E+002    6.2100000000000E+003
     405    1.0600000000000E+002    9.9936550000000E+006    3.7300000000000E+002    5.2560000000000E+003    6.0500000000000E+002    6.2340000000000E+003
     406    9.1000000000000E+001    9.9936430000000E+006    3.5800000000000E+002    5.2970000000000E+003    6.0600000000000E+002    6.2610000000000E+003
     407    9.9000000000000E+001    9.9936000000000E+006    3.5500000000000E+002    5.3350000000000E+003    6.0600000000000E+002    6.2960000000000E+003
     408    1.1600000000000E+002    9.9935630000000E+006    3.3000000000000E+002    5.3770000000000E+003    6.0900000000000E+002    6.3160000000000E+003
     409    1.4900000000000E+002    9.9935030000000E+006    3.5100000000000E+002    5.3800000000000E+003    6.1200000000000E+002    6.3430000000000E+003
     410    1.8800000000000E+002    9.9934520000000E+006    3.4500000000000E+002    5.3970000000000E+003    6.1300000000000E+002    6.3550000000000E+003
     411    1.8900000000000E+002    9.9934080000000E+006    3.2500000000000E+002    5.4580000000000E+003    6.1500000000000E+002    6.3980000000000E+003
     412    1.7800000000000E+002    9.9933820000000E+006    3.3900000000000E+002    5.4800000000000E+003    6.1600000000000E+002    6.4350000000000E+003
     413    1.3800000000000E+002    9.9933620000000E+006    3.7800000000000E+002    5.4950000000000E+003    6.2200000000000E+002    6.4950000000000E+003
     414    1.1800000000000E+002    9.9933310000000E+006    3.9400000000000E+002    5.5290000000000E+003    6.2300000000000E+002    6.5460000000000E+003
     415    1.1300000000000E+002    9.9932920000000E+006    4.1300000000000E+002    5.5510000000000E+003    6.2600000000000E+002    6.5900000000000E+003
     416    1.2600000000000E+002    9.9932530000000E+006    4.3200000000000E+002    5.5550000000000E+003    6.2900000000000E+002    6.6160000000000E+003
     417    1.4700000000000E+002    9.9932120000000E+006    4.5200000000000E+002    5.5510000000000E+003    6.3300000000000E+002    6.6360000000000E+003
     418    1.4400000000000E+002    9.9931840000000E+006    4.6300000000000E+002    5.5630000000000E+003    6.4100000000000E+002    6.6670000000000E+003
     419    1.2000000000000E+002    9.9931690000000E+006    4.7800000000000E+002    5.5820000000000E+003    6.4600000000000E+002    6.7060000000000E+003
     420    1.0500000000000E+002    9.9931450000000E+006    4.9000000000000E+002    5.6050000000000E+003    6.5000000000000E+002    6.7450000000000E+003
     421    1.2000000000000E+002    9.9930890000000E+006    4.9600000000000E+002    5.6400000000000E+003    6.5000000000000E+002    6.7860000000000E+003
     422    1.4800000000000E+002    9.9930330000000E+006    5.0400000000000E+002    5.6570000000000E+003    6.5300000000000E+002    6.8140000000000E+003
     423    1.8500000000000E+002    9.9929810000000E+006    4.9200000000000E+002    5.6830000000000E+003    6.5400000000000E+002    6.8290000000000E+003
     424    1.9200000000000E+002    9.9929500000000E+006    5.0400000000000E+002    5.6930000000000E+003    6.5600000000000E+002    6.8530000000000E+003
     425    1.6800000000000E+002    9.9929180000000E+006    5.1700000000000E+002    5.7310000000000E+003    6.6100000000000E+002    6.9090000000000E+003
     426    1.4300000000000E+002    9.9928870000000E+006    5.3600000000000E+002    5.7670000000000E+003    6.6200000000000E+002    6.9650000000000E+003
     427    9.9000000000000E+001    9.9928790000000E+006    5.2800000000000E+002    5.8260000000000E+003    6.6300000000000E+002    7.0170000000000E+003
     428    1.1800000000000E+002    9.9928290000000E+006    5.0800000000000E+002    5.8770000000000E+003    6.6300000000000E+002    7.0480000000000E+003
     429    1.3500000000000E+002    9.9927800000000E+006    4.9600000000000E+002    5.9160000000000E+003    6.6800000000000E+002    7.0800000000000E+003
     430    1.6500000000000E+002    9.9927190000000E+006    5.0100000000000E+002    5.9370000000000E+003    6.7300000000000E+002    7.1110000000000E+003
     431    1.9800000000000E+002    9.9926780000000E+006    4.8900000000000E+002    5.9540000000000E+003    6.7600000000000E+002    7.1190000000000E+003
     432    2.0700000000000E+002    9.9926190000000E+006    5.0800000000000E+002    5.9850000000000E+003    6.7600000000000E+002    7.1690000000000E+003
     433    1.8900000000000E+002    9.9925880000000E+006    5.1800000000000E+002    6.0220000000000E+003    6.7800000000000E+002    7.2180000000000E+003
     434    1.6400000000000E+002    9.9925520000000E+006    5.4000000000000E+002    6.0570000000000E+003    6.8200000000000E+002    7.2790000000000E+003
     435    2.1500000000000E+002    9.9924600000000E+006    5.4000000000000E+002    6.0980000000000E+003    6.8200000000000E+002    7.3200000000000E+003
     436    2.2900000000000E+002    9.9923870000000E+006    5.7100000000000E+002    6.1200000000000E+003    6.8800000000000E+002    7.3790000000000E+003
     437    3.0100000000000E+002    9.9922840000000E+006    5.8700000000000E+002    6.1280000000000E+003    6.9500000000000E+002    7.4100000000000E+003
     438    3.5200000000000E+002    9.9921970000000E+006    5.9900000000000E+002    6.1490000000000E+003    6.9800000000000E+002    7.4460000000000E+003
     439    3.1900000000000E+002    9.9921380000000E+006    6.3500000000000E+002    6.2030000000000E+003    7.0000000000000E+002    7.5380000000000E+003
     440    2.7800000000000E+002    9.9921060000000E+006    6.5200000000000E+002    6.2530000000000E+003    7.0600000000000E+002    7.6110000000000E+003
     441    2.1500000000000E+002    9.9920660000000E+006    7.0300000000000E+002    6.3010000000000E+003    7.1000000000000E+002    7.7140000000000E+003
     442    2.2200000000000E+002    9.9919720000000E+006    7.5900000000000E+002    6.3290000000000E+003    7.1300000000000E+002    7.8010000000000E+003
     443    2.7300000000000E+002    9.9918620000000E+006    7.8600000000000E+002    6.3450000000000E+003    7.2900000000000E+002    7.8600000000000E+003
     444    3.6300000000000E+002    9.9917400000000E+006    7.8700000000000E+002    6.3690000000000E+003    7.3600000000000E+002    7.8920000000000E+003
     445    4.5000000000000E+002    9.9916130000000E+006    8.1900000000000E+002    6.3630000000000E+003    7.5000000000000E+002    7.9320000000000E+003
     446    4.5500000000000E+002    9.9915140000000E+006    8.6300000000000E+002    6.4020000000000E+003    7.6100000000000E+002    8.0260000000000E+003
     447    3.8300000000000E+002    9.9914760000000E+006    9.2400000000000E+002    6.4470000000000E+003    7.6500000000000E+002    8.1360000000000E+003
     448    2.9200000000000E+002    9.9914450000000E+006    9.8500000000000E+002    6.5050000000000E+003    7.6800000000000E+002    8.2580000000000E+003
     449    3.2500000000000E+002    9.9912850000000E+006    1.0710000000000E+003    6.5410000000000E+003    7.7300000000000E+002    8.3850000000000E+003
     450    3.1900000000000E+002    9.9911920000000E+006    1.1110000000000E+003    6.5870000000000E+003    7.8600000000000E+002    8.4840000000000E+003
     451    3.8400000000000E+002    9.9910890000000E+006    1.1180000000000E+003    6.6040000000000E+003    8.0000000000000E+002    8.5220000000000E+003
     452    4.6200000000000E+002    9.9909800000000E+006    1.1130000000000E+003    6.6220000000000E+003    8.1800000000000E+002    8.5530000000000E+003
     453    3.7500000000000E+002    9.9909070000000E+006    1.1810000000000E+003    6.7090000000000E+003    8.2300000000000E+002    8.7130000000000E+003
     454    3.1600000000000E+002    9.9908730000000E+006    1.2010000000000E+003    6.7700000000000E+003    8.3500000000000E+002    8.8060000000000E+003
     455    2.4700000000000E+002    9.9908390000000E+006    1.2010000000000E+003    6.8700000000000E+003    8.3800000000000E+002    8.9090000000000E+003
     456    2.6600000000000E+002    9.9907110000000E+006    1.2230000000000E+003    6.9530000000000E+003    8.4200000000000E+002    9.0180000000000E+003
     457    3.2700000000000E+002    9.9905770000000E+006    1.2370000000000E+003    6.9960000000000E+003    8.5800000000000E+002    9.0910000000000E+003
     458    4.5200000000000E+002    9.9904180000000E+006    1.2390000000000E+003    7.0200000000000E+003    8.6600000000000E+002    9.1250000000000E+003
     459    4.9100000000000E+002    9.9903450000000E+006    1.2330000000000E+003    7.0510000000000E+003    8.7500000000000E+002    9.1590000000000E+003
     460    4.6300000000000E+002    9.9902450000000E+006    1.2670000000000E+003    7.1380000000000E+003    8.8200000000000E+002    9.2870000000000E+003
     461    3.7100000000000E+002    9.9902030000000E+006    1.2910000000000E+003    7.2390000000000E+003    8.9100000000000E+002    9.4210000000000E+003
     462    2.4800000000000E+002    9.9901670000000E+006    1.3280000000000E+003    7.3570000000000E+003    8.9500000000000E+002    9.5800000000000E+003
     463    3.0000000000000E+002    9.9900420000000E+006    1.2740000000000E+003    7.4810000000000E+003    8.9800000000000E+002    9.6530000000000E+003
     464    2.9600000000000E+002    9.9899460000000E+006    1.2750000000000E+003    7.5710000000000E+003    9.0700000000000E+002    9.7530000000000E+003
     465    3.8200000000000E+002    9.9898180000000E+006    1.2790000000000E+003    7.5900000000000E+003    9.2600000000000E+002    9.7950000000000E+003
     466    4.6600000000000E+002    9.9896980000000E+006    1.2840000000000E+003    7.6090000000000E+003    9.3800000000000E+002    9.8310000000000E+003
     467    4.2800000000000E+002    9.9896110000000E+006    1.2490000000000E+003    7.7640000000000E+003    9.4300000000000E+002    9.9560000000000E+003
     468    3.6500000000000E+002    9.9895780000000E+006    1.2520000000000E+003    7.8490000000000E+003    9.5100000000000E+002    1.0052000000000E+004
     469    2.7300000000000E+002    9.9895420000000E+006    1.2770000000000E+003    7.9500000000000E+003    9.5300000000000E+002    1.0180000000000E+004
     470    2.7400000000000E+002    9.9894210000000E+006    1.2880000000000E+003    8.0560000000000E+003    9.5600000000000E+002    1.0300000000000E+004
     471    3.1600000000000E+002    9.9892920000000E+006    1.3020000000000E+003    8.1230000000000E+003    9.6200000000000E+002    1.0387000000000E+004
     472    3.7900000000000E+002    9.9891960000000E+006    1.3010000000000E+003    8.1430000000000E+003    9.7600000000000E+002    1.0420000000000E+004
     473    4.7400000000000E+002    9.9890650000000E+006    1.3030000000000E+003    8.1620000000000E+003    9.9100000000000E+002    1.0456000000000E+004
     474    4.7000000000000E+002    9.9889480000000E+006    1.2960000000000E+003    8.2790000000000E+003    1.0020000000000E+003    1.0577000000000E+004
     475    3.9700000000000E+002    9.9888920000000E+006    1.2910000000000E+003    8.4050000000000E+003    1.0100000000000E+003    1.0706000000000E+004
     476    3.4800000000000E+002    9.9888450000000E+006    1.2280000000000E+003    8.5630000000000E+003    1.0110000000000E+003    1.0802000000000E+004
     477    3.6700000000000E+002    9.9886950000000E+006    1.2860000000000E+003    8.6350000000000E+003    1.0120000000000E+003    1.0933000000000E+004
     478    4.0600000000000E+002    9.9885390000000E+006    1.3030000000000E+003    8.7200000000000E+003    1.0270000000000E+003    1.1050000000000E+004
     479    5.1200000000000E+002    9.9883770000000E+006    1.3170000000000E+003    8.7440000000000E+003    1.0450000000000E+003    1.1106000000000E+004
     480    6.2300000000000E+002    9.9882190000000E+006    1.3280000000000E+003    8.7710000000000E+003    1.0540000000000E+003    1.1153000000000E+004
     481    6.0200000000000E+002    9.9880900000000E+006    1.3530000000000E+003    8.8880000000000E+003    1.0620000000000E+003    1.1303000000000E+004
     482    5.1100000000000E+002    9.9880250000000E+006    1.4130000000000E+003    8.9740000000000E+003    1.0720000000000E+003    1.1459000000000E+004
     483    4.0500000000000E+002    9.9879690000000E+006    1.4470000000000E+003    9.0980000000000E+003    1.0760000000000E+003    1.1621000000000E+004
     484    4.5600000000000E+002    9.9877600000000E+006    1.4850000000000E+003    9.2140000000000E+003    1.0800000000000E+003    1.1779000000000E+004
     485    4.8000000000000E+002    9.9876070000000E+006    1.5270000000000E+003    9.2880000000000E+003    1.0930000000000E+003    1.1908000000000E+004
     486    5.5400000000000E+002    9.9874680000000E+006    1.5590000000000E+003    9.3030000000000E+003    1.1110000000000E+003    1.1973000000000E+004
     487    6.8100000000000E+002    9.9872850000000E+006    1.5790000000000E+003    9.3280000000000E+003    1.1220000000000E+003    1.2029000000000E+004
     488    6.5700000000000E+002    9.9871000000000E+006    1.6670000000000E+003    9.4310000000000E+003    1.1400000000000E+003    1.2238000000000E+004
     489    6.0600000000000E+002    9.9869980000000E+006    1.6910000000000E+003    9.5510000000000E+003    1.1490000000000E+003    1.2391000000000E+004
     490    5.2900000000000E+002    9.9869360000000E+006    1.7340000000000E+003    9.6420000000000E+003    1.1540000000000E+003    1.2530000000000E+004
     491    5.6700000000000E+002    9.9867150000000E+006    1.7860000000000E+003    9.7680000000000E+003    1.1590000000000E+003    1.2713000000000E+004
     492    5.9000000000000E+002    9.9865070000000E+006    1.8540000000000E+003    9.8680000000000E+003    1.1760000000000E+003    1.2898000000000E+004
     493    4.8800000000000E+002    9.9865070000000E+006    1.9000000000000E+003    9.9030000000000E+003    1.1970000000000E+003    1.3000000000000E+004
     494    4.2600000000000E+002    9.9865070000000E+006    1.9150000000000E+003    9.9380000000000E+003    1.2090000000000E+003    1.3062000000000E+004
     495    2.0500000000000E+002    9.9865070000000E+006    1.9860000000000E+003    1.0066000000000E+004    1.2310000000000E+003    1.3283000000000E+004
     496   -3.0000000000000E+000    9.9865070000000E+006    2.0380000000000E+003    1.0204000000000E+004    1.2490000000000E+003    1.3491000000000E+004
     497   -3.0000000000000E+000    9.9865070000000E+006    1.8760000000000E+003    1.0361000000000E+004    1.2540000000000E+003    1.3491000000000E+004
     498   -3.0000000000000E+000    9.9865070000000E+006    1.7180000000000E+003    1.0511000000000E+004    1.2620000000000E+003    1.3491000000000E+004
     499   -3.0000000000000E+000    9.9865070000000E+006    1.5890000000000E+003    1.0617000000000E+004    1.2850000000000E+003    1.3491000000000E+004
     500   -3.0000000000000E+000    9.9865070000000E+006    1.5240000000000E+003    1.0661000000000E+004    1.3060000000000E+003    1.3491000000000E+004
     501   -3.0000000000000E+000    9.9865070000000E+006    1.4680000000000E+003    1.0717000000000E+004    1.3060000000000E+003    1.3491000000000E+004
     502   -3.0000000000000E+000    9.9865070000000E+006    1.2590000000000E+003    1.0926000000000E+004    1.3060000000000E+003    1.3491000000000E+004
     503   -3.0000000000000E+000    9.9865070000000E+006    1.1060000000000E+003    1.1079000000000E+004    1.3060000000000E+003    1.3491000000000E+004
     504   -3.0000000000000E+000    9.9865070000000E+006    9.6700000000000E+002    1.1218000000000E+004    1.3060000000000E+003    1.3491000000000E+004
     505   -3.0000000000000E+000    9.9865070000000E+006    7.8400000000000E+002    1.1401000000000E+004    1.3060000000000E+003    1.3491000000000E+004
     506   -3.0000000000000E+000    9.9865070000000E+006    5.9900000000000E+002    1.1586000000000E+004    1.3060000000000E+003    1.3491000000000E+004
     507   -3.0000000000000E+000    9.9865070000000E+006    4.9700000000000E+002    1.1688000000000E+004    1.3060000000000E+003    1.3491000000000E+004
     508   -3.0000000000000E+000    9.9865070000000E+006    4.3500000000000E+002    1.1750000000000E+004    1.3060000000000E+003    1.3491000000000E+004
     509   -3.0000000000000E+000    9.9865070000000E+006    2.1400000000000E+002    1.1971000000000E+004    1.3060000000000E+003    1.3491000000000E+004
     510   -3.0000000000000E+000    9.9865070000000E+006    6.0000000000000E+000    1.2179000000000E+004    1.3060000000000E+003    1.3491000000000E+004
     511   -3.0000000000000E+000    9.9865070000000E+006    6.0000000000000E+000    1.2179000000000E+004    1.3060000000000E+003    1.3491000000000E+004
     512   -3.0000000000000E+000    9.9865070000000E+006    6.0000000000000E+000    1.2179000000000E+004    1.3060000000000E+003    1.3491000000000E+004
     513   -3.0000000000000E+000    9.9865070000000E+006    6.0000000000000E+000    1.2179000000000E+004    1.3060000000000E+003    1.3491000000000E+004
     514   -3.0000000000000E+000    9.9865070000000E+006    6.0000000000000E+000    1.2179000000000E+004    1.3060000000000E+003    1.3491000000000E+004
     515   -3.0000000000000E+000    9.9865070000000E+006    6.0000000000000E+000    1.2179000000000E+004    1.3060000000000E+003    1.3491000000000E+004
     516   -3.0000000000000E+000    9.9865070000000E+006    6.0000000000000E+000    1.2179000000000E+004    1.3060000000000E+003    1.3491000000000E+004
     517   -3.0000000000000E+000    9.9865070000000E+006    6.0000000000000E+000    1.2179000000000E+004    1.3060000000000E+003    1.3491000000000E+004
     518   -3.0000000000000E+000    9.9865070000000E+006    6.0000000000000E+000    1.2179000000000E+004    1.3060000000000E+003    1.3491000000000E+004
     519   -3.0000000000000E+000    9.9865070000000E+006    6.0000000000000E+000    1.2179000000000E+004    1.3060000000000E+003    1.3491000000000E+004
     520   -3.0000000000000E+000    9.9865070000000E+006    6.0000000000000E+000    1.2179000000000E+004    1.3060000000000E+003    1.3491000000000E+004
     521   -3.0000000000000E+000    9.9865070000000E+006    6.0000000000000E+000    1.2179000000000E+004    1.3060000000000E+003    1.3491000000000E+004
     522   -3.0000000000000E+000    9.9865070000000E+006    6.0000000000000E+000    1.2179000000000E+004    1.3060000000000E+003    1.3491000000000E+004
     523   -3.0000000000000E+000    9.9865070000000E+006    6.0000000000000E+000    1.2179000000000E+004    1.3060000000000E+003    1.3491000000000E+004
     524   -3.0000000000000E+000    9.9865070000000E+006    6.0000000000000E+000    1.2179000000000E+004    1.3060000000000E+003    1.3491000000000E+004
     525   -3.0000000000000E+000    9.9865070000000E+006    6.0000000000000E+000    1.2179000000000E+004    1.3060000000000E+003    1.3491000000000E+004
     526   -3.0000000000000E+000    9.9865070000000E+006    6.0000000000000E+000    1.2179000000000E+004    1.3060000000000E+003    1.3491000000000E+004
     527   -3.0000000000000E+000    9.9865070000000E+006    6.0000000000000E+000    1.2179000000000E+004    1.3060000000000E+003    1.3491000000000E+004
     528   -3.0000000000000E+000    9.9865070000000E+006    6.0000000000000E+000    1.2179000000000E+004    1.3060000000000E+003    1.3491000000000E+004
     529   -3.0000000000000E+000    9.9865070000000E+006    6.0000000000000E+000    1.2179000000000E+004    1.3060000000000E+003    1.3491000000000E+004
     530   -3.0000000000000E+000    9.9865070000000E+006    6.0000000000000E+000    1.2179000000000E+004    1.3060000000000E+003    1.3491000000000E+004
     531   -3.0000000000000E+000    9.9865070000000E+006    6.0000000000000E+000    1.2179000000000E+004    1.3060000000000E+003    1.3491000000000E+004
     532   -3.0000000000000E+000    9.9865070000000E+006    6.0000000000000E+000    1.2179000000000E+004    1.3060000000000E+003    1.3491000000000E+004
     533   -3.0000000000000E+000    9.9865070000000E+006    6.0000000000000E+000    1.2179000000000E+004    1.3060000000000E+003    1.3491000000000E+004
     534   -3.0000000000000E+000    9.9865070000000E+006    6.0000000000000E+000    1.2179000000000E+004    1.3060000000000E+003    1.3491000000000E+004
     535   -3.0000000000000E+000    9.9865070000000E+006    6.0000000000000E+000    1.2179000000000E+004    1.3060000000000E+003    1.3491000000000E+004
     536   -3.0000000000000E+000    9.9865070000000E+006    6.0000000000000E+000    1.2179000000000E+004    1.3060000000000E+003    1.3491000000000E+004
     537   -3.0000000000000E+000    9.9865070000000E+006    6.0000000000000E+000    1.2179000000000E+004    1.3060000000000E+003    1.3491000000000E+004
     538   -3.0000000000000E+000    9.9865070000000E+006    6.0000000000000E+000    1.2179000000000E+004    1.3060000000000E+003    1.3491000000000E+004
     539   -3.0000000000000E+000    9.9865070000000E+006    6.0000000000000E+000    1.2179000000000E+004    1.3060000000000E+003    1.3491000000000E+004
     540   -3.0000000000000E+000    9.9865070000000E+006    6.0000000000000E+000    1.2179000000000E+004    1.3060000000000E+003    1.3491000000000E+004
