       1    1.0000000000000E+000    1.0000000000000E+000    1.0000000000000E+000
       2    1.0000000000000E+000    1.0000000000000E+000    1.0000000000000E+000
       3    1.0000000000000E+000    1.0000000000000E+000    1.0000000000000E+000
       4    1.0000000000000E+000    1.0000000000000E+000    1.0000000000000E+000
       5    1.0000000000000E+000    1.0000000000000E+000    1.0000000000000E+000
       6    1.0000000000000E+000    1.0000000000000E+000    1.0000000000000E+000
       7    1.0000000000000E+000    1.0000000000000E+000    1.0000000000000E+000
       8    1.0000000000000E+000    1.0000000000000E+000    1.0000000000000E+000
       9    1.0000000000000E+000    1.0000000000000E+000    1.0000000000000E+000
      10    1.0000000000000E+000    1.0000000000000E+000    1.0000000000000E+000
      11    1.0000000000000E+000    1.0000000000000E+000    1.0000000000000E+000
      12    1.0000000000000E+000    1.0000000000000E+000    1.0000000000000E+000
      13    1.0000000000000E+000    1.0000000000000E+000    1.0000000000000E+000
      14    9.9999977499995E-001    1.0000000000000E+000    9.9999977499995E-001
      15    9.9999977499995E-001    1.0000000000000E+000    9.9999977499995E-001
      16    9.9999977499995E-001    1.0000000000000E+000    9.9999977499995E-001
      17    9.9999977499995E-001    1.0000000000000E+000    9.9999977499995E-001
      18    9.9999977499995E-001    1.0000000000000E+000    9.9999977499995E-001
      19    9.9999977499995E-001    1.0000000000000E+000    9.9999977499995E-001
      20    9.9999932499985E-001    1.0000000000000E+000    9.9999932499985E-001
      21    9.9999932499985E-001    1.0000000000000E+000    9.9999932499985E-001
      22    9.9999932499985E-001    1.0000000000000E+000    9.9999932499985E-001
      23    9.9999909999980E-001    1.0000000000000E+000    9.9999909999980E-001
      24    9.9999909999980E-001    1.0000000000000E+000    9.9999909999980E-001
      25    9.9999909999980E-001    1.0000000000000E+000    9.9999909999980E-001
      26    9.9999819999959E-001    1.0000000000000E+000    9.9999819999959E-001
      27    9.9999819999959E-001    1.0000000000000E+000    9.9999819999959E-001
      28    9.9999819999959E-001    1.0000000000000E+000    9.9999819999959E-001
      29    9.9999729999939E-001    1.0000000000000E+000    9.9999729999939E-001
      30    9.9999527499893E-001    1.0000000000000E+000    9.9999527499893E-001
      31    9.9999459999877E-001    1.0000000000000E+000    9.9999459999877E-001
      32    9.9999392499862E-001    1.0000000000000E+000    9.9999392499862E-001
      33    9.9999392499862E-001    1.0000000000000E+000    9.9999392499862E-001
      34    9.9999347499852E-001    1.0000000000000E+000    9.9999347499852E-001
      35    9.9999099999795E-001    1.0000000000000E+000    9.9999099999795E-001
      36    9.9998987499770E-001    1.0000000000000E+000    9.9998987499770E-001
      37    9.9998807499729E-001    1.0000000000000E+000    9.9998807499729E-001
      38    9.9998627499688E-001    1.0000000000000E+000    9.9998627499688E-001
      39    9.9998402499637E-001    1.0000000000000E+000    9.9998402499637E-001
      40    9.9998244999601E-001    1.0000000000000E+000    9.9998244999601E-001
      41    9.9997884999520E-001    1.0000000000000E+000    9.9997884999520E-001
      42    9.9997547499443E-001    1.0000000000000E+000    9.9997547499443E-001
      43    9.9997074999336E-001    1.0000000000000E+000    9.9997074999336E-001
      44    9.9996602499229E-001    1.0000000000000E+000    9.9996602499229E-001
      45    9.9995949999082E-001    1.0000000000000E+000    9.9995949999082E-001
      46    9.9995364998950E-001    1.0000000000000E+000    9.9995364998950E-001
      47    9.9994779998819E-001    1.0000000000000E+000    9.9994779998819E-001
      48    9.9993834998607E-001    1.0000000000000E+000    9.9993834998607E-001
      49    9.9993227498471E-001    1.0000000000000E+000    9.9993227498471E-001
      50    9.9992237498252E-001    1.0000000000000E+000    9.9992237498252E-001
      51    9.9991112498004E-001    1.0000000000000E+000    9.9991112498004E-001
      52    9.9989784997715E-001    1.0000000000000E+000    9.9989784997715E-001
      53    9.9988254997386E-001    1.0000000000000E+000    9.9988254997386E-001
      54    9.9986702497058E-001    1.0000000000000E+000    9.9986702497058E-001
      55    9.9984497496604E-001    1.0000000000000E+000    9.9984497496604E-001
      56    9.9981864996082E-001    1.0000000000000E+000    9.9981864996082E-001
      57    9.9979322495602E-001    1.0000000000000E+000    9.9979322495602E-001
      58    9.9977049995196E-001    1.0000000000000E+000    9.9977049995196E-001
      59    9.9973449994604E-001    1.0000000000000E+000    9.9973449994604E-001
      60    9.9968634993923E-001    1.0000000000000E+000    9.9968634993923E-001
      61    9.9963977493406E-001    1.0000000000000E+000    9.9963977493406E-001
      62    9.9958217492989E-001    1.0000000000000E+000    9.9958217492989E-001
      63    9.9952794992854E-001    1.0000000000000E+000    9.9952794992854E-001
      64    9.9946112493081E-001    1.0000000000000E+000    9.9946112493081E-001
      65    9.9939204993834E-001    1.0000000000000E+000    9.9939204993834E-001
      66    9.9931532495366E-001    1.0000000000000E+000    9.9931532495366E-001
      67    9.9921609998581E-001    1.0000000000000E+000    9.9921609998581E-001
      68    9.9910742503917E-001    1.0000000000000E+000    9.9910742503917E-001
      69    9.9898570012461E-001    1.0000000000000E+000    9.9898570012461E-001
      70    9.9883000027912E-001    1.0000000000000E+000    9.9883000027912E-001
      71    9.9865945051507E-001    1.0000000000000E+000    9.9865945051507E-001
      72    9.9846662587822E-001    1.0000000000000E+000    9.9846662587822E-001
      73    9.9822835148929E-001    1.0000000000000E+000    9.9822835148929E-001
      74    9.9800065226468E-001    1.0000000000000E+000    9.9800065226468E-001
      75    9.9770882857104E-001    1.0000000000000E+000    9.9770882857104E-001
      76    9.9740193037542E-001    1.0000000000000E+000    9.9740193037542E-001
      77    9.9702820825280E-001    1.0000000000000E+000    9.9702820825280E-001
      78    9.9661061247497E-001    1.0000000000000E+000    9.9661061247497E-001
      79    9.9612304394146E-001    1.0000000000000E+000    9.9612304394146E-001
      80    9.9558597825066E-001    1.0000000000000E+000    9.9558597825066E-001
      81    9.9496341731444E-001    1.0000000000000E+000    9.9496341731444E-001
      82    9.9423983869961E-001    1.0000000000000E+000    9.9423983869961E-001
      83    9.9339814637231E-001    1.0000000000000E+000    9.9339814637231E-001
      84    9.9245859417385E-001    1.0000000000000E+000    9.9245859417385E-001
      85    9.9136719187366E-001    1.0000000000000E+000    9.9136719187366E-001
      86    9.9013384942590E-001    1.0000000000000E+000    9.9013384942590E-001
      87    9.8874058297043E-001    1.0000000000000E+000    9.8874058297043E-001
      88    9.8720810909068E-001    1.0000000000000E+000    9.8720810909068E-001
      89    9.8539900552597E-001    1.0000000000000E+000    9.8539900552597E-001
      90    9.8334211859857E-001    1.0000000000000E+000    9.8334211859857E-001
      91    9.8096801583188E-001    1.0000000000000E+000    9.8096801583188E-001
      92    9.7827118530102E-001    1.0000000000000E+000    9.7827118530102E-001
      93    9.7515396297006E-001    1.0000000000000E+000    9.7515396297006E-001
      94    7.3279283680995E-001    7.5414287464940E-001    9.7168966444272E-001
      95    6.7093910633246E-001    6.9330504502982E-001    9.6774011835382E-001
      96    6.0038555380879E-001    6.2325002772121E-001    9.6331412291144E-001
      97    5.1972978837501E-001    5.4238767505246E-001    9.5822566087022E-001
      98    4.2960717853454E-001    4.5110437847354E-001    9.5234539728535E-001
      99    3.6324206181523E-001    3.8342645978622E-001    9.4735783758314E-001
     100    3.0269348159497E-001    3.2124667776941E-001    9.4224626289286E-001
     101    2.4943999183458E-001    2.6619565431944E-001    9.3705508631349E-001
     102    2.0268508322704E-001    2.1753448160587E-001    9.3173772604139E-001
     103    1.6945471910263E-001    1.8282432369503E-001    9.2687184986005E-001
     104    1.4532311974518E-001    1.5756122405364E-001    9.2232794342662E-001
     105    1.2950834347102E-001    1.4104980342004E-001    9.1817457614848E-001
     106    1.2118058117075E-001    1.3250923484714E-001    9.1450668559465E-001
     107    1.2001083038394E-001    1.3168980194300E-001    9.1131453319282E-001
     108    1.2438208701587E-001    1.3691098440170E-001    9.0848873492086E-001
     109    1.3556386587272E-001    1.4963042700899E-001    9.0599130526159E-001
     110    1.5384537155082E-001    1.7023487175537E-001    9.0372418978818E-001
     111    1.8116442842868E-001    2.0095366947835E-001    9.0152336555467E-001
     112    2.2107554601959E-001    2.4581635455829E-001    8.9935247155072E-001
     113    2.5396139102597E-001    2.8308266372444E-001    8.9712802502518E-001
     114    2.8938731966259E-001    3.2342112819841E-001    8.9476937166904E-001
     115    3.2527685195661E-001    3.6457966015777E-001    8.9219692567557E-001
     116    3.6070189568775E-001    4.0558147483782E-001    8.8934509603030E-001
     117    3.8336895487662E-001    4.3266858224252E-001    8.8605683567227E-001
     118    3.9596934038106E-001    4.4872000428844E-001    8.8244191610974E-001
     119    3.9754039308464E-001    4.5250583070014E-001    8.7853098482630E-001
     120    3.8744801227040E-001    4.4311375774929E-001    8.7437594860148E-001
     121    3.6715612638473E-001    4.2200262457223E-001    8.7003280312986E-001
     122    3.4046319775984E-001    3.9332945884819E-001    8.6559292750875E-001
     123    3.0928791551819E-001    3.5918004754342E-001    8.6109436655387E-001
     124    2.7725531518239E-001    3.2365483597903E-001    8.5663887685694E-001
     125    2.4664006007040E-001    2.8941507227495E-001    8.5220185020663E-001
     126    2.1963786762553E-001    2.5903248055428E-001    8.4791631982040E-001
     127    1.9763053768414E-001    2.3420015072965E-001    8.4385316178671E-001
     128    1.8011019046687E-001    2.1443025057790E-001    8.3994767520660E-001
     129    1.6727713191473E-001    2.0004376677495E-001    8.3620267010327E-001
     130    1.6007815824835E-001    1.9223659863721E-001    8.3271426660255E-001
     131    1.5985799906892E-001    1.9271097637681E-001    8.2952202346977E-001
     132    1.6480349237528E-001    1.9938725823454E-001    8.2654976970201E-001
     133    1.7428779776496E-001    2.1158275879342E-001    8.2373345899668E-001
     134    1.8810543483663E-001    2.2910161797811E-001    8.2105677164882E-001
     135    2.0680361167058E-001    2.5264037513905E-001    8.1856912837768E-001
     136    2.2715224129522E-001    2.7836195074828E-001    8.1603193498465E-001
     137    2.4904382094026E-001    3.0615042253572E-001    8.1346881339421E-001
     138    2.6989731238696E-001    3.3288424431611E-001    8.1078428010748E-001
     139    2.8934972311963E-001    3.5812682733322E-001    8.0795321946211E-001
     140    3.0452319482810E-001    3.7832607989584E-001    8.0492255493444E-001
     141    3.1497711311959E-001    3.9285845631899E-001    8.0175724374337E-001
     142    3.1997199976421E-001    4.0078586290567E-001    7.9836149270443E-001
     143    3.2069081211409E-001    4.0347255254230E-001    7.9482683541522E-001
     144    3.1781220272239E-001    4.0163704994331E-001    7.9129204531118E-001
     145    3.0933998092462E-001    3.9273694984967E-001    7.8765183933679E-001
     146    2.9688598368475E-001    3.7871408777872E-001    7.8393171330405E-001
     147    2.8209963861696E-001    3.6158657128022E-001    7.8017177910720E-001
     148    2.6614105198904E-001    3.4277654369563E-001    7.7642725817717E-001
     149    2.4920927818794E-001    3.2249752989208E-001    7.7274786653819E-001
     150    2.3521183704323E-001    3.0578415846800E-001    7.6920870663040E-001
     151    2.2186514143879E-001    2.8976969345185E-001    7.6566026900827E-001
     152    2.1132623290623E-001    2.7725838434745E-001    7.6219961175783E-001
     153    2.0358821557557E-001    2.6829548479732E-001    7.5882087888793E-001
     154    1.9970632475689E-001    2.6430725808078E-001    7.5558396014932E-001
     155    1.9844996280759E-001    2.6373750205185E-001    7.5245257600330E-001
     156    2.0155888893458E-001    2.6892681489061E-001    7.4949345983431E-001
     157    2.0769298487721E-001    2.7816053146901E-001    7.4666590468588E-001
     158    2.1436959811853E-001    2.8817915374694E-001    7.4387614555485E-001
     159    2.2289457205564E-001    3.0074905857197E-001    7.4113140408151E-001
     160    2.3275976949074E-001    3.1521958716759E-001    7.3840515934372E-001
     161    2.4294045440900E-001    3.3024014329249E-001    7.3564785912120E-001
     162    2.5304293612473E-001    3.4527122871751E-001    7.3288161618517E-001
     163    2.6133781319233E-001    3.5798530833282E-001    7.3002385044628E-001
     164    2.6733355521147E-001    3.6766242432215E-001    7.2711688093865E-001
     165    2.7294088325527E-001    3.7690255637402E-001    7.2416829931080E-001
     166    2.7591150305469E-001    3.8262349157721E-001    7.2110445157812E-001
     167    2.7730425911319E-001    3.8621680715739E-001    7.1800153171529E-001
     168    2.7655477407060E-001    3.8685745945353E-001    7.1487512341433E-001
     169    2.7380189331042E-001    3.8471513913688E-001    7.1170033475861E-001
     170    2.6950584824499E-001    3.8035031243439E-001    7.0857270109772E-001
     171    2.6293698634407E-001    3.7275140353212E-001    7.0539502696041E-001
     172    2.5620846037316E-001    3.6484704905789E-001    7.0223525456694E-001
     173    2.4846866129639E-001    3.5544650046327E-001    6.9903251536462E-001
     174    2.4223374435859E-001    3.4805791786819E-001    6.9595814927079E-001
     175    2.3642898353121E-001    3.4122491115010E-001    6.9288312724394E-001
     176    2.3104682298873E-001    3.3493354512391E-001    6.8982885217798E-001
     177    2.2831851963149E-001    3.3238868729119E-001    6.8690219722030E-001
     178    2.2620079132917E-001    3.3071307281926E-001    6.8397898335515E-001
     179    2.2548464481380E-001    3.3104364810901E-001    6.8113267269080E-001
     180    2.2635057089047E-001    3.3369824894715E-001    6.7830913588737E-001
     181    2.2855012882397E-001    3.3831255139811E-001    6.7555911797971E-001
     182    2.3151363743100E-001    3.4407954598903E-001    6.7284917144823E-001
     183    2.3505289001405E-001    3.5075227511203E-001    6.7013931681263E-001
     184    2.3790235758833E-001    3.5645221797906E-001    6.6741724581526E-001
     185    2.4193017813424E-001    3.6394638010502E-001    6.6474126783299E-001
     186    2.4557794957212E-001    3.7093546472833E-001    6.6205033738681E-001
     187    2.4912682695548E-001    3.7785997986458E-001    6.5930990374997E-001
     188    2.5159216765391E-001    3.8317122362673E-001    6.5660506880600E-001
     189    2.5407956949816E-001    3.8855950576934E-001    6.5390130913176E-001
     190    2.5573677568585E-001    3.9274454349201E-001    6.5115296933732E-001
     191    2.5547182116779E-001    3.9401744071098E-001    6.4837693658130E-001
     192    2.5530651108732E-001    3.9544839681601E-001    6.4561270988312E-001
     193    2.5447926166354E-001    3.9584842655468E-001    6.4287046402695E-001
     194    2.5282113963512E-001    3.9498002774707E-001    6.4008588251205E-001
     195    2.5079441748423E-001    3.9350045198407E-001    6.3734213320392E-001
     196    2.4820228832464E-001    3.9112106286486E-001    6.3459197647558E-001
     197    2.4564032088295E-001    3.8876731354704E-001    6.3184406796388E-001
     198    2.4345584677321E-001    3.8698187967259E-001    6.2911433212115E-001
     199    2.4132304787026E-001    3.8523419828671E-001    6.2643204820216E-001
     200    2.3924754511775E-001    3.8356912717641E-001    6.2374035908190E-001
     201    2.3786421775082E-001    3.8299861000992E-001    6.2105765278016E-001
     202    2.3660293635593E-001    3.8259348971504E-001    6.1841861588434E-001
     203    2.3578293462609E-001    3.8287855294494E-001    6.1581651103866E-001
     204    2.3564136033481E-001    3.8426405445570E-001    6.1322769486882E-001
     205    2.3640508882539E-001    3.8711386120504E-001    6.1068618956058E-001
     206    2.3749512509011E-001    3.9049981360557E-001    6.0818242881417E-001
     207    2.3831153887752E-001    3.9346245052924E-001    6.0567797144802E-001
     208    2.3974472371831E-001    3.9746567650742E-001    6.0318346435591E-001
     209    2.4049517970731E-001    4.0037589822343E-001    6.0067346904359E-001
     210    2.4145988913810E-001    4.0366092353887E-001    5.9817504013328E-001
     211    2.4246604085741E-001    4.0703902825236E-001    5.9568253663157E-001
     212    2.4346750900033E-001    4.1042574606162E-001    5.9320720334094E-001
     213    2.4459468998188E-001    4.1401525214727E-001    5.9078666477456E-001
     214    2.4555426775290E-001    4.1736466083873E-001    5.8834465586866E-001
     215    2.4580147922831E-001    4.1955970391189E-001    5.8585578390038E-001
     216    2.4636825087249E-001    4.2227312231224E-001    5.8343341750819E-001
     217    2.4648780774491E-001    4.2423934923894E-001    5.8101118669707E-001
     218    2.4597217946616E-001    4.2515114886328E-001    5.7855231045197E-001
     219    2.4508993968725E-001    4.2542248765993E-001    5.7610950712875E-001
     220    2.4395133926720E-001    4.2523765487664E-001    5.7368235495977E-001
     221    2.4272298962630E-001    4.2489953658790E-001    5.7124795092849E-001
     222    2.4255862495586E-001    4.2635896059366E-001    5.6890706511274E-001
     223    2.4240538040995E-001    4.2785987489969E-001    5.6655319797582E-001
     224    2.4145178338788E-001    4.2799392030333E-001    5.6414769447370E-001
     225    2.4165690361782E-001    4.3011728103074E-001    5.6183955929115E-001
     226    2.4136440280062E-001    4.3138623398770E-001    5.5950882013426E-001
     227    2.4041395639642E-001    4.3148512578628E-001    5.5717785394878E-001
     228    2.3992719246504E-001    4.3240723843316E-001    5.5486395957297E-001
     229    2.4011580206944E-001    4.3455133893694E-001    5.5256026286064E-001
     230    2.3977688995690E-001    4.3573816316759E-001    5.5027746069762E-001
     231    2.3923937507104E-001    4.3658441277033E-001    5.4797965312815E-001
     232    2.4004248539115E-001    4.3983637280411E-001    5.4575405817577E-001
     233    2.4075293095969E-001    4.4293787313587E-001    5.4353656700257E-001
     234    2.4144279220779E-001    4.4601571684286E-001    5.4133247571823E-001
     235    2.4227065599729E-001    4.4937091514671E-001    5.3913292523213E-001
     236    2.4231774510047E-001    4.5127745908658E-001    5.3695955829688E-001
     237    2.4237706059320E-001    4.5323135048200E-001    5.3477558499747E-001
     238    2.4306507188299E-001    4.5638019202825E-001    5.3259338623519E-001
     239    2.4297095957779E-001    4.5805471721599E-001    5.3044090682996E-001
     240    2.4276974772338E-001    4.5956529598708E-001    5.2825953100299E-001
     241    2.4338705617164E-001    4.6258769906740E-001    5.2614251667807E-001
     242    2.4334335892726E-001    4.6440448748795E-001    5.2399011095596E-001
     243    2.4350949378101E-001    4.6661478888564E-001    5.2186407199515E-001
     244    2.4409591802243E-001    4.6960420596459E-001    5.1979074063241E-001
     245    2.4456955437238E-001    4.7242006469914E-001    5.1769510367460E-001
     246    2.4461738495211E-001    4.7440147049931E-001    5.1563369880504E-001
     247    2.4443241459481E-001    4.7595493384694E-001    5.1356209845158E-001
     248    2.4440290875631E-001    4.7780156626223E-001    5.1151550353474E-001
     249    2.4417327704649E-001    4.7928053544303E-001    5.0945794579532E-001
     250    2.4329135470797E-001    4.7951072914047E-001    5.0737416270972E-001
     251    2.4298461944608E-001    4.8084737058650E-001    5.0532587741866E-001
     252    2.4304871084003E-001    4.8290192101751E-001    5.0330864356039E-001
     253    2.4307241793320E-001    4.8486845283624E-001    5.0131621579286E-001
     254    2.4358849659285E-001    4.8782493711989E-001    4.9933588477660E-001
     255    2.4298319260057E-001    4.8857731861927E-001    4.9732802432838E-001
     256    2.4279745086243E-001    4.9018246266759E-001    4.9532055786150E-001
     257    2.4300334567459E-001    4.9253923516917E-001    4.9336850411750E-001
     258    2.4276850251679E-001    4.9400301780296E-001    4.9143121351057E-001
     259    2.4254756192782E-001    4.9552619331140E-001    4.8947475471876E-001
     260    2.4230606371818E-001    4.9698838139928E-001    4.8754874920005E-001
     261    2.4210507074258E-001    4.9855161863611E-001    4.8561685830027E-001
     262    2.4188766995664E-001    5.0007044479198E-001    4.8370719060845E-001
     263    2.4195860638144E-001    5.0218645452219E-001    4.8181030014371E-001
     264    2.4233096489416E-001    5.0494759649905E-001    4.7991309707049E-001
     265    2.4228137944906E-001    5.0684771823168E-001    4.7801611950497E-001
     266    2.4238994893614E-001    5.0905087115274E-001    4.7616056208145E-001
     267    2.4205273626666E-001    5.1034381812075E-001    4.7429346192137E-001
     268    2.4200772713080E-001    5.1222825270253E-001    4.7246071620212E-001
     269    2.4210539644732E-001    5.1444574925113E-001    4.7061404783644E-001
     270    2.4245453695399E-001    5.1719469979230E-001    4.6878774483064E-001
     271    2.4214357572589E-001    5.1855159690124E-001    4.6696139241088E-001
     272    2.4196387237975E-001    5.2017426294453E-001    4.6515925453534E-001
     273    2.4209655548107E-001    5.2247577428387E-001    4.6336417379905E-001
     274    2.4190270790630E-001    5.2408443191882E-001    4.6157201621241E-001
     275    2.4166622646224E-001    5.2562254420948E-001    4.5977142556869E-001
     276    2.4137947972287E-001    5.2704355487985E-001    4.5798772698757E-001
     277    2.4146615511622E-001    5.2924630041897E-001    4.5624533402514E-001
     278    2.4161991465371E-001    5.3160735741780E-001    4.5450822168327E-001
     279    2.4196631247588E-001    5.3439359404382E-001    4.5278670098736E-001
     280    2.4166390329313E-001    5.3577723984496E-001    4.5105294760758E-001
     281    2.4203250361998E-001    5.3861443817692E-001    4.4936133617065E-001
     282    2.4210918164031E-001    5.4080994748740E-001    4.4767886161330E-001
     283    2.4187936937342E-001    5.4237919038571E-001    4.4595989975465E-001
     284    2.4172209768810E-001    5.4409358128486E-001    4.4426566679445E-001
     285    2.4140816731930E-001    5.4548192705742E-001    4.4255942377701E-001
     286    2.4109268760464E-001    5.4684964901860E-001    4.4087563745778E-001
     287    2.4122135604257E-001    5.4918717142181E-001    4.3923341366126E-001
     288    2.4169477599096E-001    5.5229223861025E-001    4.3762117063088E-001
     289    2.4175091786993E-001    5.5451427366065E-001    4.3596879170305E-001
     290    2.4145518591172E-001    5.5595804845350E-001    4.3430468644778E-001
     291    2.4079722542690E-001    5.5656298164837E-001    4.3265045173096E-001
     292    2.4087981493593E-001    5.5880888531158E-001    4.3105938589653E-001
     293    2.4048130312248E-001    5.5998135502804E-001    4.2944519663595E-001
     294    2.4062241758327E-001    5.6238276622506E-001    4.2786236000514E-001
     295    2.4040223541181E-001    5.6394035557662E-001    4.2629017951021E-001
     296    2.4029615543838E-001    5.6575467494932E-001    4.2473560728402E-001
     297    2.4058477371135E-001    5.6851806459710E-001    4.2317876720742E-001
     298    2.4031660590525E-001    5.7000931839544E-001    4.2160118817309E-001
     299    2.4038695977554E-001    5.7229616901778E-001    4.2003943550436E-001
     300    2.4054906134506E-001    5.7478072196369E-001    4.1850579212755E-001
     301    2.4038111126339E-001    5.7647475483835E-001    4.1698462811401E-001
     302    2.4003105407784E-001    5.7772418589939E-001    4.1547690045929E-001
     303    2.4033078017921E-001    5.8053198562961E-001    4.1398370137790E-001
     304    2.4051394706154E-001    5.8310533880292E-001    4.1247083683935E-001
     305    2.4123589682123E-001    5.8693476300959E-001    4.1100972718717E-001
     306    2.4112874304374E-001    5.8877722298781E-001    4.0954156110203E-001
     307    2.4123785922984E-001    5.9116861340332E-001    4.0806946404181E-001
     308    2.4144929449624E-001    5.9377482118856E-001    4.0663444437224E-001
     309    2.4112160280863E-001    5.9511669166216E-001    4.0516692975823E-001
     310    2.4098353754554E-001    5.9689172987799E-001    4.0373073621711E-001
     311    2.4059821923619E-001    5.9809662154099E-001    4.0227316217953E-001
     312    2.4078383756395E-001    6.0069528393844E-001    4.0084189771768E-001
     313    2.4101245841435E-001    6.0339279969018E-001    3.9942879420852E-001
     314    2.4107217429343E-001    6.0566584661217E-001    3.9802834457627E-001
     315    2.4083959947082E-001    6.0723555361835E-001    3.9661643333583E-001
     316    2.4040557796826E-001    6.0831204248556E-001    3.9520108296059E-001
     317    2.4052539104592E-001    6.1071372005057E-001    3.9384311036275E-001
     318    2.4054546886673E-001    6.1291800290895E-001    3.9245946068655E-001
     319    2.4018963491442E-001    6.1414872893930E-001    3.9109359605654E-001
     320    2.4034978140372E-001    6.1665714514653E-001    3.8976242032615E-001
     321    2.4051633513002E-001    6.1920379434948E-001    3.8842839356742E-001
     322    2.4001544049453E-001    6.2007401488271E-001    3.8707546959524E-001
     323    2.4001449948525E-001    6.2223002468588E-001    3.8573275149559E-001
     324    2.3996213719910E-001    6.2422708353036E-001    3.8441481238202E-001
     325    2.4013834746591E-001    6.2683637919590E-001    3.8309574146599E-001
     326    2.4008382078149E-001    6.2884960311023E-001    3.8178257502916E-001
     327    2.3985628083071E-001    6.3041700237793E-001    3.8047241734594E-001
     328    2.3976887452171E-001    6.3232655949261E-001    3.7918520252274E-001
     329    2.3964877302721E-001    6.3418423579323E-001    3.7788509947343E-001
     330    2.4003406404699E-001    6.3733334404939E-001    3.7662247909689E-001
     331    2.3948328370805E-001    6.3804765191789E-001    3.7533761465651E-001
     332    2.3958239661963E-001    6.4045509126470E-001    3.7408149281245E-001
     333    2.3916343773381E-001    6.4153231310557E-001    3.7280029836073E-001
     334    2.3874965320264E-001    6.4257511970071E-001    3.7155135000222E-001
     335    2.3839643008809E-001    6.4378432734165E-001    3.7030480545012E-001
     336    2.3890930678771E-001    6.4725638342165E-001    3.6911077728541E-001
     337    2.3909434623525E-001    6.4988954526097E-001    3.6789997312426E-001
     338    2.3910620473291E-001    6.5205198787802E-001    3.6669806883196E-001
     339    2.3933186574530E-001    6.5478421989331E-001    3.6551257417947E-001
     340    2.3941128230085E-001    6.5714396374625E-001    3.6432090304233E-001
     341    2.3969347390741E-001    6.6004243668244E-001    3.6314858043398E-001
     342    2.3966689624401E-001    6.6211362791370E-001    3.6197245629756E-001
     343    2.4013192066817E-001    6.6550873509220E-001    3.6082459629159E-001
     344    2.3981767844925E-001    6.6681220255532E-001    3.5964800513583E-001
     345    2.3995525065176E-001    6.6935372342049E-001    3.5848795973757E-001
     346    2.4002919729164E-001    6.7169373272186E-001    3.5734916912056E-001
     347    2.4020980246276E-001    6.7437453742594E-001    3.5619642962742E-001
     348    2.4021809121972E-001    6.7655772365558E-001    3.5505926962413E-001
     349    2.4027751287603E-001    6.7888681958964E-001    3.5392867550628E-001
     350    2.3998029803935E-001    6.8018351651116E-001    3.5281698573096E-001
     351    2.3992657609339E-001    6.8217147847773E-001    3.5171006654922E-001
     352    2.3984848840327E-001    6.8409022039192E-001    3.5060943900916E-001
     353    2.3960314383277E-001    6.8553974471452E-001    3.4951021538883E-001
     354    2.3937804249130E-001    6.8706404317369E-001    3.4840717524027E-001
     355    2.3931521117028E-001    6.8900357987656E-001    3.4733522170256E-001
     356    2.3916313428894E-001    6.9071857722185E-001    3.4625264496414E-001
     357    2.3911777049819E-001    6.9268393780915E-001    3.4520472822639E-001
     358    2.3914919474914E-001    6.9492400047933E-001    3.4413719282135E-001
     359    2.3903034585820E-001    6.9673421669759E-001    3.4307249468981E-001
     360    2.3860524174983E-001    6.9767214000819E-001    3.4200196348248E-001
     361    2.3849393536742E-001    6.9950887585554E-001    3.4094483086540E-001
     362    2.3881501508546E-001    7.0252545749766E-001    3.3993788059454E-001
     363    2.3874223705353E-001    7.0445292374327E-001    3.3890445905870E-001
     364    2.3845465023605E-001    7.0575748538196E-001    3.3787052234664E-001
     365    2.3849787350231E-001    7.0798489341537E-001    3.3686859101157E-001
     366    2.3821331169193E-001    7.0929489671061E-001    3.3584523559475E-001
     367    2.3793395634495E-001    7.1062456570332E-001    3.3482371399511E-001
     368    2.3817440416644E-001    7.1343382877281E-001    3.3384231944276E-001
     369    2.3824561416035E-001    7.1572047313293E-001    3.3287522587901E-001
     370    2.3830509560207E-001    7.1800764006965E-001    3.3189771571087E-001
     371    2.3826213430483E-001    7.1994861597151E-001    3.3094324930858E-001
     372    2.3811529673604E-001    7.2164370476316E-001    3.2996241104076E-001
     373    2.3820708963648E-001    7.2402396023267E-001    3.2900442902459E-001
     374    2.3828717211845E-001    7.2639582573264E-001    3.2804039296084E-001
     375    2.3843048825382E-001    7.2893548844935E-001    3.2709408724362E-001
     376    2.3805602920231E-001    7.2989831926088E-001    3.2614957853770E-001
     377    2.3812167664585E-001    7.3218970466017E-001    3.2521855351185E-001
     378    2.3811474219817E-001    7.3428498520516E-001    3.2428109929504E-001
     379    2.3792143095218E-001    7.3578576109177E-001    3.2335693830110E-001
     380    2.3822586951563E-001    7.3878557878843E-001    3.2245603644065E-001
     381    2.3828666935384E-001    7.4108806684816E-001    3.2153623842207E-001
     382    2.3815814399615E-001    7.4276623835583E-001    3.2063673831397E-001
     383    2.3775677396586E-001    7.4362459537446E-001    3.1972688295245E-001
     384    2.3771371336484E-001    7.4556148134982E-001    3.1883851206271E-001
     385    2.3754275462833E-001    7.4708343966639E-001    3.1796013941148E-001
     386    2.3759082095240E-001    7.4931592842294E-001    3.1707696572319E-001
     387    2.3732773150782E-001    7.5059118174496E-001    3.1618774278174E-001
     388    2.3719005548316E-001    7.5225824543636E-001    3.1530402879875E-001
     389    2.3700875801171E-001    7.5376623748810E-001    3.1443270635407E-001
     390    2.3718906496579E-001    7.5635567094366E-001    3.1359461438275E-001
     391    2.3716149928415E-001    7.5830812384431E-001    3.1275083548075E-001
     392    2.3716569502091E-001    7.6037990765954E-001    3.1190421081865E-001
     393    2.3715073108779E-001    7.6237556718092E-001    3.1106811563324E-001
     394    2.3676178479019E-001    7.6320513759201E-001    3.1022037605407E-001
     395    2.3656216002341E-001    7.6465206921299E-001    3.0937228779998E-001
     396    2.3641091495165E-001    7.6620735914927E-001    3.0854691243653E-001
     397    2.3642425313328E-001    7.6829254989521E-001    3.0772685894914E-001
     398    2.3634993654575E-001    7.7007357940956E-001    3.0691864110825E-001
     399    2.3612914825432E-001    7.7139509929826E-001    3.0610662223435E-001
     400    2.3591987621345E-001    7.7276945557454E-001    3.0529140937390E-001
