       1    4.0000000000000E+000    9.9999900000000E+006    9.0000000000000E+000    0.0000000000000E+000    0.0000000000000E+000    9.0000000000000E+000
       2    6.0000000000000E+000    9.9999880000000E+006    9.0000000000000E+000    0.0000000000000E+000    0.0000000000000E+000    9.0000000000000E+000
       3    5.0000000000000E+000    9.9999870000000E+006    1.1000000000000E+001    0.0000000000000E+000    0.0000000000000E+000    1.1000000000000E+001
       4    3.0000000000000E+000    9.9999840000000E+006    1.6000000000000E+001    0.0000000000000E+000    0.0000000000000E+000    1.6000000000000E+001
       5    1.9000000000000E+001    9.9999680000000E+006    1.6000000000000E+001    0.0000000000000E+000    0.0000000000000E+000    1.6000000000000E+001
       6    3.7000000000000E+001    9.9999480000000E+006    1.8000000000000E+001    0.0000000000000E+000    0.0000000000000E+000    1.8000000000000E+001
       7    6.3000000000000E+001    9.9999210000000E+006    1.9000000000000E+001    0.0000000000000E+000    0.0000000000000E+000    1.9000000000000E+001
       8    8.4000000000000E+001    9.9998970000000E+006    2.2000000000000E+001    0.0000000000000E+000    0.0000000000000E+000    2.2000000000000E+001
       9    7.4000000000000E+001    9.9998910000000E+006    3.8000000000000E+001    0.0000000000000E+000    0.0000000000000E+000    3.8000000000000E+001
      10    9.7000000000000E+001    9.9998480000000E+006    5.8000000000000E+001    0.0000000000000E+000    0.0000000000000E+000    5.8000000000000E+001
      11    1.1100000000000E+002    9.9998070000000E+006    8.5000000000000E+001    0.0000000000000E+000    0.0000000000000E+000    8.5000000000000E+001
      12    1.2500000000000E+002    9.9997690000000E+006    1.0900000000000E+002    0.0000000000000E+000    0.0000000000000E+000    1.0900000000000E+002
      13    1.8700000000000E+002    9.9997010000000E+006    1.1500000000000E+002   -4.0000000000000E+000    4.0000000000000E+000    1.1500000000000E+002
      14    1.7000000000000E+002    9.9996750000000E+006    1.5800000000000E+002   -5.0000000000000E+000    5.0000000000000E+000    1.5800000000000E+002
      15    1.5800000000000E+002    9.9996460000000E+006    1.9900000000000E+002   -1.0000000000000E+001    1.0000000000000E+001    1.9900000000000E+002
      16    1.4000000000000E+002    9.9996260000000E+006    2.3700000000000E+002   -1.0000000000000E+001    1.0000000000000E+001    2.3700000000000E+002
      17    1.3200000000000E+002    9.9995660000000E+006    3.0500000000000E+002   -1.1000000000000E+001    1.1000000000000E+001    3.0500000000000E+002
      18    1.8700000000000E+002    9.9994850000000E+006    3.2300000000000E+002   -1.0000000000000E+001    1.8000000000000E+001    3.3100000000000E+002
      19    2.0700000000000E+002    9.9994360000000E+006    3.5200000000000E+002   -1.6000000000000E+001    2.4000000000000E+001    3.6000000000000E+002
      20    2.5700000000000E+002    9.9993660000000E+006    3.7000000000000E+002   -1.4000000000000E+001    2.4000000000000E+001    3.8000000000000E+002
      21    2.8600000000000E+002    9.9992770000000E+006    4.2900000000000E+002   -2.2000000000000E+001    3.3000000000000E+001    4.4000000000000E+002
      22    2.7900000000000E+002    9.9992030000000E+006    5.0700000000000E+002   -2.1000000000000E+001    3.5000000000000E+001    5.2100000000000E+002
      23    2.8000000000000E+002    9.9991530000000E+006    5.4000000000000E+002   -9.0000000000000E+000    3.9000000000000E+001    5.7000000000000E+002
      24    3.0500000000000E+002    9.9990580000000E+006    5.9000000000000E+002    1.1000000000000E+001    3.9000000000000E+001    6.4000000000000E+002
      25    2.7700000000000E+002    9.9989970000000E+006    6.5200000000000E+002    3.4000000000000E+001    4.3000000000000E+001    7.2900000000000E+002
      26    2.8800000000000E+002    9.9989120000000E+006    7.0200000000000E+002    5.0000000000000E+001    5.1000000000000E+001    8.0300000000000E+002
      27    3.4500000000000E+002    9.9988050000000E+006    7.4600000000000E+002    5.3000000000000E+001    5.4000000000000E+001    8.5300000000000E+002
      28    3.7100000000000E+002    9.9986840000000E+006    7.9800000000000E+002    9.2000000000000E+001    5.8000000000000E+001    9.4800000000000E+002
      29    3.9000000000000E+002    9.9986040000000E+006    8.1800000000000E+002    1.2300000000000E+002    6.8000000000000E+001    1.0090000000000E+003
      30    3.9000000000000E+002    9.9985190000000E+006    8.6500000000000E+002    1.5500000000000E+002    7.4000000000000E+001    1.0940000000000E+003
      31    4.3900000000000E+002    9.9983630000000E+006    9.0400000000000E+002    2.1900000000000E+002    7.8000000000000E+001    1.2010000000000E+003
      32    4.9100000000000E+002    9.9981900000000E+006    9.9900000000000E+002    2.3400000000000E+002    8.9000000000000E+001    1.3220000000000E+003
      33    5.7900000000000E+002    9.9980220000000E+006    1.0500000000000E+003    2.5800000000000E+002    9.4000000000000E+001    1.4020000000000E+003
      34    6.7800000000000E+002    9.9978380000000E+006    1.1150000000000E+003    2.6800000000000E+002    1.0400000000000E+002    1.4870000000000E+003
      35    7.6500000000000E+002    9.9975950000000E+006    1.2110000000000E+003    3.1600000000000E+002    1.1600000000000E+002    1.6430000000000E+003
      36    7.2500000000000E+002    9.9974620000000E+006    1.3030000000000E+003    3.8000000000000E+002    1.3300000000000E+002    1.8160000000000E+003
      37    7.0400000000000E+002    9.9973150000000E+006    1.4220000000000E+003    4.2300000000000E+002    1.3900000000000E+002    1.9840000000000E+003
      38    8.5200000000000E+002    9.9969830000000E+006    1.5360000000000E+003    4.8500000000000E+002    1.4700000000000E+002    2.1680000000000E+003
      39    9.4500000000000E+002    9.9966470000000E+006    1.6900000000000E+003    5.6100000000000E+002    1.6000000000000E+002    2.4110000000000E+003
      40    1.1480000000000E+003    9.9963110000000E+006    1.7490000000000E+003    6.2400000000000E+002    1.7100000000000E+002    2.5440000000000E+003
      41    1.3210000000000E+003    9.9959910000000E+006    1.8460000000000E+003    6.5800000000000E+002    1.8700000000000E+002    2.6910000000000E+003
      42    1.4440000000000E+003    9.9955360000000E+006    2.0830000000000E+003    7.3600000000000E+002    2.0400000000000E+002    3.0230000000000E+003
      43    1.3650000000000E+003    9.9952790000000E+006    2.3580000000000E+003    7.7200000000000E+002    2.2900000000000E+002    3.3590000000000E+003
      44    1.3310000000000E+003    9.9949770000000E+006    2.6090000000000E+003    8.4500000000000E+002    2.4100000000000E+002    3.6950000000000E+003
      45    1.6300000000000E+003    9.9943580000000E+006    2.8220000000000E+003    9.3500000000000E+002    2.5800000000000E+002    4.0150000000000E+003
      46    1.7790000000000E+003    9.9937540000000E+006    3.1560000000000E+003    1.0250000000000E+003    2.8900000000000E+002    4.4700000000000E+003
      47    2.0650000000000E+003    9.9932110000000E+006    3.3330000000000E+003    1.0780000000000E+003    3.1600000000000E+002    4.7270000000000E+003
      48    2.2660000000000E+003    9.9927080000000E+006    3.5500000000000E+003    1.1230000000000E+003    3.5600000000000E+002    5.0290000000000E+003
      49    2.3150000000000E+003    9.9920400000000E+006    4.0130000000000E+003    1.2480000000000E+003    3.8700000000000E+002    5.6480000000000E+003
      50    2.1010000000000E+003    9.9916500000000E+006    4.4440000000000E+003    1.3720000000000E+003    4.3600000000000E+002    6.2520000000000E+003
      51    1.9140000000000E+003    9.9912940000000E+006    4.8190000000000E+003    1.5140000000000E+003    4.6200000000000E+002    6.7950000000000E+003
      52    2.0920000000000E+003    9.9906130000000E+006    5.1380000000000E+003    1.6710000000000E+003    4.8900000000000E+002    7.2980000000000E+003
      53    2.1280000000000E+003    9.9899090000000E+006    5.5630000000000E+003    1.8520000000000E+003    5.5100000000000E+002    7.9660000000000E+003
      54    2.5410000000000E+003    9.9891060000000E+006    5.8200000000000E+003    1.9230000000000E+003    6.1300000000000E+002    8.3560000000000E+003
      55    2.9400000000000E+003    9.9883510000000E+006    6.0290000000000E+003    2.0200000000000E+003    6.6300000000000E+002    8.7120000000000E+003
      56    2.7600000000000E+003    9.9878500000000E+006    6.3780000000000E+003    2.3000000000000E+003    7.1500000000000E+002    9.3930000000000E+003
      57    2.5520000000000E+003    9.9873540000000E+006    6.7460000000000E+003    2.5750000000000E+003    7.7600000000000E+002    1.0097000000000E+004
      58    2.1220000000000E+003    9.9869810000000E+006    7.2130000000000E+003    2.8720000000000E+003    8.1500000000000E+002    1.0900000000000E+004
      59    2.3490000000000E+003    9.9859990000000E+006    7.6480000000000E+003    3.1490000000000E+003    8.5800000000000E+002    1.1655000000000E+004
      60    2.6310000000000E+003    9.9852160000000E+006    7.6940000000000E+003    3.5320000000000E+003    9.3000000000000E+002    1.2156000000000E+004
      61    3.0840000000000E+003    9.9842670000000E+006    7.9330000000000E+003    3.7130000000000E+003    1.0060000000000E+003    1.2652000000000E+004
      62    3.7190000000000E+003    9.9832590000000E+006    8.0040000000000E+003    3.9420000000000E+003    1.0790000000000E+003    1.3025000000000E+004
      63    3.8470000000000E+003    9.9821490000000E+006    8.3670000000000E+003    4.4890000000000E+003    1.1510000000000E+003    1.4007000000000E+004
      64    3.6390000000000E+003    9.9815740000000E+006    8.5460000000000E+003    5.0480000000000E+003    1.1960000000000E+003    1.4790000000000E+004
      65    3.2190000000000E+003    9.9810450000000E+006    8.9520000000000E+003    5.5410000000000E+003    1.2460000000000E+003    1.5739000000000E+004
      66    3.2800000000000E+003    9.9799760000000E+006    9.4570000000000E+003    6.0150000000000E+003    1.2750000000000E+003    1.6747000000000E+004
      67    3.2280000000000E+003    9.9789180000000E+006    9.8990000000000E+003    6.5740000000000E+003    1.3840000000000E+003    1.7857000000000E+004
      68    3.7700000000000E+003    9.9778010000000E+006    1.0084000000000E+004    6.9040000000000E+003    1.4440000000000E+003    1.8432000000000E+004
      69    4.2930000000000E+003    9.9767490000000E+006    1.0257000000000E+004    7.1660000000000E+003    1.5380000000000E+003    1.8961000000000E+004
      70    4.4800000000000E+003    9.9754930000000E+006    1.0645000000000E+004    7.7260000000000E+003    1.6590000000000E+003    2.0030000000000E+004
      71    4.2060000000000E+003    9.9747090000000E+006    1.0999000000000E+004    8.3210000000000E+003    1.7680000000000E+003    2.1088000000000E+004
      72    3.5710000000000E+003    9.9742270000000E+006    1.1313000000000E+004    9.0690000000000E+003    1.8230000000000E+003    2.2205000000000E+004
      73    3.9330000000000E+003    9.9728130000000E+006    1.1610000000000E+004    9.7730000000000E+003    1.8740000000000E+003    2.3257000000000E+004
      74    4.0250000000000E+003    9.9714650000000E+006    1.2365000000000E+004    1.0177000000000E+004    1.9710000000000E+003    2.4513000000000E+004
      75    4.6180000000000E+003    9.9700880000000E+006    1.2653000000000E+004    1.0558000000000E+004    2.0860000000000E+003    2.5297000000000E+004
      76    5.3860000000000E+003    9.9688380000000E+006    1.2762000000000E+004    1.0836000000000E+004    2.1810000000000E+003    2.5779000000000E+004
      77    5.1410000000000E+003    9.9676690000000E+006    1.3194000000000E+004    1.1715000000000E+004    2.2840000000000E+003    2.7193000000000E+004
      78    4.4450000000000E+003    9.9670170000000E+006    1.3759000000000E+004    1.2372000000000E+004    2.4100000000000E+003    2.8541000000000E+004
      79    3.5470000000000E+003    9.9665380000000E+006    1.4187000000000E+004    1.3240000000000E+004    2.4910000000000E+003    2.9918000000000E+004
      80    3.6100000000000E+003    9.9652250000000E+006    1.4429000000000E+004    1.4198000000000E+004    2.5410000000000E+003    3.1168000000000E+004
      81    3.6730000000000E+003    9.9639930000000E+006    1.4488000000000E+004    1.5179000000000E+004    2.6700000000000E+003    3.2337000000000E+004
      82    4.2940000000000E+003    9.9627200000000E+006    1.4565000000000E+004    1.5620000000000E+004    2.8040000000000E+003    3.2989000000000E+004
      83    4.9010000000000E+003    9.9616340000000E+006    1.4515000000000E+004    1.6001000000000E+004    2.9520000000000E+003    3.3468000000000E+004
      84    4.7940000000000E+003    9.9604280000000E+006    1.4759000000000E+004    1.6958000000000E+004    3.0640000000000E+003    3.4781000000000E+004
      85    4.2480000000000E+003    9.9597420000000E+006    1.4933000000000E+004    1.7903000000000E+004    3.1770000000000E+003    3.6013000000000E+004
      86    3.5390000000000E+003    9.9591780000000E+006    1.5089000000000E+004    1.8953000000000E+004    3.2440000000000E+003    3.7286000000000E+004
      87    3.9050000000000E+003    9.9577260000000E+006    1.5123000000000E+004    1.9947000000000E+004    3.3020000000000E+003    3.8372000000000E+004
      88    3.8300000000000E+003    9.9565950000000E+006    1.5073000000000E+004    2.1066000000000E+004    3.4390000000000E+003    3.9578000000000E+004
      89    4.3700000000000E+003    9.9553690000000E+006    1.4975000000000E+004    2.1722000000000E+004    3.5670000000000E+003    4.0264000000000E+004
      90    5.0040000000000E+003    9.9541710000000E+006    1.5057000000000E+004    2.2062000000000E+004    3.7090000000000E+003    4.0828000000000E+004
      91    4.7060000000000E+003    9.9530170000000E+006    1.5095000000000E+004    2.3365000000000E+004    3.8200000000000E+003    4.2280000000000E+004
      92    4.2700000000000E+003    9.9523220000000E+006    1.4878000000000E+004    2.4587000000000E+004    3.9460000000000E+003    4.3411000000000E+004
      93    3.5680000000000E+003    9.9517980000000E+006    1.4727000000000E+004    2.5901000000000E+004    4.0090000000000E+003    4.4637000000000E+004
      94    3.6700000000000E+003    9.9504980000000E+006    1.4675000000000E+004    2.7088000000000E+004    4.0720000000000E+003    4.5835000000000E+004
      95    3.7380000000000E+003    9.9492760000000E+006    1.4660000000000E+004    2.8114000000000E+004    4.2150000000000E+003    4.6989000000000E+004
      96    4.2740000000000E+003    9.9480450000000E+006    1.4703000000000E+004    2.8668000000000E+004    4.3130000000000E+003    4.7684000000000E+004
      97    4.8530000000000E+003    9.9469420000000E+006    1.4748000000000E+004    2.9031000000000E+004    4.4290000000000E+003    4.8208000000000E+004
      98    4.7070000000000E+003    9.9457880000000E+006    1.4735000000000E+004    3.0233000000000E+004    4.5400000000000E+003    4.9508000000000E+004
      99    4.0260000000000E+003    9.9452470000000E+006    1.4725000000000E+004    3.1350000000000E+004    4.6550000000000E+003    5.0730000000000E+004
     100    3.2530000000000E+003    9.9447890000000E+006    1.4683000000000E+004    3.2543000000000E+004    4.7350000000000E+003    5.1961000000000E+004
     101    3.3010000000000E+003    9.9436380000000E+006    1.4700000000000E+004    3.3577000000000E+004    4.7870000000000E+003    5.3064000000000E+004
     102    3.3430000000000E+003    9.9424420000000E+006    1.4648000000000E+004    3.4660000000000E+004    4.9100000000000E+003    5.4218000000000E+004
     103    3.9710000000000E+003    9.9412730000000E+006    1.4503000000000E+004    3.5211000000000E+004    5.0450000000000E+003    5.4759000000000E+004
     104    4.6910000000000E+003    9.9400950000000E+006    1.4397000000000E+004    3.5637000000000E+004    5.1830000000000E+003    5.5217000000000E+004
     105    4.6230000000000E+003    9.9390120000000E+006    1.4096000000000E+004    3.6976000000000E+004    5.2960000000000E+003    5.6368000000000E+004
     106    3.9940000000000E+003    9.9384450000000E+006    1.4161000000000E+004    3.7985000000000E+004    5.4180000000000E+003    5.7564000000000E+004
     107    3.1570000000000E+003    9.9381130000000E+006    1.4104000000000E+004    3.9154000000000E+004    5.4750000000000E+003    5.8733000000000E+004
     108    3.0950000000000E+003    9.9369970000000E+006    1.4084000000000E+004    4.0312000000000E+004    5.5150000000000E+003    5.9911000000000E+004
     109    3.1250000000000E+003    9.9358840000000E+006    1.4013000000000E+004    4.1348000000000E+004    5.6330000000000E+003    6.0994000000000E+004
     110    3.5580000000000E+003    9.9348840000000E+006    1.3885000000000E+004    4.1921000000000E+004    5.7550000000000E+003    6.1561000000000E+004
     111    4.3350000000000E+003    9.9337750000000E+006    1.3693000000000E+004    4.2324000000000E+004    5.8760000000000E+003    6.1893000000000E+004
     112    4.3510000000000E+003    9.9326430000000E+006    1.3509000000000E+004    4.3497000000000E+004    6.0030000000000E+003    6.3009000000000E+004
     113    3.6770000000000E+003    9.9322040000000E+006    1.3400000000000E+004    4.4594000000000E+004    6.1280000000000E+003    6.4122000000000E+004
     114    3.1210000000000E+003    9.9317600000000E+006    1.3169000000000E+004    4.5764000000000E+004    6.1890000000000E+003    6.5122000000000E+004
     115    3.2190000000000E+003    9.9305530000000E+006    1.3175000000000E+004    4.6821000000000E+004    6.2350000000000E+003    6.6231000000000E+004
     116    3.2330000000000E+003    9.9294070000000E+006    1.3153000000000E+004    4.7849000000000E+004    6.3610000000000E+003    6.7363000000000E+004
     117    4.0510000000000E+003    9.9281500000000E+006    1.3051000000000E+004    4.8291000000000E+004    6.4600000000000E+003    6.7802000000000E+004
     118    4.7000000000000E+003    9.9270570000000E+006    1.3037000000000E+004    4.8646000000000E+004    6.5630000000000E+003    6.8246000000000E+004
     119    4.6760000000000E+003    9.9258740000000E+006    1.3093000000000E+004    4.9679000000000E+004    6.6810000000000E+003    6.9453000000000E+004
     120    3.9940000000000E+003    9.9254100000000E+006    1.3043000000000E+004    5.0766000000000E+004    6.7900000000000E+003    7.0599000000000E+004
     121    3.0430000000000E+003    9.9251040000000E+006    1.3131000000000E+004    5.1889000000000E+004    6.8360000000000E+003    7.1856000000000E+004
     122    3.1760000000000E+003    9.9238780000000E+006    1.3046000000000E+004    5.3018000000000E+004    6.8850000000000E+003    7.2949000000000E+004
     123    3.1650000000000E+003    9.9227060000000E+006    1.3146000000000E+004    5.3973000000000E+004    7.0130000000000E+003    7.4132000000000E+004
     124    3.9940000000000E+003    9.9214130000000E+006    1.3043000000000E+004    5.4425000000000E+004    7.1280000000000E+003    7.4596000000000E+004
     125    4.6320000000000E+003    9.9204690000000E+006    1.3017000000000E+004    5.4623000000000E+004    7.2620000000000E+003    7.4902000000000E+004
     126    4.4780000000000E+003    9.9193970000000E+006    1.3127000000000E+004    5.5609000000000E+004    7.3920000000000E+003    7.6128000000000E+004
     127    3.8310000000000E+003    9.9188720000000E+006    1.3186000000000E+004    5.6583000000000E+004    7.5310000000000E+003    7.7300000000000E+004
     128    2.8750000000000E+003    9.9185350000000E+006    1.3479000000000E+004    5.7528000000000E+004    7.5860000000000E+003    7.8593000000000E+004
     129    3.2570000000000E+003    9.9172090000000E+006    1.3314000000000E+004    5.8607000000000E+004    7.6160000000000E+003    7.9537000000000E+004
     130    3.3400000000000E+003    9.9160540000000E+006    1.3254000000000E+004    5.9615000000000E+004    7.7400000000000E+003    8.0609000000000E+004
     131    4.3880000000000E+003    9.9144810000000E+006    1.3340000000000E+004    5.9947000000000E+004    7.8470000000000E+003    8.1134000000000E+004
     132    5.5150000000000E+003    9.9130170000000E+006    1.3233000000000E+004    6.0238000000000E+004    8.0000000000000E+003    8.1471000000000E+004
     133    5.7890000000000E+003    9.9114170000000E+006    1.3352000000000E+004    6.1346000000000E+004    8.0990000000000E+003    8.2797000000000E+004
     134    5.4600000000000E+003    9.9105910000000E+006    1.3361000000000E+004    6.2388000000000E+004    8.2030000000000E+003    8.3952000000000E+004
     135    4.1970000000000E+003    9.9102810000000E+006    1.3677000000000E+004    6.3597000000000E+004    8.2510000000000E+003    8.5525000000000E+004
     136    4.1760000000000E+003    9.9088380000000E+006    1.4048000000000E+004    6.4657000000000E+004    8.2840000000000E+003    8.6989000000000E+004
     137    4.0350000000000E+003    9.9073790000000E+006    1.4465000000000E+004    6.5688000000000E+004    8.4360000000000E+003    8.8589000000000E+004
     138    4.7500000000000E+003    9.9058380000000E+006    1.4827000000000E+004    6.6044000000000E+004    8.5440000000000E+003    8.9415000000000E+004
     139    5.8290000000000E+003    9.9044490000000E+006    1.4831000000000E+004    6.6189000000000E+004    8.7050000000000E+003    8.9725000000000E+004
     140    5.6490000000000E+003    9.9031860000000E+006    1.5048000000000E+004    6.7280000000000E+004    8.8400000000000E+003    9.1168000000000E+004
     141    4.8970000000000E+003    9.9024790000000E+006    1.5335000000000E+004    6.8279000000000E+004    9.0130000000000E+003    9.2627000000000E+004
     142    3.7120000000000E+003    9.9021230000000E+006    1.5583000000000E+004    6.9492000000000E+004    9.0930000000000E+003    9.4168000000000E+004
     143    3.6960000000000E+003    9.9007500000000E+006    1.6028000000000E+004    7.0392000000000E+004    9.1370000000000E+003    9.5557000000000E+004
     144    3.7880000000000E+003    9.8993950000000E+006    1.6219000000000E+004    7.1319000000000E+004    9.2820000000000E+003    9.6820000000000E+004
     145    4.4630000000000E+003    9.8980130000000E+006    1.6401000000000E+004    7.1705000000000E+004    9.4210000000000E+003    9.7527000000000E+004
     146    5.4530000000000E+003    9.8966670000000E+006    1.6420000000000E+004    7.1873000000000E+004    9.5900000000000E+003    9.7883000000000E+004
     147    5.2840000000000E+003    9.8954630000000E+006    1.6467000000000E+004    7.3062000000000E+004    9.7270000000000E+003    9.9256000000000E+004
     148    4.6390000000000E+003    9.8947530000000E+006    1.6667000000000E+004    7.4075000000000E+004    9.8690000000000E+003    1.0061100000000E+005
     149    3.5880000000000E+003    9.8944220000000E+006    1.6476000000000E+004    7.5570000000000E+004    9.9470000000000E+003    1.0199300000000E+005
     150    3.3750000000000E+003    9.8932890000000E+006    1.6358000000000E+004    7.7009000000000E+004    9.9720000000000E+003    1.0333900000000E+005
     151    3.4720000000000E+003    9.8919880000000E+006    1.5962000000000E+004    7.8474000000000E+004    1.0107000000000E+004    1.0454300000000E+005
     152    4.0220000000000E+003    9.8907280000000E+006    1.5846000000000E+004    7.9168000000000E+004    1.0239000000000E+004    1.0525300000000E+005
     153    4.8880000000000E+003    9.8895310000000E+006    1.5867000000000E+004    7.9330000000000E+004    1.0387000000000E+004    1.0558400000000E+005
     154    5.0190000000000E+003    9.8882670000000E+006    1.5557000000000E+004    8.0614000000000E+004    1.0546000000000E+004    1.0671700000000E+005
     155    4.2680000000000E+003    9.8877170000000E+006    1.5399000000000E+004    8.1946000000000E+004    1.0673000000000E+004    1.0801800000000E+005
     156    3.2640000000000E+003    9.8874610000000E+006    1.5118000000000E+004    8.3427000000000E+004    1.0733000000000E+004    1.0927800000000E+005
     157    3.2010000000000E+003    9.8863270000000E+006    1.4926000000000E+004    8.4787000000000E+004    1.0762000000000E+004    1.1047500000000E+005
     158    3.2170000000000E+003    9.8850470000000E+006    1.4927000000000E+004    8.5938000000000E+004    1.0874000000000E+004    1.1173900000000E+005
     159    3.9470000000000E+003    9.8837670000000E+006    1.4770000000000E+004    8.6516000000000E+004    1.1003000000000E+004    1.1228900000000E+005
     160    4.9490000000000E+003    9.8825090000000E+006    1.4670000000000E+004    8.6737000000000E+004    1.1138000000000E+004    1.1254500000000E+005
     161    5.1230000000000E+003    9.8812010000000E+006    1.4431000000000E+004    8.7966000000000E+004    1.1282000000000E+004    1.1367900000000E+005
     162    4.5070000000000E+003    9.8805370000000E+006    1.4356000000000E+004    8.9185000000000E+004    1.1418000000000E+004    1.1495900000000E+005
     163    3.4680000000000E+003    9.8802960000000E+006    1.4254000000000E+004    9.0508000000000E+004    1.1477000000000E+004    1.1623900000000E+005
     164    3.5300000000000E+003    9.8789760000000E+006    1.4166000000000E+004    9.1834000000000E+004    1.1497000000000E+004    1.1749700000000E+005
     165    3.6940000000000E+003    9.8775040000000E+006    1.4270000000000E+004    9.2938000000000E+004    1.1597000000000E+004    1.1880500000000E+005
     166    4.3700000000000E+003    9.8761640000000E+006    1.4224000000000E+004    9.3520000000000E+004    1.1725000000000E+004    1.1946900000000E+005
     167    5.3560000000000E+003    9.8749370000000E+006    1.4134000000000E+004    9.3746000000000E+004    1.1830000000000E+004    1.1971000000000E+005
     168    5.3910000000000E+003    9.8735820000000E+006    1.4321000000000E+004    9.4747000000000E+004    1.1962000000000E+004    1.2103000000000E+005
     169    4.5680000000000E+003    9.8729330000000E+006    1.4492000000000E+004    9.5949000000000E+004    1.2061000000000E+004    1.2250200000000E+005
     170    3.6040000000000E+003    9.8725570000000E+006    1.4572000000000E+004    9.7142000000000E+004    1.2128000000000E+004    1.2384200000000E+005
     171    3.7520000000000E+003    9.8711820000000E+006    1.4602000000000E+004    9.8309000000000E+004    1.2158000000000E+004    1.2506900000000E+005
     172    3.8190000000000E+003    9.8697600000000E+006    1.4693000000000E+004    9.9424000000000E+004    1.2307000000000E+004    1.2642400000000E+005
     173    4.9840000000000E+003    9.8679460000000E+006    1.4792000000000E+004    9.9837000000000E+004    1.2444000000000E+004    1.2707300000000E+005
     174    6.2580000000000E+003    9.8662960000000E+006    1.4912000000000E+004    9.9953000000000E+004    1.2584000000000E+004    1.2744900000000E+005
     175    6.5420000000000E+003    9.8646370000000E+006    1.5153000000000E+004    1.0096200000000E+005    1.2709000000000E+004    1.2882400000000E+005
     176    6.0490000000000E+003    9.8637080000000E+006    1.5295000000000E+004    1.0209500000000E+005    1.2856000000000E+004    1.3024600000000E+005
     177    4.5590000000000E+003    9.8633840000000E+006    1.5829000000000E+004    1.0331300000000E+005    1.2918000000000E+004    1.3206000000000E+005
     178    4.2370000000000E+003    9.8620560000000E+006    1.6221000000000E+004    1.0453400000000E+005    1.2955000000000E+004    1.3371000000000E+005
     179    4.3920000000000E+003    9.8602420000000E+006    1.6572000000000E+004    1.0570900000000E+005    1.3088000000000E+004    1.3536900000000E+005
     180    5.3070000000000E+003    9.8583980000000E+006    1.6837000000000E+004    1.0622700000000E+005    1.3234000000000E+004    1.3629800000000E+005
     181    6.7580000000000E+003    9.8566230000000E+006    1.6920000000000E+004    1.0628600000000E+005    1.3416000000000E+004    1.3662200000000E+005
     182    7.0250000000000E+003    9.8550280000000E+006    1.6928000000000E+004    1.0746300000000E+005    1.3559000000000E+004    1.3795000000000E+005
     183    6.0470000000000E+003    9.8541920000000E+006    1.7270000000000E+004    1.0878000000000E+005    1.3714000000000E+004    1.3976400000000E+005
     184    4.5130000000000E+003    9.8538820000000E+006    1.7774000000000E+004    1.1002000000000E+005    1.3814000000000E+004    1.4160800000000E+005
     185    3.9930000000000E+003    9.8526270000000E+006    1.8322000000000E+004    1.1122100000000E+005    1.3840000000000E+004    1.4338300000000E+005
     186    4.1430000000000E+003    9.8508820000000E+006    1.8562000000000E+004    1.1241600000000E+005    1.4000000000000E+004    1.4497800000000E+005
     187    5.0750000000000E+003    9.8491140000000E+006    1.8749000000000E+004    1.1288000000000E+005    1.4185000000000E+004    1.4581400000000E+005
     188    6.3260000000000E+003    9.8475530000000E+006    1.8683000000000E+004    1.1307000000000E+005    1.4371000000000E+004    1.4612400000000E+005
     189    6.5450000000000E+003    9.8460790000000E+006    1.8563000000000E+004    1.1425400000000E+005    1.4562000000000E+004    1.4737900000000E+005
     190    5.7400000000000E+003    9.8451390000000E+006    1.8886000000000E+004    1.1551900000000E+005    1.4719000000000E+004    1.4912400000000E+005
     191    4.2450000000000E+003    9.8448660000000E+006    1.8840000000000E+004    1.1724300000000E+005    1.4809000000000E+004    1.5089200000000E+005
     192    3.8820000000000E+003    9.8436680000000E+006    1.8751000000000E+004    1.1886400000000E+005    1.4838000000000E+004    1.5245300000000E+005
     193    3.4660000000000E+003    9.8426100000000E+006    1.8566000000000E+004    1.2037900000000E+005    1.4982000000000E+004    1.5392700000000E+005
     194    2.7780000000000E+003    9.8423580000000E+006    1.8577000000000E+004    1.2113200000000E+005    1.5158000000000E+004    1.5486700000000E+005
     195    4.1550000000000E+003    9.8407080000000E+006    1.8526000000000E+004    1.2129400000000E+005    1.5320000000000E+004    1.5514000000000E+005
     196    4.4440000000000E+003    9.8392210000000E+006    1.8396000000000E+004    1.2248100000000E+005    1.5461000000000E+004    1.5633800000000E+005
     197    4.1980000000000E+003    9.8384090000000E+006    1.7640000000000E+004    1.2414800000000E+005    1.5608000000000E+004    1.5739600000000E+005
     198    4.3030000000000E+003    9.8380520000000E+006    1.6048000000000E+004    1.2591100000000E+005    1.5689000000000E+004    1.5764800000000E+005
     199    3.8710000000000E+003    9.8368340000000E+006    1.5923000000000E+004    1.2766200000000E+005    1.5713000000000E+004    1.5929800000000E+005
     200    4.0010000000000E+003    9.8352170000000E+006    1.5815000000000E+004    1.2914300000000E+005    1.5827000000000E+004    1.6078500000000E+005
     201    4.8000000000000E+003    9.8336060000000E+006    1.5791000000000E+004    1.2985700000000E+005    1.5949000000000E+004    1.6159700000000E+005
     202    5.9040000000000E+003    9.8321450000000E+006    1.5838000000000E+004    1.3014200000000E+005    1.5974000000000E+004    1.6195400000000E+005
     203    6.1630000000000E+003    9.8306680000000E+006    1.5801000000000E+004    1.3123100000000E+005    1.6140000000000E+004    1.6317200000000E+005
     204    5.4900000000000E+003    9.8297240000000E+006    1.5673000000000E+004    1.3283200000000E+005    1.6284000000000E+004    1.6478900000000E+005
     205    4.2560000000000E+003    9.8293470000000E+006    1.5516000000000E+004    1.3451100000000E+005    1.6373000000000E+004    1.6640000000000E+005
     206    4.1810000000000E+003    9.8279610000000E+006    1.5416000000000E+004    1.3603200000000E+005    1.6413000000000E+004    1.6786100000000E+005
     207    4.2140000000000E+003    9.8264510000000E+006    1.5419000000000E+004    1.3738500000000E+005    1.6534000000000E+004    1.6933800000000E+005
     208    4.7770000000000E+003    9.8249440000000E+006    1.5423000000000E+004    1.3816000000000E+005    1.6699000000000E+004    1.7028200000000E+005
     209    5.8440000000000E+003    9.8235000000000E+006    1.5527000000000E+004    1.3828900000000E+005    1.6843000000000E+004    1.7065900000000E+005
     210    5.7990000000000E+003    9.8221590000000E+006    1.5715000000000E+004    1.3933400000000E+005    1.6996000000000E+004    1.7204500000000E+005
     211    4.9540000000000E+003    9.8214940000000E+006    1.6167000000000E+004    1.4023400000000E+005    1.7154000000000E+004    1.7355500000000E+005
     212    3.7470000000000E+003    9.8211940000000E+006    1.7422000000000E+004    1.4040300000000E+005    1.7237000000000E+004    1.7506200000000E+005
     213    3.5440000000000E+003    9.8199530000000E+006    1.7216000000000E+004    1.4202400000000E+005    1.7266000000000E+004    1.7650600000000E+005
     214    3.7540000000000E+003    9.8184020000000E+006    1.7070000000000E+004    1.4334800000000E+005    1.7429000000000E+004    1.7784700000000E+005
     215    4.6490000000000E+003    9.8168420000000E+006    1.6923000000000E+004    1.4401700000000E+005    1.7572000000000E+004    1.7851200000000E+005
     216    5.8790000000000E+003    9.8153120000000E+006    1.6866000000000E+004    1.4421500000000E+005    1.7731000000000E+004    1.7881200000000E+005
     217    6.1740000000000E+003    9.8137760000000E+006    1.6889000000000E+004    1.4528300000000E+005    1.7881000000000E+004    1.8005300000000E+005
     218    5.3020000000000E+003    9.8130970000000E+006    1.6823000000000E+004    1.4677400000000E+005    1.8007000000000E+004    1.8160400000000E+005
     219    4.1460000000000E+003    9.8126930000000E+006    1.6772000000000E+004    1.4832200000000E+005    1.8070000000000E+004    1.8316400000000E+005
     220    4.1850000000000E+003    9.8111240000000E+006    1.6841000000000E+004    1.4975200000000E+005    1.8101000000000E+004    1.8469400000000E+005
     221    4.3510000000000E+003    9.8094220000000E+006    1.6900000000000E+004    1.5110600000000E+005    1.8224000000000E+004    1.8623000000000E+005
     222    5.2000000000000E+003    9.8078940000000E+006    1.6635000000000E+004    1.5190800000000E+005    1.8366000000000E+004    1.8690900000000E+005
     223    6.5020000000000E+003    9.8061880000000E+006    1.6662000000000E+004    1.5213900000000E+005    1.8512000000000E+004    1.8731300000000E+005
     224    6.7600000000000E+003    9.8043610000000E+006    1.6845000000000E+004    1.5336800000000E+005    1.8669000000000E+004    1.8888200000000E+005
     225    5.9200000000000E+003    9.8034990000000E+006    1.7037000000000E+004    1.5472200000000E+005    1.8825000000000E+004    1.9058400000000E+005
     226    4.8080000000000E+003    9.8030830000000E+006    1.7058000000000E+004    1.5616500000000E+005    1.8889000000000E+004    1.9211200000000E+005
     227    5.3860000000000E+003    9.8007990000000E+006    1.7320000000000E+004    1.5757300000000E+005    1.8925000000000E+004    1.9381800000000E+005
     228    5.9880000000000E+003    9.7983700000000E+006    1.7806000000000E+004    1.5874800000000E+005    1.9091000000000E+004    1.9564500000000E+005
     229    7.3220000000000E+003    9.7961740000000E+006    1.8003000000000E+004    1.5925200000000E+005    1.9252000000000E+004    1.9650700000000E+005
     230    9.0480000000000E+003    9.7940320000000E+006    1.8119000000000E+004    1.5940700000000E+005    1.9397000000000E+004    1.9692300000000E+005
     231    9.1280000000000E+003    9.7916680000000E+006    1.9162000000000E+004    1.6048300000000E+005    1.9562000000000E+004    1.9920700000000E+005
     232    7.6540000000000E+003    9.7907130000000E+006    2.0040000000000E+004    1.6184100000000E+005    1.9755000000000E+004    2.0163600000000E+005
     233    5.8670000000000E+003    9.7903040000000E+006    2.0676000000000E+004    1.6330400000000E+005    1.9852000000000E+004    2.0383200000000E+005
     234    6.1680000000000E+003    9.7878610000000E+006    2.1288000000000E+004    1.6479400000000E+005    1.9892000000000E+004    2.0597400000000E+005
     235    6.2270000000000E+003    9.7854380000000E+006    2.2116000000000E+004    1.6611600000000E+005    2.0106000000000E+004    2.0833800000000E+005
     236    7.6720000000000E+003    9.7830380000000E+006    2.2392000000000E+004    1.6654000000000E+005    2.0361000000000E+004    2.0929300000000E+005
     237    9.3510000000000E+003    9.7809500000000E+006    2.2397000000000E+004    1.6671300000000E+005    2.0592000000000E+004    2.0970200000000E+005
     238    8.8120000000000E+003    9.7790460000000E+006    2.3271000000000E+004    1.6809000000000E+005    2.0784000000000E+004    2.1214500000000E+005
     239    7.2500000000000E+003    9.7781850000000E+006    2.3992000000000E+004    1.6955300000000E+005    2.1023000000000E+004    2.1456800000000E+005
     240    5.2560000000000E+003    9.7777790000000E+006    2.4864000000000E+004    1.7097800000000E+005    2.1126000000000E+004    2.1696800000000E+005
     241    3.9630000000000E+003    9.7769840000000E+006    2.5246000000000E+004    1.7263900000000E+005    2.1171000000000E+004    2.1905600000000E+005
     242    4.7260000000000E+003    9.7743170000000E+006    2.5323000000000E+004    1.7423700000000E+005    2.1400000000000E+004    2.2096000000000E+005
     243    6.2730000000000E+003    9.7719090000000E+006    2.5322000000000E+004    1.7487800000000E+005    2.1621000000000E+004    2.2182100000000E+005
     244    8.3210000000000E+003    9.7694550000000E+006    2.5312000000000E+004    1.7502900000000E+005    2.1886000000000E+004    2.2222700000000E+005
     245    9.6650000000000E+003    9.7673160000000E+006    2.3823000000000E+004    1.7709900000000E+005    2.2100000000000E+004    2.2302200000000E+005
     246    8.0570000000000E+003    9.7662570000000E+006    2.4061000000000E+004    1.7934500000000E+005    2.2283000000000E+004    2.2568900000000E+005
     247    6.0630000000000E+003    9.7658430000000E+006    2.4273000000000E+004    1.8145800000000E+005    2.2366000000000E+004    2.2809700000000E+005
     248    6.5540000000000E+003    9.7628980000000E+006    2.4585000000000E+004    1.8356000000000E+005    2.2406000000000E+004    2.3055100000000E+005
     249    7.2860000000000E+003    9.7600270000000E+006    2.4360000000000E+004    1.8583500000000E+005    2.2495000000000E+004    2.3269000000000E+005
     250    8.8480000000000E+003    9.7574060000000E+006    2.4464000000000E+004    1.8650300000000E+005    2.2782000000000E+004    2.3374900000000E+005
     251    1.0919000000000E+004    9.7549210000000E+006    2.4469000000000E+004    1.8665400000000E+005    2.3040000000000E+004    2.3416300000000E+005
     252    1.0450000000000E+004    9.7524450000000E+006    2.4971000000000E+004    1.8886400000000E+005    2.3273000000000E+004    2.3710800000000E+005
     253    8.7280000000000E+003    9.7512960000000E+006    2.5419000000000E+004    1.9107200000000E+005    2.3488000000000E+004    2.3997900000000E+005
     254    6.6530000000000E+003    9.7507500000000E+006    2.5640000000000E+004    1.9337400000000E+005    2.3586000000000E+004    2.4260000000000E+005
     255    4.7130000000000E+003    9.7502050000000E+006    2.6037000000000E+004    1.9542300000000E+005    2.3625000000000E+004    2.4508500000000E+005
     256    5.2930000000000E+003    9.7471490000000E+006    2.6609000000000E+004    1.9702800000000E+005    2.3924000000000E+004    2.4756100000000E+005
     257    6.8070000000000E+003    9.7444860000000E+006    2.6897000000000E+004    1.9758900000000E+005    2.4224000000000E+004    2.4871000000000E+005
     258    8.7910000000000E+003    9.7419560000000E+006    2.7037000000000E+004    1.9771000000000E+005    2.4509000000000E+004    2.4925600000000E+005
     259    1.0906000000000E+004    9.7392960000000E+006    2.6787000000000E+004    1.9826400000000E+005    2.4750000000000E+004    2.4980100000000E+005
     260    9.3770000000000E+003    9.7377690000000E+006    2.7176000000000E+004    2.0068300000000E+005    2.4998000000000E+004    2.5285700000000E+005
     261    7.2670000000000E+003    9.7372160000000E+006    2.7431000000000E+004    2.0298800000000E+005    2.5101000000000E+004    2.5552000000000E+005
     262    8.3910000000000E+003    9.7335620000000E+006    2.7507000000000E+004    2.0538700000000E+005    2.5156000000000E+004    2.5805000000000E+005
     263    9.3560000000000E+003    9.7299370000000E+006    2.8028000000000E+004    2.0747500000000E+005    2.5207000000000E+004    2.6071000000000E+005
     264    1.1199000000000E+004    9.7265670000000E+006    2.8496000000000E+004    2.0823900000000E+005    2.5502000000000E+004    2.6223700000000E+005
     265    1.4110000000000E+004    9.7231030000000E+006    2.8635000000000E+004    2.0839300000000E+005    2.5762000000000E+004    2.6279000000000E+005
     266    1.4198000000000E+004    9.7193610000000E+006    2.9344000000000E+004    2.1107700000000E+005    2.6023000000000E+004    2.6644400000000E+005
     267    1.2681000000000E+004    9.7172530000000E+006    3.0098000000000E+004    2.1369600000000E+005    2.6275000000000E+004    2.7006900000000E+005
     268    1.0026000000000E+004    9.7165380000000E+006    3.0847000000000E+004    2.1616700000000E+005    2.6425000000000E+004    2.7343900000000E+005
     269    1.1242000000000E+004    9.7118580000000E+006    3.1826000000000E+004    2.1859100000000E+005    2.6486000000000E+004    2.7690300000000E+005
     270    1.2512000000000E+004    9.7068460000000E+006    3.3092000000000E+004    2.2069900000000E+005    2.6854000000000E+004    2.8064500000000E+005
     271    1.5829000000000E+004    9.7014210000000E+006    3.4051000000000E+004    2.2146800000000E+005    2.7234000000000E+004    2.8275300000000E+005
     272    2.0614000000000E+004    9.6959210000000E+006    3.4220000000000E+004    2.2166700000000E+005    2.7581000000000E+004    2.8346800000000E+005
     273    2.1665000000000E+004    9.6901900000000E+006    3.8355000000000E+004    2.2184100000000E+005    2.7952000000000E+004    2.8814800000000E+005
     274    2.0123000000000E+004    9.6867200000000E+006    4.0311000000000E+004    2.2447500000000E+005    2.8374000000000E+004    2.9316000000000E+005
     275    1.5723000000000E+004    9.6856950000000E+006    4.3073000000000E+004    2.2692500000000E+005    2.8587000000000E+004    2.9858500000000E+005
     276    1.6756000000000E+004    9.6791620000000E+006    4.6043000000000E+004    2.2939100000000E+005    2.8651000000000E+004    3.0408500000000E+005
     277    1.7365000000000E+004    9.6728220000000E+006    4.9114000000000E+004    2.3161100000000E+005    2.9091000000000E+004    3.0981600000000E+005
     278    2.0248000000000E+004    9.6664690000000E+006    5.1057000000000E+004    2.3261300000000E+005    2.9616000000000E+004    3.1328600000000E+005
     279    2.5596000000000E+004    9.6600960000000E+006    5.1529000000000E+004    2.3260000000000E+005    3.0182000000000E+004    3.1431100000000E+005
     280    2.5387000000000E+004    9.6537720000000E+006    5.4408000000000E+004    2.3574500000000E+005    3.0691000000000E+004    3.2084400000000E+005
     281    2.2596000000000E+004    9.6502230000000E+006    5.7123000000000E+004    2.3876000000000E+005    3.1301000000000E+004    3.2718400000000E+005
     282    1.7126000000000E+004    9.6493400000000E+006    6.0106000000000E+004    2.4178600000000E+005    3.1645000000000E+004    3.3353700000000E+005
     283    1.7455000000000E+004    9.6426380000000E+006    6.3015000000000E+004    2.4515000000000E+005    3.1745000000000E+004    3.3991000000000E+005
     284    1.7823000000000E+004    9.6359460000000E+006    6.5597000000000E+004    2.4824900000000E+005    3.2388000000000E+004    3.4623400000000E+005
     285    2.0637000000000E+004    9.6295830000000E+006    6.7038000000000E+004    2.4972300000000E+005    3.3022000000000E+004    3.4978300000000E+005
     286    2.6009000000000E+004    9.6233280000000E+006    6.7206000000000E+004    2.4978300000000E+005    3.3677000000000E+004    3.5066600000000E+005
     287    2.6200000000000E+004    9.6164350000000E+006    6.9228000000000E+004    2.5384100000000E+005    3.4299000000000E+004    3.5736800000000E+005
     288    2.3180000000000E+004    9.6127630000000E+006    7.0908000000000E+004    2.5822900000000E+005    3.4923000000000E+004    3.6406000000000E+005
     289    1.7815000000000E+004    9.6117650000000E+006    7.1846000000000E+004    2.6329100000000E+005    3.5286000000000E+004    3.7042300000000E+005
     290    1.8319000000000E+004    9.6050060000000E+006    7.2601000000000E+004    2.6868800000000E+005    3.5389000000000E+004    3.7667800000000E+005
     291    1.8046000000000E+004    9.5983860000000E+006    7.3763000000000E+004    2.7377500000000E+005    3.6033000000000E+004    3.8357100000000E+005
     292    2.0662000000000E+004    9.5920980000000E+006    7.3965000000000E+004    2.7656700000000E+005    3.6711000000000E+004    3.8724300000000E+005
     293    2.5269000000000E+004    9.5864930000000E+006    7.3938000000000E+004    2.7691700000000E+005    3.7386000000000E+004    3.8824100000000E+005
     294    1.9215000000000E+004    9.5857880000000E+006    7.4164000000000E+004    2.8284700000000E+005    3.7989000000000E+004    3.9500000000000E+005
     295    1.4937000000000E+004    9.5834460000000E+006    7.4444000000000E+004    2.8853400000000E+005    3.8642000000000E+004    4.0162000000000E+005
     296    9.9480000000000E+003    9.5821470000000E+006    7.4379000000000E+004    2.9451700000000E+005    3.9012000000000E+004    4.0790800000000E+005
     297    1.1846000000000E+004    9.5746440000000E+006    7.3611000000000E+004    3.0081500000000E+005    3.9087000000000E+004    4.1351300000000E+005
     298    1.8793000000000E+004    9.5669920000000E+006    6.7992000000000E+004    3.0648200000000E+005    3.9744000000000E+004    4.1421800000000E+005
     299    2.3359000000000E+004    9.5600840000000E+006    6.6785000000000E+004    3.0940400000000E+005    4.0371000000000E+004    4.1656000000000E+005
     300    2.8065000000000E+004    9.5540790000000E+006    6.7201000000000E+004    3.0969400000000E+005    4.0964000000000E+004    4.1785900000000E+005
     301    2.1425000000000E+004    9.5532160000000E+006    6.8002000000000E+004    3.1585000000000E+005    4.1510000000000E+004    4.2536200000000E+005
     302    1.6100000000000E+004    9.5508890000000E+006    6.8962000000000E+004    3.2247500000000E+005    4.1577000000000E+004    4.3301400000000E+005
     303    1.0512000000000E+004    9.5495690000000E+006    6.9507000000000E+004    3.2859800000000E+005    4.1817000000000E+004    4.3992200000000E+005
     304    1.2829000000000E+004    9.5412470000000E+006    6.9257000000000E+004    3.3473900000000E+005    4.1931000000000E+004    4.4592700000000E+005
     305    2.0288000000000E+004    9.5329250000000E+006    6.3227000000000E+004    3.4084900000000E+005    4.2714000000000E+004    4.4679000000000E+005
     306    2.6020000000000E+004    9.5248660000000E+006    6.1882000000000E+004    3.4372100000000E+005    4.3514000000000E+004    4.4911700000000E+005
     307    3.3047000000000E+004    9.5165190000000E+006    6.2204000000000E+004    3.4398300000000E+005    4.4250000000000E+004    4.5043700000000E+005
     308    3.3035000000000E+004    9.5082090000000E+006    6.3767000000000E+004    3.5016200000000E+005    4.4830000000000E+004    4.5875900000000E+005
     309    2.9580000000000E+004    9.5033420000000E+006    6.5469000000000E+004    3.5670000000000E+005    4.4912000000000E+004    4.6708100000000E+005
     310    2.3237000000000E+004    9.5016260000000E+006    6.7240000000000E+004    3.6276400000000E+005    4.5136000000000E+004    4.7514000000000E+005
     311    2.3920000000000E+004    9.4925960000000E+006    6.9982000000000E+004    3.6822900000000E+005    4.5276000000000E+004    4.8348700000000E+005
     312    2.4105000000000E+004    9.4841010000000E+006    7.7587000000000E+004    3.6808800000000E+005    4.6122000000000E+004    4.9179700000000E+005
     313    2.7586000000000E+004    9.4757530000000E+006    8.0112000000000E+004    3.6960000000000E+005    4.6952000000000E+004    4.9666400000000E+005
     314    3.3938000000000E+004    9.4676850000000E+006    8.0529000000000E+004    3.7011500000000E+005    4.7736000000000E+004    4.9838000000000E+005
     315    3.2636000000000E+004    9.4599570000000E+006    8.2056000000000E+004    3.7678200000000E+005    4.8572000000000E+004    5.0741000000000E+005
     316    2.8733000000000E+004    9.4553650000000E+006    8.2899000000000E+004    3.8360600000000E+005    4.9400000000000E+004    5.1590500000000E+005
     317    2.1753000000000E+004    9.4539970000000E+006    8.4339000000000E+004    3.9006200000000E+005    4.9852000000000E+004    5.2425300000000E+005
     318    2.1875000000000E+004    9.4458070000000E+006    8.6402000000000E+004    3.9588700000000E+005    5.0032000000000E+004    5.3232100000000E+005
     319    2.2288000000000E+004    9.4376660000000E+006    9.3267000000000E+004    3.9584800000000E+005    5.0934000000000E+004    5.4004900000000E+005
     320    2.4686000000000E+004    9.4306760000000E+006    9.5532000000000E+004    3.9726700000000E+005    5.1842000000000E+004    5.4464100000000E+005
     321    3.0082000000000E+004    9.4239120000000E+006    9.5580000000000E+004    3.9779500000000E+005    5.2634000000000E+004    5.4600900000000E+005
     322    2.8673000000000E+004    9.4171310000000E+006    9.5448000000000E+004    4.0531200000000E+005    5.3439000000000E+004    5.5419900000000E+005
     323    2.4358000000000E+004    9.4133050000000E+006    9.5267000000000E+004    4.1286700000000E+005    5.4206000000000E+004    5.6234000000000E+005
     324    1.8689000000000E+004    9.4119840000000E+006    9.4198000000000E+004    4.2044000000000E+005    5.4692000000000E+004    5.6933000000000E+005
     325    1.9171000000000E+004    9.4047380000000E+006    9.2615000000000E+004    4.2865500000000E+005    5.4824000000000E+004    5.7609400000000E+005
     326    1.9654000000000E+004    9.3974740000000E+006    9.1086000000000E+004    4.3616900000000E+005    5.5620000000000E+004    5.8287500000000E+005
     327    2.1957000000000E+004    9.3913450000000E+006    9.0045000000000E+004    4.4024100000000E+005    5.6415000000000E+004    5.8670100000000E+005
     328    2.6392000000000E+004    9.3855890000000E+006    8.9650000000000E+004    4.4128300000000E+005    5.7089000000000E+004    5.8802200000000E+005
     329    2.4369000000000E+004    9.3803660000000E+006    8.7866000000000E+004    4.4969600000000E+005    5.7706000000000E+004    5.9526800000000E+005
     330    1.9981000000000E+004    9.3774900000000E+006    8.6635000000000E+004    4.5752000000000E+005    5.8377000000000E+004    6.0253200000000E+005
     331    1.4783000000000E+004    9.3765590000000E+006    8.4416000000000E+004    4.6549500000000E+005    5.8750000000000E+004    6.0866100000000E+005
     332    1.0440000000000E+004    9.3751460000000E+006    8.2104000000000E+004    4.7343400000000E+005    5.8879000000000E+004    6.1441700000000E+005
     333    1.0802000000000E+004    9.3695610000000E+006    7.9599000000000E+004    4.8044900000000E+005    5.9592000000000E+004    6.1964000000000E+005
     334    1.2800000000000E+004    9.3646870000000E+006    7.7883000000000E+004    4.8433100000000E+005    6.0302000000000E+004    6.2251600000000E+005
     335    1.6535000000000E+004    9.3600210000000E+006    7.7446000000000E+004    4.8507400000000E+005    6.0927000000000E+004    6.2344700000000E+005
     336    1.9549000000000E+004    9.3555940000000E+006    7.0669000000000E+004    4.9271600000000E+005    6.1475000000000E+004    6.2486000000000E+005
     337    1.6347000000000E+004    9.3532110000000E+006    6.8113000000000E+004    5.0035500000000E+005    6.1977000000000E+004    6.3044500000000E+005
     338    1.2191000000000E+004    9.3524930000000E+006    6.5997000000000E+004    5.0708100000000E+005    6.2241000000000E+004    6.3531900000000E+005
     339    1.2260000000000E+004    9.3477580000000E+006    6.3899000000000E+004    5.1376500000000E+005    6.2321000000000E+004    6.3998500000000E+005
     340    1.1647000000000E+004    9.3439440000000E+006    6.1545000000000E+004    5.2039400000000E+005    6.2473000000000E+004    6.4441200000000E+005
     341    1.2947000000000E+004    9.3402610000000E+006    6.0102000000000E+004    5.2365200000000E+005    6.3041000000000E+004    6.4679500000000E+005
     342    1.5516000000000E+004    9.3369740000000E+006    5.9499000000000E+004    5.2452600000000E+005    6.3488000000000E+004    6.4751300000000E+005
     343    1.4525000000000E+004    9.3332300000000E+006    5.6988000000000E+004    5.3130800000000E+005    6.3952000000000E+004    6.5224800000000E+005
     344    1.2823000000000E+004    9.3311180000000E+006    5.3538000000000E+004    5.3811400000000E+005    6.4410000000000E+004    6.5606200000000E+005
     345    9.7230000000000E+003    9.3305350000000E+006    5.1092000000000E+004    5.4400700000000E+005    6.4646000000000E+004    6.5974500000000E+005
     346    1.0213000000000E+004    9.3267580000000E+006    4.8623000000000E+004    5.4971000000000E+005    6.4699000000000E+004    6.6303200000000E+005
     347    9.8490000000000E+003    9.3233780000000E+006    4.7144000000000E+004    5.5446900000000E+005    6.5163000000000E+004    6.6677600000000E+005
     348    1.0887000000000E+004    9.3202280000000E+006    4.6380000000000E+004    5.5694800000000E+005    6.5560000000000E+004    6.6888800000000E+005
     349    1.3209000000000E+004    9.3173230000000E+006    4.6032000000000E+004    5.5751300000000E+005    6.5926000000000E+004    6.6947100000000E+005
     350    1.2325000000000E+004    9.3144300000000E+006    4.8396000000000E+004    5.5860200000000E+005    6.6250000000000E+004    6.7324800000000E+005
     351    1.0534000000000E+004    9.3128410000000E+006    4.6191000000000E+004    5.6382100000000E+005    6.6616000000000E+004    6.7662800000000E+005
     352    7.9750000000000E+003    9.3122500000000E+006    4.4467000000000E+004    5.6848900000000E+005    6.6822000000000E+004    6.7977800000000E+005
     353    8.8780000000000E+003    9.3084420000000E+006    4.2706000000000E+004    5.7308500000000E+005    6.6892000000000E+004    6.8268300000000E+005
     354    9.3680000000000E+003    9.3050590000000E+006    4.1172000000000E+004    5.7710200000000E+005    6.7302000000000E+004    6.8557600000000E+005
     355    1.0725000000000E+004    9.3021130000000E+006    4.0378000000000E+004    5.7914100000000E+005    6.7646000000000E+004    6.8716500000000E+005
     356    1.3136000000000E+004    9.2991110000000E+006    4.0251000000000E+004    5.7953700000000E+005    6.7968000000000E+004    6.8775600000000E+005
     357    1.2410000000000E+004    9.2960290000000E+006    3.9324000000000E+004    5.8398600000000E+005    6.8254000000000E+004    6.9156400000000E+005
     358    1.0922000000000E+004    9.2941340000000E+006    3.8893000000000E+004    5.8749200000000E+005    6.8562000000000E+004    6.9494700000000E+005
     359    8.6010000000000E+003    9.2935090000000E+006    3.8156000000000E+004    5.9101800000000E+005    6.8719000000000E+004    6.9789300000000E+005
     360    9.2840000000000E+003    9.2898240000000E+006    3.7871000000000E+004    5.9423900000000E+005    6.8785000000000E+004    7.0089500000000E+005
     361    9.4130000000000E+003    9.2866130000000E+006    3.7209000000000E+004    5.9760800000000E+005    6.9160000000000E+004    7.0397700000000E+005
     362    1.0580000000000E+004    9.2835510000000E+006    3.6992000000000E+004    5.9937300000000E+005    6.9507000000000E+004    7.0587200000000E+005
     363    1.2754000000000E+004    9.2807520000000E+006    3.7034000000000E+004    5.9965700000000E+005    6.9806000000000E+004    7.0649700000000E+005
     364    1.1902000000000E+004    9.2779190000000E+006    3.6942000000000E+004    6.0313100000000E+005    7.0109000000000E+004    7.1018200000000E+005
     365    1.0220000000000E+004    9.2763900000000E+006    3.6773000000000E+004    6.0618800000000E+005    7.0432000000000E+004    7.1339300000000E+005
     366    7.7460000000000E+003    9.2758020000000E+006    3.6685000000000E+004    6.0913400000000E+005    7.0636000000000E+004    7.1645500000000E+005
     367    7.9580000000000E+003    9.2727910000000E+006    3.6579000000000E+004    6.1199400000000E+005    7.0681000000000E+004    7.1925400000000E+005
     368    7.7380000000000E+003    9.2701780000000E+006    3.6519000000000E+004    6.1455300000000E+005    7.1015000000000E+004    7.2208700000000E+005
     369    8.4140000000000E+003    9.2679730000000E+006    3.6459000000000E+004    6.1584300000000E+005    7.1314000000000E+004    7.2361600000000E+005
     370    1.0183000000000E+004    9.2656160000000E+006    3.6456000000000E+004    6.1612900000000E+005    7.1619000000000E+004    7.2420400000000E+005
     371    9.4530000000000E+003    9.2633350000000E+006    3.5659000000000E+004    6.1964900000000E+005    7.1907000000000E+004    7.2721500000000E+005
     372    8.0880000000000E+003    9.2620870000000E+006    3.4889000000000E+004    6.2278500000000E+005    7.2154000000000E+004    7.2982800000000E+005
     373    6.4720000000000E+003    9.2614980000000E+006    3.4148000000000E+004    6.2558300000000E+005    7.2302000000000E+004    7.3203300000000E+005
     374    4.7950000000000E+003    9.2608180000000E+006    3.3503000000000E+004    6.2853100000000E+005    7.2356000000000E+004    7.3439000000000E+005
     375    5.4950000000000E+003    9.2578370000000E+006    3.2702000000000E+004    6.3133400000000E+005    7.2635000000000E+004    7.3667100000000E+005
     376    6.7160000000000E+003    9.2553680000000E+006    3.2055000000000E+004    6.3295400000000E+005    7.2910000000000E+004    7.3791900000000E+005
     377    8.4110000000000E+003    9.2530840000000E+006    3.2019000000000E+004    6.3335100000000E+005    7.3138000000000E+004    7.3850800000000E+005
     378    9.6690000000000E+003    9.2511460000000E+006    2.9014000000000E+004    6.3680800000000E+005    7.3366000000000E+004    7.3918800000000E+005
     379    7.8880000000000E+003    9.2499460000000E+006    2.8784000000000E+004    6.3978100000000E+005    7.3604000000000E+004    7.4216900000000E+005
     380    5.8280000000000E+003    9.2495370000000E+006    2.8191000000000E+004    6.4271300000000E+005    7.3734000000000E+004    7.4463800000000E+005
     381    5.9740000000000E+003    9.2471070000000E+006    2.7676000000000E+004    6.4544900000000E+005    7.3797000000000E+004    7.4692200000000E+005
     382    6.2280000000000E+003    9.2449150000000E+006    2.6781000000000E+004    6.4821100000000E+005    7.3868000000000E+004    7.4886000000000E+005
     383    6.8800000000000E+003    9.2430630000000E+006    2.6452000000000E+004    6.4945400000000E+005    7.4154000000000E+004    7.5006000000000E+005
     384    8.3630000000000E+003    9.2411710000000E+006    2.6273000000000E+004    6.4981000000000E+005    7.4386000000000E+004    7.5046900000000E+005
     385    7.6310000000000E+003    9.2394730000000E+006    2.5692000000000E+004    6.5259400000000E+005    7.4613000000000E+004    7.5289900000000E+005
     386    6.5660000000000E+003    9.2383460000000E+006    2.5271000000000E+004    6.5501800000000E+005    7.4802000000000E+004    7.5509100000000E+005
     387    5.1110000000000E+003    9.2379490000000E+006    2.4918000000000E+004    6.5709800000000E+005    7.4927000000000E+004    7.5694300000000E+005
     388    5.2010000000000E+003    9.2359670000000E+006    2.4453000000000E+004    6.5941800000000E+005    7.4964000000000E+004    7.5883500000000E+005
     389    5.3870000000000E+003    9.2340830000000E+006    2.3870000000000E+004    6.6146500000000E+005    7.5198000000000E+004    7.6053300000000E+005
     390    5.9800000000000E+003    9.2323630000000E+006    2.3749000000000E+004    6.6248300000000E+005    7.5428000000000E+004    7.6166000000000E+005
     391    6.2960000000000E+003    9.2316500000000E+006    2.3557000000000E+004    6.6290600000000E+005    7.5594000000000E+004    7.6205700000000E+005
     392    4.8590000000000E+003    9.2311050000000E+006    2.4859000000000E+004    6.6340500000000E+005    7.5775000000000E+004    7.6403900000000E+005
     393    3.3510000000000E+003    9.2307290000000E+006    2.3762000000000E+004    6.6621600000000E+005    7.5945000000000E+004    7.6592300000000E+005
     394    1.9770000000000E+003    9.2303830000000E+006    2.3013000000000E+004    6.6856300000000E+005    7.6067000000000E+004    7.6764300000000E+005
     395    3.2030000000000E+003    9.2284440000000E+006    2.1442000000000E+004    6.7079300000000E+005    7.6121000000000E+004    7.6835600000000E+005
     396    4.3840000000000E+003    9.2267180000000E+006    2.0049000000000E+004    6.7252700000000E+005    7.6325000000000E+004    7.6890100000000E+005
     397    5.7120000000000E+003    9.2250140000000E+006    1.9225000000000E+004    6.7354000000000E+005    7.6512000000000E+004    7.6927700000000E+005
     398    6.8430000000000E+003    9.2235370000000E+006    1.9162000000000E+004    6.7377600000000E+005    7.6685000000000E+004    7.6962300000000E+005
     399    6.5180000000000E+003    9.2219230000000E+006    1.8671000000000E+004    6.7613100000000E+005    7.6760000000000E+004    7.7156200000000E+005
     400    5.7450000000000E+003    9.2209700000000E+006    1.8205000000000E+004    6.7827000000000E+005    7.6813000000000E+004    7.7328800000000E+005
     401    4.3310000000000E+003    9.2206800000000E+006    1.8057000000000E+004    6.8008500000000E+005    7.6850000000000E+004    7.7499200000000E+005
     402    4.5360000000000E+003    9.2189980000000E+006    1.7642000000000E+004    6.8194600000000E+005    7.6881000000000E+004    7.7646900000000E+005
     403    4.4900000000000E+003    9.2174300000000E+006    1.7558000000000E+004    6.8344500000000E+005    7.7080000000000E+004    7.7808300000000E+005
     404    4.9930000000000E+003    9.2159740000000E+006    1.7384000000000E+004    6.8442300000000E+005    7.7229000000000E+004    7.7903600000000E+005
     405    6.0980000000000E+003    9.2145790000000E+006    1.7277000000000E+004    6.8464700000000E+005    7.7402000000000E+004    7.7932600000000E+005
     406    5.5820000000000E+003    9.2134130000000E+006    1.6977000000000E+004    6.8647400000000E+005    7.7557000000000E+004    7.8100800000000E+005
     407    4.7060000000000E+003    9.2127210000000E+006    1.6661000000000E+004    6.8819100000000E+005    7.7724000000000E+004    7.8257600000000E+005
     408    3.5190000000000E+003    9.2124520000000E+006    1.6397000000000E+004    6.8980600000000E+005    7.7829000000000E+004    7.8403200000000E+005
     409    3.5390000000000E+003    9.2110370000000E+006    1.7079000000000E+004    6.9049100000000E+005    7.7857000000000E+004    7.8542700000000E+005
     410    3.6690000000000E+003    9.2097410000000E+006    1.7700000000000E+004    6.9087300000000E+005    7.8020000000000E+004    7.8659300000000E+005
     411    4.2230000000000E+003    9.2084950000000E+006    1.8016000000000E+004    6.9107800000000E+005    7.8191000000000E+004    7.8728500000000E+005
     412    4.9980000000000E+003    9.2074510000000E+006    1.7939000000000E+004    6.9129500000000E+005    7.8320000000000E+004    7.8755400000000E+005
     413    4.5920000000000E+003    9.2064420000000E+006    1.7415000000000E+004    6.9310000000000E+005    7.8454000000000E+004    7.8896900000000E+005
     414    3.9450000000000E+003    9.2057930000000E+006    1.6985000000000E+004    6.9471100000000E+005    7.8569000000000E+004    7.9026500000000E+005
     415    2.9050000000000E+003    9.2055870000000E+006    1.6527000000000E+004    6.9634700000000E+005    7.8637000000000E+004    7.9151100000000E+005
     416    3.1080000000000E+003    9.2043400000000E+006    1.6094000000000E+004    6.9779700000000E+005    7.8664000000000E+004    7.9255500000000E+005
     417    3.3000000000000E+003    9.2031390000000E+006    1.5489000000000E+004    6.9926600000000E+005    7.8809000000000E+004    7.9356400000000E+005
     418    3.7340000000000E+003    9.2020560000000E+006    1.5185000000000E+004    7.0010200000000E+005    7.8926000000000E+004    7.9421300000000E+005
     419    4.4740000000000E+003    9.2011100000000E+006    1.5101000000000E+004    7.0026100000000E+005    7.9057000000000E+004    7.9441900000000E+005
     420    4.1160000000000E+003    9.2002210000000E+006    1.4666000000000E+004    7.0184700000000E+005    7.9153000000000E+004    7.9566600000000E+005
     421    3.1920000000000E+003    9.1999440000000E+006    1.4299000000000E+004    7.0330000000000E+005    7.9268000000000E+004    7.9686700000000E+005
     422    2.3270000000000E+003    9.1997260000000E+006    1.3926000000000E+004    7.0468600000000E+005    7.9338000000000E+004    7.9795000000000E+005
     423    2.3070000000000E+003    9.1988000000000E+006    1.3477000000000E+004    7.0605400000000E+005    7.9365000000000E+004    7.9889600000000E+005
     424    2.1600000000000E+003    9.1980580000000E+006    1.3200000000000E+004    7.0710900000000E+005    7.9476000000000E+004    7.9978500000000E+005
     425    2.7380000000000E+003    9.1972030000000E+006    1.2785000000000E+004    7.0769100000000E+005    7.9586000000000E+004    8.0006200000000E+005
     426    3.1870000000000E+003    9.1965360000000E+006    1.2734000000000E+004    7.0784700000000E+005    7.9699000000000E+004    8.0028000000000E+005
     427    3.0440000000000E+003    9.1957530000000E+006    1.2245000000000E+004    7.0917300000000E+005    7.9788000000000E+004    8.0120600000000E+005
     428    2.7830000000000E+003    9.1952720000000E+006    1.1691000000000E+004    7.1037600000000E+005    7.9881000000000E+004    8.0194800000000E+005
     429    2.0400000000000E+003    9.1951600000000E+006    1.1300000000000E+004    7.1159000000000E+005    7.9913000000000E+004    8.0280300000000E+005
     430    1.7990000000000E+003    9.1947340000000E+006    1.0923000000000E+004    7.1261600000000E+005    7.9931000000000E+004    8.0347000000000E+005
     431    1.8120000000000E+003    9.1939380000000E+006    1.0697000000000E+004    7.1353600000000E+005    8.0020000000000E+004    8.0425300000000E+005
     432    2.0790000000000E+003    9.1931900000000E+006    1.0529000000000E+004    7.1410700000000E+005    8.0098000000000E+004    8.0473400000000E+005
     433    2.6250000000000E+003    9.1925320000000E+006    1.0435000000000E+004    7.1422500000000E+005    8.0186000000000E+004    8.0484600000000E+005
     434    2.9180000000000E+003    9.1918130000000E+006    9.6140000000000E+003    7.1541000000000E+005    8.0248000000000E+004    8.0527200000000E+005
     435    2.5150000000000E+003    9.1914200000000E+006    9.2090000000000E+003    7.1653400000000E+005    8.0325000000000E+004    8.0606800000000E+005
     436    1.8890000000000E+003    9.1912980000000E+006    8.8740000000000E+003    7.1756500000000E+005    8.0377000000000E+004    8.0681600000000E+005
     437    1.9580000000000E+003    9.1905710000000E+006    8.5860000000000E+003    7.1849500000000E+005    8.0393000000000E+004    8.0747400000000E+005
     438    1.9950000000000E+003    9.1898150000000E+006    8.4160000000000E+003    7.1934400000000E+005    8.0433000000000E+004    8.0819300000000E+005
     439    2.1670000000000E+003    9.1892500000000E+006    8.5320000000000E+003    7.1954900000000E+005    8.0505000000000E+004    8.0858600000000E+005
     440    2.7130000000000E+003    9.1885820000000E+006    8.4360000000000E+003    7.1969300000000E+005    8.0579000000000E+004    8.0870800000000E+005
     441    2.6740000000000E+003    9.1878940000000E+006    8.2370000000000E+003    7.2055600000000E+005    8.0642000000000E+004    8.0943500000000E+005
     442    2.2740000000000E+003    9.1875380000000E+006    8.2510000000000E+003    7.2122900000000E+005    8.0711000000000E+004    8.1019100000000E+005
     443    1.8470000000000E+003    9.1874000000000E+006    7.9610000000000E+003    7.2204300000000E+005    8.0752000000000E+004    8.1075600000000E+005
     444    1.9770000000000E+003    9.1866020000000E+006    7.9620000000000E+003    7.2270000000000E+005    8.0762000000000E+004    8.1142400000000E+005
     445    2.1170000000000E+003    9.1857740000000E+006    7.8670000000000E+003    7.2340000000000E+005    8.0845000000000E+004    8.1211200000000E+005
     446    2.5490000000000E+003    9.1849860000000E+006    7.7420000000000E+003    7.2379800000000E+005    8.0928000000000E+004    8.1246800000000E+005
     447    3.0400000000000E+003    9.1843570000000E+006    7.7680000000000E+003    7.2386200000000E+005    8.0976000000000E+004    8.1260600000000E+005
     448    3.0460000000000E+003    9.1835530000000E+006    8.1400000000000E+003    7.2422900000000E+005    8.1035000000000E+004    8.1340400000000E+005
     449    2.5710000000000E+003    9.1832000000000E+006    8.1720000000000E+003    7.2495000000000E+005    8.1110000000000E+004    8.1423200000000E+005
     450    1.9250000000000E+003    9.1830580000000E+006    8.2120000000000E+003    7.2566200000000E+005    8.1146000000000E+004    8.1502000000000E+005
     451    2.0750000000000E+003    9.1822790000000E+006    8.1830000000000E+003    7.2630600000000E+005    8.1160000000000E+004    8.1564900000000E+005
     452    2.0680000000000E+003    9.1814820000000E+006    8.2680000000000E+003    7.2693000000000E+005    8.1255000000000E+004    8.1645300000000E+005
     453    2.5270000000000E+003    9.1806700000000E+006    8.2280000000000E+003    7.2723700000000E+005    8.1341000000000E+004    8.1680600000000E+005
     454    3.0840000000000E+003    9.1799710000000E+006    8.2480000000000E+003    7.2727100000000E+005    8.1429000000000E+004    8.1694800000000E+005
     455    3.0530000000000E+003    9.1792230000000E+006    8.3000000000000E+003    7.2793600000000E+005    8.1491000000000E+004    8.1772700000000E+005
     456    2.6430000000000E+003    9.1788360000000E+006    8.3410000000000E+003    7.2861500000000E+005    8.1568000000000E+004    8.1852400000000E+005
     457    1.9560000000000E+003    9.1787110000000E+006    8.5880000000000E+003    7.2913500000000E+005    8.1613000000000E+004    8.1933600000000E+005
     458    2.2680000000000E+003    9.1777000000000E+006    8.6190000000000E+003    7.2978000000000E+005    8.1636000000000E+004    8.2003500000000E+005
     459    2.5870000000000E+003    9.1766330000000E+006    8.6790000000000E+003    7.3039200000000E+005    8.1712000000000E+004    8.2078300000000E+005
     460    3.2750000000000E+003    9.1755580000000E+006    8.7100000000000E+003    7.3066400000000E+005    8.1796000000000E+004    8.2117000000000E+005
     461    4.0620000000000E+003    9.1746460000000E+006    8.6970000000000E+003    7.3070000000000E+005    8.1898000000000E+004    8.2129500000000E+005
     462    4.0320000000000E+003    9.1736650000000E+006    8.9100000000000E+003    7.3142700000000E+005    8.1969000000000E+004    8.2230600000000E+005
     463    3.4790000000000E+003    9.1731510000000E+006    9.1490000000000E+003    7.3217100000000E+005    8.2053000000000E+004    8.2337300000000E+005
     464    2.5700000000000E+003    9.1729850000000E+006    9.4360000000000E+003    7.3291600000000E+005    8.2096000000000E+004    8.2444800000000E+005
     465    2.7540000000000E+003    9.1718890000000E+006    9.7190000000000E+003    7.3353300000000E+005    8.2108000000000E+004    8.2536000000000E+005
     466    2.9310000000000E+003    9.1707310000000E+006    9.8960000000000E+003    7.3423100000000E+005    8.2214000000000E+004    8.2634100000000E+005
     467    3.6290000000000E+003    9.1695190000000E+006    1.0057000000000E+004    7.3448500000000E+005    8.2313000000000E+004    8.2685500000000E+005
     468    4.7370000000000E+003    9.1682450000000E+006    1.0081000000000E+004    7.3452200000000E+005    8.2418000000000E+004    8.2702100000000E+005
     469    4.9240000000000E+003    9.1669620000000E+006    1.0398000000000E+004    7.3521700000000E+005    8.2502000000000E+004    8.2811700000000E+005
     470    4.5100000000000E+003    9.1662180000000E+006    1.0759000000000E+004    7.3590900000000E+005    8.2607000000000E+004    8.2927500000000E+005
     471    3.5570000000000E+003    9.1659590000000E+006    1.1159000000000E+004    7.3666400000000E+005    8.2664000000000E+004    8.3048700000000E+005
     472    3.8770000000000E+003    9.1643650000000E+006    1.1734000000000E+004    7.3734900000000E+005    8.2678000000000E+004    8.3176100000000E+005
     473    4.3760000000000E+003    9.1625830000000E+006    1.2269000000000E+004    7.3798100000000E+005    8.2794000000000E+004    8.3304400000000E+005
     474    5.4180000000000E+003    9.1607970000000E+006    1.2626000000000E+004    7.3825000000000E+005    8.2912000000000E+004    8.3378800000000E+005
     475    6.9510000000000E+003    9.1590050000000E+006    1.2760000000000E+004    7.3825800000000E+005    8.3029000000000E+004    8.3404700000000E+005
     476    7.1660000000000E+003    9.1571960000000E+006    1.3343000000000E+004    7.3914200000000E+005    8.3156000000000E+004    8.3564100000000E+005
     477    6.5460000000000E+003    9.1560340000000E+006    1.4058000000000E+004    7.4008200000000E+005    8.3283000000000E+004    8.3742300000000E+005
     478    5.1970000000000E+003    9.1555970000000E+006    1.4769000000000E+004    7.4108700000000E+005    8.3353000000000E+004    8.3920900000000E+005
     479    5.6960000000000E+003    9.1533060000000E+006    1.5649000000000E+004    7.4197100000000E+005    8.3381000000000E+004    8.4100100000000E+005
     480    6.1280000000000E+003    9.1510650000000E+006    1.6477000000000E+004    7.4279800000000E+005    8.3535000000000E+004    8.4281000000000E+005
     481    7.2860000000000E+003    9.1487450000000E+006    1.7125000000000E+004    7.4313800000000E+005    8.3709000000000E+004    8.4397200000000E+005
     482    9.4600000000000E+003    9.1461340000000E+006    1.7396000000000E+004    7.4312900000000E+005    8.3884000000000E+004    8.4440900000000E+005
     483    9.9030000000000E+003    9.1434000000000E+006    1.8591000000000E+004    7.4405500000000E+005    8.4054000000000E+004    8.4670000000000E+005
     484    9.2070000000000E+003    9.1418550000000E+006    1.9674000000000E+004    7.4503900000000E+005    8.4228000000000E+004    8.4894100000000E+005
     485    7.5040000000000E+003    9.1412380000000E+006    2.0782000000000E+004    7.4611000000000E+005    8.4369000000000E+004    8.5126100000000E+005
     486    8.5040000000000E+003    9.1376270000000E+006    2.2119000000000E+004    7.4734200000000E+005    8.4411000000000E+004    8.5387200000000E+005
     487    9.5330000000000E+003    9.1338640000000E+006    2.3570000000000E+004    7.4841200000000E+005    8.4624000000000E+004    8.5660600000000E+005
     488    1.2218000000000E+004    9.1296340000000E+006    2.4371000000000E+004    7.4892700000000E+005    8.4853000000000E+004    8.5815100000000E+005
     489    1.5719000000000E+004    9.1255160000000E+006    2.4729000000000E+004    7.4894800000000E+005    8.5091000000000E+004    8.5876800000000E+005
     490    1.5887000000000E+004    9.1217370000000E+006    2.6746000000000E+004    7.5030500000000E+005    8.5328000000000E+004    8.6237900000000E+005
     491    1.4429000000000E+004    9.1194320000000E+006    2.8727000000000E+004    7.5184100000000E+005    8.5574000000000E+004    8.6614200000000E+005
     492    1.1235000000000E+004    9.1183960000000E+006    3.1171000000000E+004    7.5346000000000E+005    8.5741000000000E+004    8.7037200000000E+005
     493    1.2075000000000E+004    9.1134380000000E+006    3.3497000000000E+004    7.5519800000000E+005    8.5795000000000E+004    8.7449000000000E+005
     494    1.3869000000000E+004    9.1078650000000E+006    3.5467000000000E+004    7.5666000000000E+005    8.6142000000000E+004    8.7826900000000E+005
     495    1.6769000000000E+004    9.1026600000000E+006    3.6610000000000E+004    7.5741800000000E+005    8.6546000000000E+004    8.8057400000000E+005
     496    2.0574000000000E+004    9.0978190000000E+006    3.7209000000000E+004    7.5743500000000E+005    8.6966000000000E+004    8.8161000000000E+005
     497    2.0401000000000E+004    9.0930340000000E+006    3.9876000000000E+004    7.5931100000000E+005    8.7381000000000E+004    8.8656800000000E+005
     498    1.7633000000000E+004    9.0902290000000E+006    4.3208000000000E+004    7.6115900000000E+005    8.7774000000000E+004    8.9214100000000E+005
     499    1.3515000000000E+004    9.0891420000000E+006    4.6093000000000E+004    7.6322200000000E+005    8.8031000000000E+004    8.9734600000000E+005
     500    1.4848000000000E+004    9.0829680000000E+006    4.8323000000000E+004    7.6572500000000E+005    8.8139000000000E+004    9.0218700000000E+005
     501    1.6128000000000E+004    9.0769030000000E+006    5.0374000000000E+004    7.6796100000000E+005    8.8637000000000E+004    9.0697200000000E+005
     502    1.9091000000000E+004    9.0711350000000E+006    5.1634000000000E+004    7.6896400000000E+005    8.9179000000000E+004    9.0977700000000E+005
     503    2.4223000000000E+004    9.0649160000000E+006    5.2104000000000E+004    7.6903000000000E+005    8.9730000000000E+004    9.1086400000000E+005
     504    2.3293000000000E+004    9.0596720000000E+006    5.4667000000000E+004    7.7216900000000E+005    9.0202000000000E+004    9.1703800000000E+005
     505    2.0601000000000E+004    9.0562990000000E+006    5.6969000000000E+004    7.7546800000000E+005    9.0666000000000E+004    9.2310300000000E+005
     506    1.6370000000000E+004    9.0547620000000E+006    5.8507000000000E+004    7.7944200000000E+005    9.0922000000000E+004    9.2887100000000E+005
     507    1.6859000000000E+004    9.0480540000000E+006    6.0608000000000E+004    7.8346300000000E+005    9.1019000000000E+004    9.3509000000000E+005
     508    1.7870000000000E+004    9.0417990000000E+006    6.2073000000000E+004    7.8660100000000E+005    9.1660000000000E+004    9.4033400000000E+005
     509    2.0497000000000E+004    9.0357990000000E+006    6.3141000000000E+004    7.8832700000000E+005    9.2239000000000E+004    9.4370700000000E+005
     510    2.5149000000000E+004    9.0296100000000E+006    6.3642000000000E+004    7.8879800000000E+005    9.2804000000000E+004    9.4524400000000E+005
     511    2.3871000000000E+004    9.0241800000000E+006    6.5392000000000E+004    7.9316300000000E+005    9.3397000000000E+004    9.5195200000000E+005
     512    2.0443000000000E+004    9.0213530000000E+006    6.6074000000000E+004    7.9820800000000E+005    9.3925000000000E+004    9.5820700000000E+005
     513    1.5770000000000E+004    9.0200260000000E+006    6.6869000000000E+004    8.0308900000000E+005    9.4249000000000E+004    9.6420700000000E+005
     514    1.5641000000000E+004    9.0139660000000E+006    6.8217000000000E+004    8.0778200000000E+005    9.4397000000000E+004    9.7039600000000E+005
     515    1.6081000000000E+004    9.0080960000000E+006    6.8862000000000E+004    8.1190200000000E+005    9.5062000000000E+004    9.7582600000000E+005
     516    1.8605000000000E+004    9.0027450000000E+006    6.8884000000000E+004    8.1407500000000E+005    9.5694000000000E+004    9.7865300000000E+005
     517    2.2873000000000E+004    8.9971500000000E+006    6.9124000000000E+004    8.1453500000000E+005    9.6321000000000E+004    9.7998000000000E+005
     518    2.1773000000000E+004    8.9921900000000E+006    6.9010000000000E+004    8.2011700000000E+005    9.6913000000000E+004    9.8604000000000E+005
     519    1.8859000000000E+004    8.9892340000000E+006    6.8815000000000E+004    8.2566100000000E+005    9.7434000000000E+004    9.9191000000000E+005
     520    1.4936000000000E+004    8.9878060000000E+006    6.8398000000000E+004    8.3116100000000E+005    9.7702000000000E+004    9.9726100000000E+005
     521    1.4749000000000E+004    8.9823980000000E+006    6.7774000000000E+004    8.3726200000000E+005    9.7820000000000E+004    1.0028560000000E+006
     522    1.5596000000000E+004    8.9765910000000E+006    6.7490000000000E+004    8.4191400000000E+005    9.8412000000000E+004    1.0078160000000E+006
     523    1.2640000000000E+004    8.9765910000000E+006    6.7073000000000E+004    8.4469800000000E+005    9.9001000000000E+004    1.0107720000000E+006
     524    1.1212000000000E+004    8.9765910000000E+006    6.6964000000000E+004    8.4569000000000E+005    9.9546000000000E+004    1.0122000000000E+006
     525    5.8040000000000E+003    8.9765910000000E+006    6.5664000000000E+004    8.5182600000000E+005    1.0011800000000E+005    1.0176080000000E+006
     526   -3.0000000000000E+000    8.9765910000000E+006    6.5216000000000E+004    8.5760600000000E+005    1.0059300000000E+005    1.0234150000000E+006
     527   -3.0000000000000E+000    8.9765910000000E+006    5.9216000000000E+004    8.6329000000000E+005    1.0090900000000E+005    1.0234150000000E+006
     528   -3.0000000000000E+000    8.9765910000000E+006    5.3027000000000E+004    8.6932300000000E+005    1.0106500000000E+005    1.0234150000000E+006
     529   -3.0000000000000E+000    8.9765910000000E+006    4.7597000000000E+004    8.7422000000000E+005    1.0159800000000E+005    1.0234150000000E+006
     530   -3.0000000000000E+000    8.9765910000000E+006    4.4770000000000E+004    8.7641400000000E+005    1.0223100000000E+005    1.0234150000000E+006
     531   -3.0000000000000E+000    8.9765910000000E+006    4.3443000000000E+004    8.7774100000000E+005    1.0223100000000E+005    1.0234150000000E+006
     532   -3.0000000000000E+000    8.9765910000000E+006    3.7383000000000E+004    8.8380100000000E+005    1.0223100000000E+005    1.0234150000000E+006
     533   -3.0000000000000E+000    8.9765910000000E+006    3.1513000000000E+004    8.8967100000000E+005    1.0223100000000E+005    1.0234150000000E+006
     534   -3.0000000000000E+000    8.9765910000000E+006    2.6162000000000E+004    8.9502200000000E+005    1.0223100000000E+005    1.0234150000000E+006
     535   -3.0000000000000E+000    8.9765910000000E+006    2.0567000000000E+004    9.0061700000000E+005    1.0223100000000E+005    1.0234150000000E+006
     536   -3.0000000000000E+000    8.9765910000000E+006    1.5607000000000E+004    9.0557700000000E+005    1.0223100000000E+005    1.0234150000000E+006
     537   -3.0000000000000E+000    8.9765910000000E+006    1.2651000000000E+004    9.0853300000000E+005    1.0223100000000E+005    1.0234150000000E+006
     538   -3.0000000000000E+000    8.9765910000000E+006    1.1223000000000E+004    9.0996100000000E+005    1.0223100000000E+005    1.0234150000000E+006
     539   -3.0000000000000E+000    8.9765910000000E+006    5.8150000000000E+003    9.1536900000000E+005    1.0223100000000E+005    1.0234150000000E+006
     540   -3.0000000000000E+000    8.9765910000000E+006    8.0000000000000E+000    9.2117600000000E+005    1.0223100000000E+005    1.0234150000000E+006
