         1         0         1         0         8         0         0
         2         4         0         0         9         0         0
         3         1         2         0         9         0         0
         4         0         5         0        11         0         0
         5        16         0         0        16         0         0
         6        22         4         0        16         0         0
         7        27         1         0        20         0         0
         8        18         0         0        21         0         0
         9        11        16         0        21         0         2
        10        23        22         0        37         0         5
        11        34        27         0        59         0         2
        12        37        18         0        86         0         3
        13        62        11         0       104         2         2
        14        28        23         0       115         5         6
        15        17        34         0       138         2         4
        16        20        37         0       172         3         2
        17        40        62         0       209         2         6
        18        56        28         8       271         6         0
        19        48        17         0       291         4         2
        20        65        20         4       308         2         3
        21        61        40         1       324         6         2
        22        56        56         0       363         0         8
        23        34        48        16       419         2         5
        24        73        65        22       451         3         5
        25        69        61        27       494         2         6
        26        60        56        18       528         8         6
        27        78        34        11       566         5         4
        28        81        73        23       589         5         8
        29        62        69        34       639         6         8
        30        53        60        37       674         6         3
        31       138        78        62       697         4         9
        32       135        81        28       713         8        10
        33       121        62        17       766         8         8
        34       163        53        20       811         3         5
        35       147       138        40       844         9        16
        36       129       135        56       942        10        11
        37       121       121        48      1021         8         6
        38       260       163        65      1094         5        24
        39       260       147        61      1192        16        14
        40       244       129        56      1278        11        12
        41       258       121        34      1351         6        11
        42       372       260        73      1438        24        19
        43       211       260        69      1625        14        35
        44       220       244        60      1816        12        30
        45       439       258        78      2000        11        21
        46       440       372        81      2180        19        42
        47       453       211        62      2471        35        24
        48       422       220        53      2620        30        13
        49       533       439       138      2787        21        43
        50       295       440       135      3088        42        45
        51       253       453       121      3393        24        52
        52       493       422       163      3725        13        33
        53       533       533       147      3984        43        48
        54       610       295       129      4370        45        29
        55       608       253       121      4536        52        24
        56       395       493       260      4668        33        55
        57       367       533       260      4901        48        54
        58       322       610       244      5174        29        52
        59       717       608       258      5540        24        63
        60       630       395       372      5890        55        32
        61       698       367       211      5913        54        34
        62       744       322       220      6069        52        33
        63       821       717       439      6171        63        75
        64       416       630       440      6449        32        62
        65       396       698       453      6639        34        60
        66       818       744       422      6884        33        86
        67       841       821       533      7206        75        76
        68       894       416       295      7494        62        37
        69       773       396       253      7615        60        34
        70      1006       818       493      7758        86        86
        71       622       841       533      8083        76        74
        72       423       894       610      8391        37        73
        73      1090       773       608      8675        34        80
        74       984      1006       395      8840        86        98
        75      1010       622       367      9451        74        62
        76       933       423       322      9706        73        39
        77       962      1090       717      9807        80       104
        78       509       984       630     10180        98        95
        79       344      1010       698     10534        62       111
        80      1090       933       744     10846        39       102
        81       884       962       821     11035       104        88
        82       985       509       416     11176        95        58
        83       794       344       396     11269       111        36
        84       950      1090       818     11217       102       123
        85       547       884       841     11489        88        88
        86       413       985       894     11532        58       118
        87      1102       794       773     11623        36        91
        88       910       950      1006     11644       123        86
        89       924       547       622     11588        88        49
        90       929       413       423     11513       118        42
        91       972      1102      1090     11503        91        99
        92       529       910       984     11515        86       101
        93       408       924      1010     11441        49        91
        94       990       929       933     11355        42        87
        95       972       972       962     11351        99        99
        96       942       529       509     11361       101        44
        97       838       408       344     11381        91        40
        98       863       990      1090     11445        87       101
        99       384       972       884     11345        99       116
       100       400       942       985     11433        44        85
       101       918       838       794     11390        40        94
       102       974       863       950     11434       101        76
       103       913       384       547     11347       116        39
       104       901       400       413     11184        85        41
       105       861       918      1102     11171        94        94
       106       455       974       910     10987        76       109
       107       259       913       924     11051        39        85
       108       888       901       929     11040        41        75
       109       879       861       972     11012        94        94
       110       767       455       529     10901       109        45
       111       843       259       408     10827        85        20
       112       911       888       990     10678        75        80
       113       360       879       972     10576        94        85
       114       342       767       942     10483        45        73
       115       926       843       838     10308        20        96
       116       859       911       863     10313        80        91
       117      1006       360       384     10361        85        46
       118       890       342       400     10337        73        37
       119       938       926       918     10279        96        96
       120       400       859       974     10287        91        80
       121       245      1006       913     10172        46       114
       122       952       890       901     10265        37        81
       123       975       938       861     10254        96       101
       124       958       400       455     10331        80        43
       125       773       245       259     10276       114        32
       126       831       952       888     10262        81        84
       127       412       975       879     10326       101       114
       128       235       958       767     10422        43       113
       129      1089       773       843     10613        32        89
       130       941       831       911     10543        84        86
       131      1227       412       360     10463       114        36
       132      1151       235       342     10515       113        25
       133      1202      1089       926     10408        89       118
       134       679       941       859     10571        86       111
       135       293      1227      1006     10653        36       130
       136      1142      1151       890     10874        25       116
       137      1132      1202       938     11135       118       122
       138      1142       679       400     11399       111        59
       139      1088       293       245     11678       130        28
       140      1096      1142       952     11726       116       129
       141       557      1132       975     11916       122       111
       142       266      1142       958     12073        59       134
       143      1058      1088       773     12257        28       116
       144      1084      1096       831     12572       129       117
       145      1019       557       412     12837       111        61
       146      1076       266       235     12982       134        27
       147       965      1058      1089     13013       116       105
       148       551      1084       941     12982       117        96
       149       262      1019      1227     13125        61       103
       150       864      1076      1151     12917        27       100
       151      1009       965      1202     12842       105       115
       152      1025       551       679     12605        96        56
       153       884       262       293     12477       103        25
       154       995       864      1142     12446       100        94
       155       474      1009      1132     12168       115        93
       156       203      1025      1142     12045        56       105
       157       883       884      1088     11928        25       100
       158      1053       995      1096     11724        94        92
       159      1048       474       557     11623        93        43
       160       971       203       266     11540       105        18
       161      1036       883      1058     11477       100        88
       162       434      1053      1084     11302        92       108
       163       194      1048      1019     11271        43       104
       164      1042       971      1076     11300        18       104
       165      1179      1036       965     11195        88        99
       166      1112       434       551     11266       108        42
       167       971       194       262     11149       104        27
       168      1133      1042       864     11081       104       114
       169       506      1179      1009     11259        99       118
       170       293      1112      1025     11429        42       108
       171      1065       971       884     11516        27        77
       172      1080      1133       995     11603       114       123
       173      1411       506       474     11741       118        56
       174      1290       293       203     11773       108        32
       175      1338      1065       883     11863        77       106
       176       710      1080      1053     12045       123       113
       177       262      1411      1048     12072        56       142
       178       980      1290       971     12435        32       139
       179      1435      1338      1036     12754       106       129
       180      1560       710       434     13056       113        57
       181      1398       262       194     13332       142        26
       182      1285       980      1042     13400       139       109
       183       669      1435      1179     13338       129       142
       184       246      1560      1112     13594        57       148
       185       989      1398       971     14042        26       135
       186      1405      1285      1133     14469       109       124
       187      1274       669       506     14621       142        73
       188      1270       246       293     14784       148        31
       189      1209       989      1065     14737       135        93
       190       735      1405      1080     14661       124       153
       191       222      1274      1411     14986        73       130
       192      1015      1270      1290     14849        31       135
       193       804      1209      1338     14829        93       113
       194       225       735       710     14700       153        85
       195      1320       222       262     14725       130        25
       196      1195      1015       980     14685       135       131
       197       641       804      1435     14720       113        75
       198       259       225      1560     14089        85        30
       199      1002      1320      1398     12754        25       130
       200      1256      1195      1285     12676       131       126
       201      1243       641       669     12586        75        64
       202      1134       259       246     12558        30        31
       203      1186      1002       989     12571       130       105
       204       758      1256      1405     12584       126       124
       205       288      1243      1274     12435        64       122
       206      1168      1134      1270     12404        31       126
       207      1219      1186      1209     12268       105       115
       208      1196       758       735     12245       124        77
       209      1176       288       222     12268       122        24
       210      1062      1168      1015     12334       126       122
       211       556      1219       804     12487       115       124
       212       248      1196       225     12902        77       122
       213      1037      1176      1320     13873        24        98
       214      1182      1062      1195     13729       122       110
       215      1252       556       641     13596       124        63
       216      1191       248       259     13511       122        24
       217      1214      1037      1002     13500        98       118
       218       594      1182      1256     13535       110       118
       219       306      1252      1243     13461        63       125
       220      1245      1191      1134     13470        24       127
       221      1293      1214      1186     13527       118       120
       222      1211       594       758     13555       118        54
       223      1312       306       288     13391       125        23
       224      1563      1245      1168     13409       127       139
       225       639      1293      1219     13486       120       117
       226       339      1211      1196     13560        54       129
       227      1843      1312      1176     13575        23       135
       228      2065      1563      1062     13711       139       152
       229      1743       639       556     14212       117        66
       230      1707       339       248     14295       129        41
       231      1801      1843      1037     14386       135       180
       232       775      2065      1182     15192       152       229
       233       309      1743      1252     16075        66       170
       234      1936      1707      1191     16566        41       168
       235      1894      1801      1214     17082       180       168
       236      1936       775       594     17669       229        58
       237      1720       309       306     17850       170        39
       238      1589      1936      1245     17853       168       197
       239       644      1894      1293     18544       168       182
       240       303      1936      1211     19145        58       215
       241       660      1720      1312     19870        39       169
       242      2033      1589      1563     20278       197       163
       243      2008       644       639     20304       182        64
       244      1850       303       339     20309       215        36
       245      1753       660      1843     20273       169        68
       246       858      2033      2065     19090       163       194
       247       360      2008      1743     19058        64       205
       248      2370      1850      1707     19323        36       188
       249      2305      1753      1801     19466        68       181
       250      2108       858       775     19418       194        79
       251      1978       360       309     19501       205        47
       252      1967      2370      1936     19552       188       231
       253       916      2305      1894     19986       181       227
       254       470      2108      1936     20397        79       210
       255       427      1978      1720     20569        47       193
       256      2436      1967      1589     20827       231       204
       257      2067       916       644     21205       227        82
       258      2053       470       303     21477       210        45
       259      2099       427       660     21644       193        53
       260      1283      2436      2033     21411       204       216
       261       493      2067      2008     21814        82       211
       262      2826      2053      1850     21873        45       203
       263      2952      2099      1753     22076        53       200
       264      2735      1283       858     22422       216       141
       265      2782       493       360     22847       211        44
       266      3022      2826      2370     22980       203       233
       267      1617      2952      2305     23436       200       299
       268       590      2735      2108     24083       141       271
       269      3696      2782      1978     24710        44       282
       270      4079      3022      1967     25514       233       274
       271      4428      1617       916     26569       299       164
       272      4403       590       470     27270       271        58
       273      4615      3696       427     27390       282       350
       274      2759      4079      2436     30659       274       419
       275       824      4428      2067     32302       164       458
       276      5196      4403      2053     34663        58       441
       277      5078      4615      2099     37013       350       466
       278      5011      2759      1283     39529       419       286
       279      5264       824       493     41005       458        83
       280      5205      5196      2826     41336       441       524
       281      2734      5078      2952     43706       466       457
       282       701      5011      2735     45832       286       490
       283      5380      5264      2782     48108        83       524
       284      5474      5205      3022     50590       524       551
       285      5131      2734      1617     52773       457       241
       286      5151       701       590     53890       490        71
       287      5555      5380      3696     54001       524       529
       288      2970      5474      4079     55685       551       546
       289       779      5131      4428     57080       241       528
       290      5486      5151      4403     57783        71       546
       291      5313      5555      4615     58531       529       612
       292      5203      2970      2759     59471       546       275
       293      4418       779       824     59682       528        73
       294       581      5486      5196     59637       546       515
       295      1933      5313      5078     59927       612       530
       296      1089      5203      5011     60162       275       512
       297      6098      4418      5264     60354        73       425
       298      6132       581      5205     59508       515        44
       299      5589      1933      2734     54884       530       197
       300      4866      1089       701     54083       512       101
       301       712      6098      5380     54471       425       582
       302      1821      6132      5474     55189        44       582
       303      1102      5589      5131     55847       197       568
       304      6691      4866      5151     56305       101       485
       305      6714       712      5555     56020       582        81
       306      6620      1821      2970     51177       582       190
       307      6848      1102       779     50028       568       121
       308      6751      6691      5486     50351       485       653
       309      3899      6714      5313     51556        81       674
       310      1318      6620      5203     52957       190       701
       311      7455      6848      4418     54374       121       677
       312      6955      6751       581     56804       653       655
       313      6853      3899      1933     62974       674       391
       314      6524      1318      1089     64940       701       152
       315      6286      7455      6098     65169       677       757
       316      3645      6955      6132     66526       655       729
       317      1041      6853      5589     67349       391       669
       318      6633      6524      4866     68613       152       672
       319      6499      6286       712     70271       757       637
       320      5844      3645      1821     75845       729       380
       321      5504      1041      1102     77669       669       104
       322      5526      6633      6691     77608       672       688
       323      3068      6499      6714     77550       637       650
       324      1082      5844      6620     77335       380       580
       325      5758      5504      6848     76559       104       546
       326      5730      5526      6751     75215       688       533
       327      5167      3068      3899     73990       650       281
       328      4563      1082      1318     73159       580       114
       329      4293      5758      7455     72923       546       581
       330      2418      5730      6955     71226       533       586
       331       811      5167      6853     70001       281       498
       332      1179      4563      6524     68315       114       473
       333      4427      4293      6286     66354       581       416
       334      3867      2418      3645     64361       586       247
       335      3665       811      1041     63134       498        62
       336      3463      1179      6633     62904       473       116
       337      1946      4427      6499     57450       416       434
       338       581      3867      5844     55378       247       379
       339      4014      3665      5504     53401        62       324
       340      3119      3463      5526     51562       116       327
       341      3013      1946      3068     49499       434       204
       342      2731       581      1082     48377       379        59
       343      2871      4014      5758     47876       324       396
       344      1789      3119      5730     46132       327       317
       345       513      3013      5167     43521       204       314
       346      2971      2731      4563     41367        59       276
       347      2818      2871      4293     39535       396       293
       348      2444      1789      2418     38113       317       166
       349      2501       513       811     37484       314        56
       350      2336      2971      1179     37186       276       320
       351      1343      2818      4427     38978       293       294
       352       494      2444      3867     37369       166       259
       353      3062      2501      3665     35946        56       265
       354      2781      2336      3463     34782       320       241
       355      2513      1343      1946     33655       294       143
       356      2500       494       581     33052       259        52
       357      2499      3062      4014     32965       265       321
       358      1546      2781      3119     32013       241       270
       359       562      2513      3013     31675       143       249
       360      2989      2500      2731     31175        52       246
       361      2656      2499      2871     30944       321       238
       362      2602      1546      1789     30572       270       163
       363      2379       562       513     30329       249        64
       364      2291      2989      2971     30378       246       278
       365      1297      2656      2818     30396       238       254
       366       504      2602      2444     30234       163       261
       367      2481      2379      2501     30392        64       244
       368      2078      2291      2336     30270       278       224
       369      1780      1297      1343     30225       254       135
       370      1850       504       494     30179       261        63
       371      1866      2481      3062     30189       244       235
       372      1053      2078      2781     29608       224       196
       373       436      1780      2513     28905       135       174
       374       581      1850      2500     28172        63       167
       375      2444      1866      2499     27522       235       199
       376      1984      1053      1546     26889       196       106
       377      1861       436       562     26396       174        43
       378      1612       581      2989     26270       167        57
       379       916      2444      2656     23862       199       243
       380       368      1984      2602     23650       106       200
       381      1964      1861      2379     23032        43       179
       382      1763      1612      2291     22514        57       161
       383      1493       916      1297     21835       243       104
       384      1551       368       504     21454       200        30
       385      1370      1964      2481     21318       179       175
       386       957      1763      2078     20801       161       197
       387       306      1493      1780     20486       104       162
       388      1694      1551      1850     20199        30       141
       389      1505      1370      1866     19900       175       151
       390      1326       957      1053     19404       197        97
       391       618       306       436     19308       162        24
       392       448      1694       581     19178       141       173
       393       335      1505      2444     20291       151       153
       394       286      1326      1984     19352        97       151
       395      1678       618      1861     18694        24        73
       396      1373       448      1612     17451       173        42
       397      1354       335       916     16287       153        33
       398      1284       286       368     15706       151        31
       399      1229      1678      1964     15624        73       184
       400       828      1373      1763     15338        42       152
       401       223      1354      1493     14948        33       134
       402      1489      1284      1551     14809        31       127
       403      1294      1229      1370     14542       184       123
       404      1205       828       957     14401       152        72
       405      1244       223       306     14272       134        17
       406      1018      1489      1694     14189       127       144
       407       578      1294      1505     13984       123       120
       408       237      1205      1326     13773        72        99
       409      1210      1244       618     13652        17       123
       410      1049      1018       448     14278       144        87
       411      1092       578       335     14848       120        59
       412       901       237       286     15091        99        27
       413       824      1210      1678     15042       123       129
       414       583      1049      1373     14574        87        93
       415       180      1092      1354     14250        59       111
       416      1035       901      1284     13988        27        78
       417       979       824      1229     13605       129        86
       418       877       583       828     13200        93        57
       419       792       180       223     12955       111        21
       420       703      1035      1489     12912        78        97
       421       223       979      1294     12458        86       107
       422       190       877      1205     12143        57        78
       423       757       792      1244     11815        21        70
       424       650       703      1018     11363        97        69
       425       718       223       578     11048       107        26
       426       590       190       237     10693        78        15
       427       604       757      1210     10646        70        77
       428       370       650      1049     10193        69        71
       429       106       718      1092      9794        26        68
       430       351       590       901      9420        15        57
       431       699       604       824      9109        77        63
       432       615       370       583      8889        71        40
       433       491       106       180      8676        68         8
       434       596       351      1035      8602        57        34
       435       298       699       979      7918        63        64
       436       104       615       877      7638        40        47
       437       586       491       792      7376         8        53
       438       581       596       703      7075        34        47
       439       517       298       223      6968        64        31
       440       512       104       190      7043        47        12
       441       595       586       757      6957        53        62
       442       293       581       650      6786        47        58
       443       127       517       718      6717        31        49
       444       635       512       590      6516        12        48
       445       635       595       604      6438        62        50
       446       657       293       370      6429        58        28
       447       543       127       106      6352        49        17
       448       633       635       351      6373        48        54
       449       262       635       699      6657        50        75
       450       110       657       615      6593        28        74
       451       614       543       491      6635        17        49
       452       649       633       596      6687        54        60
       453       634       262       298      6724        75        28
       454       565       110       104      6688        74        11
       455       631       614       586      6694        49        60
       456       308       649       581      6722        60        75
       457        93       634       517      6790        28        62
       458       851       565       512      6907        11        55
       459       869       631       595      6960        60        68
       460       865       308       293      6996        75        32
       461       710        93       127      7011        62         8
       462       764       851       635      6977        55        79
       463       471       869       635      7193        68        75
       464       140       865       657      7427        32        88
       465       926       710       543      7635         8        84
       466       937       764       633      7802        79        92
       467       953       471       262      7933        75        54
       468      1033       140       110      8142        88        11
       469      1125       926       614      8172        84        90
       470       570       937       649      8484        92        85
       471       207       953       634      8772        54       101
       472      1253      1033       565      9091        11       111
       473      1497      1125       631      9559        90       120
       474      1527       570       308     10053        85        66
       475      1510       207        93     10315       101        25
       476      1458      1253       851     10429       111       133
       477       969      1497       869     10831       120       158
       478       351      1527       865     11459        66       153
       479      1900      1510       710     12121        25       141
       480      1986      1458       764     12921       133       136
       481      1952       969       471     13615       158        97
       482      2137       351       140     14113       153        39
       483      2253      1900       926     14324       141       172
       484      1313      1986       937     15298       136       192
       485       516      1952       953     16347        97       187
       486      3084      2137      1033     17346        39       217
       487      3066      2253      1125     18450       172       198
       488      3301      1313       570     19578       192       128
       489      3430       516       207     20321       187        49
       490      3159      3084      1253     20630       217       307
       491      2056      3066      1497     22461       198       324
       492       817      3301      1527     24030       128       339
       493      4117      3430      1510     25804        49       364
       494      4521      3159      1458     27724       307       334
       495      4347      2056       969     29425       324       212
       496      4031       817       351     30512       339        68
       497      3983      4117      1900     30978       364       422
       498      2288      4521      1986     33195       334       457
       499       906      4347      1952     35730       212       426
       500      5187      4031      2137     38125        68       365
       501      4932      3983      2253     40019       422       395
       502      4796      2288      1313     41749       457       229
       503      5110       906       516     42724       426       104
       504      4393      5187      3084     43114       365       497
       505      2806      4932      3066     45217       395       455
       506      1195      4796      3301     47083       229       476
       507      5584      5110      3430     48578       104       476
       508      5070      4393      3159     50258       497       475
       509      5069      2806      2056     51492       455       292
       510      5162      1195       817     52242       476       108
       511      4435      5584      4117     52620       476       542
       512      2352      5070      4521     54087       475       470
       513      1103      5069      4347     54636       292       521
       514      5027      5162      4031     55358       108       502
       515      5031      4435      3983     56489       542       434
       516      4494      2352      2288     56941       470       214
       517      4667      1103       906     57005       521       113
       518      4064      5027      5187     57202       502       512
       519      2501      5031      4932     57042       434       474
       520      1146      4494      4796     57141       214       458
       521      4641      4667      5110     56839       113       463
       522      4819      4064      4393     56396       512       415
       523         0      2501      2806     56067       474       250
       524         0      1146      1195     55762       458       108
       525         0      4641      5584     55713       463       463
       526         0      4819      5070     54770       415       458
       527         0         0      5069     54519       250         0
       528         0         0      5162     49450       108         0
       529         0         0      4435     44288       463         0
       530         0         0      2352     39853       458         0
       531         0         0      1103     37501         0         0
       532         0         0      5027     36398         0         0
       533         0         0      5031     31371         0         0
       534         0         0      4494     26340         0         0
       535         0         0      4667     21846         0         0
       536         0         0      4064     17179         0         0
       537         0         0      2501     13115         0         0
       538         0         0      1146     10614         0         0
       539         0         0      4641      9468         0         0
       540         0         0      4819      4827         0         0
