       0    0.0000000000000E+000    9.9999990000000E+006    1.0000000000000E+000    0.0000000000000E+000    0.0000000000000E+000    1.0000000000000E+000
       1    0.0000000000000E+000    9.9999990000000E+006    1.0000000000000E+000    0.0000000000000E+000    0.0000000000000E+000    1.0000000000000E+000
       2    0.0000000000000E+000    9.9999990000000E+006    1.0000000000000E+000    0.0000000000000E+000    0.0000000000000E+000    1.0000000000000E+000
       3    0.0000000000000E+000    9.9999990000000E+006    1.0000000000000E+000    0.0000000000000E+000    0.0000000000000E+000    1.0000000000000E+000
       4    0.0000000000000E+000    9.9999990000000E+006    1.0000000000000E+000    0.0000000000000E+000    0.0000000000000E+000    1.0000000000000E+000
       5    0.0000000000000E+000    9.9999990000000E+006    1.0000000000000E+000    0.0000000000000E+000    0.0000000000000E+000    1.0000000000000E+000
       6    0.0000000000000E+000    9.9999990000000E+006    1.0000000000000E+000    0.0000000000000E+000    0.0000000000000E+000    1.0000000000000E+000
       7    0.0000000000000E+000    9.9999990000000E+006    1.0000000000000E+000    0.0000000000000E+000    0.0000000000000E+000    1.0000000000000E+000
       8    0.0000000000000E+000    9.9999990000000E+006    1.0000000000000E+000    0.0000000000000E+000    0.0000000000000E+000    1.0000000000000E+000
       9    1.0000000000000E+000    9.9999980000000E+006    1.0000000000000E+000    0.0000000000000E+000    0.0000000000000E+000    1.0000000000000E+000
      10    1.0000000000000E+000    9.9999980000000E+006    1.0000000000000E+000    0.0000000000000E+000    0.0000000000000E+000    1.0000000000000E+000
      11    1.0000000000000E+000    9.9999980000000E+006    1.0000000000000E+000    0.0000000000000E+000    0.0000000000000E+000    1.0000000000000E+000
      12    1.0000000000000E+000    9.9999980000000E+006    1.0000000000000E+000    0.0000000000000E+000    0.0000000000000E+000    1.0000000000000E+000
      13    0.0000000000000E+000    9.9999980000000E+006    2.0000000000000E+000    0.0000000000000E+000    0.0000000000000E+000    2.0000000000000E+000
      14    0.0000000000000E+000    9.9999980000000E+006    2.0000000000000E+000    0.0000000000000E+000    0.0000000000000E+000    2.0000000000000E+000
      15    2.0000000000000E+000    9.9999960000000E+006    2.0000000000000E+000    0.0000000000000E+000    0.0000000000000E+000    2.0000000000000E+000
      16    2.0000000000000E+000    9.9999960000000E+006    2.0000000000000E+000    0.0000000000000E+000    0.0000000000000E+000    2.0000000000000E+000
      17    2.0000000000000E+000    9.9999960000000E+006    2.0000000000000E+000    0.0000000000000E+000    0.0000000000000E+000    2.0000000000000E+000
      18    3.0000000000000E+000    9.9999950000000E+006    1.0000000000000E+000    1.0000000000000E+000    0.0000000000000E+000    2.0000000000000E+000
      19    1.0000000000000E+000    9.9999950000000E+006    3.0000000000000E+000    1.0000000000000E+000    0.0000000000000E+000    4.0000000000000E+000
      20    1.0000000000000E+000    9.9999950000000E+006    3.0000000000000E+000    1.0000000000000E+000    0.0000000000000E+000    4.0000000000000E+000
      21    5.0000000000000E+000    9.9999910000000E+006    3.0000000000000E+000    1.0000000000000E+000    0.0000000000000E+000    4.0000000000000E+000
      22    4.0000000000000E+000    9.9999910000000E+006    4.0000000000000E+000    1.0000000000000E+000    0.0000000000000E+000    5.0000000000000E+000
      23    4.0000000000000E+000    9.9999910000000E+006    4.0000000000000E+000    1.0000000000000E+000    0.0000000000000E+000    5.0000000000000E+000
      24    8.0000000000000E+000    9.9999870000000E+006    4.0000000000000E+000    1.0000000000000E+000    0.0000000000000E+000    5.0000000000000E+000
      25    1.3000000000000E+001    9.9999780000000E+006    8.0000000000000E+000    1.0000000000000E+000    0.0000000000000E+000    9.0000000000000E+000
      26    1.6000000000000E+001    9.9999750000000E+006    8.0000000000000E+000    1.0000000000000E+000    0.0000000000000E+000    9.0000000000000E+000
      27    1.9000000000000E+001    9.9999720000000E+006    7.0000000000000E+000    2.0000000000000E+000    0.0000000000000E+000    9.0000000000000E+000
      28    1.5000000000000E+001    9.9999720000000E+006    1.1000000000000E+001    2.0000000000000E+000    0.0000000000000E+000    1.3000000000000E+001
      29    8.0000000000000E+000    9.9999700000000E+006    2.0000000000000E+001    1.0000000000000E+000    1.0000000000000E+000    2.2000000000000E+001
      30    1.6000000000000E+001    9.9999590000000E+006    2.3000000000000E+001    1.0000000000000E+000    1.0000000000000E+000    2.5000000000000E+001
      31    1.8000000000000E+001    9.9999540000000E+006    2.6000000000000E+001    1.0000000000000E+000    1.0000000000000E+000    2.8000000000000E+001
      32    2.6000000000000E+001    9.9999460000000E+006    2.6000000000000E+001    1.0000000000000E+000    1.0000000000000E+000    2.8000000000000E+001
      33    3.2000000000000E+001    9.9999380000000E+006    2.6000000000000E+001    0.0000000000000E+000    4.0000000000000E+000    3.0000000000000E+001
      34    3.1000000000000E+001    9.9999280000000E+006    3.7000000000000E+001    0.0000000000000E+000    4.0000000000000E+000    4.1000000000000E+001
      35    3.3000000000000E+001    9.9999210000000E+006    4.2000000000000E+001    0.0000000000000E+000    4.0000000000000E+000    4.6000000000000E+001
      36    4.1000000000000E+001    9.9999050000000E+006    4.9000000000000E+001    1.0000000000000E+000    4.0000000000000E+000    5.4000000000000E+001
      37    4.8000000000000E+001    9.9998900000000E+006    5.7000000000000E+001    0.0000000000000E+000    5.0000000000000E+000    6.2000000000000E+001
      38    5.9000000000000E+001    9.9998690000000E+006    6.7000000000000E+001    0.0000000000000E+000    5.0000000000000E+000    7.2000000000000E+001
      39    7.3000000000000E+001    9.9998480000000E+006    7.0000000000000E+001    4.0000000000000E+000    5.0000000000000E+000    7.9000000000000E+001
      40    8.6000000000000E+001    9.9998190000000E+006    8.6000000000000E+001    2.0000000000000E+000    7.0000000000000E+000    9.5000000000000E+001
      41    9.7000000000000E+001    9.9997930000000E+006    1.0100000000000E+002    2.0000000000000E+000    7.0000000000000E+000    1.1000000000000E+002
      42    1.0200000000000E+002    9.9997670000000E+006    1.1800000000000E+002    5.0000000000000E+000    8.0000000000000E+000    1.3100000000000E+002
      43    1.2300000000000E+002    9.9997250000000E+006    1.3000000000000E+002    1.4000000000000E+001    8.0000000000000E+000    1.5200000000000E+002
      44    1.2100000000000E+002    9.9996980000000E+006    1.5600000000000E+002    1.7000000000000E+001    8.0000000000000E+000    1.8100000000000E+002
      45    1.3900000000000E+002    9.9996540000000E+006    1.7900000000000E+002    1.8000000000000E+001    1.0000000000000E+001    2.0700000000000E+002
      46    1.6300000000000E+002    9.9996040000000E+006    2.0500000000000E+002    1.8000000000000E+001    1.0000000000000E+001    2.3300000000000E+002
      47    1.8000000000000E+002    9.9995450000000E+006    2.4500000000000E+002    1.8000000000000E+001    1.2000000000000E+001    2.7500000000000E+002
      48    2.2100000000000E+002    9.9994770000000E+006    2.6100000000000E+002    2.7000000000000E+001    1.4000000000000E+001    3.0200000000000E+002
      49    2.4600000000000E+002    9.9994080000000E+006    3.0000000000000E+002    3.0000000000000E+001    1.6000000000000E+001    3.4600000000000E+002
      50    2.9400000000000E+002    9.9993100000000E+006    3.4200000000000E+002    3.2000000000000E+001    2.2000000000000E+001    3.9600000000000E+002
      51    3.5200000000000E+002    9.9991930000000E+006    3.9300000000000E+002    3.4000000000000E+001    2.8000000000000E+001    4.5500000000000E+002
      52    3.9700000000000E+002    9.9990800000000E+006    4.5100000000000E+002    4.1000000000000E+001    3.1000000000000E+001    5.2300000000000E+002
      53    4.2900000000000E+002    9.9989790000000E+006    5.1300000000000E+002    4.0000000000000E+001    3.9000000000000E+001    5.9200000000000E+002
      54    4.9100000000000E+002    9.9988190000000E+006    5.9500000000000E+002    5.1000000000000E+001    4.4000000000000E+001    6.9000000000000E+002
      55    5.8800000000000E+002    9.9986050000000E+006    6.9700000000000E+002    5.8000000000000E+001    5.2000000000000E+001    8.0700000000000E+002
      56    6.8200000000000E+002    9.9983980000000E+006    7.8900000000000E+002    7.5000000000000E+001    5.6000000000000E+001    9.2000000000000E+002
      57    8.3700000000000E+002    9.9981420000000E+006    8.6900000000000E+002    9.2000000000000E+001    6.0000000000000E+001    1.0210000000000E+003
      58    9.1800000000000E+002    9.9979010000000E+006    1.0000000000000E+003    1.0500000000000E+002    7.6000000000000E+001    1.1810000000000E+003
      59    1.0010000000000E+003    9.9976040000000E+006    1.1880000000000E+003    1.2200000000000E+002    8.5000000000000E+001    1.3950000000000E+003
      60    1.1010000000000E+003    9.9972970000000E+006    1.3690000000000E+003    1.3500000000000E+002    9.8000000000000E+001    1.6020000000000E+003
      61    1.1860000000000E+003    9.9969560000000E+006    1.5830000000000E+003    1.6300000000000E+002    1.1200000000000E+002    1.8580000000000E+003
      62    1.3860000000000E+003    9.9965150000000E+006    1.7970000000000E+003    1.7500000000000E+002    1.2700000000000E+002    2.0990000000000E+003
      63    1.5720000000000E+003    9.9960320000000E+006    2.0500000000000E+003    1.9800000000000E+002    1.4800000000000E+002    2.3960000000000E+003
      64    1.8060000000000E+003    9.9954910000000E+006    2.3070000000000E+003    2.2300000000000E+002    1.7300000000000E+002    2.7030000000000E+003
      65    2.1570000000000E+003    9.9947990000000E+006    2.5890000000000E+003    2.5700000000000E+002    1.9800000000000E+002    3.0440000000000E+003
      66    2.4740000000000E+003    9.9940410000000E+006    2.9620000000000E+003    2.9700000000000E+002    2.2600000000000E+002    3.4850000000000E+003
      67    2.8480000000000E+003    9.9931840000000E+006    3.3760000000000E+003    3.3200000000000E+002    2.6000000000000E+002    3.9680000000000E+003
      68    3.3660000000000E+003    9.9921250000000E+006    3.8190000000000E+003    3.9300000000000E+002    2.9700000000000E+002    4.5090000000000E+003
      69    3.6860000000000E+003    9.9911130000000E+006    4.3940000000000E+003    4.7500000000000E+002    3.3200000000000E+002    5.2010000000000E+003
      70    4.2250000000000E+003    9.9898160000000E+006    5.0390000000000E+003    5.4500000000000E+002    3.7500000000000E+002    5.9590000000000E+003
      71    4.7320000000000E+003    9.9884520000000E+006    5.7950000000000E+003    6.0300000000000E+002    4.1800000000000E+002    6.8160000000000E+003
      72    5.3340000000000E+003    9.9867910000000E+006    6.6940000000000E+003    7.1900000000000E+002    4.6200000000000E+002    7.8750000000000E+003
      73    6.1780000000000E+003    9.9849350000000E+006    7.4920000000000E+003    8.6100000000000E+002    5.3400000000000E+002    8.8870000000000E+003
      74    7.0480000000000E+003    9.9827680000000E+006    8.5820000000000E+003    9.9400000000000E+002    6.0800000000000E+002    1.0184000000000E+004
      75    8.0710000000000E+003    9.9803810000000E+006    9.6900000000000E+003    1.1520000000000E+003    7.0600000000000E+002    1.1548000000000E+004
      76    9.1770000000000E+003    9.9776140000000E+006    1.1110000000000E+004    1.2820000000000E+003    8.1700000000000E+002    1.3209000000000E+004
      77    1.0537000000000E+004    9.9743980000000E+006    1.2669000000000E+004    1.4800000000000E+003    9.1600000000000E+002    1.5065000000000E+004
      78    1.2111000000000E+004    9.9706570000000E+006    1.4529000000000E+004    1.6680000000000E+003    1.0350000000000E+003    1.7232000000000E+004
      79    1.3900000000000E+004    9.9664810000000E+006    1.6575000000000E+004    1.8730000000000E+003    1.1710000000000E+003    1.9619000000000E+004
      80    1.5984000000000E+004    9.9616300000000E+006    1.8901000000000E+004    2.1420000000000E+003    1.3430000000000E+003    2.2386000000000E+004
      81    1.8250000000000E+004    9.9561480000000E+006    2.1634000000000E+004    2.4360000000000E+003    1.5320000000000E+003    2.5602000000000E+004
      82    2.0702000000000E+004    9.9499550000000E+006    2.4834000000000E+004    2.7400000000000E+003    1.7690000000000E+003    2.9343000000000E+004
      83    2.3338000000000E+004    9.9431430000000E+006    2.8318000000000E+004    3.1970000000000E+003    2.0040000000000E+003    3.3519000000000E+004
      84    2.6529000000000E+004    9.9351010000000E+006    3.2411000000000E+004    3.6970000000000E+003    2.2620000000000E+003    3.8370000000000E+004
      85    3.0191000000000E+004    9.9259570000000E+006    3.7036000000000E+004    4.2350000000000E+003    2.5810000000000E+003    4.3852000000000E+004
      86    3.4553000000000E+004    9.9154020000000E+006    4.2170000000000E+004    4.9560000000000E+003    2.9190000000000E+003    5.0045000000000E+004
      87    3.9732000000000E+004    9.9034110000000E+006    4.7970000000000E+004    5.5490000000000E+003    3.3380000000000E+003    5.6857000000000E+004
      88    4.5552000000000E+004    9.8895490000000E+006    5.4715000000000E+004    6.3380000000000E+003    3.8460000000000E+003    6.4899000000000E+004
      89    5.1816000000000E+004    9.8741410000000E+006    6.2495000000000E+004    7.1510000000000E+003    4.3970000000000E+003    7.4043000000000E+004
      90    5.8831000000000E+004    9.8565710000000E+006    7.1389000000000E+004    8.1570000000000E+003    5.0520000000000E+003    8.4598000000000E+004
      91    6.6535000000000E+004    9.8368760000000E+006    8.1524000000000E+004    9.3550000000000E+003    5.7100000000000E+003    9.6589000000000E+004
      92    7.5324000000000E+004    9.8142250000000E+006    9.3219000000000E+004    1.0733000000000E+004    6.4990000000000E+003    1.1045100000000E+005
      93    8.6104000000000E+004    9.7880370000000E+006    1.0624000000000E+005    1.2296000000000E+004    7.3230000000000E+003    1.2585900000000E+005
      94    9.0758000000000E+004    9.7658130000000E+006    1.2104300000000E+005    1.4004000000000E+004    8.3820000000000E+003    1.4342900000000E+005
      95    9.3852000000000E+004    9.7430240000000E+006    1.3752200000000E+005    1.6008000000000E+004    9.5940000000000E+003    1.6312400000000E+005
      96    9.4359000000000E+004    9.7198660000000E+006    1.5643200000000E+005    1.8296000000000E+004    1.1047000000000E+004    1.8577500000000E+005
      97    9.1908000000000E+004    9.6961290000000E+006    1.7844400000000E+005    2.0943000000000E+004    1.2576000000000E+004    2.1196300000000E+005
      98    9.1421000000000E+004    9.6743920000000E+006    1.9581700000000E+005    2.4030000000000E+004    1.4340000000000E+004    2.3418700000000E+005
      99    8.8945000000000E+004    9.6540790000000E+006    2.1312400000000E+005    2.7582000000000E+004    1.6270000000000E+004    2.5697600000000E+005
     100    8.4367000000000E+004    9.6354990000000E+006    2.3008900000000E+005    3.1544000000000E+004    1.8501000000000E+004    2.8013400000000E+005
     101    7.7049000000000E+004    9.6190800000000E+006    2.4701400000000E+005    3.5815000000000E+004    2.1042000000000E+004    3.0387100000000E+005
     102    6.9610000000000E+004    9.6047820000000E+006    2.6070900000000E+005    4.1636000000000E+004    2.3263000000000E+004    3.2560800000000E+005
     103    6.1961000000000E+004    9.5921180000000E+006    2.7187800000000E+005    4.8509000000000E+004    2.5534000000000E+004    3.4592100000000E+005
     104    5.4579000000000E+004    9.5809200000000E+006    2.7990300000000E+005    5.6793000000000E+004    2.7805000000000E+004    3.6450100000000E+005
     105    4.8330000000000E+004    9.5707500000000E+006    2.8433100000000E+005    6.6387000000000E+004    3.0202000000000E+004    3.8092000000000E+005
     106    4.3909000000000E+004    9.5608730000000E+006    2.8476700000000E+005    7.8170000000000E+004    3.2281000000000E+004    3.9521800000000E+005
     107    4.0992000000000E+004    9.5511260000000E+006    2.8202300000000E+005    9.1508000000000E+004    3.4351000000000E+004    4.0788200000000E+005
     108    3.9786000000000E+004    9.5411340000000E+006    2.7565100000000E+005    1.0722100000000E+005    3.6208000000000E+004    4.1908000000000E+005
     109    4.0216000000000E+004    9.5305340000000E+006    2.6612600000000E+005    1.2531600000000E+005    3.7808000000000E+004    4.2925000000000E+005
     110    4.1906000000000E+004    9.5189670000000E+006    2.5335200000000E+005    1.4654800000000E+005    3.9227000000000E+004    4.3912700000000E+005
     111    4.4990000000000E+004    9.5061360000000E+006    2.3691100000000E+005    1.7146900000000E+005    4.0494000000000E+004    4.4887400000000E+005
     112    4.9803000000000E+004    9.4913310000000E+006    2.2467900000000E+005    1.9260100000000E+005    4.1586000000000E+004    4.5886600000000E+005
     113    5.5492000000000E+004    9.4750420000000E+006    2.1249000000000E+005    2.1440200000000E+005    4.2574000000000E+004    4.6946600000000E+005
     114    6.1564000000000E+004    9.4574030000000E+006    2.0089900000000E+005    2.3657400000000E+005    4.3560000000000E+004    4.8103300000000E+005
     115    6.7492000000000E+004    9.4386440000000E+006    1.8999300000000E+005    2.5934100000000E+005    4.4530000000000E+004    4.9386400000000E+005
     116    7.2317000000000E+004    9.4190140000000E+006    1.8306100000000E+005    2.8008200000000E+005    4.5526000000000E+004    5.0866900000000E+005
     117    7.6119000000000E+004    9.3989230000000E+006    1.7903700000000E+005    2.9934500000000E+005    4.6576000000000E+004    5.2495800000000E+005
     118    7.8862000000000E+004    9.3785410000000E+006    1.7809600000000E+005    3.1677500000000E+005    4.7726000000000E+004    5.4259700000000E+005
     119    8.0316000000000E+004    9.3583280000000E+006    1.8043600000000E+005    3.3191000000000E+005    4.9010000000000E+004    5.6135600000000E+005
     120    8.0842000000000E+004    9.3381720000000E+006    1.8576800000000E+005    3.4468200000000E+005    5.0536000000000E+004    5.8098600000000E+005
     121    8.0245000000000E+004    9.3186780000000E+006    1.9319500000000E+005    3.5573600000000E+005    5.2146000000000E+004    6.0107700000000E+005
     122    7.8370000000000E+004    9.3001710000000E+006    2.0237900000000E+005    3.6520800000000E+005    5.3872000000000E+004    6.2145900000000E+005
     123    7.5969000000000E+004    9.2823590000000E+006    2.1242200000000E+005    3.7346100000000E+005    5.5789000000000E+004    6.4167200000000E+005
     124    7.2915000000000E+004    9.2652570000000E+006    2.2270100000000E+005    3.8143600000000E+005    5.7691000000000E+004    6.6182800000000E+005
     125    6.9371000000000E+004    9.2493070000000E+006    2.3244800000000E+005    3.8911700000000E+005    5.9757000000000E+004    6.8132200000000E+005
     126    6.5477000000000E+004    9.2346940000000E+006    2.4096300000000E+005    3.9708000000000E+005    6.1786000000000E+004    6.9982900000000E+005
     127    6.1286000000000E+004    9.2210730000000E+006    2.4817500000000E+005    4.0570500000000E+005    6.3761000000000E+004    7.1764100000000E+005
     128    5.7104000000000E+004    9.2081530000000E+006    2.5371000000000E+005    4.1522000000000E+005    6.5813000000000E+004    7.3474300000000E+005
     129    5.3446000000000E+004    9.1958610000000E+006    2.5682900000000E+005    4.2612800000000E+005    6.7736000000000E+004    7.5069300000000E+005
     130    5.0268000000000E+004    9.1844260000000E+006    2.5663700000000E+005    4.3908700000000E+005    6.9582000000000E+004    7.6530600000000E+005
     131    4.8321000000000E+004    9.1727520000000E+006    2.5396900000000E+005    4.5357400000000E+005    7.1384000000000E+004    7.7892700000000E+005
     132    4.7206000000000E+004    9.1609470000000E+006    2.4925000000000E+005    4.6954500000000E+005    7.3052000000000E+004    7.9184700000000E+005
     133    4.7291000000000E+004    9.1485700000000E+006    2.4278300000000E+005    4.8668100000000E+005    7.4675000000000E+004    8.0413900000000E+005
     134    4.8923000000000E+004    9.1355030000000E+006    2.3458800000000E+005    5.0480700000000E+005    7.6179000000000E+004    8.1557400000000E+005
     135    5.1254000000000E+004    9.1214980000000E+006    2.2617100000000E+005    5.2359200000000E+005    7.7485000000000E+004    8.2724800000000E+005
     136    5.4095000000000E+004    9.1068520000000E+006    2.1759400000000E+005    5.4270100000000E+005    7.8758000000000E+004    8.3905300000000E+005
     137    5.7452000000000E+004    9.0911180000000E+006    2.0975800000000E+005    5.6169200000000E+005    7.9980000000000E+004    8.5143000000000E+005
     138    6.0787000000000E+004    9.0747160000000E+006    2.0266900000000E+005    5.8070500000000E+005    8.1123000000000E+004    8.6449700000000E+005
     139    6.3210000000000E+004    9.0582880000000E+006    1.9718000000000E+005    5.9902100000000E+005    8.2301000000000E+004    8.7850200000000E+005
     140    6.5509000000000E+004    9.0413430000000E+006    1.9331900000000E+005    6.1637400000000E+005    8.3455000000000E+004    8.9314800000000E+005
     141    6.7121000000000E+004    9.0239970000000E+006    1.9124100000000E+005    6.3297800000000E+005    8.4663000000000E+004    9.0888200000000E+005
     142    6.8281000000000E+004    9.0064350000000E+006    1.9054100000000E+005    6.4877700000000E+005    8.5966000000000E+004    9.2528400000000E+005
     143    6.9374000000000E+004    8.9889140000000E+006    1.9101900000000E+005    6.6329800000000E+005    8.7395000000000E+004    9.4171200000000E+005
     144    6.9676000000000E+004    8.9716670000000E+006    1.9335100000000E+005    6.7643700000000E+005    8.8869000000000E+004    9.5865700000000E+005
     145    6.8949000000000E+004    8.9550480000000E+006    1.9707600000000E+005    6.8850200000000E+005    9.0425000000000E+004    9.7600300000000E+005
     146    6.8079000000000E+004    8.9383560000000E+006    2.0171800000000E+005    6.9978100000000E+005    9.2066000000000E+004    9.9356500000000E+005
     147    6.6866000000000E+004    8.9220480000000E+006    2.0694700000000E+005    7.1045100000000E+005    9.3688000000000E+004    1.0110860000000E+006
     148    6.5569000000000E+004    8.9060980000000E+006    2.1275900000000E+005    7.2020200000000E+005    9.5372000000000E+004    1.0283330000000E+006
     149    6.4257000000000E+004    8.8907910000000E+006    2.1770400000000E+005    7.3015900000000E+005    9.7089000000000E+004    1.0449520000000E+006
     150    6.2398000000000E+004    8.8759580000000E+006    2.2259100000000E+005    7.4022200000000E+005    9.8831000000000E+004    1.0616440000000E+006
     151    6.0130000000000E+004    8.8619180000000E+006    2.2652200000000E+005    7.5083900000000E+005    1.0059100000000E+005    1.0779520000000E+006
     152    5.7617000000000E+004    8.8484810000000E+006    2.2940500000000E+005    7.6219900000000E+005    1.0229800000000E+005    1.0939020000000E+006
     153    5.5588000000000E+004    8.8352030000000E+006    2.3070700000000E+005    7.7457000000000E+005    1.0393200000000E+005    1.1092090000000E+006
     154    5.3839000000000E+004    8.8221190000000E+006    2.3089400000000E+005    7.8757400000000E+005    1.0557400000000E+005    1.1240420000000E+006
     155    5.2815000000000E+004    8.8091030000000E+006    2.2920000000000E+005    8.0175400000000E+005    1.0712800000000E+005    1.1380820000000E+006
     156    5.2563000000000E+004    8.7959180000000E+006    2.2623500000000E+005    8.1652100000000E+005    1.0876300000000E+005    1.1515190000000E+006
     157    5.2534000000000E+004    8.7826690000000E+006    2.2308500000000E+005    8.3143900000000E+005    1.1027300000000E+005    1.1647970000000E+006
     158    5.3160000000000E+004    8.7689590000000E+006    2.1922400000000E+005    8.4684700000000E+005    1.1181000000000E+005    1.1778810000000E+006
     159    5.4114000000000E+004    8.7549890000000E+006    2.1489400000000E+005    8.6279800000000E+005    1.1320500000000E+005    1.1908970000000E+006
     160    5.5124000000000E+004    8.7407940000000E+006    2.1051700000000E+005    8.7906300000000E+005    1.1450200000000E+005    1.2040820000000E+006
     161    5.6652000000000E+004    8.7260170000000E+006    2.0624500000000E+005    8.9523600000000E+005    1.1585000000000E+005    1.2173310000000E+006
     162    5.7936000000000E+004    8.7110230000000E+006    2.0270800000000E+005    9.1121000000000E+005    1.1712300000000E+005    1.2310410000000E+006
     163    5.9103000000000E+004    8.6958860000000E+006    2.0005900000000E+005    9.2651900000000E+005    1.1843300000000E+005    1.2450110000000E+006
     164    6.0310000000000E+004    8.6804840000000E+006    1.9756200000000E+005    9.4186400000000E+005    1.1978000000000E+005    1.2592060000000E+006
     165    6.0737000000000E+004    8.6652800000000E+006    1.9603100000000E+005    9.5676800000000E+005    1.2118400000000E+005    1.2739830000000E+006
     166    6.1222000000000E+004    8.6498010000000E+006    1.9507500000000E+005    9.7134800000000E+005    1.2255400000000E+005    1.2889770000000E+006
     167    6.1509000000000E+004    8.6343770000000E+006    1.9490500000000E+005    9.8526600000000E+005    1.2394300000000E+005    1.3041140000000E+006
     168    6.1774000000000E+004    8.6187100000000E+006    1.9547400000000E+005    9.9870200000000E+005    1.2534000000000E+005    1.3195160000000E+006
     169    6.1641000000000E+004    8.6036390000000E+006    1.9663800000000E+005    1.0112310000000E+006    1.2685100000000E+005    1.3347200000000E+006
     170    6.1268000000000E+004    8.5885330000000E+006    1.9868000000000E+005    1.0231550000000E+006    1.2836400000000E+005    1.3501990000000E+006
     171    6.0880000000000E+004    8.5734970000000E+006    2.0082600000000E+005    1.0349070000000E+006    1.2989000000000E+005    1.3656230000000E+006
     172    5.9651000000000E+004    8.5590590000000E+006    2.0340900000000E+005    1.0464950000000E+006    1.3138600000000E+005    1.3812900000000E+006
     173    5.9031000000000E+004    8.5446080000000E+006    2.0546400000000E+005    1.0580210000000E+006    1.3287600000000E+005    1.3963610000000E+006
     174    5.8025000000000E+004    8.5305080000000E+006    2.0738500000000E+005    1.0696570000000E+006    1.3442500000000E+005    1.4114670000000E+006
     175    5.7005000000000E+004    8.5164920000000E+006    2.0917200000000E+005    1.0813620000000E+006    1.3596900000000E+005    1.4265030000000E+006
     176    5.6246000000000E+004    8.5028130000000E+006    2.0990000000000E+005    1.0934770000000E+006    1.3756400000000E+005    1.4409410000000E+006
     177    5.5302000000000E+004    8.4893060000000E+006    2.1038100000000E+005    1.1059620000000E+006    1.3904900000000E+005    1.4553920000000E+006
     178    5.4736000000000E+004    8.4757720000000E+006    2.1028600000000E+005    1.1186670000000E+006    1.4053900000000E+005    1.4694920000000E+006
     179    5.4343000000000E+004    8.4621490000000E+006    2.0952500000000E+005    1.1319580000000E+006    1.4202500000000E+005    1.4835080000000E+006
     180    5.4084000000000E+004    8.4487290000000E+006    2.0821000000000E+005    1.1455170000000E+006    1.4346000000000E+005    1.4971870000000E+006
     181    5.4100000000000E+004    8.4352060000000E+006    2.0658000000000E+005    1.1592320000000E+006    1.4488200000000E+005    1.5106940000000E+006
     182    5.4367000000000E+004    8.4214050000000E+006    2.0471200000000E+005    1.1732110000000E+006    1.4630500000000E+005    1.5242280000000E+006
     183    5.4395000000000E+004    8.4077540000000E+006    2.0313100000000E+005    1.1870180000000E+006    1.4770200000000E+005    1.5378510000000E+006
     184    5.4650000000000E+004    8.3940790000000E+006    2.0107200000000E+005    1.2011560000000E+006    1.4904300000000E+005    1.5512710000000E+006
     185    5.5058000000000E+004    8.3801480000000E+006    1.9917100000000E+005    1.2151610000000E+006    1.5046200000000E+005    1.5647940000000E+006
     186    5.5360000000000E+004    8.3660450000000E+006    1.9730500000000E+005    1.2293990000000E+006    1.5189100000000E+005    1.5785950000000E+006
     187    5.5784000000000E+004    8.3519700000000E+006    1.9588500000000E+005    1.2430940000000E+006    1.5326700000000E+005    1.5922460000000E+006
     188    5.6104000000000E+004    8.3379750000000E+006    1.9445400000000E+005    1.2569230000000E+006    1.5454400000000E+005    1.6059210000000E+006
     189    5.6417000000000E+004    8.3237310000000E+006    1.9334900000000E+005    1.2706630000000E+006    1.5584000000000E+005    1.6198520000000E+006
     190    5.6382000000000E+004    8.3096630000000E+006    1.9301400000000E+005    1.2837230000000E+006    1.5721800000000E+005    1.6339550000000E+006
     191    5.6441000000000E+004    8.2955290000000E+006    1.9263800000000E+005    1.2968180000000E+006    1.5857400000000E+005    1.6480300000000E+006
     192    5.6602000000000E+004    8.2813730000000E+006    1.9253300000000E+005    1.3095290000000E+006    1.5996300000000E+005    1.6620250000000E+006
     193    5.6454000000000E+004    8.2672770000000E+006    1.9276100000000E+005    1.3221420000000E+006    1.6136600000000E+005    1.6762690000000E+006
     194    5.6270000000000E+004    8.2533930000000E+006    1.9315000000000E+005    1.3344240000000E+006    1.6276300000000E+005    1.6903370000000E+006
     195    5.6102000000000E+004    8.2394270000000E+006    1.9377700000000E+005    1.3464940000000E+006    1.6420000000000E+005    1.7044710000000E+006
     196    5.5899000000000E+004    8.2254740000000E+006    1.9439900000000E+005    1.3586480000000E+006    1.6558000000000E+005    1.7186270000000E+006
     197    5.5562000000000E+004    8.2117150000000E+006    1.9487200000000E+005    1.3708950000000E+006    1.6695600000000E+005    1.7327230000000E+006
     198    5.5277000000000E+004    8.1981160000000E+006    1.9533600000000E+005    1.3828950000000E+006    1.6837600000000E+005    1.7466070000000E+006
     199    5.4873000000000E+004    8.1845540000000E+006    1.9577900000000E+005    1.3949920000000E+006    1.6980200000000E+005    1.7605730000000E+006
     200    5.4266000000000E+004    8.1712080000000E+006    1.9593100000000E+005    1.4074130000000E+006    1.7118200000000E+005    1.7745260000000E+006
     201    5.3686000000000E+004    8.1580290000000E+006    1.9603900000000E+005    1.4196120000000E+006    1.7263400000000E+005    1.7882850000000E+006
     202    5.3301000000000E+004    8.1448150000000E+006    1.9596300000000E+005    1.4318510000000E+006    1.7407000000000E+005    1.8018840000000E+006
     203    5.2932000000000E+004    8.1316220000000E+006    1.9559400000000E+005    1.4444280000000E+006    1.7542400000000E+005    1.8154460000000E+006
     204    5.2893000000000E+004    8.1183150000000E+006    1.9483700000000E+005    1.4571530000000E+006    1.7680200000000E+005    1.8287920000000E+006
     205    5.2992000000000E+004    8.1050370000000E+006    1.9394100000000E+005    1.4698120000000E+006    1.7821800000000E+005    1.8419710000000E+006
     206    5.3057000000000E+004    8.0917580000000E+006    1.9316000000000E+005    1.4824850000000E+006    1.7954000000000E+005    1.8551850000000E+006
     207    5.3084000000000E+004    8.0785380000000E+006    1.9210900000000E+005    1.4953700000000E+006    1.8089900000000E+005    1.8683780000000E+006
     208    5.2736000000000E+004    8.0655790000000E+006    1.9134800000000E+005    1.5080420000000E+006    1.8229500000000E+005    1.8816850000000E+006
     209    5.2564000000000E+004    8.0524730000000E+006    1.9049200000000E+005    1.5208540000000E+006    1.8361700000000E+005    1.8949630000000E+006
     210    5.2676000000000E+004    8.0390820000000E+006    1.8961500000000E+005    1.5337150000000E+006    1.8491200000000E+005    1.9082420000000E+006
     211    5.2522000000000E+004    8.0260160000000E+006    1.8873900000000E+005    1.5465070000000E+006    1.8621600000000E+005    1.9214620000000E+006
     212    5.2661000000000E+004    8.0129180000000E+006    1.8781400000000E+005    1.5590320000000E+006    1.8757500000000E+005    1.9344210000000E+006
     213    5.2885000000000E+004    7.9995880000000E+006    1.8695400000000E+005    1.5716400000000E+006    1.8893300000000E+005    1.9475270000000E+006
     214    5.2771000000000E+004    7.9863110000000E+006    1.8639200000000E+005    1.5842490000000E+006    1.9027700000000E+005    1.9609180000000E+006
     215    5.2931000000000E+004    7.9730850000000E+006    1.8569900000000E+005    1.5966820000000E+006    1.9160300000000E+005    1.9739840000000E+006
     216    5.3133000000000E+004    7.9597850000000E+006    1.8519800000000E+005    1.6090350000000E+006    1.9284900000000E+005    1.9870820000000E+006
     217    5.2625000000000E+004    7.9469630000000E+006    1.8496600000000E+005    1.6212900000000E+006    1.9415600000000E+005    2.0004120000000E+006
     218    5.2274000000000E+004    7.9340370000000E+006    1.8489700000000E+005    1.6332020000000E+006    1.9559000000000E+005    2.0136890000000E+006
     219    5.2292000000000E+004    7.9207930000000E+006    1.8494400000000E+005    1.6450570000000E+006    1.9691400000000E+005    2.0269150000000E+006
     220    5.1733000000000E+004    7.9080520000000E+006    1.8503000000000E+005    1.6569700000000E+006    1.9821500000000E+005    2.0402150000000E+006
     221    5.1810000000000E+004    7.8951530000000E+006    1.8465900000000E+005    1.6687590000000E+006    1.9961900000000E+005    2.0530370000000E+006
     222    5.1818000000000E+004    7.8822190000000E+006    1.8427800000000E+005    1.6807700000000E+006    2.0091500000000E+005    2.0659630000000E+006
     223    5.1447000000000E+004    7.8693460000000E+006    1.8424400000000E+005    1.6927750000000E+006    2.0218800000000E+005    2.0792070000000E+006
     224    5.1556000000000E+004    7.8564960000000E+006    1.8370600000000E+005    1.7047410000000E+006    2.0350100000000E+005    2.0919480000000E+006
     225    5.1424000000000E+004    7.8437290000000E+006    1.8338500000000E+005    1.7166960000000E+006    2.0476600000000E+005    2.1048470000000E+006
     226    5.1375000000000E+004    7.8308440000000E+006    1.8336000000000E+005    1.7283690000000E+006    2.0605200000000E+005    2.1177810000000E+006
     227    5.1015000000000E+004    7.8183310000000E+006    1.8312700000000E+005    1.7401090000000E+006    2.0741800000000E+005    2.1306540000000E+006
     228    5.0665000000000E+004    7.8058310000000E+006    1.8258600000000E+005    1.7521960000000E+006    2.0872200000000E+005    2.1435040000000E+006
     229    5.0355000000000E+004    7.7933740000000E+006    1.8228700000000E+005    1.7639260000000E+006    2.1005800000000E+005    2.1562710000000E+006
     230    4.9934000000000E+004    7.7809100000000E+006    1.8207400000000E+005    1.7756930000000E+006    2.1138900000000E+005    2.1691560000000E+006
     231    4.9769000000000E+004    7.7685620000000E+006    1.8125700000000E+005    1.7877100000000E+006    2.1270200000000E+005    2.1816690000000E+006
     232    4.9710000000000E+004    7.7561210000000E+006    1.8048000000000E+005    1.7997700000000E+006    2.1391900000000E+005    2.1941690000000E+006
     233    4.9717000000000E+004    7.7436570000000E+006    1.7971100000000E+005    1.8116510000000E+006    2.1526400000000E+005    2.2066260000000E+006
     234    4.9580000000000E+004    7.7313300000000E+006    1.7887500000000E+005    1.8237070000000E+006    2.1650800000000E+005    2.2190900000000E+006
     235    4.9758000000000E+004    7.7188040000000E+006    1.7840100000000E+005    1.8352680000000E+006    2.1776900000000E+005    2.2314380000000E+006
     236    4.9506000000000E+004    7.7066150000000E+006    1.7791600000000E+005    1.8468880000000E+006    2.1907500000000E+005    2.2438790000000E+006
     237    4.9468000000000E+004    7.6941890000000E+006    1.7713600000000E+005    1.8588620000000E+006    2.2034500000000E+005    2.2563430000000E+006
     238    4.9448000000000E+004    7.6818820000000E+006    1.7672200000000E+005    1.8703370000000E+006    2.2161100000000E+005    2.2686700000000E+006
     239    4.8956000000000E+004    7.6698480000000E+006    1.7634900000000E+005    1.8819860000000E+006    2.2286100000000E+005    2.2811960000000E+006
     240    4.8963000000000E+004    7.6576520000000E+006    1.7560400000000E+005    1.8936900000000E+006    2.2409100000000E+005    2.2933850000000E+006
     241    4.8566000000000E+004    7.6456230000000E+006    1.7515700000000E+005    1.9052900000000E+006    2.2536400000000E+005    2.3058110000000E+006
     242    4.8380000000000E+004    7.6335020000000E+006    1.7461400000000E+005    1.9168710000000E+006    2.2663300000000E+005    2.3181180000000E+006
     243    4.8353000000000E+004    7.6214950000000E+006    1.7388100000000E+005    1.9284080000000E+006    2.2786300000000E+005    2.3301520000000E+006
     244    4.8261000000000E+004    7.6093910000000E+006    1.7319200000000E+005    1.9400830000000E+006    2.2907300000000E+005    2.3423480000000E+006
     245    4.8524000000000E+004    7.5970990000000E+006    1.7270800000000E+005    1.9513460000000E+006    2.3032300000000E+005    2.3543770000000E+006
     246    4.8519000000000E+004    7.5849830000000E+006    1.7232900000000E+005    1.9625920000000E+006    2.3157700000000E+005    2.3664980000000E+006
     247    4.8477000000000E+004    7.5730180000000E+006    1.7187900000000E+005    1.9738700000000E+006    2.3275600000000E+005    2.3785050000000E+006
     248    4.8223000000000E+004    7.5611680000000E+006    1.7151900000000E+005    1.9851220000000E+006    2.3396800000000E+005    2.3906090000000E+006
     249    4.7741000000000E+004    7.5493580000000E+006    1.7146300000000E+005    1.9963080000000E+006    2.3513000000000E+005    2.4029010000000E+006
     250    4.7632000000000E+004    7.5373510000000E+006    1.7113800000000E+005    2.0075790000000E+006    2.3630000000000E+005    2.4150170000000E+006
     251    4.7705000000000E+004    7.5253130000000E+006    1.7063900000000E+005    2.0188300000000E+006    2.3751300000000E+005    2.4269820000000E+006
     252    4.7593000000000E+004    7.5135750000000E+006    1.7016200000000E+005    2.0299060000000E+006    2.3876400000000E+005    2.4388320000000E+006
     253    4.7464000000000E+004    7.5018940000000E+006    1.6944600000000E+005    2.0410920000000E+006    2.4010400000000E+005    2.4506420000000E+006
     254    4.7286000000000E+004    7.4900650000000E+006    1.6926400000000E+005    2.0520960000000E+006    2.4128900000000E+005    2.4626490000000E+006
     255    4.6925000000000E+004    7.4783880000000E+006    1.6887600000000E+005    2.0633330000000E+006    2.4247800000000E+005    2.4746870000000E+006
     256    4.6932000000000E+004    7.4666430000000E+006    1.6830700000000E+005    2.0744760000000E+006    2.4364200000000E+005    2.4864250000000E+006
     257    4.6893000000000E+004    7.4550010000000E+006    1.6795400000000E+005    2.0853390000000E+006    2.4481300000000E+005    2.4981060000000E+006
     258    4.6660000000000E+004    7.4434050000000E+006    1.6758700000000E+005    2.0963730000000E+006    2.4597500000000E+005    2.5099350000000E+006
     259    4.6613000000000E+004    7.4317750000000E+006    1.6723500000000E+005    2.1072050000000E+006    2.4717200000000E+005    2.5216120000000E+006
     260    4.6529000000000E+004    7.4201140000000E+006    1.6685900000000E+005    2.1181200000000E+006    2.4837800000000E+005    2.5333570000000E+006
     261    4.6325000000000E+004    7.4086760000000E+006    1.6649400000000E+005    2.1289880000000E+006    2.4951700000000E+005    2.5449990000000E+006
     262    4.6270000000000E+004    7.3971350000000E+006    1.6598600000000E+005    2.1398960000000E+006    2.5071300000000E+005    2.5565950000000E+006
     263    4.6000000000000E+004    7.3857750000000E+006    1.6532400000000E+005    2.1510180000000E+006    2.5188300000000E+005    2.5682250000000E+006
     264    4.5817000000000E+004    7.3742970000000E+006    1.6486900000000E+005    2.1619570000000E+006    2.5306000000000E+005    2.5798860000000E+006
     265    4.5762000000000E+004    7.3629140000000E+006    1.6434200000000E+005    2.1727460000000E+006    2.5423600000000E+005    2.5913240000000E+006
     266    4.5636000000000E+004    7.3514990000000E+006    1.6403300000000E+005    2.1834930000000E+006    2.5533900000000E+005    2.6028650000000E+006
     267    4.5571000000000E+004    7.3402040000000E+006    1.6358300000000E+005    2.1940970000000E+006    2.5654500000000E+005    2.6142250000000E+006
     268    4.5375000000000E+004    7.3289220000000E+006    1.6305400000000E+005    2.2049230000000E+006    2.5772600000000E+005    2.6257030000000E+006
     269    4.5287000000000E+004    7.3176270000000E+006    1.6239900000000E+005    2.2158040000000E+006    2.5888300000000E+005    2.6370860000000E+006
     270    4.5252000000000E+004    7.3062470000000E+006    1.6207600000000E+005    2.2264390000000E+006    2.5998600000000E+005    2.6485010000000E+006
     271    4.5262000000000E+004    7.2949420000000E+006    1.6169000000000E+005    2.2369430000000E+006    2.6116300000000E+005    2.6597960000000E+006
     272    4.5054000000000E+004    7.2838680000000E+006    1.6114300000000E+005    2.2476180000000E+006    2.6231700000000E+005    2.6710780000000E+006
     273    4.4830000000000E+004    7.2727970000000E+006    1.6076100000000E+005    2.2582050000000E+006    2.6340700000000E+005    2.6823730000000E+006
     274    4.4452000000000E+004    7.2617950000000E+006    1.6039600000000E+005    2.2688210000000E+006    2.6453600000000E+005    2.6937530000000E+006
     275    4.4258000000000E+004    7.2506840000000E+006    1.6005900000000E+005    2.2793850000000E+006    2.6561400000000E+005    2.7050580000000E+006
     276    4.4055000000000E+004    7.2398130000000E+006    1.5953700000000E+005    2.2898880000000E+006    2.6670700000000E+005    2.7161320000000E+006
     277    4.3826000000000E+004    7.2289710000000E+006    1.5897800000000E+005    2.3003690000000E+006    2.6785600000000E+005    2.7272030000000E+006
     278    4.3932000000000E+004    7.2178630000000E+006    1.5831900000000E+005    2.3109100000000E+006    2.6897600000000E+005    2.7382050000000E+006
     279    4.3800000000000E+004    7.2068840000000E+006    1.5799200000000E+005    2.3212060000000E+006    2.7011800000000E+005    2.7493160000000E+006
     280    4.4017000000000E+004    7.1957960000000E+006    1.5732200000000E+005    2.3316200000000E+006    2.7124500000000E+005    2.7601870000000E+006
     281    4.4148000000000E+004    7.1848230000000E+006    1.5680400000000E+005    2.3417960000000E+006    2.7242900000000E+005    2.7710290000000E+006
     282    4.3772000000000E+004    7.1740910000000E+006    1.5643400000000E+005    2.3521490000000E+006    2.7355400000000E+005    2.7821370000000E+006
     283    4.3358000000000E+004    7.1635260000000E+006    1.5603000000000E+005    2.3624340000000E+006    2.7465200000000E+005    2.7931160000000E+006
     284    4.3128000000000E+004    7.1526680000000E+006    1.5570300000000E+005    2.3727610000000E+006    2.7574000000000E+005    2.8042040000000E+006
     285    4.3121000000000E+004    7.1417020000000E+006    1.5538100000000E+005    2.3829800000000E+006    2.7681600000000E+005    2.8151770000000E+006
     286    4.3321000000000E+004    7.1307700000000E+006    1.5483100000000E+005    2.3930930000000E+006    2.7798500000000E+005    2.8259090000000E+006
     287    4.3300000000000E+004    7.1202260000000E+006    1.5410100000000E+005    2.4032650000000E+006    2.7910800000000E+005    2.8364740000000E+006
     288    4.3169000000000E+004    7.1094990000000E+006    1.5357900000000E+005    2.4135920000000E+006    2.8016100000000E+005    2.8473320000000E+006
     289    4.2751000000000E+004    7.0989510000000E+006    1.5324000000000E+005    2.4237470000000E+006    2.8131100000000E+005    2.8582980000000E+006
     290    4.2325000000000E+004    7.0884450000000E+006    1.5309800000000E+005    2.4337020000000E+006    2.8243000000000E+005    2.8692300000000E+006
     291    4.2198000000000E+004    7.0780280000000E+006    1.5257100000000E+005    2.4437340000000E+006    2.8346900000000E+005    2.8797740000000E+006
     292    4.1932000000000E+004    7.0675670000000E+006    1.5229600000000E+005    2.4536540000000E+006    2.8455100000000E+005    2.8905010000000E+006
     293    4.2014000000000E+004    7.0569370000000E+006    1.5173300000000E+005    2.4637040000000E+006    2.8561200000000E+005    2.9010490000000E+006
     294    4.2061000000000E+004    7.0463840000000E+006    1.5136800000000E+005    2.4735010000000E+006    2.8668600000000E+005    2.9115550000000E+006
     295    4.2036000000000E+004    7.0359920000000E+006    1.5094300000000E+005    2.4833030000000E+006    2.8772600000000E+005    2.9219720000000E+006
     296    4.1911000000000E+004    7.0256560000000E+006    1.5029600000000E+005    2.4933310000000E+006    2.8880600000000E+005    2.9324330000000E+006
     297    4.1554000000000E+004    7.0153830000000E+006    1.4994700000000E+005    2.5032460000000E+006    2.8987000000000E+005    2.9430630000000E+006
     298    4.1203000000000E+004    7.0051810000000E+006    1.4941200000000E+005    2.5133200000000E+006    2.9088400000000E+005    2.9536160000000E+006
     299    4.1176000000000E+004    6.9948160000000E+006    1.4883100000000E+005    2.5232590000000E+006    2.9191800000000E+005    2.9640080000000E+006
     300    4.0878000000000E+004    6.9847780000000E+006    1.4843500000000E+005    2.5329140000000E+006    2.9299500000000E+005    2.9743440000000E+006
     301    4.0719000000000E+004    6.9746640000000E+006    1.4814300000000E+005    2.5424240000000E+006    2.9405000000000E+005    2.9846170000000E+006
     302    4.0686000000000E+004    6.9644950000000E+006    1.4748700000000E+005    2.5522030000000E+006    2.9512900000000E+005    2.9948190000000E+006
     303    4.0261000000000E+004    6.9545550000000E+006    1.4688600000000E+005    2.5621370000000E+006    2.9616100000000E+005    3.0051840000000E+006
     304    4.0416000000000E+004    6.9443620000000E+006    1.4599200000000E+005    2.5720850000000E+006    2.9714500000000E+005    3.0152220000000E+006
     305    4.0305000000000E+004    6.9343590000000E+006    1.4556200000000E+005    2.5815380000000E+006    2.9823600000000E+005    3.0253360000000E+006
     306    4.0316000000000E+004    6.9241790000000E+006    1.4500400000000E+005    2.5912680000000E+006    2.9923300000000E+005    3.0355050000000E+006
     307    4.0400000000000E+004    6.9141550000000E+006    1.4439600000000E+005    2.6007320000000E+006    3.0031700000000E+005    3.0454450000000E+006
     308    4.0131000000000E+004    6.9042310000000E+006    1.4408300000000E+005    2.6102020000000E+006    3.0135300000000E+005    3.0556380000000E+006
     309    3.9990000000000E+004    6.8943690000000E+006    1.4366900000000E+005    2.6196130000000E+006    3.0235900000000E+005    3.0656410000000E+006
     310    3.9780000000000E+004    6.8843990000000E+006    1.4338800000000E+005    2.6290910000000E+006    3.0334200000000E+005    3.0758210000000E+006
     311    3.9778000000000E+004    6.8743770000000E+006    1.4278200000000E+005    2.6386730000000E+006    3.0439000000000E+005    3.0858450000000E+006
     312    3.9496000000000E+004    6.8647350000000E+006    1.4215300000000E+005    2.6482550000000E+006    3.0536100000000E+005    3.0957690000000E+006
     313    3.9485000000000E+004    6.8548840000000E+006    1.4162300000000E+005    2.6576980000000E+006    3.0631000000000E+005    3.1056310000000E+006
     314    3.9266000000000E+004    6.8451330000000E+006    1.4125700000000E+005    2.6669870000000E+006    3.0735700000000E+005    3.1156010000000E+006
     315    3.8773000000000E+004    6.8356040000000E+006    1.4100600000000E+005    2.6762760000000E+006    3.0834100000000E+005    3.1256230000000E+006
     316    3.8706000000000E+004    6.8260290000000E+006    1.4044600000000E+005    2.6854330000000E+006    3.0938600000000E+005    3.1352650000000E+006
     317    3.8592000000000E+004    6.8162920000000E+006    1.3993200000000E+005    2.6948390000000E+006    3.1034500000000E+005    3.1451160000000E+006
     318    3.8531000000000E+004    6.8066020000000E+006    1.3964500000000E+005    2.7038680000000E+006    3.1135400000000E+005    3.1548670000000E+006
     319    3.8539000000000E+004    6.7970650000000E+006    1.3906000000000E+005    2.7129460000000E+006    3.1239000000000E+005    3.1643960000000E+006
     320    3.8535000000000E+004    6.7874940000000E+006    1.3846600000000E+005    2.7221100000000E+006    3.1339500000000E+005    3.1739710000000E+006
     321    3.8352000000000E+004    6.7779400000000E+006    1.3826300000000E+005    2.7310810000000E+006    3.1436400000000E+005    3.1837080000000E+006
     322    3.8220000000000E+004    6.7683820000000E+006    1.3776000000000E+005    2.7403140000000E+006    3.1532400000000E+005    3.1933980000000E+006
     323    3.8099000000000E+004    6.7589660000000E+006    1.3729400000000E+005    2.7493810000000E+006    3.1626000000000E+005    3.2029350000000E+006
     324    3.8064000000000E+004    6.7494300000000E+006    1.3668500000000E+005    2.7586360000000E+006    3.1718500000000E+005    3.2125060000000E+006
     325    3.7796000000000E+004    6.7401440000000E+006    1.3621500000000E+005    2.7677340000000E+006    3.1811100000000E+005    3.2220600000000E+006
     326    3.7713000000000E+004    6.7306690000000E+006    1.3584900000000E+005    2.7767070000000E+006    3.1906200000000E+005    3.2316180000000E+006
     327    3.7585000000000E+004    6.7213810000000E+006    1.3540300000000E+005    2.7856210000000E+006    3.2001000000000E+005    3.2410340000000E+006
     328    3.7548000000000E+004    6.7118820000000E+006    1.3496900000000E+005    2.7946910000000E+006    3.2091000000000E+005    3.2505700000000E+006
     329    3.7547000000000E+004    6.7025970000000E+006    1.3423300000000E+005    2.8037120000000E+006    3.2191100000000E+005    3.2598560000000E+006
     330    3.7364000000000E+004    6.6933050000000E+006    1.3406600000000E+005    2.8124150000000E+006    3.2285000000000E+005    3.2693310000000E+006
     331    3.7000000000000E+004    6.6843810000000E+006    1.3350300000000E+005    2.8213480000000E+006    3.2376800000000E+005    3.2786190000000E+006
     332    3.6574000000000E+004    6.6753080000000E+006    1.3325100000000E+005    2.8301990000000E+006    3.2466800000000E+005    3.2881180000000E+006
     333    3.6319000000000E+004    6.6662780000000E+006    1.3300700000000E+005    2.8387800000000E+006    3.2561600000000E+005    3.2974030000000E+006
     334    3.5957000000000E+004    6.6573480000000E+006    1.3272400000000E+005    2.8474090000000E+006    3.2656200000000E+005    3.3066950000000E+006
     335    3.6033000000000E+004    6.6483480000000E+006    1.3191100000000E+005    2.8562260000000E+006    3.2748200000000E+005    3.3156190000000E+006
     336    3.5837000000000E+004    6.6394710000000E+006    1.3129400000000E+005    2.8649940000000E+006    3.2840400000000E+005    3.3246920000000E+006
     337    3.5736000000000E+004    6.6305420000000E+006    1.3078700000000E+005    2.8736530000000E+006    3.2928200000000E+005    3.3337220000000E+006
     338    3.5543000000000E+004    6.6218050000000E+006    1.3014600000000E+005    2.8822560000000E+006    3.3025000000000E+005    3.3426520000000E+006
     339    3.5522000000000E+004    6.6128260000000E+006    1.2959200000000E+005    2.8909200000000E+006    3.3114000000000E+005    3.3516520000000E+006
     340    3.5521000000000E+004    6.6039500000000E+006    1.2891100000000E+005    2.8995490000000E+006    3.3206900000000E+005    3.3605290000000E+006
     341    3.5328000000000E+004    6.5952140000000E+006    1.2842400000000E+005    2.9080710000000E+006    3.3296300000000E+005    3.3694580000000E+006
     342    3.5457000000000E+004    6.5863480000000E+006    1.2762500000000E+005    2.9166940000000E+006    3.3387600000000E+005    3.3781950000000E+006
     343    3.5247000000000E+004    6.5775790000000E+006    1.2731800000000E+005    2.9250500000000E+006    3.3480600000000E+005    3.3871740000000E+006
     344    3.5112000000000E+004    6.5688380000000E+006    1.2671900000000E+005    2.9336310000000E+006    3.3570000000000E+005    3.3960500000000E+006
     345    3.4993000000000E+004    6.5602210000000E+006    1.2616700000000E+005    2.9420330000000E+006    3.3658600000000E+005    3.4047860000000E+006
     346    3.4729000000000E+004    6.5516190000000E+006    1.2553400000000E+005    2.9506520000000E+006    3.3746600000000E+005    3.4136520000000E+006
     347    3.4535000000000E+004    6.5430440000000E+006    1.2501800000000E+005    2.9590380000000E+006    3.3836500000000E+005    3.4224210000000E+006
     348    3.4380000000000E+004    6.5344580000000E+006    1.2446700000000E+005    2.9674100000000E+006    3.3928500000000E+005    3.4311620000000E+006
     349    3.4401000000000E+004    6.5258200000000E+006    1.2416000000000E+005    2.9754740000000E+006    3.4014500000000E+005    3.4397790000000E+006
     350    3.4215000000000E+004    6.5174040000000E+006    1.2368900000000E+005    2.9836640000000E+006    3.4102800000000E+005    3.4483810000000E+006
     351    3.4161000000000E+004    6.5088830000000E+006    1.2323400000000E+005    2.9918490000000E+006    3.4187300000000E+005    3.4569560000000E+006
     352    3.3844000000000E+004    6.5006140000000E+006    1.2289000000000E+005    2.9999100000000E+006    3.4274200000000E+005    3.4655420000000E+006
     353    3.3651000000000E+004    6.4921690000000E+006    1.2252800000000E+005    3.0080310000000E+006    3.4362100000000E+005    3.4741800000000E+006
     354    3.3679000000000E+004    6.4837250000000E+006    1.2206700000000E+005    3.0160550000000E+006    3.4447400000000E+005    3.4825960000000E+006
     355    3.3670000000000E+004    6.4752130000000E+006    1.2165900000000E+005    3.0241510000000E+006    3.4530700000000E+005    3.4911170000000E+006
     356    3.3828000000000E+004    6.4667860000000E+006    1.2119100000000E+005    3.0320180000000E+006    3.4617700000000E+005    3.4993860000000E+006
     357    3.3430000000000E+004    6.4587390000000E+006    1.2065700000000E+005    3.0401020000000E+006    3.4707200000000E+005    3.5078310000000E+006
     358    3.3265000000000E+004    6.4504600000000E+006    1.2022500000000E+005    3.0481240000000E+006    3.4792600000000E+005    3.5162750000000E+006
     359    3.3057000000000E+004    6.4421560000000E+006    1.2000100000000E+005    3.0560410000000E+006    3.4874500000000E+005    3.5247870000000E+006
     360    3.2697000000000E+004    6.4340890000000E+006    1.1956200000000E+005    3.0640250000000E+006    3.4962700000000E+005    3.5332140000000E+006
     361    3.2910000000000E+004    6.4258290000000E+006    1.1884000000000E+005    3.0719290000000E+006    3.5049200000000E+005    3.5412610000000E+006
     362    3.2897000000000E+004    6.4175630000000E+006    1.1837800000000E+005    3.0798590000000E+006    3.5130300000000E+005    3.5495400000000E+006
     363    3.2554000000000E+004    6.4096020000000E+006    1.1806500000000E+005    3.0876170000000E+006    3.5216200000000E+005    3.5578440000000E+006
     364    3.2351000000000E+004    6.4017380000000E+006    1.1753000000000E+005    3.0953670000000E+006    3.5301400000000E+005    3.5659110000000E+006
     365    3.2059000000000E+004    6.3937700000000E+006    1.1721500000000E+005    3.1030910000000E+006    3.5386500000000E+005    3.5741710000000E+006
     366    3.1592000000000E+004    6.3859710000000E+006    1.1689500000000E+005    3.1108260000000E+006    3.5471600000000E+005    3.5824370000000E+006
     367    3.1665000000000E+004    6.3779370000000E+006    1.1621800000000E+005    3.1186380000000E+006    3.5554200000000E+005    3.5903980000000E+006
     368    3.1667000000000E+004    6.3700710000000E+006    1.1566600000000E+005    3.1262240000000E+006    3.5637200000000E+005    3.5982620000000E+006
     369    3.1634000000000E+004    6.3621360000000E+006    1.1511300000000E+005    3.1339460000000E+006    3.5717100000000E+005    3.6062300000000E+006
     370    3.1643000000000E+004    6.3543280000000E+006    1.1464300000000E+005    3.1413880000000E+006    3.5799800000000E+005    3.6140290000000E+006
     371    3.1421000000000E+004    6.3465160000000E+006    1.1423200000000E+005    3.1490600000000E+006    3.5877100000000E+005    3.6220630000000E+006
     372    3.1274000000000E+004    6.3387970000000E+006    1.1365400000000E+005    3.1566960000000E+006    3.5957900000000E+005    3.6299290000000E+006
     373    3.1130000000000E+004    6.3310060000000E+006    1.1307700000000E+005    3.1643740000000E+006    3.6041300000000E+005    3.6378640000000E+006
     374    3.1021000000000E+004    6.3233070000000E+006    1.1245800000000E+005    3.1720250000000E+006    3.6118900000000E+005    3.6456720000000E+006
     375    3.0732000000000E+004    6.3157840000000E+006    1.1222300000000E+005    3.1793110000000E+006    3.6195000000000E+005    3.6534840000000E+006
     376    3.0712000000000E+004    6.3080850000000E+006    1.1166300000000E+005    3.1868080000000E+006    3.6273200000000E+005    3.6612030000000E+006
     377    3.0468000000000E+004    6.3005380000000E+006    1.1115000000000E+005    3.1943370000000E+006    3.6350700000000E+005    3.6689940000000E+006
     378    3.0421000000000E+004    6.2928860000000E+006    1.1078200000000E+005    3.2016340000000E+006    3.6427700000000E+005    3.6766930000000E+006
     379    3.0387000000000E+004    6.2853970000000E+006    1.1004500000000E+005    3.2091520000000E+006    3.6501900000000E+005    3.6842160000000E+006
     380    3.0110000000000E+004    6.2779750000000E+006    1.0947800000000E+005    3.2166780000000E+006    3.6575900000000E+005    3.6919150000000E+006
     381    3.0043000000000E+004    6.2704950000000E+006    1.0906400000000E+005    3.2238660000000E+006    3.6653200000000E+005    3.6994620000000E+006
     382    2.9940000000000E+004    6.2629460000000E+006    1.0885200000000E+005    3.2309590000000E+006    3.6730300000000E+005    3.7071140000000E+006
     383    2.9971000000000E+004    6.2554260000000E+006    1.0837300000000E+005    3.2381960000000E+006    3.6803400000000E+005    3.7146030000000E+006
     384    2.9981000000000E+004    6.2479940000000E+006    1.0799600000000E+005    3.2452010000000E+006    3.6882800000000E+005    3.7220250000000E+006
     385    2.9666000000000E+004    6.2408290000000E+006    1.0744200000000E+005    3.2524420000000E+006    3.6962100000000E+005    3.7295050000000E+006
     386    2.9347000000000E+004    6.2335990000000E+006    1.0712500000000E+005    3.2595680000000E+006    3.7036100000000E+005    3.7370540000000E+006
     387    2.9098000000000E+004    6.2263280000000E+006    1.0671000000000E+005    3.2667870000000E+006    3.7107700000000E+005    3.7445740000000E+006
     388    2.8863000000000E+004    6.2191310000000E+006    1.0633400000000E+005    3.2738650000000E+006    3.7180700000000E+005    3.7520060000000E+006
     389    2.9012000000000E+004    6.2118170000000E+006    1.0568700000000E+005    3.2809080000000E+006    3.7257600000000E+005    3.7591710000000E+006
     390    2.9116000000000E+004    6.2044830000000E+006    1.0519800000000E+005    3.2878890000000E+006    3.7331400000000E+005    3.7664010000000E+006
     391    2.8999000000000E+004    6.1973290000000E+006    1.0467800000000E+005    3.2949150000000E+006    3.7407900000000E+005    3.7736720000000E+006
     392    2.8926000000000E+004    6.1902050000000E+006    1.0417600000000E+005    3.3018650000000E+006    3.7482800000000E+005    3.7808690000000E+006
     393    2.8649000000000E+004    6.1831680000000E+006    1.0396700000000E+005    3.3086600000000E+006    3.7555600000000E+005    3.7881830000000E+006
     394    2.8401000000000E+004    6.1760820000000E+006    1.0360200000000E+005    3.3156730000000E+006    3.7624200000000E+005    3.7955170000000E+006
     395    2.8377000000000E+004    6.1689520000000E+006    1.0320900000000E+005    3.3225310000000E+006    3.7693100000000E+005    3.8026710000000E+006
     396    2.8014000000000E+004    6.1621910000000E+006    1.0268100000000E+005    3.3294820000000E+006    3.7763200000000E+005    3.8097950000000E+006
     397    2.7774000000000E+004    6.1553940000000E+006    1.0222900000000E+005    3.3362350000000E+006    3.7836800000000E+005    3.8168320000000E+006
     398    2.7607000000000E+004    6.1484750000000E+006    1.0189300000000E+005    3.3429400000000E+006    3.7908500000000E+005    3.8239180000000E+006
     399    2.7262000000000E+004    6.1416900000000E+006    1.0154300000000E+005    3.3496840000000E+006    3.7982100000000E+005    3.8310480000000E+006
     400    2.7348000000000E+004    6.1348430000000E+006    1.0075500000000E+005    3.3565080000000E+006    3.8054600000000E+005    3.8378090000000E+006
