         1         0         0         0         1         0         0
         2         0         0         0         1         0         0
         3         0         0         0         1         0         0
         4         0         0         0         1         0         0
         5         1         0         0         1         0         0
         6         0         0         0         1         0         0
         7         0         0         0         1         0         0
         8         0         0         0         1         0         0
         9         0         1         0         1         0         0
        10         0         0         0         2         0         0
        11         4         0         0         2         0         0
        12         2         0         0         2         0         0
        13         0         0         0         2         0         0
        14         0         0         0         2         0         0
        15         2         4         0         2         0         1
        16         6         2         0         6         0         0
        17         1         0         0         8         0         0
        18         3         0         1         8         0         0
        19         2         2         0         7         1         1
        20         2         6         0         9         0         0
        21         5         1         0        15         0         0
        22         3         3         0        16         0         0
        23         8         2         1        19         1         0
        24         3         2         0        20         0         1
        25         2         5         0        22         0         2
        26         9         3         0        27         0         1
        27         9         8         0        30         0         2
        28        11         3         0        38         1         0
        29        18         2         4        41         2         0
        30         9         9         2        39         1         0
        31        18         9         0        46         2         0
        32         7        11         0        55         0         1
        33        18        18         2        66         0         1
        34        19         9         6        82         0         1
        35        29        18         1        85         0         2
        36        22         7         3       102         1         1
        37        40        18         2       106         1         2
        38        28        19         2       122         1         2
        39        42        29         5       139         2         0
        40        45        22         3       163         1         0
        41        55        40         8       182         2         3
        42        61        28         3       214         2         3
        43        80        42         2       239         0         2
        44        57        45         9       279         0         8
        45       106        55         9       315         3         8
        46        89        61        11       361         3         7
        47       127        80        18       411         2         9
        48       137        57         9       473         8         6
        49       167       106        18       521         8        13
        50       175        89         7       609         7         8
        51       163       127        18       691         9        10
        52       189       137        19       800         6        14
        53       319       167        29       918        13        14
        54       268       175        22      1056         8        14
        55       335       163        40      1209        10        13
        56       390       189        28      1332        14        17
        57       405       319        42      1493        14        39
        58       517       268        45      1770        14        25
        59       556       335        55      1993        13        35
        60       601       390        61      2273        17        32
        61       697       405        80      2602        39        37
        62       738       517        57      2927        25        54
        63       811       556       106      3387        35        52
        64       901       601        89      3837        32        50
        65       894       697       127      4349        37        72
        66      1004       738       137      4919        54        94
        67      1001       811       167      5520        52        72
        68      1033       901       175      6164        50        91
        69      1041       894       163      6890        72        95
        70      1189      1004       189      7621        94       104
        71      1140      1001       319      8436        72        98
        72      1098      1033       268      9118        91       117
        73      1088      1041       335      9883        95       107
        74      1052      1189       390     10589       104       116
        75       982      1140       405     11388        98       110
        76      1027      1098       517     12123       117        76
        77      1076      1088       556     12704       107       115
        78      1107      1052       601     13236       116       115
        79      1084       982       697     13687       110        92
        80      1125      1027       738     13972        76       122
        81      1207      1076       811     14261       115       112
        82      1163      1107       901     14526       115       118
        83      1203      1084       894     14732        92       107
        84      1232      1125      1004     14922       122       116
        85      1254      1207      1001     15043       112       127
        86      1193      1163      1033     15249       118       120
        87      1248      1203      1041     15379       107       142
        88      1156      1232      1189     15541       116       118
        89      1282      1254      1140     15584       127       122
        90      1288      1193      1098     15698       120       106
        91      1247      1248      1088     15793       142       115
        92      1300      1156      1052     15953       118       133
        93      1269      1282       982     16057       122       139
        94      1351      1288      1027     16357       106       114
        95      1301      1247      1076     16618       115       142
        96      1370      1300      1107     16789       133       139
        97      1358      1269      1084     16982       139       132
        98      1363      1351      1125     17167       114       130
        99      1367      1301      1207     17393       142       122
       100      1375      1370      1163     17487       139       145
       101      1313      1358      1203     17694       132       142
       102      1359      1363      1232     17849       130       142
       103      1345      1367      1254     17980       122       142
       104      1408      1375      1193     18093       145       146
       105      1365      1313      1248     18275       142       121
       106      1478      1359      1156     18340       142       131
       107      1385      1345      1282     18543       142       134
       108      1436      1408      1288     18606       146       139
       109      1407      1365      1247     18726       121       137
       110      1434      1478      1300     18844       131       128
       111      1427      1385      1269     19022       134       101
       112      1443      1436      1351     19138       139       138
       113      1399      1407      1301     19223       137       138
       114      1459      1434      1370     19329       128       138
       115      1427      1427      1358     19393       101       137
       116      1471      1443      1363     19462       138       151
       117      1391      1399      1367     19542       138       144
       118      1476      1459      1375     19574       138       131
       119      1396      1427      1313     19658       137       161
       120      1398      1471      1359     19772       151       155
       121      1462      1391      1345     19884       144       127
       122      1441      1476      1408     19930       131       157
       123      1388      1396      1365     19998       161       135
       124      1406      1398      1478     20029       155       135
       125      1411      1462      1385     19949       127       146
       126      1393      1441      1436     20026       157       143
       127      1410      1388      1407     20031       135       160
       128      1406      1406      1434     20012       135       150
       129      1376      1411      1427     19984       146       121
       130      1423      1393      1443     19968       143       151
       131      1405      1410      1399     19918       160       130
       132      1379      1406      1459     19929       150       137
       133      1363      1376      1427     19876       121       132
       134      1386      1423      1471     19825       151       150
       135      1395      1405      1391     19777       130       124
       136      1334      1379      1476     19791       137       126
       137      1300      1363      1396     19694       132       127
       138      1270      1386      1398     19661       150       148
       139      1299      1395      1462     19649       124       128
       140      1384      1334      1441     19582       126       112
       141      1296      1300      1388     19475       127       133
       142      1291      1270      1406     19387       148       140
       143      1275      1299      1411     19251       128       126
       144      1162      1384      1393     19139       112       135
       145      1195      1296      1410     19130       133       145
       146      1266      1291      1406     19016       140       120
       147      1140      1275      1376     18901       126        94
       148      1165      1162      1423     18800       135       110
       149      1193      1195      1405     18539       145       115
       150      1130      1266      1379     18329       120       123
       151      1175      1140      1363     18216        94       113
       152      1162      1165      1386     17993       110       143
       153      1135      1193      1395     17772       115       114
       154      1133      1130      1334     17570       123       110
       155      1091      1175      1300     17366       113       119
       156      1076      1162      1270     17241       143       119
       157      1074      1135      1299     17133       114       106
       158      1018      1133      1384     16969       110       105
       159      1108      1091      1296     16718       119       109
       160       988      1076      1291     16513       119       113
       161      1010      1074      1275     16298       106        98
       162       997      1018      1162     16097       105       100
       163      1002      1108      1195     15953       109       108
       164       933       988      1266     15866       113        99
       165      1029      1010      1140     15588        98       106
       166       982       997      1165     15458       100       102
       167       932      1002      1193     15290       108       103
       168       915       933      1130     15099        99        94
       169       858      1029      1175     14902       106       118
       170       944       982      1162     14756       102        85
       171       881       932      1135     14576       103       120
       172       875       915      1133     14373        94        78
       173       889       858      1091     14155       118        97
       174       849       944      1076     13922        85       100
       175       835       881      1074     13790       120       107
       176       829       875      1018     13597        78        86
       177       759       889      1108     13454        97        90
       178       792       849       988     13235       100        78
       179       780       835      1010     13096       107        79
       180       756       829       997     12921        86        63
       181       750       759      1002     12753        90        70
       182       747       792       933     12510        78        75
       183       754       780      1029     12369        79        71
       184       725       756       982     12120        63        69
       185       647       750       932     11894        70        69
       186       684       747       915     11712        75        71
       187       682       754       858     11544        71        77
       188       711       725       944     11440        69        71
       189       646       647       881     11221        69        67
       190       698       684       875     10987        71        72
       191       623       682       889     10796        77        75
       192       581       711       849     10589        71        69
       193       573       646       835     10451        67        56
       194       561       698       829     10262        72        76
       195       587       623       759     10131        75        67
       196       563       581       792      9995        69        65
       197       572       573       780      9784        56        67
       198       561       561       756      9577        76        53
       199       509       587       750      9382        67        48
       200       534       563       747      9219        65        54
       201       492       572       754      9035        67        52
       202       497       561       725      8853        53        53
       203       487       509       647      8689        48        53
       204       460       534       684      8551        54        52
       205       481       492       682      8401        52        52
       206       501       497       711      8211        53        51
       207       454       487       646      7997        53        52
       208       459       460       698      7838        52        54
       209       422       481       623      7600        52        55
       210       390       501       581      7458        51        51
       211       395       454       573      7378        52        45
       212       384       459       561      7259        54        41
       213       376       422       587      7157        55        56
       214       371       390       563      6992        51        41
       215       382       395       572      6819        45        50
       216       359       384       561      6642        41        51
       217       377       376       509      6465        56        43
       218       343       371       534      6332        41        29
       219       334       382       492      6169        50        35
       220       343       359       497      6059        51        31
       221       310       377       487      5921        43        36
       222       339       343       460      5811        29        30
       223       318       334       481      5694        35        28
       224       322       343       501      5547        31        29
       225       298       310       454      5389        36        31
       226       298       339       459      5245        30        32
       227       270       318       422      5125        28        30
       228       302       322       390      5021        29        29
       229       257       298       395      4953        31        34
       230       273       298       384      4856        32        29
       231       296       270       376      4770        30        19
       232       265       302       371      4664        29        24
       233       253       257       382      4595        34        28
       234       224       273       359      4470        29        28
       235       248       296       377      4384        19        40
       236       228       265       343      4303        24        31
       237       217       253       334      4225        28        27
       238       230       224       343      4144        28        22
       239       216       248       310      4025        40        24
       240       207       228       339      3963        31        33
       241       204       217       318      3852        27        15
       242       216       230       322      3751        22        31
       243       194       216       298      3659        24        22
       244       194       207       298      3577        33        13
       245       190       204       270      3486        15        18
       246       217       216       302      3420        31        28
       247       206       194       257      3334        22        23
       248       174       194       273      3271        13        16
       249       177       190       296      3192        18        29
       250       183       217       265      3086        28        25
       251       180       206       253      3038        23        25
       252       168       174       224      2991        16        19
       253       147       177       248      2941        29        26
       254       150       183       228      2870        25        17
       255       132       180       217      2825        25        25
       256       127       168       230      2788        19        16
       257       157       147       216      2726        26        20
       258       152       150       207      2657        17        12
       259       125       132       204      2600        25        18
       260       136       127       216      2528        16        10
       261       140       157       194      2439        20        11
       262        94       152       194      2402        12        13
       263       133       125       190      2360        18        15
       264       123       136       217      2295        10        10
       265       111       140       206      2214        11        12
       266       113        94       174      2148        13         4
       267        98       133       177      2068        15        16
       268       115       123       183      2024        10        10
       269       112       111       180      1964        12        12
       270        99       113       168      1895         4         2
       271       104        98       147      1840        16         6
       272        90       115       150      1791        10         8
       273        79       112       132      1756        12        15
       274       100        99       127      1736         2        12
       275        86       104       157      1708         6         9
       276        78        90       152      1655         8         8
       277        87        79       125      1593        15         8
       278        93       100       136      1547        12         5
       279        76        86       140      1511         9        12
       280        94        78        94      1457         8         7
       281        80        87       133      1441         8         9
       282        65        93       123      1395         5         9
       283        79        76       111      1365        12        13
       284        77        94       113      1330         7        15
       285        67        80        98      1311         9         8
       286        90        65       115      1293         9         6
       287        74        79       112      1243        13        12
       288        62        77        99      1210        15        11
       289        62        67       104      1188         8         7
       290        49        90        90      1151         6        10
       291        62        74        79      1151        12         8
       292        73        62       100      1146        11         3
       293        61        62        86      1108         7         4
       294        48        49        78      1084        10         2
       295        59        62        87      1055         8        11
       296        55        73        93      1030         3         3
       297        52        61        76      1010         4         5
       298        55        48        94       995         2         7
       299        52        59        80       949        11         6
       300        62        55        65       928         3        11
       301        40        52        79       918         5         5
       302        43        55        77       891         7        10
       303        48        52        67       869         6         6
       304        39        62        90       854        11         4
       305        46        40        74       826         5         6
       306        32        43        62       792        10         6
       307        32        48        62       773         6         5
       308        49        39        49       759         4         7
       309        29        46        62       749         6         4
       310        41        32        73       733         6         1
       311        39        32        61       692         5         3
       312        45        49        48       663         7         6
       313        29        29        59       664         4         3
       314        41        41        55       634         1         3
       315        34        39        52       620         3         1
       316        40        45        55       607         6         4
       317        38        29        52       597         3         5
       318        28        41        62       574         3         3
       319        31        34        40       553         1         1
       320        37        40        43       547         4         4
       321        21        38        48       544         5         4
       322        21        28        39       534         3         2
       323        21        31        46       523         1         7
       324        21        37        32       508         4         2
       325        31        21        32       513         4         3
       326        31        21        49       502         2         4
       327        26        21        29       474         7         2
       328        16        21        41       466         2         1
       329        22        31        39       446         3         3
       330        22        31        45       438         4         4
       331        21        26        29       424         2         0
       332        23        16        41       421         1         5
       333        27        22        34       396         3         2
       334        20        22        40       384         4         1
       335        19        21        38       366         0         2
       336        24        23        28       349         5         4
       337        24        27        31       344         2         2
       338        20        20        37       340         1         1
       339        19        19        21       323         2         3
       340        20        24        21       321         4         1
       341        22        24        21       324         2         5
       342        17        20        21       327         1         1
       343        14        19        31       326         3         2
       344        17        20        31       314         1         1
       345        17        22        26       303         5         0
       346        19        17        16       299         1         3
       347        13        14        22       300         2         1
       348        17        17        22       292         1         5
       349        21        17        21       287         0         2
       350        16        19        23       283         3         3
       351        28        13        27       279         1         0
       352        16        17        20       265         5         4
       353         6        21        19       262         2         1
       354        13        16        24       264         3         2
       355         8        28        24       256         0         2
       356        16        16        20       260         4         2
       357        11         6        19       256         1         0
       358        15        13        20       243         2         0
       359        10         8        22       236         2         1
       360         9        16        17       222         2         0
       361        17        11        14       221         0         0
       362         5        15        17       218         0         0
       363         6        10        17       216         1         0
       364        10         9        19       209         0         0
       365         4        17        13       199         0         1
       366         9         5        17       203         0         0
       367        13         6        21       191         0         0
       368         9        10        16       176         0         1
       369         7         4        28       170         1         0
       370         7         9        16       146         0         2
       371         9        13         6       139         0         1
       372         5         9        13       146         1         0
       373         3         7         8       142         0         0
       374         4         7        16       141         2         1
       375         8         9        11       132         1         1
       376         5         5        15       130         0         1
       377         7         3        10       120         0         0
       378         3         4         9       113         1         0
       379         5         8        17       108         1         0
       380         5         5         5        99         1         1
       381         2         7         6        99         0         1
       382         3         3        10       100         0         1
       383         4         5         4        93         0         0
       384         6         5         9        94         1         1
       385         6         2        13        90         1         0
       386         6         3         9        79         1         0
       387         3         4         7        73         0         1
       388         2         6         7        70         1         0
       389         2         6         9        69         0         0
       390         6         6         5        66         0         0
       391         6         3         3        67         1         1
       392         3         2         4        67         0         0
       393         6         2         8        65         0         0
       394         1         6         5        59         0         0
       395         3         6         7        60         1         3
       396         3         3         3        59         0         0
       397         2         6         5        59         0         0
       398         5         1         5        60         0         0
       399         2         3         2        56         3         1
       400         2         3         3        57         0         1
       401         4         2         4        57         0         1
       402         2         5         6        55         0         1
       403         4         2         6        54         1         0
       404         1         2         6        50         1         1
       405         4         4         3        46         1         2
       406         0         2         2        47         1         1
       407         2         4         2        47         0         1
       408         1         1         6        49         1         0
       409         1         4         6        44         2         2
       410         3         0         3        42         1         0
       411         1         2         6        39         1         2
       412         3         1         1        35         0         0
       413         2         1         3        35         2         0
       414         2         3         3        33         0         1
       415         5         1         2        33         2         1
       416         1         3         5        32         0         0
       417         2         2         2        30         0         0
       418         0         2         2        30         1         0
       419         0         5         4        30         1         1
       420         5         1         2        31         0         0
       421         2         2         4        30         0         1
       422         0         0         1        28         0         0
       423         1         0         4        27         1         0
       424         2         5         0        23         0         0
       425         0         2         2        28         1         0
       426         2         0         1        28         0         0
       427         1         1         1        27         0         1
       428         0         2         3        27         0         0
       429         1         0         1        26         0         0
       430         0         2         3        25         0         0
       431         1         1         2        24         1         0
       432         0         0         2        23         0         0
       433         1         1         5        21         0         0
       434         1         0         1        17         0         0
       435         0         1         2        16         0         0
       436         0         0         0        15         0         0
       437         0         1         0        15         0         0
       438         1         1         5        16         0         0
       439         0         0         2        12         0         0
       440         2         0         0        10         0         0
       441         1         0         1        10         0         0
       442         0         1         2         9         0         0
       443         0         0         0         8         0         0
       444         0         2         2         8         0         0
       445         0         1         1         8         0         0
       446         2         0         0         8         0         0
       447         2         0         1         8         0         0
       448         1         0         0         7         0         0
       449         0         0         1         7         0         0
       450         0         2         0         6         0         0
       451         0         2         1         8         0         0
       452         1         1         1         9         0         0
       453         0         0         0         9         0         0
       454         0         0         0         9         0         0
       455         0         0         0         9         0         0
       456         0         1         1         9         0         0
       457         0         0         0         9         0         0
       458         2         0         2         9         0         0
       459         1         0         1         7         0         0
       460         1         0         0         6         0         0
       461         0         0         0         6         0         0
       462         0         2         0         6         0         0
       463         1         1         0         8         0         0
       464         1         1         2         9         0         0
       465         2         0         2         8         0         0
       466         1         0         1         6         0         0
       467         0         1         0         5         0         1
       468         0         1         0         6         0         1
       469         0         2         0         7         0         0
       470         0         1         1         9         0         0
       471         0         0         0         9         1         0
       472         0         0         0         9         1         0
       473         0         0         0         9         0         0
       474         1         0         0         9         0         0
       475         0         0         0         9         0         0
       476         0         0         2         9         0         0
       477         0         0         1         7         0         0
       478         0         1         1         6         0         0
       479         0         0         0         6         0         0
       480         0         0         0         6         0         0
       481         1         0         1         6         0         0
       482         0         0         1         5         0         0
       483         0         0         2         4         0         0
       484         0         0         1         2         0         0
       485         0         1         0         1         0         0
       486         1         0         0         2         0         0
       487         0         0         0         2         0         0
       488         1         0         0         2         0         0
       489         1         0         0         2         0         0
       490         0         1         0         2         0         0
       491         0         0         0         3         0         0
       492         0         1         1         3         0         0
       493         0         1         0         3         0         0
       494         0         0         0         4         0         0
       495         1         0         0         4         0         0
       496         0         0         0         4         0         0
       497         0         0         0         4         0         0
       498         0         0         0         4         0         0
       499         0         1         1         4         0         0
       500         0         0         0         4         0         0
