       1    0.0000000000000E+000    0.0000000000000E+000
       2    0.0000000000000E+000    0.0000000000000E+000
       3    4.0000000000000E+000    4.0000000000000E+000
       4    1.1000000000000E+001    1.1000000000000E+001
       5    1.1000000000000E+001    1.1000000000000E+001
       6    1.1000000000000E+001    1.1000000000000E+001
       7    1.1000000000000E+001    1.1000000000000E+001
       8    1.2000000000000E+001    1.4000000000000E+001
       9    1.9000000000000E+001    2.3000000000000E+001
      10    2.1000000000000E+001    2.5000000000000E+001
      11    2.6000000000000E+001    3.1000000000000E+001
      12    2.7000000000000E+001    3.3000000000000E+001
      13    2.9000000000000E+001    3.5000000000000E+001
      14    3.1000000000000E+001    3.8000000000000E+001
      15    3.3000000000000E+001    4.0000000000000E+001
      16    3.3000000000000E+001    4.1000000000000E+001
      17    3.4000000000000E+001    4.2000000000000E+001
      18    3.7000000000000E+001    4.6000000000000E+001
      19    3.8000000000000E+001    4.7000000000000E+001
      20    3.9000000000000E+001    4.8000000000000E+001
      21    4.1000000000000E+001    5.2000000000000E+001
      22    4.1000000000000E+001    5.2000000000000E+001
      23    4.1000000000000E+001    5.2000000000000E+001
      24    4.4000000000000E+001    5.6000000000000E+001
      25    4.5000000000000E+001    5.7000000000000E+001
      26    4.6000000000000E+001    5.9000000000000E+001
      27    4.7000000000000E+001    6.0000000000000E+001
      28    5.3000000000000E+001    6.7000000000000E+001
      29    5.7500000000000E+001    7.3000000000000E+001
      30    6.2500000000000E+001    8.1000000000000E+001
      31    6.3000000000000E+001    8.1000000000000E+001
      32    7.8000000000000E+001    1.0100000000000E+002
      33    8.3000000000000E+001    1.0800000000000E+002
      34    9.4000000000000E+001    1.2200000000000E+002
      35    1.0600000000000E+002    1.3800000000000E+002
      36    1.2000000000000E+002    1.5700000000000E+002
      37    1.2500000000000E+002    1.6500000000000E+002
      38    1.3350000000000E+002    1.7600000000000E+002
      39    1.4000000000000E+002    1.8400000000000E+002
      40    1.4400000000000E+002    1.9000000000000E+002
      41    1.4600000000000E+002    1.9200000000000E+002
      42    1.5500000000000E+002    2.0450000000000E+002
      43    1.6600000000000E+002    2.2100000000000E+002
      44    1.7950000000000E+002    2.3700000000000E+002
      45    1.8300000000000E+002    2.4250000000000E+002
      46    1.8900000000000E+002    2.4900000000000E+002
      47    1.9300000000000E+002    2.5400000000000E+002
      48    1.9800000000000E+002    2.6100000000000E+002
      49    2.1300000000000E+002    2.8100000000000E+002
      50    2.3400000000000E+002    3.1000000000000E+002
      51    2.5200000000000E+002    3.3100000000000E+002
      52    2.7300000000000E+002    3.6000000000000E+002
      53    2.9400000000000E+002    3.8850000000000E+002
      54    3.1300000000000E+002    4.0900000000000E+002
      55    3.1900000000000E+002    4.2000000000000E+002
      56    3.5000000000000E+002    4.5900000000000E+002
      57    4.0000000000000E+002    5.2350000000000E+002
      58    4.2200000000000E+002    5.5100000000000E+002
      59    4.4200000000000E+002    5.7700000000000E+002
      60    4.6700000000000E+002    6.1000000000000E+002
      61    4.8900000000000E+002    6.3950000000000E+002
      62    5.0400000000000E+002    6.5900000000000E+002
      63    5.4000000000000E+002    7.0550000000000E+002
      64    5.7000000000000E+002    7.4200000000000E+002
      65    6.2450000000000E+002    8.1450000000000E+002
      66    6.5500000000000E+002    8.5700000000000E+002
      67    7.1600000000000E+002    9.3550000000000E+002
      68    7.4000000000000E+002    9.6750000000000E+002
      69    7.5000000000000E+002    9.8300000000000E+002
      70    7.9100000000000E+002    1.0320000000000E+003
      71    8.2350000000000E+002    1.0730000000000E+003
      72    8.7450000000000E+002    1.1385000000000E+003
      73    9.0400000000000E+002    1.1800000000000E+003
      74    9.4600000000000E+002    1.2340000000000E+003
      75    9.7400000000000E+002    1.2740000000000E+003
      76    9.9750000000000E+002    1.3005000000000E+003
      77    1.0710000000000E+003    1.3900000000000E+003
      78    1.1680000000000E+003    1.5215000000000E+003
      79    1.2265000000000E+003    1.6000000000000E+003
      80    1.2845000000000E+003    1.6690000000000E+003
      81    1.3425000000000E+003    1.7490000000000E+003
      82    1.3795000000000E+003    1.7975000000000E+003
      83    1.3955000000000E+003    1.8215000000000E+003
      84    1.4685000000000E+003    1.9170000000000E+003
      85    1.5425000000000E+003    2.0185000000000E+003
      86    1.6090000000000E+003    2.1050000000000E+003
      87    1.7205000000000E+003    2.2475000000000E+003
      88    1.8475000000000E+003    2.4110000000000E+003
      89    1.9150000000000E+003    2.4960000000000E+003
      90    1.9490000000000E+003    2.5485000000000E+003
      91    2.1260000000000E+003    2.7755000000000E+003
      92    2.2520000000000E+003    2.9480000000000E+003
      93    2.4430000000000E+003    3.1930000000000E+003
      94    2.6225000000000E+003    3.4225000000000E+003
      95    2.8300000000000E+003    3.7045000000000E+003
      96    2.9915000000000E+003    3.9130000000000E+003
      97    3.0735000000000E+003    4.0280000000000E+003
      98    3.3190000000000E+003    4.3540000000000E+003
      99    3.5040000000000E+003    4.5970000000000E+003
     100    3.6625000000000E+003    4.8005000000000E+003
     101    3.8610000000000E+003    5.0495000000000E+003
     102    4.0320000000000E+003    5.2790000000000E+003
     103    4.1790000000000E+003    5.4655000000000E+003
     104    4.2680000000000E+003    5.5895000000000E+003
     105    4.5265000000000E+003    5.9190000000000E+003
     106    4.8050000000000E+003    6.2690000000000E+003
     107    5.0655000000000E+003    6.6050000000000E+003
     108    5.3265000000000E+003    6.9610000000000E+003
     109    5.6045000000000E+003    7.3225000000000E+003
     110    5.7805000000000E+003    7.5565000000000E+003
     111    5.9285000000000E+003    7.7520000000000E+003
     112    6.2640000000000E+003    8.1965000000000E+003
     113    6.5935000000000E+003    8.6310000000000E+003
     114    6.9705000000000E+003    9.1060000000000E+003
     115    7.2710000000000E+003    9.4925000000000E+003
     116    7.5620000000000E+003    9.8800000000000E+003
     117    7.7760000000000E+003    1.0147000000000E+004
     118    7.9415000000000E+003    1.0372000000000E+004
     119    8.4020000000000E+003    1.0970000000000E+004
     120    8.8240000000000E+003    1.1520500000000E+004
     121    9.2160000000000E+003    1.2027000000000E+004
     122    9.6390000000000E+003    1.2588500000000E+004
     123    1.0022500000000E+004    1.3113000000000E+004
     124    1.0299000000000E+004    1.3480500000000E+004
     125    1.0508500000000E+004    1.3740500000000E+004
     126    1.0996000000000E+004    1.4379500000000E+004
     127    1.1497500000000E+004    1.5017000000000E+004
     128    1.1985000000000E+004    1.5678000000000E+004
     129    1.2470000000000E+004    1.6303500000000E+004
     130    1.2917500000000E+004    1.6874500000000E+004
     131    1.3125500000000E+004    1.7162500000000E+004
     132    1.3297500000000E+004    1.7373000000000E+004
     133    1.3765500000000E+004    1.8011500000000E+004
     134    1.4250000000000E+004    1.8665000000000E+004
     135    1.4698500000000E+004    1.9227500000000E+004
     136    1.5219000000000E+004    1.9923000000000E+004
     137    1.5681500000000E+004    2.0544500000000E+004
     138    1.5899000000000E+004    2.0834500000000E+004
     139    1.6003000000000E+004    2.0983500000000E+004
     140    1.6206000000000E+004    2.1216500000000E+004
     141    1.6514000000000E+004    2.1617000000000E+004
     142    1.6752000000000E+004    2.1929000000000E+004
     143    1.7057000000000E+004    2.2321000000000E+004
     144    1.7345000000000E+004    2.2701500000000E+004
     145    1.7452000000000E+004    2.2834500000000E+004
     146    1.7545000000000E+004    2.2960500000000E+004
     147    1.7879000000000E+004    2.3373500000000E+004
     148    1.8214500000000E+004    2.3823500000000E+004
     149    1.8546500000000E+004    2.4244000000000E+004
     150    1.8850000000000E+004    2.4642000000000E+004
     151    1.9215000000000E+004    2.5095000000000E+004
     152    1.9381000000000E+004    2.5346000000000E+004
     153    1.9529500000000E+004    2.5538500000000E+004
     154    1.9853000000000E+004    2.5942000000000E+004
     155    2.0181500000000E+004    2.6333500000000E+004
     156    2.0505000000000E+004    2.6761000000000E+004
     157    2.0847500000000E+004    2.7210000000000E+004
     158    2.1138500000000E+004    2.7602500000000E+004
     159    2.1315500000000E+004    2.7831500000000E+004
     160    2.1454500000000E+004    2.8018500000000E+004
     161    2.1817500000000E+004    2.8496500000000E+004
     162    2.2150000000000E+004    2.8947500000000E+004
     163    2.2504000000000E+004    2.9399000000000E+004
     164    2.2853000000000E+004    2.9823500000000E+004
     165    2.3146500000000E+004    3.0207500000000E+004
     166    2.3349500000000E+004    3.0453500000000E+004
     167    2.3478000000000E+004    3.0631500000000E+004
     168    2.3839000000000E+004    3.1108000000000E+004
     169    2.4295500000000E+004    3.1691500000000E+004
     170    2.4753000000000E+004    3.2265500000000E+004
     171    2.5205000000000E+004    3.2869500000000E+004
     172    2.5637500000000E+004    3.3412000000000E+004
     173    2.5837500000000E+004    3.3674500000000E+004
     174    2.5956500000000E+004    3.3849500000000E+004
     175    2.6334500000000E+004    3.4313000000000E+004
     176    2.6753000000000E+004    3.4848000000000E+004
     177    2.7171500000000E+004    3.5375000000000E+004
     178    2.7582000000000E+004    3.5911000000000E+004
     179    2.7911500000000E+004    3.6360500000000E+004
     180    2.8056000000000E+004    3.6560000000000E+004
     181    2.8169000000000E+004    3.6711000000000E+004
     182    2.8545000000000E+004    3.7216000000000E+004
     183    2.9008500000000E+004    3.7816500000000E+004
     184    2.9390500000000E+004    3.8345000000000E+004
     185    2.9662500000000E+004    3.8713500000000E+004
     186    2.9965500000000E+004    3.9090000000000E+004
     187    3.0129000000000E+004    3.9280500000000E+004
     188    3.0240000000000E+004    3.9435000000000E+004
     189    3.0664500000000E+004    3.9996000000000E+004
     190    3.0929000000000E+004    4.0334000000000E+004
     191    3.1108000000000E+004    4.0570000000000E+004
     192    3.1590000000000E+004    4.1178000000000E+004
     193    3.1963500000000E+004    4.1649000000000E+004
     194    3.2165500000000E+004    4.1889500000000E+004
     195    3.2309500000000E+004    4.2101500000000E+004
     196    3.2781500000000E+004    4.2723000000000E+004
     197    3.3251000000000E+004    4.3302000000000E+004
     198    3.3655500000000E+004    4.3831000000000E+004
     199    3.4061000000000E+004    4.4320000000000E+004
     200    3.4421500000000E+004    4.4769500000000E+004
     201    3.4606500000000E+004    4.4998000000000E+004
     202    3.4733500000000E+004    4.5167000000000E+004
     203    3.5249500000000E+004    4.5848000000000E+004
     204    3.5661500000000E+004    4.6382500000000E+004
     205    3.5999500000000E+004    4.6811000000000E+004
     206    3.6328000000000E+004    4.7263500000000E+004
     207    3.6636500000000E+004    4.7666500000000E+004
     208    3.6848000000000E+004    4.7927500000000E+004
     209    3.6983500000000E+004    4.8094500000000E+004
     210    3.7475000000000E+004    4.8727500000000E+004
     211    3.7948000000000E+004    4.9325000000000E+004
     212    3.8420500000000E+004    4.9960000000000E+004
     213    3.8825500000000E+004    5.0494000000000E+004
     214    3.9250000000000E+004    5.1046000000000E+004
     215    3.9491500000000E+004    5.1345000000000E+004
     216    3.9659000000000E+004    5.1567500000000E+004
     217    4.0244000000000E+004    5.2332000000000E+004
     218    4.0777000000000E+004    5.3049500000000E+004
     219    4.1213000000000E+004    5.3621000000000E+004
     220    4.1671500000000E+004    5.4216000000000E+004
     221    4.2100500000000E+004    5.4821000000000E+004
     222    4.2353500000000E+004    5.5159000000000E+004
     223    4.2514000000000E+004    5.5375000000000E+004
     224    4.2966500000000E+004    5.6035500000000E+004
     225    4.3422000000000E+004    5.6649000000000E+004
     226    4.3891000000000E+004    5.7296500000000E+004
     227    4.4294000000000E+004    5.7793000000000E+004
     228    4.4745500000000E+004    5.8373500000000E+004
     229    4.4980000000000E+004    5.8684000000000E+004
     230    4.5137000000000E+004    5.8891500000000E+004
     231    4.5598000000000E+004    5.9480000000000E+004
     232    4.6006500000000E+004    6.0024000000000E+004
     233    4.6372000000000E+004    6.0523500000000E+004
     234    4.6812500000000E+004    6.1059000000000E+004
     235    4.7184000000000E+004    6.1555500000000E+004
     236    4.7384000000000E+004    6.1811000000000E+004
     237    4.7530500000000E+004    6.1987000000000E+004
     238    4.7954000000000E+004    6.2563000000000E+004
     239    4.8419000000000E+004    6.3184000000000E+004
     240    4.8910500000000E+004    6.3823500000000E+004
     241    4.9417000000000E+004    6.4517500000000E+004
     242    5.0104500000000E+004    6.5390000000000E+004
     243    5.0475500000000E+004    6.5861500000000E+004
     244    5.0741000000000E+004    6.6177000000000E+004
     245    5.1357000000000E+004    6.6968500000000E+004
     246    5.1969000000000E+004    6.7752500000000E+004
     247    5.2483000000000E+004    6.8432000000000E+004
     248    5.3012500000000E+004    6.9109000000000E+004
     249    5.3580000000000E+004    6.9791000000000E+004
     250    5.3884500000000E+004    7.0212500000000E+004
     251    5.4123000000000E+004    7.0549000000000E+004
     252    5.4388000000000E+004    7.0867500000000E+004
     253    5.4894000000000E+004    7.1517500000000E+004
     254    5.5365000000000E+004    7.2085500000000E+004
     255    5.5872500000000E+004    7.2720500000000E+004
     256    5.6373000000000E+004    7.3371000000000E+004
     257    5.6638500000000E+004    7.3694500000000E+004
     258    5.6805000000000E+004    7.3898000000000E+004
     259    5.7324500000000E+004    7.4499500000000E+004
     260    5.7772500000000E+004    7.5093000000000E+004
     261    5.8247000000000E+004    7.5696000000000E+004
     262    5.8707500000000E+004    7.6287500000000E+004
     263    5.9122000000000E+004    7.6847000000000E+004
     264    5.9394000000000E+004    7.7171000000000E+004
     265    5.9542500000000E+004    7.7355000000000E+004
     266    6.0008500000000E+004    7.7963500000000E+004
     267    6.0439500000000E+004    7.8558000000000E+004
     268    6.0804500000000E+004    7.9033500000000E+004
     269    6.1156000000000E+004    7.9487000000000E+004
     270    6.1497500000000E+004    7.9913000000000E+004
     271    6.1705500000000E+004    8.0181500000000E+004
     272    6.1803500000000E+004    8.0335000000000E+004
     273    6.2252000000000E+004    8.0944000000000E+004
     274    6.2802000000000E+004    8.1628500000000E+004
     275    6.3299000000000E+004    8.2315000000000E+004
     276    6.3844500000000E+004    8.2990000000000E+004
     277    6.4406500000000E+004    8.3694000000000E+004
     278    6.4723000000000E+004    8.4112500000000E+004
     279    6.4947000000000E+004    8.4425500000000E+004
     280    6.5580000000000E+004    8.5265000000000E+004
     281    6.6198500000000E+004    8.6090000000000E+004
     282    6.6761000000000E+004    8.6779000000000E+004
     283    6.7261500000000E+004    8.7404500000000E+004
     284    6.7670500000000E+004    8.7916000000000E+004
     285    6.7917000000000E+004    8.8242500000000E+004
     286    6.8109000000000E+004    8.8489000000000E+004
     287    6.8743000000000E+004    8.9279500000000E+004
     288    6.9379000000000E+004    9.0002000000000E+004
     289    6.9829500000000E+004    9.0660500000000E+004
     290    7.0243000000000E+004    9.1203500000000E+004
     291    7.0406500000000E+004    9.1411500000000E+004
     292    7.0704500000000E+004    9.1801500000000E+004
     293    7.0957500000000E+004    9.2109000000000E+004
     294    7.1624500000000E+004    9.3001000000000E+004
     295    7.2342500000000E+004    9.3938000000000E+004
     296    7.3042000000000E+004    9.4812500000000E+004
     297    7.3627000000000E+004    9.5638500000000E+004
     298    7.3768000000000E+004    9.5828500000000E+004
     299    7.4237500000000E+004    9.6439000000000E+004
     300    7.4580500000000E+004    9.6877500000000E+004
     301    7.5477000000000E+004    9.8066000000000E+004
     302    7.6486000000000E+004    9.9407500000000E+004
     303    7.7348500000000E+004    1.0050100000000E+005
     304    7.8265500000000E+004    1.0168900000000E+005
     305    7.9198500000000E+004    1.0293400000000E+005
     306    7.9652500000000E+004    1.0351200000000E+005
     307    7.9946000000000E+004    1.0387450000000E+005
     308    8.0750500000000E+004    1.0492800000000E+005
     309    8.1658000000000E+004    1.0607500000000E+005
     310    8.2440500000000E+004    1.0701150000000E+005
     311    8.3235500000000E+004    1.0806500000000E+005
     312    8.4199000000000E+004    1.0933900000000E+005
     313    8.4623500000000E+004    1.0987000000000E+005
     314    8.4926000000000E+004    1.1025650000000E+005
     315    8.5831500000000E+004    1.1146200000000E+005
     316    8.6785500000000E+004    1.1269100000000E+005
     317    8.7602000000000E+004    1.1381500000000E+005
     318    8.8355500000000E+004    1.1486850000000E+005
     319    8.9201500000000E+004    1.1595600000000E+005
     320    8.9582000000000E+004    1.1645350000000E+005
     321    8.9821500000000E+004    1.1678000000000E+005
     322    9.0624000000000E+004    1.1780200000000E+005
     323    9.1461500000000E+004    1.1884450000000E+005
     324    9.2233000000000E+004    1.1975500000000E+005
     325    9.2951500000000E+004    1.2064900000000E+005
     326    9.3458500000000E+004    1.2133800000000E+005
     327    9.3764000000000E+004    1.2174950000000E+005
     328    9.3918000000000E+004    1.2195550000000E+005
     329    9.4114000000000E+004    1.2221500000000E+005
     330    9.4617000000000E+004    1.2280050000000E+005
     331    9.5153000000000E+004    1.2343800000000E+005
     332    9.5608500000000E+004    1.2404500000000E+005
     333    9.5990000000000E+004    1.2451800000000E+005
     334    9.6175000000000E+004    1.2472250000000E+005
     335    9.6271000000000E+004    1.2485250000000E+005
     336    9.6751000000000E+004    1.2544400000000E+005
     337    9.7107500000000E+004    1.2589100000000E+005
     338    9.7501000000000E+004    1.2644850000000E+005
     339    9.7761500000000E+004    1.2679800000000E+005
     340    9.8032500000000E+004    1.2713400000000E+005
     341    9.8118500000000E+004    1.2724300000000E+005
     342    9.8175000000000E+004    1.2731250000000E+005
     343    9.8354000000000E+004    1.2755150000000E+005
     344    9.8574000000000E+004    1.2782500000000E+005
     345    9.8798000000000E+004    1.2809100000000E+005
     346    9.8984500000000E+004    1.2834400000000E+005
     347    9.9193500000000E+004    1.2860050000000E+005
     348    9.9294500000000E+004    1.2873650000000E+005
     349    9.9380500000000E+004    1.2884050000000E+005
     350    9.9635000000000E+004    1.2915500000000E+005
     351    9.9890500000000E+004    1.2947150000000E+005
     352    1.0010700000000E+005    1.2976150000000E+005
     353    1.0032850000000E+005    1.3005450000000E+005
     354    1.0049000000000E+005    1.3031500000000E+005
     355    1.0057400000000E+005    1.3042900000000E+005
     356    1.0063550000000E+005    1.3051500000000E+005
     357    1.0085900000000E+005    1.3081250000000E+005
     358    1.0105200000000E+005    1.3106650000000E+005
     359    1.0121650000000E+005    1.3128550000000E+005
     360    1.0137550000000E+005    1.3150350000000E+005
     361    1.0153750000000E+005    1.3171250000000E+005
     362    1.0163550000000E+005    1.3182050000000E+005
     363    1.0169400000000E+005    1.3190500000000E+005
     364    1.0187400000000E+005    1.3212950000000E+005
     365    1.0202850000000E+005    1.3233000000000E+005
     366    1.0217450000000E+005    1.3253050000000E+005
     367    1.0235350000000E+005    1.3275750000000E+005
     368    1.0248400000000E+005    1.3294300000000E+005
     369    1.0253750000000E+005    1.3302350000000E+005
     370    1.0258450000000E+005    1.3309400000000E+005
     371    1.0264350000000E+005    1.3318700000000E+005
     372    1.0280050000000E+005    1.3342550000000E+005
     373    1.0291450000000E+005    1.3359750000000E+005
     374    1.0300250000000E+005    1.3373000000000E+005
     375    1.0310150000000E+005    1.3384150000000E+005
     376    1.0314450000000E+005    1.3391400000000E+005
     377    1.0316650000000E+005    1.3394200000000E+005
     378    1.0326750000000E+005    1.3408850000000E+005
     379    1.0336450000000E+005    1.3421850000000E+005
     380    1.0343300000000E+005    1.3430200000000E+005
     381    1.0350650000000E+005    1.3441350000000E+005
     382    1.0360200000000E+005    1.3456050000000E+005
     383    1.0364850000000E+005    1.3461850000000E+005
     384    1.0367750000000E+005    1.3464650000000E+005
     385    1.0381900000000E+005    1.3483100000000E+005
     386    1.0391300000000E+005    1.3496000000000E+005
     387    1.0400100000000E+005    1.3509400000000E+005
     388    1.0405700000000E+005    1.3515600000000E+005
     389    1.0409600000000E+005    1.3520050000000E+005
     390    1.0413500000000E+005    1.3525800000000E+005
     391    1.0416000000000E+005    1.3528700000000E+005
     392    1.0426700000000E+005    1.3544850000000E+005
     393    1.0436950000000E+005    1.3556350000000E+005
     394    1.0447350000000E+005    1.3567700000000E+005
     395    1.0457450000000E+005    1.3580650000000E+005
     396    1.0464750000000E+005    1.3589650000000E+005
     397    1.0468500000000E+005    1.3593850000000E+005
     398    1.0470800000000E+005    1.3596350000000E+005
     399    1.0483100000000E+005    1.3610700000000E+005
     400    1.0495600000000E+005    1.3624750000000E+005
     401    1.0503050000000E+005    1.3633550000000E+005
     402    1.0511900000000E+005    1.3644200000000E+005
     403    1.0518450000000E+005    1.3653850000000E+005
     404    1.0521250000000E+005    1.3658150000000E+005
     405    1.0522500000000E+005    1.3659950000000E+005
     406    1.0531550000000E+005    1.3668800000000E+005
     407    1.0539600000000E+005    1.3677950000000E+005
     408    1.0544900000000E+005    1.3685400000000E+005
     409    1.0551100000000E+005    1.3693050000000E+005
     410    1.0560350000000E+005    1.3704650000000E+005
     411    1.0564600000000E+005    1.3709400000000E+005
     412    1.0566650000000E+005    1.3712450000000E+005
     413    1.0574950000000E+005    1.3722300000000E+005
     414    1.0582050000000E+005    1.3730900000000E+005
     415    1.0589450000000E+005    1.3740150000000E+005
     416    1.0596300000000E+005    1.3747750000000E+005
     417    1.0602000000000E+005    1.3755000000000E+005
     418    1.0603950000000E+005    1.3757600000000E+005
     419    1.0605950000000E+005    1.3760400000000E+005
     420    1.0615600000000E+005    1.3771500000000E+005
     421    1.0624200000000E+005    1.3780800000000E+005
     422    1.0633500000000E+005    1.3791750000000E+005
     423    1.0640300000000E+005    1.3800450000000E+005
     424    1.0650300000000E+005    1.3811750000000E+005
     425    1.0654350000000E+005    1.3817100000000E+005
     426    1.0657750000000E+005    1.3819450000000E+005
     427    1.0663850000000E+005    1.3826400000000E+005
     428    1.0672950000000E+005    1.3838400000000E+005
     429    1.0679850000000E+005    1.3849300000000E+005
     430    1.0687150000000E+005    1.3858700000000E+005
     431    1.0697300000000E+005    1.3868450000000E+005
     432    1.0702300000000E+005    1.3874400000000E+005
     433    1.0703900000000E+005    1.3877050000000E+005
     434    1.0714300000000E+005    1.3891350000000E+005
     435    1.0721750000000E+005    1.3902050000000E+005
     436    1.0729700000000E+005    1.3913250000000E+005
     437    1.0739050000000E+005    1.3925450000000E+005
     438    1.0750500000000E+005    1.3940950000000E+005
     439    1.0753500000000E+005    1.3945100000000E+005
     440    1.0756150000000E+005    1.3948150000000E+005
     441    1.0769000000000E+005    1.3966250000000E+005
     442    1.0780850000000E+005    1.3983000000000E+005
     443    1.0787950000000E+005    1.3993250000000E+005
     444    1.0799600000000E+005    1.4008450000000E+005
     445    1.0808250000000E+005    1.4021600000000E+005
     446    1.0811750000000E+005    1.4026900000000E+005
     447    1.0814550000000E+005    1.4030650000000E+005
     448    1.0825250000000E+005    1.4046900000000E+005
     449    1.0832050000000E+005    1.4060350000000E+005
     450    1.0839700000000E+005    1.4071200000000E+005
     451    1.0849800000000E+005    1.4084000000000E+005
     452    1.0861700000000E+005    1.4098650000000E+005
     453    1.0865400000000E+005    1.4104600000000E+005
     454    1.0868900000000E+005    1.4108500000000E+005
     455    1.0883100000000E+005    1.4127250000000E+005
     456    1.0893850000000E+005    1.4143100000000E+005
     457    1.0903050000000E+005    1.4155050000000E+005
     458    1.0914950000000E+005    1.4170850000000E+005
     459    1.0926100000000E+005    1.4185300000000E+005
     460    1.0929650000000E+005    1.4190100000000E+005
     461    1.0931900000000E+005    1.4193250000000E+005
     462    1.0945400000000E+005    1.4209500000000E+005
     463    1.0957100000000E+005    1.4223950000000E+005
     464    1.0972150000000E+005    1.4241100000000E+005
     465    1.0984500000000E+005    1.4255100000000E+005
     466    1.0994250000000E+005    1.4267250000000E+005
     467    1.0999750000000E+005    1.4274250000000E+005
     468    1.1002700000000E+005    1.4278900000000E+005
     469    1.1021200000000E+005    1.4300500000000E+005
     470    1.1032700000000E+005    1.4317200000000E+005
     471    1.1051550000000E+005    1.4340100000000E+005
     472    1.1065000000000E+005    1.4361200000000E+005
     473    1.1078700000000E+005    1.4379850000000E+005
     474    1.1085600000000E+005    1.4389650000000E+005
     475    1.1090350000000E+005    1.4395400000000E+005
     476    1.1112350000000E+005    1.4425600000000E+005
     477    1.1130550000000E+005    1.4449950000000E+005
     478    1.1151900000000E+005    1.4477300000000E+005
     479    1.1173250000000E+005    1.4506600000000E+005
     480    1.1194500000000E+005    1.4533500000000E+005
     481    1.1207000000000E+005    1.4549800000000E+005
     482    1.1214150000000E+005    1.4557850000000E+005
     483    1.1249450000000E+005    1.4598400000000E+005
     484    1.1280900000000E+005    1.4638550000000E+005
     485    1.1314000000000E+005    1.4683750000000E+005
     486    1.1347400000000E+005    1.4722400000000E+005
     487    1.1387500000000E+005    1.4771550000000E+005
     488    1.1405100000000E+005    1.4792000000000E+005
     489    1.1414650000000E+005    1.4802400000000E+005
     490    1.1471950000000E+005    1.4876150000000E+005
     491    1.1522050000000E+005    1.4944000000000E+005
     492    1.1584650000000E+005    1.5027200000000E+005
     493    1.1642800000000E+005    1.5103450000000E+005
     494    1.1706300000000E+005    1.5184250000000E+005
     495    1.1732600000000E+005    1.5217150000000E+005
     496    1.1755400000000E+005    1.5240050000000E+005
     497    1.1843400000000E+005    1.5332850000000E+005
     498    1.1919650000000E+005    1.5440100000000E+005
     499    1.1995300000000E+005    1.5548400000000E+005
     500    1.2081900000000E+005    1.5656750000000E+005
     501    1.2170800000000E+005    1.5781050000000E+005
     502    1.2208500000000E+005    1.5833600000000E+005
     503    1.2237800000000E+005    1.5871600000000E+005
     504    1.2352000000000E+005    1.6008350000000E+005
     505    1.2469650000000E+005    1.6161900000000E+005
     506    1.2585950000000E+005    1.6317300000000E+005
     507    1.2689200000000E+005    1.6459850000000E+005
     508    1.2810550000000E+005    1.6622450000000E+005
     509    1.2855750000000E+005    1.6687400000000E+005
     510    1.2894800000000E+005    1.6742850000000E+005
     511    1.3050500000000E+005    1.6945200000000E+005
     512    1.3181600000000E+005    1.7134800000000E+005
     513    1.3308500000000E+005    1.7295150000000E+005
     514    1.3448100000000E+005    1.7481050000000E+005
     515    1.3581000000000E+005    1.7674000000000E+005
     516    1.3629900000000E+005    1.7736850000000E+005
     517    1.3670300000000E+005    1.7787450000000E+005
     518    1.3837000000000E+005    1.8010900000000E+005
     519    1.4010000000000E+005    1.8228900000000E+005
     520    1.4010000000000E+005    1.8228900000000E+005
     521    1.4010000000000E+005    1.8228900000000E+005
     522    1.4010000000000E+005    1.8228900000000E+005
     523    1.4010000000000E+005    1.8228900000000E+005
     524    1.4010000000000E+005    1.8228900000000E+005
     525    1.4010000000000E+005    1.8228900000000E+005
     526    1.4010000000000E+005    1.8228900000000E+005
     527    1.4010000000000E+005    1.8228900000000E+005
     528    1.4010000000000E+005    1.8228900000000E+005
     529    1.4010000000000E+005    1.8228900000000E+005
     530    1.4010000000000E+005    1.8228900000000E+005
     531    1.4010000000000E+005    1.8228900000000E+005
     532    1.4010000000000E+005    1.8228900000000E+005
     533    1.4010000000000E+005    1.8228900000000E+005
     534    1.4010000000000E+005    1.8228900000000E+005
     535    1.4010000000000E+005    1.8228900000000E+005
     536    1.4010000000000E+005    1.8228900000000E+005
     537    1.4010000000000E+005    1.8228900000000E+005
     538    1.4010000000000E+005    1.8228900000000E+005
     539    1.4010000000000E+005    1.8228900000000E+005
     540    1.4010000000000E+005    1.8228900000000E+005
