       1    4.0000000000000E+000    4.0000000000000E+000
       2    4.0000000000000E+000    4.0000000000000E+000
       3    4.0000000000000E+000    4.0000000000000E+000
       4    4.0000000000000E+000    4.0000000000000E+000
       5    4.0000000000000E+000    4.0000000000000E+000
       6    4.0000000000000E+000    6.0000000000000E+000
       7    5.0000000000000E+000    7.0000000000000E+000
       8    6.0000000000000E+000    9.0000000000000E+000
       9    7.0000000000000E+000    1.0000000000000E+001
      10    8.0000000000000E+000    1.1000000000000E+001
      11    9.0000000000000E+000    1.3000000000000E+001
      12    1.1000000000000E+001    1.5000000000000E+001
      13    1.2000000000000E+001    1.8000000000000E+001
      14    1.4000000000000E+001    2.0000000000000E+001
      15    1.6000000000000E+001    2.4000000000000E+001
      16    1.9000000000000E+001    2.7000000000000E+001
      17    2.2000000000000E+001    3.2000000000000E+001
      18    2.5000000000000E+001    3.7000000000000E+001
      19    2.9000000000000E+001    4.3000000000000E+001
      20    3.4000000000000E+001    5.0000000000000E+001
      21    3.9000000000000E+001    5.8000000000000E+001
      22    4.5000000000000E+001    6.7000000000000E+001
      23    5.1000000000000E+001    7.6000000000000E+001
      24    5.8000000000000E+001    8.7000000000000E+001
      25    6.6000000000000E+001    1.0000000000000E+002
      26    7.6000000000000E+001    1.1400000000000E+002
      27    8.7000000000000E+001    1.3100000000000E+002
      28    9.9000000000000E+001    1.5000000000000E+002
      29    1.1300000000000E+002    1.7200000000000E+002
      30    1.2900000000000E+002    1.9600000000000E+002
      31    1.4800000000000E+002    2.2500000000000E+002
      32    1.6900000000000E+002    2.5750000000000E+002
      33    1.9300000000000E+002    2.9500000000000E+002
      34    2.2000000000000E+002    3.3700000000000E+002
      35    2.4500000000000E+002    3.7600000000000E+002
      36    2.6450000000000E+002    4.0700000000000E+002
      37    2.7900000000000E+002    4.2900000000000E+002
      38    2.9500000000000E+002    4.5500000000000E+002
      39    3.1400000000000E+002    4.8300000000000E+002
      40    3.3400000000000E+002    5.1600000000000E+002
      41    3.5600000000000E+002    5.5100000000000E+002
      42    3.7800000000000E+002    5.8600000000000E+002
      43    4.0200000000000E+002    6.2200000000000E+002
      44    4.2700000000000E+002    6.6050000000000E+002
      45    4.5300000000000E+002    7.0100000000000E+002
      46    4.8000000000000E+002    7.4300000000000E+002
      47    5.0800000000000E+002    7.8600000000000E+002
      48    5.3500000000000E+002    8.3100000000000E+002
      49    5.6550000000000E+002    8.7800000000000E+002
      50    5.9500000000000E+002    9.2500000000000E+002
      51    6.2700000000000E+002    9.7400000000000E+002
      52    6.5900000000000E+002    1.0240000000000E+003
      53    6.9000000000000E+002    1.0730000000000E+003
      54    7.2150000000000E+002    1.1240000000000E+003
      55    7.5600000000000E+002    1.1750000000000E+003
      56    7.8950000000000E+002    1.2270000000000E+003
      57    8.2500000000000E+002    1.2850000000000E+003
      58    8.6400000000000E+002    1.3440000000000E+003
      59    9.0150000000000E+002    1.4040000000000E+003
      60    9.4100000000000E+002    1.4660000000000E+003
      61    9.8100000000000E+002    1.5300000000000E+003
      62    1.0255000000000E+003    1.5980000000000E+003
      63    1.0680000000000E+003    1.6680000000000E+003
      64    1.1140000000000E+003    1.7390000000000E+003
      65    1.1610000000000E+003    1.8110000000000E+003
      66    1.2095000000000E+003    1.8840000000000E+003
      67    1.2580000000000E+003    1.9600000000000E+003
      68    1.3065000000000E+003    2.0400000000000E+003
      69    1.3600000000000E+003    2.1220000000000E+003
      70    1.4095000000000E+003    2.2030000000000E+003
      71    1.4665000000000E+003    2.2900000000000E+003
      72    1.5210000000000E+003    2.3800000000000E+003
      73    1.5805000000000E+003    2.4700000000000E+003
      74    1.6400000000000E+003    2.5680000000000E+003
      75    1.7010000000000E+003    2.6660000000000E+003
      76    1.7650000000000E+003    2.7670000000000E+003
      77    1.8320000000000E+003    2.8690000000000E+003
      78    1.9005000000000E+003    2.9730000000000E+003
      79    1.9715000000000E+003    3.0820000000000E+003
      80    2.0420000000000E+003    3.1965000000000E+003
      81    2.1140000000000E+003    3.3145000000000E+003
      82    2.1920000000000E+003    3.4340000000000E+003
      83    2.2700000000000E+003    3.5570000000000E+003
      84    2.3500000000000E+003    3.6810000000000E+003
      85    2.4320000000000E+003    3.8140000000000E+003
      86    2.5170000000000E+003    3.9510000000000E+003
      87    2.6040000000000E+003    4.0880000000000E+003
      88    2.6970000000000E+003    4.2325000000000E+003
      89    2.7935000000000E+003    4.3785000000000E+003
      90    2.8890000000000E+003    4.5335000000000E+003
      91    2.9875000000000E+003    4.6935000000000E+003
      92    3.0910000000000E+003    4.8560000000000E+003
      93    3.2000000000000E+003    5.0230000000000E+003
      94    3.3105000000000E+003    5.2000000000000E+003
      95    3.4240000000000E+003    5.3800000000000E+003
      96    3.5480000000000E+003    5.5695000000000E+003
      97    3.6710000000000E+003    5.7605000000000E+003
      98    3.8005000000000E+003    5.9680000000000E+003
      99    3.9325000000000E+003    6.2880000000000E+003
     100    4.0635000000000E+003    6.6050000000000E+003
     101    4.2070000000000E+003    6.7570000000000E+003
     102    4.3500000000000E+003    7.1995000000000E+003
     103    4.4985000000000E+003    7.5195000000000E+003
     104    4.6540000000000E+003    7.7820000000000E+003
     105    4.8155000000000E+003    8.1050000000000E+003
     106    4.9795000000000E+003    8.3885000000000E+003
     107    5.1590000000000E+003    8.6275000000000E+003
     108    5.3355000000000E+003    8.7715000000000E+003
     109    5.5205000000000E+003    9.1770000000000E+003
     110    5.7125000000000E+003    9.6110000000000E+003
     111    5.9175000000000E+003    1.0023500000000E+004
     112    6.1270000000000E+003    1.0437000000000E+004
     113    6.3665000000000E+003    1.0874500000000E+004
     114    6.5230000000000E+003    1.1150000000000E+004
     115    6.6470000000000E+003    1.1403500000000E+004
     116    6.9395000000000E+003    1.1967500000000E+004
     117    7.2180000000000E+003    1.2528000000000E+004
     118    7.5315000000000E+003    1.3123500000000E+004
     119    7.7965000000000E+003    1.3598000000000E+004
     120    8.0525000000000E+003    1.4073500000000E+004
     121    8.2310000000000E+003    1.4401000000000E+004
     122    8.3895000000000E+003    1.4670500000000E+004
     123    8.7740000000000E+003    1.5380000000000E+004
     124    9.1470000000000E+003    1.6059000000000E+004
     125    9.4815000000000E+003    1.6670500000000E+004
     126    9.8360000000000E+003    1.7317500000000E+004
     127    1.0159500000000E+004    1.7949000000000E+004
     128    1.0388500000000E+004    1.8399500000000E+004
     129    1.0559000000000E+004    1.8744500000000E+004
     130    1.0982000000000E+004    1.9542500000000E+004
     131    1.1420500000000E+004    2.0339500000000E+004
     132    1.1837000000000E+004    2.1143000000000E+004
     133    1.2251500000000E+004    2.1887500000000E+004
     134    1.2629000000000E+004    2.2596500000000E+004
     135    1.2804000000000E+004    2.2946500000000E+004
     136    1.2949000000000E+004    2.3212000000000E+004
     137    1.3356500000000E+004    2.3978000000000E+004
     138    1.3774000000000E+004    2.4761500000000E+004
     139    1.4150500000000E+004    2.5471000000000E+004
     140    1.4605500000000E+004    2.6301000000000E+004
     141    1.5000500000000E+004    2.7012500000000E+004
     142    1.5195500000000E+004    2.7404500000000E+004
     143    1.5293500000000E+004    2.7572500000000E+004
     144    1.5458000000000E+004    2.7872500000000E+004
     145    1.5724000000000E+004    2.8342000000000E+004
     146    1.5934000000000E+004    2.8733500000000E+004
     147    1.6188000000000E+004    2.9219000000000E+004
     148    1.6427500000000E+004    2.9697500000000E+004
     149    1.6525500000000E+004    2.9876500000000E+004
     150    1.6601000000000E+004    3.0009000000000E+004
     151    1.6865000000000E+004    3.0519500000000E+004
     152    1.7164500000000E+004    3.1082000000000E+004
     153    1.7447500000000E+004    3.1612500000000E+004
     154    1.7702000000000E+004    3.2077000000000E+004
     155    1.7991000000000E+004    3.2615500000000E+004
     156    1.8140500000000E+004    3.2908500000000E+004
     157    1.8269000000000E+004    3.3120000000000E+004
     158    1.8548000000000E+004    3.3633000000000E+004
     159    1.8821500000000E+004    3.4115500000000E+004
     160    1.9082000000000E+004    3.4626500000000E+004
     161    1.9384000000000E+004    3.5173000000000E+004
     162    1.9628500000000E+004    3.5653500000000E+004
     163    1.9775500000000E+004    3.5926500000000E+004
     164    1.9886500000000E+004    3.6132000000000E+004
     165    2.0172000000000E+004    3.6714500000000E+004
     166    2.0463000000000E+004    3.7237500000000E+004
     167    2.0775000000000E+004    3.7804500000000E+004
     168    2.1046500000000E+004    3.8317000000000E+004
     169    2.1289500000000E+004    3.8755500000000E+004
     170    2.1453000000000E+004    3.9070500000000E+004
     171    2.1550500000000E+004    3.9265000000000E+004
     172    2.1856500000000E+004    3.9818500000000E+004
     173    2.2268000000000E+004    4.0502500000000E+004
     174    2.2636000000000E+004    4.1215500000000E+004
     175    2.3018000000000E+004    4.1927000000000E+004
     176    2.3360500000000E+004    4.2554500000000E+004
     177    2.3538000000000E+004    4.2894500000000E+004
     178    2.3652500000000E+004    4.3131500000000E+004
     179    2.3969000000000E+004    4.3670000000000E+004
     180    2.4313000000000E+004    4.4338500000000E+004
     181    2.4639000000000E+004    4.4943500000000E+004
     182    2.4961000000000E+004    4.5549000000000E+004
     183    2.5264500000000E+004    4.6104500000000E+004
     184    2.5396500000000E+004    4.6344500000000E+004
     185    2.5484500000000E+004    4.6510000000000E+004
     186    2.5809000000000E+004    4.7069500000000E+004
     187    2.6191000000000E+004    4.7767500000000E+004
     188    2.6521500000000E+004    4.8367500000000E+004
     189    2.6756500000000E+004    4.8820500000000E+004
     190    2.6997500000000E+004    4.9274000000000E+004
     191    2.7136000000000E+004    4.9496500000000E+004
     192    2.7224500000000E+004    4.9671000000000E+004
     193    2.7574000000000E+004    5.0291000000000E+004
     194    2.7790500000000E+004    5.0675000000000E+004
     195    2.7944000000000E+004    5.0950500000000E+004
     196    2.8332500000000E+004    5.1649500000000E+004
     197    2.8655500000000E+004    5.2206500000000E+004
     198    2.8814500000000E+004    5.2492000000000E+004
     199    2.8932500000000E+004    5.2704000000000E+004
     200    2.9313000000000E+004    5.3401000000000E+004
     201    2.9682000000000E+004    5.4100000000000E+004
     202    3.0006000000000E+004    5.4695500000000E+004
     203    3.0335000000000E+004    5.5278000000000E+004
     204    3.0635500000000E+004    5.5803000000000E+004
     205    3.0783000000000E+004    5.6075000000000E+004
     206    3.0891000000000E+004    5.6277500000000E+004
     207    3.1305500000000E+004    5.7029500000000E+004
     208    3.1648500000000E+004    5.7642500000000E+004
     209    3.1914000000000E+004    5.8106000000000E+004
     210    3.2187000000000E+004    5.8596500000000E+004
     211    3.2444500000000E+004    5.9072000000000E+004
     212    3.2604000000000E+004    5.9373500000000E+004
     213    3.2715000000000E+004    5.9551500000000E+004
     214    3.3116000000000E+004    6.0264000000000E+004
     215    3.3505000000000E+004    6.0934500000000E+004
     216    3.3916000000000E+004    6.1658500000000E+004
     217    3.4249500000000E+004    6.2297500000000E+004
     218    3.4599000000000E+004    6.2915500000000E+004
     219    3.4802500000000E+004    6.3281000000000E+004
     220    3.4945500000000E+004    6.3528000000000E+004
     221    3.5431500000000E+004    6.4382000000000E+004
     222    3.5850000000000E+004    6.5100000000000E+004
     223    3.6198000000000E+004    6.5733000000000E+004
     224    3.6550500000000E+004    6.6361000000000E+004
     225    3.6922500000000E+004    6.7029000000000E+004
     226    3.7146000000000E+004    6.7379000000000E+004
     227    3.7271000000000E+004    6.7603000000000E+004
     228    3.7658000000000E+004    6.8285000000000E+004
     229    3.8031500000000E+004    6.8926500000000E+004
     230    3.8431000000000E+004    6.9586500000000E+004
     231    3.8744000000000E+004    7.0129500000000E+004
     232    3.9099500000000E+004    7.0754500000000E+004
     233    3.9272500000000E+004    7.1090000000000E+004
     234    3.9409000000000E+004    7.1309500000000E+004
     235    3.9771000000000E+004    7.1961500000000E+004
     236    4.0114000000000E+004    7.2557500000000E+004
     237    4.0417500000000E+004    7.3111500000000E+004
     238    4.0749000000000E+004    7.3698500000000E+004
     239    4.1061500000000E+004    7.4276000000000E+004
     240    4.1218500000000E+004    7.4542500000000E+004
     241    4.1333500000000E+004    7.4754000000000E+004
     242    4.1671500000000E+004    7.5354500000000E+004
     243    4.2058500000000E+004    7.6017500000000E+004
     244    4.2428500000000E+004    7.6662500000000E+004
     245    4.2827000000000E+004    7.7360000000000E+004
     246    4.3385000000000E+004    7.8305000000000E+004
     247    4.3648500000000E+004    7.8812500000000E+004
     248    4.3860500000000E+004    7.9154500000000E+004
     249    4.4333000000000E+004    8.0018000000000E+004
     250    4.4848000000000E+004    8.0914500000000E+004
     251    4.5252000000000E+004    8.1635500000000E+004
     252    4.5678500000000E+004    8.2378000000000E+004
     253    4.6097000000000E+004    8.3159000000000E+004
     254    4.6346500000000E+004    8.3584000000000E+004
     255    4.6535000000000E+004    8.3921500000000E+004
     256    4.6723000000000E+004    8.4262500000000E+004
     257    4.7136500000000E+004    8.4974000000000E+004
     258    4.7497500000000E+004    8.5605000000000E+004
     259    4.7896500000000E+004    8.6269000000000E+004
     260    4.8292500000000E+004    8.6978000000000E+004
     261    4.8501500000000E+004    8.7316000000000E+004
     262    4.8629000000000E+004    8.7536500000000E+004
     263    4.8994500000000E+004    8.8154000000000E+004
     264    4.9328500000000E+004    8.8690000000000E+004
     265    4.9689500000000E+004    8.9288000000000E+004
     266    5.0061000000000E+004    8.9897500000000E+004
     267    5.0387500000000E+004    9.0478500000000E+004
     268    5.0614500000000E+004    9.0848500000000E+004
     269    5.0715500000000E+004    9.1041000000000E+004
     270    5.1087500000000E+004    9.1691500000000E+004
     271    5.1419000000000E+004    9.2282000000000E+004
     272    5.1708500000000E+004    9.2744500000000E+004
     273    5.1974500000000E+004    9.3237500000000E+004
     274    5.2232000000000E+004    9.3666500000000E+004
     275    5.2382500000000E+004    9.3930500000000E+004
     276    5.2468000000000E+004    9.4065000000000E+004
     277    5.2789500000000E+004    9.4648000000000E+004
     278    5.3215000000000E+004    9.5352000000000E+004
     279    5.3620500000000E+004    9.6003500000000E+004
     280    5.3985500000000E+004    9.6646500000000E+004
     281    5.4405000000000E+004    9.7320500000000E+004
     282    5.4658000000000E+004    9.7719500000000E+004
     283    5.4818000000000E+004    9.8002000000000E+004
     284    5.5298500000000E+004    9.8760000000000E+004
     285    5.5760000000000E+004    9.9526000000000E+004
     286    5.6176500000000E+004    1.0020650000000E+005
     287    5.6547000000000E+004    1.0080450000000E+005
     288    5.6863000000000E+004    1.0128850000000E+005
     289    5.7060500000000E+004    1.0158050000000E+005
     290    5.7206500000000E+004    1.0184250000000E+005
     291    5.7678500000000E+004    1.0258800000000E+005
     292    5.8137500000000E+004    1.0333900000000E+005
     293    5.8498500000000E+004    1.0395050000000E+005
     294    5.8807500000000E+004    1.0451200000000E+005
     295    5.8923000000000E+004    1.0473950000000E+005
     296    5.9159500000000E+004    1.0512300000000E+005
     297    5.9346000000000E+004    1.0544800000000E+005
     298    5.9862500000000E+004    1.0631300000000E+005
     299    6.0412500000000E+004    1.0728250000000E+005
     300    6.0902500000000E+004    1.0815850000000E+005
     301    6.1366000000000E+004    1.0896150000000E+005
     302    6.1461500000000E+004    1.0914350000000E+005
     303    6.1795000000000E+004    1.0978300000000E+005
     304    6.2044500000000E+004    1.1022100000000E+005
     305    6.2742000000000E+004    1.1139300000000E+005
     306    6.3483000000000E+004    1.1271200000000E+005
     307    6.4137500000000E+004    1.1380750000000E+005
     308    6.4854500000000E+004    1.1499500000000E+005
     309    6.5523000000000E+004    1.1625450000000E+005
     310    6.5858500000000E+004    1.1684450000000E+005
     311    6.6059000000000E+004    1.1720000000000E+005
     312    6.6679500000000E+004    1.1826000000000E+005
     313    6.7324500000000E+004    1.1939100000000E+005
     314    6.7859500000000E+004    1.2030800000000E+005
     315    6.8452500000000E+004    1.2123650000000E+005
     316    6.9163500000000E+004    1.2237750000000E+005
     317    6.9465500000000E+004    1.2286150000000E+005
     318    6.9682000000000E+004    1.2321300000000E+005
     319    7.0318000000000E+004    1.2425450000000E+005
     320    7.1016000000000E+004    1.2536300000000E+005
     321    7.1658500000000E+004    1.2640700000000E+005
     322    7.2217000000000E+004    1.2734250000000E+005
     323    7.2822000000000E+004    1.2834950000000E+005
     324    7.3102000000000E+004    1.2881050000000E+005
     325    7.3265000000000E+004    1.2910650000000E+005
     326    7.3859500000000E+004    1.3005050000000E+005
     327    7.4466000000000E+004    1.3103350000000E+005
     328    7.5011500000000E+004    1.3190050000000E+005
     329    7.5518500000000E+004    1.3269200000000E+005
     330    7.5904500000000E+004    1.3329950000000E+005
     331    7.6142000000000E+004    1.3368950000000E+005
     332    7.6242000000000E+004    1.3388200000000E+005
     333    7.6391500000000E+004    1.3410250000000E+005
     334    7.6738000000000E+004    1.3468100000000E+005
     335    7.7118000000000E+004    1.3525850000000E+005
     336    7.7441500000000E+004    1.3579350000000E+005
     337    7.7721000000000E+004    1.3621800000000E+005
     338    7.7853000000000E+004    1.3641250000000E+005
     339    7.7920000000000E+004    1.3653100000000E+005
     340    7.8221000000000E+004    1.3704250000000E+005
     341    7.8453000000000E+004    1.3748650000000E+005
     342    7.8713500000000E+004    1.3792800000000E+005
     343    7.8889000000000E+004    1.3821150000000E+005
     344    7.9085500000000E+004    1.3850100000000E+005
     345    7.9154000000000E+004    1.3859750000000E+005
     346    7.9194500000000E+004    1.3865100000000E+005
     347    7.9317000000000E+004    1.3885100000000E+005
     348    7.9458000000000E+004    1.3905250000000E+005
     349    7.9603500000000E+004    1.3926850000000E+005
     350    7.9734000000000E+004    1.3944600000000E+005
     351    7.9871000000000E+004    1.3965750000000E+005
     352    7.9943000000000E+004    1.3976600000000E+005
     353    8.0007000000000E+004    1.3986100000000E+005
     354    8.0173500000000E+004    1.4012400000000E+005
     355    8.0333000000000E+004    1.4037700000000E+005
     356    8.0470000000000E+004    1.4059000000000E+005
     357    8.0626000000000E+004    1.4080800000000E+005
     358    8.0745000000000E+004    1.4100600000000E+005
     359    8.0799000000000E+004    1.4110000000000E+005
     360    8.0851500000000E+004    1.4115650000000E+005
     361    8.1011500000000E+004    1.4137850000000E+005
     362    8.1128500000000E+004    1.4157050000000E+005
     363    8.1227000000000E+004    1.4172350000000E+005
     364    8.1329000000000E+004    1.4187750000000E+005
     365    8.1435000000000E+004    1.4202400000000E+005
     366    8.1489500000000E+004    1.4209700000000E+005
     367    8.1527000000000E+004    1.4216200000000E+005
     368    8.1654500000000E+004    1.4233100000000E+005
     369    8.1759000000000E+004    1.4246650000000E+005
     370    8.1853500000000E+004    1.4260000000000E+005
     371    8.1970500000000E+004    1.4273800000000E+005
     372    8.2048500000000E+004    1.4285550000000E+005
     373    8.2090000000000E+004    1.4290950000000E+005
     374    8.2115000000000E+004    1.4294200000000E+005
     375    8.2160500000000E+004    1.4300550000000E+005
     376    8.2283500000000E+004    1.4317300000000E+005
     377    8.2371500000000E+004    1.4327800000000E+005
     378    8.2440000000000E+004    1.4336550000000E+005
     379    8.2496500000000E+004    1.4344900000000E+005
     380    8.2525500000000E+004    1.4348950000000E+005
     381    8.2538000000000E+004    1.4351700000000E+005
     382    8.2610000000000E+004    1.4360600000000E+005
     383    8.2666500000000E+004    1.4370850000000E+005
     384    8.2712000000000E+004    1.4377850000000E+005
     385    8.2755500000000E+004    1.4385200000000E+005
     386    8.2819500000000E+004    1.4395250000000E+005
     387    8.2843000000000E+004    1.4398900000000E+005
     388    8.2860500000000E+004    1.4401450000000E+005
     389    8.2943500000000E+004    1.4413500000000E+005
     390    8.3006500000000E+004    1.4422100000000E+005
     391    8.3073000000000E+004    1.4430850000000E+005
     392    8.3102500000000E+004    1.4435650000000E+005
     393    8.3123000000000E+004    1.4438950000000E+005
     394    8.3149500000000E+004    1.4442750000000E+005
     395    8.3165500000000E+004    1.4444250000000E+005
     396    8.3244000000000E+004    1.4455350000000E+005
     397    8.3293500000000E+004    1.4462600000000E+005
     398    8.3353500000000E+004    1.4470950000000E+005
     399    8.3428000000000E+004    1.4480150000000E+005
     400    8.3469500000000E+004    1.4486300000000E+005
     401    8.3489000000000E+004    1.4489100000000E+005
     402    8.3508500000000E+004    1.4490900000000E+005
     403    8.3570000000000E+004    1.4499650000000E+005
     404    8.3627500000000E+004    1.4507000000000E+005
     405    8.3666000000000E+004    1.4513050000000E+005
     406    8.3721000000000E+004    1.4519350000000E+005
     407    8.3766000000000E+004    1.4526100000000E+005
     408    8.3784000000000E+004    1.4528850000000E+005
     409    8.3790500000000E+004    1.4529750000000E+005
     410    8.3831500000000E+004    1.4535750000000E+005
     411    8.3877000000000E+004    1.4542650000000E+005
     412    8.3911000000000E+004    1.4547150000000E+005
     413    8.3947500000000E+004    1.4552600000000E+005
     414    8.4002500000000E+004    1.4560150000000E+005
     415    8.4031000000000E+004    1.4562800000000E+005
     416    8.4044500000000E+004    1.4564800000000E+005
     417    8.4104000000000E+004    1.4571050000000E+005
     418    8.4156500000000E+004    1.4577050000000E+005
     419    8.4200500000000E+004    1.4582300000000E+005
     420    8.4244000000000E+004    1.4588050000000E+005
     421    8.4286000000000E+004    1.4592400000000E+005
     422    8.4299000000000E+004    1.4593850000000E+005
     423    8.4314500000000E+004    1.4595900000000E+005
     424    8.4375500000000E+004    1.4602150000000E+005
     425    8.4436000000000E+004    1.4607500000000E+005
     426    8.4492000000000E+004    1.4614250000000E+005
     427    8.4529000000000E+004    1.4619700000000E+005
     428    8.4580500000000E+004    1.4626450000000E+005
     429    8.4619500000000E+004    1.4629550000000E+005
     430    8.4638000000000E+004    1.4631350000000E+005
     431    8.4663500000000E+004    1.4635850000000E+005
     432    8.4704000000000E+004    1.4641500000000E+005
     433    8.4739500000000E+004    1.4647250000000E+005
     434    8.4774000000000E+004    1.4651900000000E+005
     435    8.4825000000000E+004    1.4659150000000E+005
     436    8.4856500000000E+004    1.4662150000000E+005
     437    8.4865000000000E+004    1.4663600000000E+005
     438    8.4938500000000E+004    1.4671400000000E+005
     439    8.4983000000000E+004    1.4676850000000E+005
     440    8.5022000000000E+004    1.4682600000000E+005
     441    8.5083500000000E+004    1.4689000000000E+005
     442    8.5158000000000E+004    1.4697200000000E+005
     443    8.5180000000000E+004    1.4699000000000E+005
     444    8.5198500000000E+004    1.4700550000000E+005
     445    8.5264000000000E+004    1.4710950000000E+005
     446    8.5326000000000E+004    1.4719400000000E+005
     447    8.5360500000000E+004    1.4725400000000E+005
     448    8.5427000000000E+004    1.4733850000000E+005
     449    8.5479500000000E+004    1.4739600000000E+005
     450    8.5496000000000E+004    1.4742850000000E+005
     451    8.5516500000000E+004    1.4744600000000E+005
     452    8.5573000000000E+004    1.4752600000000E+005
     453    8.5623500000000E+004    1.4758700000000E+005
     454    8.5671000000000E+004    1.4764500000000E+005
     455    8.5731500000000E+004    1.4772650000000E+005
     456    8.5796000000000E+004    1.4781300000000E+005
     457    8.5832000000000E+004    1.4784550000000E+005
     458    8.5848500000000E+004    1.4787550000000E+005
     459    8.5932500000000E+004    1.4796700000000E+005
     460    8.5989000000000E+004    1.4805550000000E+005
     461    8.6036000000000E+004    1.4812350000000E+005
     462    8.6100000000000E+004    1.4820550000000E+005
     463    8.6152500000000E+004    1.4827650000000E+005
     464    8.6171000000000E+004    1.4829800000000E+005
     465    8.6184500000000E+004    1.4831400000000E+005
     466    8.6251500000000E+004    1.4840550000000E+005
     467    8.6318500000000E+004    1.4849400000000E+005
     468    8.6373500000000E+004    1.4857400000000E+005
     469    8.6421500000000E+004    1.4864900000000E+005
     470    8.6472500000000E+004    1.4872500000000E+005
     471    8.6501000000000E+004    1.4876000000000E+005
     472    8.6520000000000E+004    1.4878550000000E+005
     473    8.6613500000000E+004    1.4889200000000E+005
     474    8.6675500000000E+004    1.4896400000000E+005
     475    8.6763000000000E+004    1.4906200000000E+005
     476    8.6843000000000E+004    1.4915850000000E+005
     477    8.6929500000000E+004    1.4925100000000E+005
     478    8.6955500000000E+004    1.4929950000000E+005
     479    8.6980500000000E+004    1.4932700000000E+005
     480    8.7097000000000E+004    1.4948250000000E+005
     481    8.7203000000000E+004    1.4961850000000E+005
     482    8.7331500000000E+004    1.4973200000000E+005
     483    8.7447000000000E+004    1.4988150000000E+005
     484    8.7559500000000E+004    1.5002250000000E+005
     485    8.7630500000000E+004    1.5010500000000E+005
     486    8.7666000000000E+004    1.5014450000000E+005
     487    8.7824500000000E+004    1.5037500000000E+005
     488    8.7996000000000E+004    1.5054850000000E+005
     489    8.8151500000000E+004    1.5074200000000E+005
     490    8.8316000000000E+004    1.5092550000000E+005
     491    8.8496000000000E+004    1.5115350000000E+005
     492    8.8582500000000E+004    1.5125650000000E+005
     493    8.8625000000000E+004    1.5131850000000E+005
     494    8.8896000000000E+004    1.5168750000000E+005
     495    8.9149000000000E+004    1.5200850000000E+005
     496    8.9442500000000E+004    1.5237650000000E+005
     497    8.9746000000000E+004    1.5274850000000E+005
     498    9.0075000000000E+004    1.5314750000000E+005
     499    9.0187500000000E+004    1.5329650000000E+005
     500    9.0285000000000E+004    1.5342350000000E+005
     501    9.0686000000000E+004    1.5392000000000E+005
     502    9.1044000000000E+004    1.5440750000000E+005
     503    9.1419500000000E+004    1.5487100000000E+005
     504    9.1850000000000E+004    1.5537550000000E+005
     505    9.2278500000000E+004    1.5596500000000E+005
     506    9.2446500000000E+004    1.5622050000000E+005
     507    9.2592000000000E+004    1.5639900000000E+005
     508    9.3112000000000E+004    1.5710050000000E+005
     509    9.3659000000000E+004    1.5773800000000E+005
     510    9.4187000000000E+004    1.5830800000000E+005
     511    9.4681000000000E+004    1.5895050000000E+005
     512    9.5258000000000E+004    1.5967000000000E+005
     513    9.5470000000000E+004    1.5992600000000E+005
     514    9.5650000000000E+004    1.6014700000000E+005
     515    9.6381000000000E+004    1.6105250000000E+005
     516    9.7018500000000E+004    1.6188750000000E+005
     517    9.7640500000000E+004    1.6271750000000E+005
     518    9.8269500000000E+004    1.6357650000000E+005
     519    9.8889500000000E+004    1.6443800000000E+005
     520    9.9118500000000E+004    1.6473300000000E+005
     521    9.9315000000000E+004    1.6499450000000E+005
     522    1.0018950000000E+005    1.6607250000000E+005
     523    1.0096000000000E+005    1.6709150000000E+005
     524    1.0096000000000E+005    1.6709150000000E+005
     525    1.0096000000000E+005    1.6709150000000E+005
     526    1.0096000000000E+005    1.6709150000000E+005
     527    1.0096000000000E+005    1.6709150000000E+005
     528    1.0096000000000E+005    1.6709150000000E+005
     529    1.0096000000000E+005    1.6709150000000E+005
     530    1.0096000000000E+005    1.6709150000000E+005
     531    1.0096000000000E+005    1.6709150000000E+005
     532    1.0096000000000E+005    1.6709150000000E+005
     533    1.0096000000000E+005    1.6709150000000E+005
     534    1.0096000000000E+005    1.6709150000000E+005
     535    1.0096000000000E+005    1.6709150000000E+005
     536    1.0096000000000E+005    1.6709150000000E+005
     537    1.0096000000000E+005    1.6709150000000E+005
     538    1.0096000000000E+005    1.6709150000000E+005
     539    1.0096000000000E+005    1.6709150000000E+005
     540    1.0096000000000E+005    1.6709150000000E+005
