       1    4.0000000000000E+000    4.0000000000000E+000
       2    4.0000000000000E+000    4.0000000000000E+000
       3    4.0000000000000E+000    4.0000000000000E+000
       4    4.0000000000000E+000    4.0000000000000E+000
       5    4.0000000000000E+000    4.0000000000000E+000
       6    5.0000000000000E+000    6.0000000000000E+000
       7    6.0000000000000E+000    9.0000000000000E+000
       8    7.0000000000000E+000    1.0000000000000E+001
       9    8.0000000000000E+000    1.1000000000000E+001
      10    9.0000000000000E+000    1.2000000000000E+001
      11    1.0000000000000E+001    1.4000000000000E+001
      12    1.1000000000000E+001    1.6000000000000E+001
      13    1.4000000000000E+001    2.0000000000000E+001
      14    1.6000000000000E+001    2.2000000000000E+001
      15    1.8000000000000E+001    2.6000000000000E+001
      16    2.0000000000000E+001    2.9000000000000E+001
      17    2.3000000000000E+001    3.3000000000000E+001
      18    2.6000000000000E+001    3.7000000000000E+001
      19    2.9000000000000E+001    4.4000000000000E+001
      20    3.4000000000000E+001    5.4500000000000E+001
      21    4.0000000000000E+001    6.5000000000000E+001
      22    5.0000000000000E+001    7.3000000000000E+001
      23    5.7000000000000E+001    8.5000000000000E+001
      24    6.4000000000000E+001    9.9000000000000E+001
      25    7.3000000000000E+001    1.1300000000000E+002
      26    8.5000000000000E+001    1.2800000000000E+002
      27    9.9000000000000E+001    1.4800000000000E+002
      28    1.1100000000000E+002    1.6900000000000E+002
      29    1.2800000000000E+002    1.9700000000000E+002
      30    1.4600000000000E+002    2.3200000000000E+002
      31    1.6700000000000E+002    2.6600000000000E+002
      32    1.9500000000000E+002    3.0800000000000E+002
      33    2.2800000000000E+002    3.5400000000000E+002
      34    2.5950000000000E+002    4.0400000000000E+002
      35    2.9200000000000E+002    4.5100000000000E+002
      36    3.1700000000000E+002    4.9150000000000E+002
      37    3.3500000000000E+002    5.2000000000000E+002
      38    3.5500000000000E+002    5.5000000000000E+002
      39    3.7900000000000E+002    5.8600000000000E+002
      40    4.0500000000000E+002    6.2650000000000E+002
      41    4.3300000000000E+002    6.6600000000000E+002
      42    4.6000000000000E+002    7.1300000000000E+002
      43    4.9200000000000E+002    7.5800000000000E+002
      44    5.2200000000000E+002    8.0300000000000E+002
      45    5.5300000000000E+002    8.5100000000000E+002
      46    5.8500000000000E+002    9.0500000000000E+002
      47    6.2300000000000E+002    9.6300000000000E+002
      48    6.5600000000000E+002    1.0205000000000E+003
      49    6.9250000000000E+002    1.0770000000000E+003
      50    7.2800000000000E+002    1.1340000000000E+003
      51    7.6900000000000E+002    1.1910000000000E+003
      52    8.0800000000000E+002    1.2545000000000E+003
      53    8.5000000000000E+002    1.3130000000000E+003
      54    8.9100000000000E+002    1.3775000000000E+003
      55    9.3200000000000E+002    1.4460000000000E+003
      56    9.7400000000000E+002    1.5125000000000E+003
      57    1.0150000000000E+003    1.5830000000000E+003
      58    1.0610000000000E+003    1.6570000000000E+003
      59    1.1100000000000E+003    1.7320000000000E+003
      60    1.1640000000000E+003    1.8100000000000E+003
      61    1.2100000000000E+003    1.8925000000000E+003
      62    1.2625000000000E+003    1.9725000000000E+003
      63    1.3190000000000E+003    2.0615000000000E+003
      64    1.3750000000000E+003    2.1440000000000E+003
      65    1.4320000000000E+003    2.2300000000000E+003
      66    1.4920000000000E+003    2.3235000000000E+003
      67    1.5535000000000E+003    2.4185000000000E+003
      68    1.6155000000000E+003    2.5115000000000E+003
      69    1.6810000000000E+003    2.6150000000000E+003
      70    1.7490000000000E+003    2.7210000000000E+003
      71    1.8145000000000E+003    2.8225000000000E+003
      72    1.8860000000000E+003    2.9335000000000E+003
      73    1.9590000000000E+003    3.0430000000000E+003
      74    2.0290000000000E+003    3.1590000000000E+003
      75    2.1035000000000E+003    3.2780000000000E+003
      76    2.1845000000000E+003    3.4000000000000E+003
      77    2.2660000000000E+003    3.5235000000000E+003
      78    2.3495000000000E+003    3.6585000000000E+003
      79    2.4345000000000E+003    3.7940000000000E+003
      80    2.5250000000000E+003    3.9355000000000E+003
      81    2.6225000000000E+003    4.0740000000000E+003
      82    2.7140000000000E+003    4.2205000000000E+003
      83    2.8140000000000E+003    4.3645000000000E+003
      84    2.9120000000000E+003    4.5200000000000E+003
      85    3.0150000000000E+003    4.6755000000000E+003
      86    3.1210000000000E+003    4.8435000000000E+003
      87    3.2280000000000E+003    5.0110000000000E+003
      88    3.3345000000000E+003    5.1910000000000E+003
      89    3.4540000000000E+003    5.3705000000000E+003
      90    3.5730000000000E+003    5.5585000000000E+003
      91    3.7010000000000E+003    5.7545000000000E+003
      92    3.8320000000000E+003    5.9805000000000E+003
      93    3.9585000000000E+003    6.1755000000000E+003
      94    4.0985000000000E+003    6.2770000000000E+003
      95    4.2350000000000E+003    6.7890000000000E+003
      96    4.3815000000000E+003    7.1300000000000E+003
      97    4.5250000000000E+003    7.5960000000000E+003
      98    4.6805000000000E+003    8.0270000000000E+003
      99    4.8435000000000E+003    8.5510000000000E+003
     100    5.0060000000000E+003    8.9665000000000E+003
     101    5.1800000000000E+003    9.2000000000000E+003
     102    5.3550000000000E+003    9.8190000000000E+003
     103    5.5460000000000E+003    1.0305500000000E+004
     104    5.7355000000000E+003    1.0709000000000E+004
     105    5.9245000000000E+003    1.1204000000000E+004
     106    6.1235000000000E+003    1.1649500000000E+004
     107    6.3120000000000E+003    1.2009500000000E+004
     108    6.4160000000000E+003    1.2232500000000E+004
     109    6.6625000000000E+003    1.2888500000000E+004
     110    6.9210000000000E+003    1.3560000000000E+004
     111    7.1910000000000E+003    1.4228000000000E+004
     112    7.4705000000000E+003    1.4912000000000E+004
     113    7.7550000000000E+003    1.5614500000000E+004
     114    7.9450000000000E+003    1.6066000000000E+004
     115    8.0900000000000E+003    1.6444000000000E+004
     116    8.4270000000000E+003    1.7302500000000E+004
     117    8.7560000000000E+003    1.8123500000000E+004
     118    9.1470000000000E+003    1.9053500000000E+004
     119    9.4665000000000E+003    1.9826000000000E+004
     120    9.7775000000000E+003    2.0576500000000E+004
     121    9.9920000000000E+003    2.1096000000000E+004
     122    1.0169000000000E+004    2.1542000000000E+004
     123    1.0647000000000E+004    2.2720000000000E+004
     124    1.1094000000000E+004    2.3846000000000E+004
     125    1.1513000000000E+004    2.4801000000000E+004
     126    1.1953500000000E+004    2.5886000000000E+004
     127    1.2347500000000E+004    2.6873500000000E+004
     128    1.2642000000000E+004    2.7563000000000E+004
     129    1.2849500000000E+004    2.8104500000000E+004
     130    1.3369500000000E+004    2.9369000000000E+004
     131    1.3875000000000E+004    3.0651500000000E+004
     132    1.4391000000000E+004    3.1911500000000E+004
     133    1.4899000000000E+004    3.3103500000000E+004
     134    1.5358500000000E+004    3.4225500000000E+004
     135    1.5572500000000E+004    3.4769000000000E+004
     136    1.5754000000000E+004    3.5186500000000E+004
     137    1.6250500000000E+004    3.6394000000000E+004
     138    1.6775500000000E+004    3.7650500000000E+004
     139    1.7228500000000E+004    3.8803500000000E+004
     140    1.7766500000000E+004    4.0118000000000E+004
     141    1.8254000000000E+004    4.1309000000000E+004
     142    1.8491000000000E+004    4.1918000000000E+004
     143    1.8613000000000E+004    4.2198500000000E+004
     144    1.8815000000000E+004    4.2682000000000E+004
     145    1.9145500000000E+004    4.3454500000000E+004
     146    1.9397500000000E+004    4.4082000000000E+004
     147    1.9711000000000E+004    4.4855000000000E+004
     148    2.0004500000000E+004    4.5590000000000E+004
     149    2.0116500000000E+004    4.5858000000000E+004
     150    2.0211000000000E+004    4.6091500000000E+004
     151    2.0539500000000E+004    4.6886500000000E+004
     152    2.0904000000000E+004    4.7770000000000E+004
     153    2.1235000000000E+004    4.8594000000000E+004
     154    2.1548500000000E+004    4.9375000000000E+004
     155    2.1920500000000E+004    5.0244500000000E+004
     156    2.2105500000000E+004    5.0702000000000E+004
     157    2.2257000000000E+004    5.1042500000000E+004
     158    2.2604000000000E+004    5.1887500000000E+004
     159    2.2927500000000E+004    5.2690000000000E+004
     160    2.3246500000000E+004    5.3479500000000E+004
     161    2.3608000000000E+004    5.4317000000000E+004
     162    2.3921500000000E+004    5.5066500000000E+004
     163    2.4101500000000E+004    5.5492000000000E+004
     164    2.4243500000000E+004    5.5847000000000E+004
     165    2.4626500000000E+004    5.6757500000000E+004
     166    2.4960500000000E+004    5.7590500000000E+004
     167    2.5321500000000E+004    5.8469000000000E+004
     168    2.5671000000000E+004    5.9281000000000E+004
     169    2.5972500000000E+004    5.9978500000000E+004
     170    2.6178500000000E+004    6.0477000000000E+004
     171    2.6306500000000E+004    6.0807000000000E+004
     172    2.6672000000000E+004    6.1692000000000E+004
     173    2.7144000000000E+004    6.2823500000000E+004
     174    2.7626000000000E+004    6.3996500000000E+004
     175    2.8087500000000E+004    6.5142000000000E+004
     176    2.8508500000000E+004    6.6114500000000E+004
     177    2.8713000000000E+004    6.6623500000000E+004
     178    2.8853000000000E+004    6.6976000000000E+004
     179    2.9215500000000E+004    6.7854000000000E+004
     180    2.9660500000000E+004    6.8895000000000E+004
     181    3.0053500000000E+004    6.9874500000000E+004
     182    3.0454500000000E+004    7.0848000000000E+004
     183    3.0819000000000E+004    7.1712000000000E+004
     184    3.0977000000000E+004    7.2084500000000E+004
     185    3.1096000000000E+004    7.2370500000000E+004
     186    3.1487000000000E+004    7.3300000000000E+004
     187    3.1946000000000E+004    7.4347000000000E+004
     188    3.2329000000000E+004    7.5253000000000E+004
     189    3.2618500000000E+004    7.5947500000000E+004
     190    3.2907500000000E+004    7.6650000000000E+004
     191    3.3069500000000E+004    7.7012000000000E+004
     192    3.3176500000000E+004    7.7279000000000E+004
     193    3.3608000000000E+004    7.8292000000000E+004
     194    3.3869000000000E+004    7.8868000000000E+004
     195    3.4058500000000E+004    7.9310000000000E+004
     196    3.4525500000000E+004    8.0403000000000E+004
     197    3.4909000000000E+004    8.1287500000000E+004
     198    3.5112500000000E+004    8.1745500000000E+004
     199    3.5248500000000E+004    8.2089500000000E+004
     200    3.5703000000000E+004    8.3203000000000E+004
     201    3.6164500000000E+004    8.4243500000000E+004
     202    3.6563000000000E+004    8.5172000000000E+004
     203    3.6974000000000E+004    8.6116000000000E+004
     204    3.7313500000000E+004    8.6916000000000E+004
     205    3.7511000000000E+004    8.7348500000000E+004
     206    3.7641000000000E+004    8.7654000000000E+004
     207    3.8164500000000E+004    8.8831000000000E+004
     208    3.8579000000000E+004    8.9764500000000E+004
     209    3.8906000000000E+004    9.0545500000000E+004
     210    3.9241000000000E+004    9.1326500000000E+004
     211    3.9563000000000E+004    9.2053000000000E+004
     212    3.9772500000000E+004    9.2528000000000E+004
     213    3.9906000000000E+004    9.2833000000000E+004
     214    4.0396000000000E+004    9.3919500000000E+004
     215    4.0860500000000E+004    9.5064000000000E+004
     216    4.1380500000000E+004    9.6200500000000E+004
     217    4.1779000000000E+004    9.7174000000000E+004
     218    4.2198500000000E+004    9.8149500000000E+004
     219    4.2440500000000E+004    9.8716500000000E+004
     220    4.2602500000000E+004    9.9111500000000E+004
     221    4.3187000000000E+004    1.0051600000000E+005
     222    4.3719500000000E+004    1.0167700000000E+005
     223    4.4145500000000E+004    1.0266250000000E+005
     224    4.4572000000000E+004    1.0363400000000E+005
     225    4.5043000000000E+004    1.0468900000000E+005
     226    4.5280500000000E+004    1.0524200000000E+005
     227    4.5444000000000E+004    1.0561750000000E+005
     228    4.5921500000000E+004    1.0666100000000E+005
     229    4.6367000000000E+004    1.0765300000000E+005
     230    4.6845500000000E+004    1.0871000000000E+005
     231    4.7210500000000E+004    1.0957000000000E+005
     232    4.7632500000000E+004    1.1051200000000E+005
     233    4.7853500000000E+004    1.1100200000000E+005
     234    4.8003000000000E+004    1.1134750000000E+005
     235    4.8472500000000E+004    1.1236850000000E+005
     236    4.8868500000000E+004    1.1330800000000E+005
     237    4.9246000000000E+004    1.1412650000000E+005
     238    4.9641000000000E+004    1.1502900000000E+005
     239    5.0014000000000E+004    1.1587000000000E+005
     240    5.0199500000000E+004    1.1629650000000E+005
     241    5.0339500000000E+004    1.1659400000000E+005
     242    5.0752000000000E+004    1.1748850000000E+005
     243    5.1226000000000E+004    1.1854150000000E+005
     244    5.1683000000000E+004    1.1953000000000E+005
     245    5.2185000000000E+004    1.2061600000000E+005
     246    5.2862500000000E+004    1.2204150000000E+005
     247    5.3200000000000E+004    1.2281200000000E+005
     248    5.3424500000000E+004    1.2336800000000E+005
     249    5.4011000000000E+004    1.2464000000000E+005
     250    5.4606000000000E+004    1.2592500000000E+005
     251    5.5125500000000E+004    1.2704600000000E+005
     252    5.5633000000000E+004    1.2814050000000E+005
     253    5.6146500000000E+004    1.2926600000000E+005
     254    5.6460000000000E+004    1.2995050000000E+005
     255    5.6698500000000E+004    1.3046400000000E+005
     256    5.6914000000000E+004    1.3094100000000E+005
     257    5.7410000000000E+004    1.3200400000000E+005
     258    5.7852000000000E+004    1.3291750000000E+005
     259    5.8314000000000E+004    1.3393450000000E+005
     260    5.8792500000000E+004    1.3491150000000E+005
     261    5.9035000000000E+004    1.3544200000000E+005
     262    5.9203000000000E+004    1.3576200000000E+005
     263    5.9648000000000E+004    1.3671650000000E+005
     264    6.0058500000000E+004    1.3761700000000E+005
     265    6.0485000000000E+004    1.3853300000000E+005
     266    6.0924500000000E+004    1.3942900000000E+005
     267    6.1317000000000E+004    1.4025900000000E+005
     268    6.1587000000000E+004    1.4081050000000E+005
     269    6.1709500000000E+004    1.4107400000000E+005
     270    6.2163000000000E+004    1.4200400000000E+005
     271    6.2592000000000E+004    1.4286750000000E+005
     272    6.2937000000000E+004    1.4359950000000E+005
     273    6.3272500000000E+004    1.4429350000000E+005
     274    6.3573500000000E+004    1.4494800000000E+005
     275    6.3744000000000E+004    1.4534750000000E+005
     276    6.3849000000000E+004    1.4555700000000E+005
     277    6.4272500000000E+004    1.4642900000000E+005
     278    6.4736000000000E+004    1.4745750000000E+005
     279    6.5219500000000E+004    1.4840200000000E+005
     280    6.5682000000000E+004    1.4936900000000E+005
     281    6.6167000000000E+004    1.5037300000000E+005
     282    6.6471000000000E+004    1.5098100000000E+005
     283    6.6675500000000E+004    1.5144950000000E+005
     284    6.7246500000000E+004    1.5266950000000E+005
     285    6.7792500000000E+004    1.5378150000000E+005
     286    6.8294500000000E+004    1.5481100000000E+005
     287    6.8734500000000E+004    1.5572600000000E+005
     288    6.9102000000000E+004    1.5651450000000E+005
     289    6.9321500000000E+004    1.5698400000000E+005
     290    6.9504500000000E+004    1.5735300000000E+005
     291    7.0077500000000E+004    1.5850150000000E+005
     292    7.0603000000000E+004    1.5957000000000E+005
     293    7.1042000000000E+004    1.6043600000000E+005
     294    7.1426500000000E+004    1.6115550000000E+005
     295    7.1571000000000E+004    1.6145100000000E+005
     296    7.1827000000000E+004    1.6202150000000E+005
     297    7.2063000000000E+004    1.6247550000000E+005
     298    7.2676000000000E+004    1.6373850000000E+005
     299    7.3314500000000E+004    1.6503200000000E+005
     300    7.3899000000000E+004    1.6621600000000E+005
     301    7.4456500000000E+004    1.6733400000000E+005
     302    7.4574000000000E+004    1.6756550000000E+005
     303    7.4999500000000E+004    1.6838650000000E+005
     304    7.5287500000000E+004    1.6899450000000E+005
     305    7.6095500000000E+004    1.7063400000000E+005
     306    7.6995000000000E+004    1.7245650000000E+005
     307    7.7747000000000E+004    1.7397950000000E+005
     308    7.8557500000000E+004    1.7560650000000E+005
     309    7.9384500000000E+004    1.7719900000000E+005
     310    7.9797000000000E+004    1.7798500000000E+005
     311    8.0032000000000E+004    1.7847200000000E+005
     312    8.0755000000000E+004    1.7991850000000E+005
     313    8.1544500000000E+004    1.8139300000000E+005
     314    8.2217000000000E+004    1.8266800000000E+005
     315    8.2909000000000E+004    1.8400400000000E+005
     316    8.3675500000000E+004    1.8558400000000E+005
     317    8.4053500000000E+004    1.8627650000000E+005
     318    8.4311000000000E+004    1.8676500000000E+005
     319    8.5059000000000E+004    1.8824600000000E+005
     320    8.5870000000000E+004    1.8983700000000E+005
     321    8.6597500000000E+004    1.9128000000000E+005
     322    8.7295000000000E+004    1.9259600000000E+005
     323    8.8001000000000E+004    1.9397850000000E+005
     324    8.8337500000000E+004    1.9460500000000E+005
     325    8.8544500000000E+004    1.9501750000000E+005
     326    8.9229000000000E+004    1.9639250000000E+005
     327    8.9944500000000E+004    1.9774600000000E+005
     328    9.0570500000000E+004    1.9895100000000E+005
     329    9.1173500000000E+004    2.0011700000000E+005
     330    9.1627000000000E+004    2.0093850000000E+005
     331    9.1913500000000E+004    2.0144450000000E+005
     332    9.2054500000000E+004    2.0169850000000E+005
     333    9.2219500000000E+004    2.0201150000000E+005
     334    9.2638000000000E+004    2.0278200000000E+005
     335    9.3060500000000E+004    2.0359950000000E+005
     336    9.3417000000000E+004    2.0429600000000E+005
     337    9.3727000000000E+004    2.0487550000000E+005
     338    9.3871500000000E+004    2.0515750000000E+005
     339    9.3966500000000E+004    2.0531750000000E+005
     340    9.4345000000000E+004    2.0602700000000E+005
     341    9.4641000000000E+004    2.0656750000000E+005
     342    9.4944000000000E+004    2.0717000000000E+005
     343    9.5163000000000E+004    2.0756300000000E+005
     344    9.5381500000000E+004    2.0793950000000E+005
     345    9.5445000000000E+004    2.0806100000000E+005
     346    9.5483000000000E+004    2.0814150000000E+005
     347    9.5631500000000E+004    2.0841350000000E+005
     348    9.5809500000000E+004    2.0871550000000E+005
     349    9.5979000000000E+004    2.0903100000000E+005
     350    9.6140000000000E+004    2.0929400000000E+005
     351    9.6302500000000E+004    2.0957650000000E+005
     352    9.6387000000000E+004    2.0971750000000E+005
     353    9.6453500000000E+004    2.0984350000000E+005
     354    9.6650000000000E+004    2.1022600000000E+005
     355    9.6836500000000E+004    2.1056250000000E+005
     356    9.7017000000000E+004    2.1085800000000E+005
     357    9.7186000000000E+004    2.1113100000000E+005
     358    9.7330000000000E+004    2.1139200000000E+005
     359    9.7396500000000E+004    2.1151250000000E+005
     360    9.7450000000000E+004    2.1159100000000E+005
     361    9.7626000000000E+004    2.1189300000000E+005
     362    9.7775500000000E+004    2.1215450000000E+005
     363    9.7901500000000E+004    2.1236200000000E+005
     364    9.8021000000000E+004    2.1259700000000E+005
     365    9.8144500000000E+004    2.1280950000000E+005
     366    9.8199500000000E+004    2.1291300000000E+005
     367    9.8251000000000E+004    2.1299050000000E+005
     368    9.8393500000000E+004    2.1320850000000E+005
     369    9.8515500000000E+004    2.1341400000000E+005
     370    9.8622000000000E+004    2.1361050000000E+005
     371    9.8761000000000E+004    2.1384400000000E+005
     372    9.8855000000000E+004    2.1400050000000E+005
     373    9.8899500000000E+004    2.1406700000000E+005
     374    9.8931000000000E+004    2.1412350000000E+005
     375    9.8974500000000E+004    2.1421350000000E+005
     376    9.9103500000000E+004    2.1443150000000E+005
     377    9.9195000000000E+004    2.1458100000000E+005
     378    9.9280500000000E+004    2.1470150000000E+005
     379    9.9359000000000E+004    2.1482650000000E+005
     380    9.9391500000000E+004    2.1489800000000E+005
     381    9.9412000000000E+004    2.1493050000000E+005
     382    9.9481000000000E+004    2.1504950000000E+005
     383    9.9552500000000E+004    2.1516500000000E+005
     384    9.9592000000000E+004    2.1523200000000E+005
     385    9.9657500000000E+004    2.1533550000000E+005
     386    9.9738000000000E+004    2.1546500000000E+005
     387    9.9763000000000E+004    2.1551450000000E+005
     388    9.9783500000000E+004    2.1555350000000E+005
     389    9.9880000000000E+004    2.1570700000000E+005
     390    9.9963000000000E+004    2.1582200000000E+005
     391    1.0003450000000E+005    2.1592950000000E+005
     392    1.0007500000000E+005    2.1598350000000E+005
     393    1.0009900000000E+005    2.1602450000000E+005
     394    1.0013400000000E+005    2.1607200000000E+005
     395    1.0015700000000E+005    2.1609850000000E+005
     396    1.0023250000000E+005    2.1622650000000E+005
     397    1.0030200000000E+005    2.1633450000000E+005
     398    1.0036550000000E+005    2.1643350000000E+005
     399    1.0043500000000E+005    2.1653650000000E+005
     400    1.0048150000000E+005    2.1660400000000E+005
     401    1.0050250000000E+005    2.1663700000000E+005
     402    1.0052200000000E+005    2.1666350000000E+005
     403    1.0059500000000E+005    2.1678100000000E+005
     404    1.0066100000000E+005    2.1688300000000E+005
     405    1.0071900000000E+005    2.1696050000000E+005
     406    1.0077650000000E+005    2.1704300000000E+005
     407    1.0082800000000E+005    2.1711650000000E+005
     408    1.0085550000000E+005    2.1715450000000E+005
     409    1.0086300000000E+005    2.1716950000000E+005
     410    1.0090850000000E+005    2.1725300000000E+005
     411    1.0096150000000E+005    2.1733000000000E+005
     412    1.0100400000000E+005    2.1738550000000E+005
     413    1.0104050000000E+005    2.1744850000000E+005
     414    1.0110200000000E+005    2.1754350000000E+005
     415    1.0112400000000E+005    2.1758000000000E+005
     416    1.0113550000000E+005    2.1760150000000E+005
     417    1.0119300000000E+005    2.1768150000000E+005
     418    1.0123850000000E+005    2.1776100000000E+005
     419    1.0129050000000E+005    2.1782900000000E+005
     420    1.0133500000000E+005    2.1788450000000E+005
     421    1.0137750000000E+005    2.1793950000000E+005
     422    1.0138900000000E+005    2.1796100000000E+005
     423    1.0140450000000E+005    2.1798250000000E+005
     424    1.0146850000000E+005    2.1806550000000E+005
     425    1.0152700000000E+005    2.1814550000000E+005
     426    1.0158800000000E+005    2.1822400000000E+005
     427    1.0162500000000E+005    2.1829200000000E+005
     428    1.0167750000000E+005    2.1838350000000E+005
     429    1.0170300000000E+005    2.1842100000000E+005
     430    1.0172050000000E+005    2.1844600000000E+005
     431    1.0176650000000E+005    2.1849850000000E+005
     432    1.0182850000000E+005    2.1858250000000E+005
     433    1.0187450000000E+005    2.1865200000000E+005
     434    1.0191700000000E+005    2.1872850000000E+005
     435    1.0198500000000E+005    2.1881900000000E+005
     436    1.0202050000000E+005    2.1886450000000E+005
     437    1.0203300000000E+005    2.1887950000000E+005
     438    1.0212200000000E+005    2.1899000000000E+005
     439    1.0217050000000E+005    2.1906450000000E+005
     440    1.0222150000000E+005    2.1915050000000E+005
     441    1.0226300000000E+005    2.1923350000000E+005
     442    1.0233400000000E+005    2.1935950000000E+005
     443    1.0235000000000E+005    2.1939100000000E+005
     444    1.0236500000000E+005    2.1941800000000E+005
     445    1.0244250000000E+005    2.1955500000000E+005
     446    1.0252500000000E+005    2.1969150000000E+005
     447    1.0257050000000E+005    2.1976900000000E+005
     448    1.0263900000000E+005    2.1989250000000E+005
     449    1.0270050000000E+005    2.1998500000000E+005
     450    1.0272650000000E+005    2.2001900000000E+005
     451    1.0274350000000E+005    2.2004450000000E+005
     452    1.0282150000000E+005    2.2016200000000E+005
     453    1.0288650000000E+005    2.2024750000000E+005
     454    1.0293200000000E+005    2.2033100000000E+005
     455    1.0299350000000E+005    2.2044400000000E+005
     456    1.0309100000000E+005    2.2058300000000E+005
     457    1.0312850000000E+005    2.2063950000000E+005
     458    1.0314900000000E+005    2.2067300000000E+005
     459    1.0323300000000E+005    2.2081000000000E+005
     460    1.0330500000000E+005    2.2091400000000E+005
     461    1.0336550000000E+005    2.2099100000000E+005
     462    1.0344000000000E+005    2.2109050000000E+005
     463    1.0350300000000E+005    2.2118050000000E+005
     464    1.0352650000000E+005    2.2121100000000E+005
     465    1.0354450000000E+005    2.2123150000000E+005
     466    1.0362200000000E+005    2.2133100000000E+005
     467    1.0368000000000E+005    2.2141600000000E+005
     468    1.0376300000000E+005    2.2151100000000E+005
     469    1.0383150000000E+005    2.2159450000000E+005
     470    1.0389500000000E+005    2.2166350000000E+005
     471    1.0392300000000E+005    2.2170500000000E+005
     472    1.0394300000000E+005    2.2173350000000E+005
     473    1.0404500000000E+005    2.2184500000000E+005
     474    1.0410750000000E+005    2.2192900000000E+005
     475    1.0420300000000E+005    2.2204400000000E+005
     476    1.0429200000000E+005    2.2215650000000E+005
     477    1.0437100000000E+005    2.2226000000000E+005
     478    1.0441350000000E+005    2.2230750000000E+005
     479    1.0444350000000E+005    2.2233550000000E+005
     480    1.0456600000000E+005    2.2250950000000E+005
     481    1.0467950000000E+005    2.2265650000000E+005
     482    1.0479250000000E+005    2.2279550000000E+005
     483    1.0492400000000E+005    2.2296050000000E+005
     484    1.0505350000000E+005    2.2311100000000E+005
     485    1.0512000000000E+005    2.2320350000000E+005
     486    1.0516000000000E+005    2.2325450000000E+005
     487    1.0534300000000E+005    2.2346700000000E+005
     488    1.0552100000000E+005    2.2364700000000E+005
     489    1.0569800000000E+005    2.2387550000000E+005
     490    1.0587750000000E+005    2.2409200000000E+005
     491    1.0609750000000E+005    2.2438600000000E+005
     492    1.0618800000000E+005    2.2450300000000E+005
     493    1.0623250000000E+005    2.2458150000000E+005
     494    1.0656800000000E+005    2.2498000000000E+005
     495    1.0684900000000E+005    2.2536050000000E+005
     496    1.0717200000000E+005    2.2578400000000E+005
     497    1.0748450000000E+005    2.2618150000000E+005
     498    1.0784900000000E+005    2.2665150000000E+005
     499    1.0799750000000E+005    2.2681200000000E+005
     500    1.0813350000000E+005    2.2694500000000E+005
     501    1.0854950000000E+005    2.2743600000000E+005
     502    1.0898550000000E+005    2.2792850000000E+005
     503    1.0938800000000E+005    2.2839100000000E+005
     504    1.0989950000000E+005    2.2896300000000E+005
     505    1.1036200000000E+005    2.2956100000000E+005
     506    1.1057000000000E+005    2.2979450000000E+005
     507    1.1071900000000E+005    2.2997200000000E+005
     508    1.1132300000000E+005    2.3074200000000E+005
     509    1.1198700000000E+005    2.3153600000000E+005
     510    1.1261800000000E+005    2.3222550000000E+005
     511    1.1316550000000E+005    2.3300450000000E+005
     512    1.1378700000000E+005    2.3380900000000E+005
     513    1.1401800000000E+005    2.3410650000000E+005
     514    1.1423700000000E+005    2.3433900000000E+005
     515    1.1509850000000E+005    2.3530300000000E+005
     516    1.1581350000000E+005    2.3614950000000E+005
     517    1.1649750000000E+005    2.3697350000000E+005
     518    1.1722600000000E+005    2.3790450000000E+005
     519    1.1791150000000E+005    2.3881750000000E+005
     520    1.1814900000000E+005    2.3911900000000E+005
     521    1.1834350000000E+005    2.3937250000000E+005
     522    1.1925100000000E+005    2.4041950000000E+005
     523    1.2004000000000E+005    2.4143900000000E+005
     524    1.2004000000000E+005    2.4143900000000E+005
     525    1.2004000000000E+005    2.4143900000000E+005
     526    1.2004000000000E+005    2.4143900000000E+005
     527    1.2004000000000E+005    2.4143900000000E+005
     528    1.2004000000000E+005    2.4143900000000E+005
     529    1.2004000000000E+005    2.4143900000000E+005
     530    1.2004000000000E+005    2.4143900000000E+005
     531    1.2004000000000E+005    2.4143900000000E+005
     532    1.2004000000000E+005    2.4143900000000E+005
     533    1.2004000000000E+005    2.4143900000000E+005
     534    1.2004000000000E+005    2.4143900000000E+005
     535    1.2004000000000E+005    2.4143900000000E+005
     536    1.2004000000000E+005    2.4143900000000E+005
     537    1.2004000000000E+005    2.4143900000000E+005
     538    1.2004000000000E+005    2.4143900000000E+005
     539    1.2004000000000E+005    2.4143900000000E+005
     540    1.2004000000000E+005    2.4143900000000E+005
