       1    0.0000000000000E+000    9.9999870000000E+006    1.3000000000000E+001    0.0000000000000E+000    0.0000000000000E+000    1.3000000000000E+001
       2    4.0000000000000E+000    9.9999830000000E+006    1.3000000000000E+001    0.0000000000000E+000    0.0000000000000E+000    1.3000000000000E+001
       3    8.0000000000000E+000    9.9999790000000E+006    1.3000000000000E+001    0.0000000000000E+000    0.0000000000000E+000    1.3000000000000E+001
       4    1.2000000000000E+001    9.9999750000000E+006    1.3000000000000E+001    0.0000000000000E+000    0.0000000000000E+000    1.3000000000000E+001
       5    1.3000000000000E+001    9.9999740000000E+006    1.3000000000000E+001   -3.0000000000000E+000    3.0000000000000E+000    1.3000000000000E+001
       6    1.3000000000000E+001    9.9999700000000E+006    1.7000000000000E+001   -3.0000000000000E+000    3.0000000000000E+000    1.7000000000000E+001
       7    1.7000000000000E+001    9.9999620000000E+006    2.1000000000000E+001   -3.0000000000000E+000    3.0000000000000E+000    2.1000000000000E+001
       8    1.8000000000000E+001    9.9999570000000E+006    2.5000000000000E+001   -3.0000000000000E+000    3.0000000000000E+000    2.5000000000000E+001
       9    2.3000000000000E+001    9.9999510000000E+006    2.6000000000000E+001   -3.0000000000000E+000    3.0000000000000E+000    2.6000000000000E+001
      10    2.9000000000000E+001    9.9999410000000E+006    3.0000000000000E+001   -4.0000000000000E+000    4.0000000000000E+000    3.0000000000000E+001
      11    2.5000000000000E+001    9.9999370000000E+006    3.8000000000000E+001   -6.0000000000000E+000    6.0000000000000E+000    3.8000000000000E+001
      12    2.7000000000000E+001    9.9999300000000E+006    4.3000000000000E+001   -6.0000000000000E+000    6.0000000000000E+000    4.3000000000000E+001
      13    3.1000000000000E+001    9.9999200000000E+006    4.9000000000000E+001   -7.0000000000000E+000    7.0000000000000E+000    4.9000000000000E+001
      14    2.7000000000000E+001    9.9999140000000E+006    5.9000000000000E+001   -7.0000000000000E+000    7.0000000000000E+000    5.9000000000000E+001
      15    3.7000000000000E+001    9.9999000000000E+006    6.3000000000000E+001   -9.0000000000000E+000    9.0000000000000E+000    6.3000000000000E+001
      16    3.9000000000000E+001    9.9998910000000E+006    7.0000000000000E+001   -9.0000000000000E+000    9.0000000000000E+000    7.0000000000000E+001
      17    3.5000000000000E+001    9.9998850000000E+006    8.0000000000000E+001   -1.0000000000000E+001    1.0000000000000E+001    8.0000000000000E+001
      18    4.4000000000000E+001    9.9998700000000E+006    7.3000000000000E+001    3.0000000000000E+000    1.0000000000000E+001    8.6000000000000E+001
      19    4.0000000000000E+001    9.9998600000000E+006    8.7000000000000E+001    3.0000000000000E+000    1.0000000000000E+001    1.0000000000000E+002
      20    3.7000000000000E+001    9.9998540000000E+006    9.2000000000000E+001    7.0000000000000E+000    1.0000000000000E+001    1.0900000000000E+002
      21    4.4000000000000E+001    9.9998410000000E+006    9.4000000000000E+001    9.0000000000000E+000    1.2000000000000E+001    1.1500000000000E+002
      22    3.7000000000000E+001    9.9998330000000E+006    1.0500000000000E+002    1.2000000000000E+001    1.3000000000000E+001    1.3000000000000E+002
      23    3.5000000000000E+001    9.9998250000000E+006    1.1400000000000E+002    1.1000000000000E+001    1.5000000000000E+001    1.4000000000000E+002
      24    3.6000000000000E+001    9.9998180000000E+006    1.1600000000000E+002    1.4000000000000E+001    1.6000000000000E+001    1.4600000000000E+002
      25    3.9000000000000E+001    9.9998020000000E+006    1.2100000000000E+002    2.2000000000000E+001    1.6000000000000E+001    1.5900000000000E+002
      26    4.6000000000000E+001    9.9997870000000E+006    1.2400000000000E+002    2.7000000000000E+001    1.6000000000000E+001    1.6700000000000E+002
      27    5.4000000000000E+001    9.9997710000000E+006    1.2600000000000E+002    3.2000000000000E+001    1.7000000000000E+001    1.7500000000000E+002
      28    6.1000000000000E+001    9.9997570000000E+006    1.2300000000000E+002    4.0000000000000E+001    1.9000000000000E+001    1.8200000000000E+002
      29    5.4000000000000E+001    9.9997480000000E+006    1.3500000000000E+002    4.2000000000000E+001    2.1000000000000E+001    1.9800000000000E+002
      30    5.3000000000000E+001    9.9997340000000E+006    1.4300000000000E+002    4.7000000000000E+001    2.3000000000000E+001    2.1300000000000E+002
      31    6.5000000000000E+001    9.9997060000000E+006    1.4900000000000E+002    5.4000000000000E+001    2.6000000000000E+001    2.2900000000000E+002
      32    7.0000000000000E+001    9.9996870000000E+006    1.5700000000000E+002    6.0000000000000E+001    2.6000000000000E+001    2.4300000000000E+002
      33    7.6000000000000E+001    9.9996720000000E+006    1.5200000000000E+002    7.4000000000000E+001    2.6000000000000E+001    2.5200000000000E+002
      34    8.8000000000000E+001    9.9996460000000E+006    1.5700000000000E+002    8.0000000000000E+001    2.9000000000000E+001    2.6600000000000E+002
      35    8.1000000000000E+001    9.9996250000000E+006    1.7900000000000E+002    8.3000000000000E+001    3.2000000000000E+001    2.9400000000000E+002
      36    8.0000000000000E+001    9.9996070000000E+006    1.8300000000000E+002    9.7000000000000E+001    3.3000000000000E+001    3.1300000000000E+002
      37    8.9000000000000E+001    9.9995830000000E+006    1.8800000000000E+002    1.0600000000000E+002    3.4000000000000E+001    3.2800000000000E+002
      38    9.2000000000000E+001    9.9995540000000E+006    2.0800000000000E+002    1.1200000000000E+002    3.4000000000000E+001    3.5400000000000E+002
      39    9.5000000000000E+001    9.9995300000000E+006    2.1600000000000E+002    1.1900000000000E+002    4.0000000000000E+001    3.7500000000000E+002
      40    1.0600000000000E+002    9.9995010000000E+006    2.2600000000000E+002    1.2500000000000E+002    4.2000000000000E+001    3.9300000000000E+002
      41    1.1600000000000E+002    9.9994670000000E+006    2.4200000000000E+002    1.3200000000000E+002    4.3000000000000E+001    4.1700000000000E+002
      42    1.1900000000000E+002    9.9994350000000E+006    2.6400000000000E+002    1.3600000000000E+002    4.6000000000000E+001    4.4600000000000E+002
      43    1.3400000000000E+002    9.9993960000000E+006    2.7200000000000E+002    1.5000000000000E+002    4.8000000000000E+001    4.7000000000000E+002
      44    1.4200000000000E+002    9.9993590000000E+006    2.8600000000000E+002    1.6200000000000E+002    5.1000000000000E+001    4.9900000000000E+002
      45    1.4800000000000E+002    9.9993190000000E+006    3.0400000000000E+002    1.7600000000000E+002    5.3000000000000E+001    5.3300000000000E+002
      46    1.5200000000000E+002    9.9992830000000E+006    3.2200000000000E+002    1.8500000000000E+002    5.8000000000000E+001    5.6500000000000E+002
      47    1.6600000000000E+002    9.9992300000000E+006    3.5200000000000E+002    1.8900000000000E+002    6.3000000000000E+001    6.0400000000000E+002
      48    1.6700000000000E+002    9.9991920000000E+006    3.7500000000000E+002    1.9900000000000E+002    6.7000000000000E+001    6.4100000000000E+002
      49    1.5700000000000E+002    9.9991620000000E+006    3.8700000000000E+002    2.2500000000000E+002    6.9000000000000E+001    6.8100000000000E+002
      50    1.6200000000000E+002    9.9991210000000E+006    4.0400000000000E+002    2.4000000000000E+002    7.3000000000000E+001    7.1700000000000E+002
      51    1.6200000000000E+002    9.9990680000000E+006    4.4200000000000E+002    2.5300000000000E+002    7.5000000000000E+001    7.7000000000000E+002
      52    1.7500000000000E+002    9.9990170000000E+006    4.5400000000000E+002    2.7300000000000E+002    8.1000000000000E+001    8.0800000000000E+002
      53    1.9900000000000E+002    9.9989630000000E+006    4.6300000000000E+002    2.9100000000000E+002    8.4000000000000E+001    8.3800000000000E+002
      54    2.1500000000000E+002    9.9989060000000E+006    4.8600000000000E+002    3.0700000000000E+002    8.6000000000000E+001    8.7900000000000E+002
      55    2.1300000000000E+002    9.9988550000000E+006    5.1500000000000E+002    3.2500000000000E+002    9.2000000000000E+001    9.3200000000000E+002
      56    2.2100000000000E+002    9.9987960000000E+006    5.3700000000000E+002    3.5000000000000E+002    9.6000000000000E+001    9.8300000000000E+002
      57    2.1700000000000E+002    9.9987460000000E+006    5.6700000000000E+002    3.7200000000000E+002    9.8000000000000E+001    1.0370000000000E+003
      58    2.0400000000000E+002    9.9987020000000E+006    5.9500000000000E+002    3.9700000000000E+002    1.0200000000000E+002    1.0940000000000E+003
      59    2.4300000000000E+002    9.9986120000000E+006    6.1200000000000E+002    4.2500000000000E+002    1.0800000000000E+002    1.1450000000000E+003
      60    2.5300000000000E+002    9.9985430000000E+006    6.3900000000000E+002    4.5200000000000E+002    1.1300000000000E+002    1.2040000000000E+003
      61    2.7800000000000E+002    9.9984680000000E+006    6.5000000000000E+002    4.8600000000000E+002    1.1800000000000E+002    1.2540000000000E+003
      62    2.9800000000000E+002    9.9984040000000E+006    6.5700000000000E+002    5.2000000000000E+002    1.2100000000000E+002    1.2980000000000E+003
      63    2.8200000000000E+002    9.9983300000000E+006    7.0700000000000E+002    5.5700000000000E+002    1.2400000000000E+002    1.3880000000000E+003
      64    2.8300000000000E+002    9.9982600000000E+006    7.4000000000000E+002    5.8900000000000E+002    1.2800000000000E+002    1.4570000000000E+003
      65    2.6600000000000E+002    9.9982020000000E+006    7.6200000000000E+002    6.3700000000000E+002    1.3300000000000E+002    1.5320000000000E+003
      66    2.6200000000000E+002    9.9981420000000E+006    7.8800000000000E+002    6.7100000000000E+002    1.3700000000000E+002    1.5960000000000E+003
      67    2.6800000000000E+002    9.9980620000000E+006    8.3200000000000E+002    6.9900000000000E+002    1.3900000000000E+002    1.6700000000000E+003
      68    2.7900000000000E+002    9.9979810000000E+006    8.6100000000000E+002    7.3400000000000E+002    1.4500000000000E+002    1.7400000000000E+003
      69    2.9600000000000E+002    9.9979060000000E+006    8.6600000000000E+002    7.7900000000000E+002    1.5300000000000E+002    1.7980000000000E+003
      70    3.1800000000000E+002    9.9978240000000E+006    8.7500000000000E+002    8.2500000000000E+002    1.5800000000000E+002    1.8580000000000E+003
      71    2.9900000000000E+002    9.9977630000000E+006    9.0100000000000E+002    8.7000000000000E+002    1.6700000000000E+002    1.9380000000000E+003
      72    2.8300000000000E+002    9.9976980000000E+006    9.2500000000000E+002    9.2000000000000E+002    1.7400000000000E+002    2.0190000000000E+003
      73    2.5800000000000E+002    9.9976480000000E+006    9.4900000000000E+002    9.6300000000000E+002    1.8200000000000E+002    2.0940000000000E+003
      74    2.4800000000000E+002    9.9975760000000E+006    9.7200000000000E+002    1.0140000000000E+003    1.9000000000000E+002    2.1760000000000E+003
      75    2.7000000000000E+002    9.9974930000000E+006    9.8300000000000E+002    1.0510000000000E+003    2.0300000000000E+002    2.2370000000000E+003
      76    2.7100000000000E+002    9.9974270000000E+006    1.0040000000000E+003    1.0880000000000E+003    2.1000000000000E+002    2.3020000000000E+003
      77    2.5300000000000E+002    9.9973950000000E+006    9.6400000000000E+002    1.1720000000000E+003    2.1600000000000E+002    2.3520000000000E+003
      78    3.3000000000000E+002    9.9972460000000E+006    9.6700000000000E+002    1.2360000000000E+003    2.2100000000000E+002    2.4240000000000E+003
      79    3.6300000000000E+002    9.9971300000000E+006    9.7500000000000E+002    1.3020000000000E+003    2.3000000000000E+002    2.5070000000000E+003
      80    3.8800000000000E+002    9.9970390000000E+006    9.7700000000000E+002    1.3580000000000E+003    2.3800000000000E+002    2.5730000000000E+003
      81    4.8200000000000E+002    9.9969130000000E+006    9.3500000000000E+002    1.4270000000000E+003    2.4300000000000E+002    2.6050000000000E+003
      82    4.5400000000000E+002    9.9967920000000E+006    1.0140000000000E+003    1.4940000000000E+003    2.4600000000000E+002    2.7540000000000E+003
      83    3.9600000000000E+002    9.9967340000000E+006    1.0720000000000E+003    1.5410000000000E+003    2.5700000000000E+002    2.8700000000000E+003
      84    3.3800000000000E+002    9.9967010000000E+006    1.1030000000000E+003    1.5950000000000E+003    2.6300000000000E+002    2.9610000000000E+003
      85    3.5700000000000E+002    9.9965560000000E+006    1.1490000000000E+003    1.6730000000000E+003    2.6500000000000E+002    3.0870000000000E+003
      86    3.5400000000000E+002    9.9964380000000E+006    1.1890000000000E+003    1.7410000000000E+003    2.7800000000000E+002    3.2080000000000E+003
      87    4.1200000000000E+002    9.9963220000000E+006    1.1720000000000E+003    1.8010000000000E+003    2.9300000000000E+002    3.2660000000000E+003
      88    4.7300000000000E+002    9.9962280000000E+006    1.1230000000000E+003    1.8730000000000E+003    3.0300000000000E+002    3.2990000000000E+003
      89    4.8100000000000E+002    9.9960750000000E+006    1.2070000000000E+003    1.9280000000000E+003    3.0900000000000E+002    3.4440000000000E+003
      90    4.4200000000000E+002    9.9959960000000E+006    1.2600000000000E+003    1.9800000000000E+003    3.2200000000000E+002    3.5620000000000E+003
      91    3.5900000000000E+002    9.9959630000000E+006    1.3260000000000E+003    2.0250000000000E+003    3.2700000000000E+002    3.6780000000000E+003
      92    4.0800000000000E+002    9.9958200000000E+006    1.3480000000000E+003    2.0920000000000E+003    3.3200000000000E+002    3.7720000000000E+003
      93    3.9800000000000E+002    9.9956770000000E+006    1.4180000000000E+003    2.1560000000000E+003    3.5100000000000E+002    3.9250000000000E+003
      94    4.2900000000000E+002    9.9955670000000E+006    1.4310000000000E+003    2.2100000000000E+003    3.6300000000000E+002    4.0040000000000E+003
      95    4.9700000000000E+002    9.9954660000000E+006    1.4320000000000E+003    2.2280000000000E+003    3.7700000000000E+002    4.0370000000000E+003
      96    4.3700000000000E+002    9.9953830000000E+006    1.4260000000000E+003    2.3710000000000E+003    3.8300000000000E+002    4.1800000000000E+003
      97    3.4300000000000E+002    9.9953340000000E+006    1.4530000000000E+003    2.4650000000000E+003    4.0500000000000E+002    4.3230000000000E+003
      98    2.4900000000000E+002    9.9953180000000E+006    1.4720000000000E+003    2.5470000000000E+003    4.1400000000000E+002    4.4330000000000E+003
      99    2.4900000000000E+002    9.9952170000000E+006    1.4470000000000E+003    2.6680000000000E+003    4.1900000000000E+002    4.5340000000000E+003
     100    2.7000000000000E+002    9.9951130000000E+006    1.4090000000000E+003    2.7690000000000E+003    4.3900000000000E+002    4.6170000000000E+003
     101    3.1200000000000E+002    9.9950220000000E+006    1.4000000000000E+003    2.8180000000000E+003    4.4800000000000E+002    4.6660000000000E+003
     102    3.9000000000000E+002    9.9949280000000E+006    1.3830000000000E+003    2.8400000000000E+003    4.5900000000000E+002    4.6820000000000E+003
     103    3.7800000000000E+002    9.9948390000000E+006    1.3390000000000E+003    2.9800000000000E+003    4.6400000000000E+002    4.7830000000000E+003
     104    3.1000000000000E+002    9.9948030000000E+006    1.3250000000000E+003    3.0890000000000E+003    4.7300000000000E+002    4.8870000000000E+003
     105    2.4100000000000E+002    9.9947810000000E+006    1.3000000000000E+003    3.2020000000000E+003    4.7600000000000E+002    4.9780000000000E+003
     106    2.4900000000000E+002    9.9946790000000E+006    1.3000000000000E+003    3.2950000000000E+003    4.7700000000000E+002    5.0720000000000E+003
     107    2.5300000000000E+002    9.9945860000000E+006    1.2360000000000E+003    3.4370000000000E+003    4.8800000000000E+002    5.1610000000000E+003
     108    3.0000000000000E+002    9.9945030000000E+006    1.1930000000000E+003    3.5040000000000E+003    5.0000000000000E+002    5.1970000000000E+003
     109    3.4500000000000E+002    9.9944360000000E+006    1.1820000000000E+003    3.5310000000000E+003    5.0600000000000E+002    5.2190000000000E+003
     110    3.1500000000000E+002    9.9943640000000E+006    1.1410000000000E+003    3.6710000000000E+003    5.0900000000000E+002    5.3210000000000E+003
     111    2.7000000000000E+002    9.9943160000000E+006    1.0910000000000E+003    3.8080000000000E+003    5.1500000000000E+002    5.4140000000000E+003
     112    2.2400000000000E+002    9.9942790000000E+006    1.0640000000000E+003    3.9140000000000E+003    5.1900000000000E+002    5.4970000000000E+003
     113    2.5400000000000E+002    9.9941820000000E+006    1.0300000000000E+003    4.0120000000000E+003    5.2200000000000E+002    5.5640000000000E+003
     114    2.9200000000000E+002    9.9940720000000E+006    1.0190000000000E+003    4.0810000000000E+003    5.3600000000000E+002    5.6360000000000E+003
     115    3.2100000000000E+002    9.9939950000000E+006    1.0180000000000E+003    4.1200000000000E+003    5.4600000000000E+002    5.6840000000000E+003
     116    3.6400000000000E+002    9.9939150000000E+006    1.0390000000000E+003    4.1260000000000E+003    5.5600000000000E+002    5.7210000000000E+003
     117    3.8400000000000E+002    9.9937980000000E+006    1.0350000000000E+003    4.2200000000000E+003    5.6300000000000E+002    5.8180000000000E+003
     118    3.3200000000000E+002    9.9937400000000E+006    1.0410000000000E+003    4.3160000000000E+003    5.7100000000000E+002    5.9280000000000E+003
     119    2.9000000000000E+002    9.9937050000000E+006    1.0270000000000E+003    4.4040000000000E+003    5.7400000000000E+002    6.0050000000000E+003
     120    3.4700000000000E+002    9.9935680000000E+006    1.0130000000000E+003    4.4950000000000E+003    5.7700000000000E+002    6.0850000000000E+003
     121    3.4900000000000E+002    9.9934490000000E+006    1.0410000000000E+003    4.5730000000000E+003    5.8800000000000E+002    6.2020000000000E+003
     122    4.0800000000000E+002    9.9933320000000E+006    1.0630000000000E+003    4.5980000000000E+003    5.9900000000000E+002    6.2600000000000E+003
     123    5.1500000000000E+002    9.9931900000000E+006    1.0760000000000E+003    4.6140000000000E+003    6.0500000000000E+002    6.2950000000000E+003
     124    4.9800000000000E+002    9.9930700000000E+006    1.1110000000000E+003    4.7090000000000E+003    6.1200000000000E+002    6.4320000000000E+003
     125    4.4200000000000E+002    9.9930070000000E+006    1.1370000000000E+003    4.7930000000000E+003    6.2100000000000E+002    6.5510000000000E+003
     126    3.7800000000000E+002    9.9929540000000E+006    1.1710000000000E+003    4.8710000000000E+003    6.2600000000000E+002    6.6680000000000E+003
     127    3.4700000000000E+002    9.9928430000000E+006    1.2460000000000E+003    4.9360000000000E+003    6.2800000000000E+002    6.8100000000000E+003
     128    3.8000000000000E+002    9.9926900000000E+006    1.2940000000000E+003    4.9940000000000E+003    6.4200000000000E+002    6.9300000000000E+003
     129    4.8200000000000E+002    9.9925250000000E+006    1.3090000000000E+003    5.0280000000000E+003    6.5600000000000E+002    6.9930000000000E+003
     130    5.6400000000000E+002    9.9923900000000E+006    1.3250000000000E+003    5.0500000000000E+003    6.7100000000000E+002    7.0460000000000E+003
     131    5.8200000000000E+002    9.9922610000000E+006    1.3390000000000E+003    5.1370000000000E+003    6.8100000000000E+002    7.1570000000000E+003
     132    4.8500000000000E+002    9.9922050000000E+006    1.3820000000000E+003    5.2370000000000E+003    6.9100000000000E+002    7.3100000000000E+003
     133    3.6600000000000E+002    9.9921590000000E+006    1.4700000000000E+003    5.3060000000000E+003    6.9900000000000E+002    7.4750000000000E+003
     134    3.6900000000000E+002    9.9920210000000E+006    1.5250000000000E+003    5.3820000000000E+003    7.0300000000000E+002    7.6100000000000E+003
     135    3.5200000000000E+002    9.9919090000000E+006    1.5370000000000E+003    5.4850000000000E+003    7.1700000000000E+002    7.7390000000000E+003
     136    4.2400000000000E+002    9.9917810000000E+006    1.5350000000000E+003    5.5270000000000E+003    7.3300000000000E+002    7.7950000000000E+003
     137    5.1200000000000E+002    9.9916470000000E+006    1.5460000000000E+003    5.5430000000000E+003    7.5200000000000E+002    7.8410000000000E+003
     138    5.2300000000000E+002    9.9914980000000E+006    1.5470000000000E+003    5.6700000000000E+003    7.6200000000000E+002    7.9790000000000E+003
     139    4.8900000000000E+002    9.9914200000000E+006    1.5400000000000E+003    5.7770000000000E+003    7.7400000000000E+002    8.0910000000000E+003
     140    4.0800000000000E+002    9.9913730000000E+006    1.5510000000000E+003    5.8910000000000E+003    7.7700000000000E+002    8.2190000000000E+003
     141    4.5800000000000E+002    9.9911890000000E+006    1.5430000000000E+003    6.0260000000000E+003    7.8400000000000E+002    8.3530000000000E+003
     142    4.8400000000000E+002    9.9910140000000E+006    1.5720000000000E+003    6.1270000000000E+003    8.0300000000000E+002    8.5020000000000E+003
     143    5.5500000000000E+002    9.9908650000000E+006    1.5870000000000E+003    6.1750000000000E+003    8.1800000000000E+002    8.5800000000000E+003
     144    5.9200000000000E+002    9.9907810000000E+006    1.5810000000000E+003    6.2130000000000E+003    8.3300000000000E+002    8.6270000000000E+003
     145    5.5900000000000E+002    9.9906300000000E+006    1.6540000000000E+003    6.3150000000000E+003    8.4200000000000E+002    8.8110000000000E+003
     146    4.4200000000000E+002    9.9905720000000E+006    1.6760000000000E+003    6.4510000000000E+003    8.5900000000000E+002    8.9860000000000E+003
     147    3.4000000000000E+002    9.9905250000000E+006    1.6600000000000E+003    6.6130000000000E+003    8.6200000000000E+002    9.1350000000000E+003
     148    4.4800000000000E+002    9.9903330000000E+006    1.6090000000000E+003    6.7430000000000E+003    8.6700000000000E+002    9.2190000000000E+003
     149    4.4000000000000E+002    9.9901900000000E+006    1.6310000000000E+003    6.8470000000000E+003    8.9200000000000E+002    9.3700000000000E+003
     150    5.4000000000000E+002    9.9900320000000E+006    1.6330000000000E+003    6.8860000000000E+003    9.0900000000000E+002    9.4280000000000E+003
     151    6.4900000000000E+002    9.9898760000000E+006    1.6340000000000E+003    6.9170000000000E+003    9.2400000000000E+002    9.4750000000000E+003
     152    5.9000000000000E+002    9.9897430000000E+006    1.6880000000000E+003    7.0490000000000E+003    9.3000000000000E+002    9.6670000000000E+003
     153    5.1400000000000E+002    9.9896760000000E+006    1.7190000000000E+003    7.1500000000000E+003    9.4100000000000E+002    9.8100000000000E+003
     154    3.9500000000000E+002    9.9896370000000E+006    1.7490000000000E+003    7.2730000000000E+003    9.4600000000000E+002    9.9680000000000E+003
     155    4.4600000000000E+002    9.9894300000000E+006    1.7710000000000E+003    7.4000000000000E+003    9.5300000000000E+002    1.0124000000000E+004
     156    4.4900000000000E+002    9.9892940000000E+006    1.7550000000000E+003    7.5380000000000E+003    9.6400000000000E+002    1.0257000000000E+004
     157    5.3800000000000E+002    9.9891380000000E+006    1.7440000000000E+003    7.6030000000000E+003    9.7700000000000E+002    1.0324000000000E+004
     158    6.5200000000000E+002    9.9889850000000E+006    1.7360000000000E+003    7.6380000000000E+003    9.8900000000000E+002    1.0363000000000E+004
     159    5.9300000000000E+002    9.9888370000000E+006    1.7590000000000E+003    7.8030000000000E+003    1.0080000000000E+003    1.0570000000000E+004
     160    5.0300000000000E+002    9.9887910000000E+006    1.7200000000000E+003    7.9620000000000E+003    1.0240000000000E+003    1.0706000000000E+004
     161    4.1400000000000E+002    9.9887240000000E+006    1.7270000000000E+003    8.1050000000000E+003    1.0300000000000E+003    1.0862000000000E+004
     162    4.6200000000000E+002    9.9885230000000E+006    1.7960000000000E+003    8.1820000000000E+003    1.0370000000000E+003    1.1015000000000E+004
     163    5.1400000000000E+002    9.9883230000000E+006    1.7930000000000E+003    8.3120000000000E+003    1.0580000000000E+003    1.1163000000000E+004
     164    6.2900000000000E+002    9.9881620000000E+006    1.7810000000000E+003    8.3570000000000E+003    1.0710000000000E+003    1.1209000000000E+004
     165    7.2200000000000E+002    9.9880020000000E+006    1.8010000000000E+003    8.3910000000000E+003    1.0840000000000E+003    1.1276000000000E+004
     166    6.7600000000000E+002    9.9878470000000E+006    1.8100000000000E+003    8.5660000000000E+003    1.1010000000000E+003    1.1477000000000E+004
     167    4.7600000000000E+002    9.9878470000000E+006    1.8670000000000E+003    8.6890000000000E+003    1.1210000000000E+003    1.1677000000000E+004
     168    3.1500000000000E+002    9.9878470000000E+006    1.8700000000000E+003    8.8420000000000E+003    1.1260000000000E+003    1.1838000000000E+004
     169    1.5500000000000E+002    9.9878470000000E+006    1.8740000000000E+003    8.9920000000000E+003    1.1320000000000E+003    1.1998000000000E+004
     170    0.0000000000000E+000    9.9878470000000E+006    1.8960000000000E+003    9.1090000000000E+003    1.1480000000000E+003    1.2153000000000E+004
     171    0.0000000000000E+000    9.9878470000000E+006    1.8290000000000E+003    9.1490000000000E+003    1.1750000000000E+003    1.2153000000000E+004
     172    0.0000000000000E+000    9.9878470000000E+006    1.7900000000000E+003    9.1700000000000E+003    1.1930000000000E+003    1.2153000000000E+004
     173    0.0000000000000E+000    9.9878470000000E+006    1.5830000000000E+003    9.3670000000000E+003    1.2030000000000E+003    1.2153000000000E+004
     174    0.0000000000000E+000    9.9878470000000E+006    1.4470000000000E+003    9.4810000000000E+003    1.2250000000000E+003    1.2153000000000E+004
     175    0.0000000000000E+000    9.9878470000000E+006    1.2910000000000E+003    9.6370000000000E+003    1.2250000000000E+003    1.2153000000000E+004
     176    0.0000000000000E+000    9.9878470000000E+006    1.1380000000000E+003    9.7900000000000E+003    1.2250000000000E+003    1.2153000000000E+004
     177    0.0000000000000E+000    9.9878470000000E+006    9.9000000000000E+002    9.9380000000000E+003    1.2250000000000E+003    1.2153000000000E+004
     178    0.0000000000000E+000    9.9878470000000E+006    9.4400000000000E+002    9.9840000000000E+003    1.2250000000000E+003    1.2153000000000E+004
     179    0.0000000000000E+000    9.9878470000000E+006    8.7700000000000E+002    1.0051000000000E+004    1.2250000000000E+003    1.2153000000000E+004
     180    0.0000000000000E+000    9.9878470000000E+006    6.7600000000000E+002    1.0252000000000E+004    1.2250000000000E+003    1.2153000000000E+004
     181    0.0000000000000E+000    9.9878470000000E+006    4.7600000000000E+002    1.0452000000000E+004    1.2250000000000E+003    1.2153000000000E+004
     182    0.0000000000000E+000    9.9878470000000E+006    3.1500000000000E+002    1.0613000000000E+004    1.2250000000000E+003    1.2153000000000E+004
     183    0.0000000000000E+000    9.9878470000000E+006    1.5500000000000E+002    1.0773000000000E+004    1.2250000000000E+003    1.2153000000000E+004
     184    0.0000000000000E+000    9.9878470000000E+006    0.0000000000000E+000    1.0928000000000E+004    1.2250000000000E+003    1.2153000000000E+004
     185    0.0000000000000E+000    9.9878470000000E+006    0.0000000000000E+000    1.0928000000000E+004    1.2250000000000E+003    1.2153000000000E+004
     186    0.0000000000000E+000    9.9878470000000E+006    0.0000000000000E+000    1.0928000000000E+004    1.2250000000000E+003    1.2153000000000E+004
     187    0.0000000000000E+000    9.9878470000000E+006    0.0000000000000E+000    1.0928000000000E+004    1.2250000000000E+003    1.2153000000000E+004
     188    0.0000000000000E+000    9.9878470000000E+006    0.0000000000000E+000    1.0928000000000E+004    1.2250000000000E+003    1.2153000000000E+004
     189    0.0000000000000E+000    9.9878470000000E+006    0.0000000000000E+000    1.0928000000000E+004    1.2250000000000E+003    1.2153000000000E+004
     190    0.0000000000000E+000    9.9878470000000E+006    0.0000000000000E+000    1.0928000000000E+004    1.2250000000000E+003    1.2153000000000E+004
     191    0.0000000000000E+000    9.9878470000000E+006    0.0000000000000E+000    1.0928000000000E+004    1.2250000000000E+003    1.2153000000000E+004
     192    0.0000000000000E+000    9.9878470000000E+006    0.0000000000000E+000    1.0928000000000E+004    1.2250000000000E+003    1.2153000000000E+004
     193    0.0000000000000E+000    9.9878470000000E+006    0.0000000000000E+000    1.0928000000000E+004    1.2250000000000E+003    1.2153000000000E+004
     194    0.0000000000000E+000    9.9878470000000E+006    0.0000000000000E+000    1.0928000000000E+004    1.2250000000000E+003    1.2153000000000E+004
     195    0.0000000000000E+000    9.9878470000000E+006    0.0000000000000E+000    1.0928000000000E+004    1.2250000000000E+003    1.2153000000000E+004
     196    0.0000000000000E+000    9.9878470000000E+006    0.0000000000000E+000    1.0928000000000E+004    1.2250000000000E+003    1.2153000000000E+004
     197    0.0000000000000E+000    9.9878470000000E+006    0.0000000000000E+000    1.0928000000000E+004    1.2250000000000E+003    1.2153000000000E+004
     198    0.0000000000000E+000    9.9878470000000E+006    0.0000000000000E+000    1.0928000000000E+004    1.2250000000000E+003    1.2153000000000E+004
     199    0.0000000000000E+000    9.9878470000000E+006    0.0000000000000E+000    1.0928000000000E+004    1.2250000000000E+003    1.2153000000000E+004
     200    0.0000000000000E+000    9.9878470000000E+006    0.0000000000000E+000    1.0928000000000E+004    1.2250000000000E+003    1.2153000000000E+004
