         1         0         0         0        13         0         3
         2         4         0         0        13         0         0
         3         4         0         0        13         0         0
         4         4         0         0        13         0         0
         5         1         0         0        13         3         0
         6         4         4         0        13         0         1
         7         8         4         0        17         0         2
         8         5         4         0        21         0         0
         9         6         1         0        25         0         1
        10        10         4         0        26         1         0
        11         4         8         0        30         2         2
        12         7         5         0        38         0         0
        13        10         6         0        43         1         1
        14         6        10         0        49         0         0
        15        14         4         0        59         2         0
        16         9         7         0        63         0         0
        17         6        10         0        70         1         2
        18        15         6        13        80         0         1
        19        10        14         0        73         0         2
        20         6         9         4        87         0         1
        21        13         6         4        92         2         0
        22         8        15         4        94         1         0
        23         8        10         1       105         2         1
        24         7         6         4       114         1         2
        25        16        13         8       116         0         2
        26        15         8         5       121         0         2
        27        16         8         6       124         1         3
        28        14         7        10       126         2         0
        29         9        16         4       123         2         0
        30        14        15         7       135         2         3
        31        28        16        10       143         3         3
        32        19        14         6       149         0         1
        33        15         9        14       157         0         1
        34        26        14         9       152         3         0
        35        21        28         6       157         3         6
        36        18        19        15       179         1         2
        37        24        15        10       183         1         1
        38        29        26         6       188         0         3
        39        24        21        13       208         6         2
        40        29        18         8       216         2         3
        41        34        24         8       226         1         2
        42        32        29         7       242         3         5
        43        39        24        16       264         2         5
        44        37        29        15       272         3         4
        45        40        34        16       286         2         2
        46        36        32        14       304         5         4
        47        53        39         9       322         5         2
        48        38        37        14       352         4         6
        49        30        40        28       375         2         3
        50        41        36        19       387         4         2
        51        53        53        15       404         2         6
        52        51        38        26       442         6         4
        53        54        30        21       454         3         2
        54        57        41        18       463         2         4
        55        51        53        24       486         6         6
        56        59        51        29       515         4         5
        57        50        54        24       537         2         5
        58        44        57        29       567         4         3
        59        90        51        34       595         6         3
        60        69        59        32       612         5         4
        61        75        50        39       639         5         5
        62        64        44        37       650         3         4
        63        74        90        40       657         3         2
        64        70        69        36       707         4         6
        65        58        75        53       740         5         8
        66        60        64        38       762         4         5
        67        80        74        30       788         2         9
        68        81        70        41       832         6         7
        69        75        58        53       861         8         8
        70        82        60        51       866         5         8
        71        61        80        54       875         9        13
        72        65        81        57       901         7         7
        73        50        75        51       925         8         6
        74        72        82        59       949         8         5
        75        83        61        50       972        13         9
        76        66        65        44       983         7         8
        77        32        50        90      1004         6         5
        78       149        72        69       964         5         3
        79       116        83        75       967         9        11
        80        91        66        64       975         8         6
        81       126        32        74       977         5         2
        82       121       149        70       935         3        13
        83        58       116        58      1014        11        15
        84        33        91        60      1072         6        10
        85       145       126        80      1103         2         6
        86       118       121        81      1149        13        13
        87       116        58        75      1189        15         5
        88        94        33        82      1172        10         5
        89       153       145        61      1123         6        19
        90        79       118        65      1207        13        12
        91        33       116        50      1260         5        14
        92       143        94        72      1326         5         6
        93       143       153        83      1348        19        22
        94       110        79        66      1418        12         9
        95       101        33        32      1431        14         5
        96        83       143       149      1432         6        20
        97        49       143       116      1426        22         9
        98        16       110        91      1453         9        11
        99       101       101       126      1472         5         5
       100       104        83       121      1447        20         9
       101        91        49        58      1409         9         3
       102        94        16        33      1400        11         1
       103        89       101       145      1383         5        11
       104        36       104       118      1339         9        12
       105        22        91       116      1325         3         6
       106       102        94        94      1300         1         3
       107        93        89       153      1300        11         6
       108        83        36        79      1236        12         4
       109        67        22        33      1193         6         3
       110        72       102       143      1182         3        14
       111        48        93       143      1141         6        10
       112        37        83       110      1091         4        10
       113        97        67       101      1064         3         7
       114       110        72        83      1030        14         8
       115        77        48        49      1019        10         3
       116        80        37        16      1018        10         3
       117       117        97       101      1039         7        11
       118        58       110       104      1035         8        11
       119        35        77        91      1041         3         6
       120       137        80        94      1027         3         7
       121       119       117        89      1013        11         9
       122       117        58        36      1041        11         5
       123       142        35        22      1063         6         2
       124       120       137       102      1076         7        14
       125        63       119        93      1111         9        14
       126        53       117        83      1137         5        15
       127       111       142        67      1171         2        10
       128       153       120        72      1246        14        10
       129       165        63        48      1294        14         8
       130       135        53        37      1309        15         4
       131       129       111        97      1325        10        14
       132        56       153       110      1339        10        16
       133        46       165        77      1382         8        19
       134       138       135        80      1470         4        10
       135       112       129       117      1525        14        12
       136       128        56        58      1537        16         3
       137       134        46        35      1535        19         7
       138       149       138       137      1546        10        19
       139        78       112       119      1547        12        15
       140        47       128       117      1540         3        15
       141       184       134       142      1551         7         9
       142       175       149       120      1543        19        17
       143       149        78        63      1572        15         3
       144        84        47        53      1587        15         5
       145       151       184       111      1581         9        25
       146        58       175       153      1654        17        17
       147        47       149       165      1676         3        15
       148       192        84       135      1660         5         6
       149       143       151       129      1609        25        11
       150       158        58        56      1631        17         5
       151       156        47        46      1633        15         7
       152       133       192       138      1634         6        11
       153        67       143       112      1688        11        13
       154        39       158       128      1719         5        12
       155       207       156       134      1749         7        19
       156       136       133       149      1771        11        16
       157       156        67        78      1755        13         6
       158       153        39        47      1744        12         7
       159       148       207       184      1736        19        21
       160        46       136       175      1759        16        13
       161        67       156       149      1720         6        13
       162       201       153        84      1727         7        17
       163       200       148       151      1796        21        20
       164       161        46        58      1793        13         5
       165       160        67        47      1781        13         6
       166       155       201       192      1801        17        16
       167         0       200       143      1810        20        27
       168         0       161       158      1867         5        18
       169         0       160       156      1870         6        10
       170         0       155       133      1874        16        22
       171         0         0        67      1896        27         0
       172         0         0        39      1829        18         0
       173         0         0       207      1790        10         0
       174         0         0       136      1583        22         0
       175         0         0       156      1447         0         0
       176         0         0       153      1291         0         0
       177         0         0       148      1138         0         0
       178         0         0        46       990         0         0
       179         0         0        67       944         0         0
       180         0         0       201       877         0         0
       181         0         0       200       676         0         0
       182         0         0       161       476         0         0
       183         0         0       160       315         0         0
       184         0         0       155       155         0         0
       185         0         0         0         0         0         0
       186         0         0         0         0         0         0
       187         0         0         0         0         0         0
       188         0         0         0         0         0         0
       189         0         0         0         0         0         0
       190         0         0         0         0         0         0
       191         0         0         0         0         0         0
       192         0         0         0         0         0         0
       193         0         0         0         0         0         0
       194         0         0         0         0         0         0
       195         0         0         0         0         0         0
       196         0         0         0         0         0         0
       197         0         0         0         0         0         0
       198         0         0         0         0         0         0
       199         0         0         0         0         0         0
       200         0         0         0         0         0         0
