         1         0         0         0        13         0         2
         2         3         0         0        13         0         0
         3         4         0         0        13         0         0
         4         4         0         0        13         0         0
         5         4         0         0        13         2         0
         6         3         3         0        13         0         0
         7         1         4         0        16         0         0
         8         4         4         0        20         0         0
         9         6         4         0        24         0         0
        10         6         3         0        28         0         0
        11         7         1         0        31         0         0
        12         9         4         0        32         0         1
        13         7         6         0        36         0         1
        14         6         6         0        42         0         0
        15         0         7         0        48         0         0
        16        12         9         0        55         1         0
        17         9         7         0        64         1         1
        18         7         6        13        71         0         1
        19         5         0         0        64         0         0
        20         7        12         3        64         0         3
        21         7         9         4        73         1         4
        22         4         7         4        78         1         0
        23        11         5         4        81         0         0
        24         6         7         3        82         3         2
        25        11         7         1        86         4         0
        26        17         4         4        92         0         0
        27         5        11         6        92         0         1
        28        14         6         6        97         2         0
        29         7        11         7        97         0         0
        30         8        17         9       101         0         0
        31         6         5         7       109         1         0
        32        10        14         6       107         0         3
        33        12         7         0       115         0         2
        34        18         8        12       122         0         1
        35        18         6         9       118         0         1
        36        10        10         7       115         3         2
        37        15        12         5       118         2         0
        38        19        18         7       125         1         1
        39        12        18         7       136         1         0
        40        11        10         4       147         2         0
        41        23        15        11       153         0         0
        42        12        19         6       157         1         1
        43        15        12        11       170         0         3
        44        23        11        17       171         0         2
        45        14        23         5       165         0         3
        46        26        12        14       183         1         2
        47        18        15         7       181         3         2
        48        12        23         8       189         2         5
        49        18        14         6       204         3         1
        50        17        26        10       212         2         6
        51        25        18        12       228         2         1
        52        20        12        18       234         5         1
        53        18        18        18       228         1         0
        54        19        17        10       228         6         0
        55        29        25        15       235         1         1
        56        27        20        19       245         1         1
        57        34        18        12       246         0         7
        58        24        19        11       252         0         2
        59        33        29        23       260         1         2
        60        22        27        12       266         1         4
        61        36        34        15       281         7         2
        62        30        24        23       300         2         0
        63        35        33        14       301         2         2
        64        29        22        26       320         4         1
        65        34        36        18       316         2         6
        66        32        30        12       334         0         1
        67        30        35        18       352         2         2
        68        37        29        17       369         1         1
        69        36        34        25       381         6         3
        70        32        32        20       390         1         2
        71        32        30        18       402         2         3
        72        24        37        19       414         1         4
        73        32        36        29       432         3         3
        74        38        32        27       439         2         1
        75        30        32        34       444         3         1
        76        38        24        24       442         4         1
        77        47        32        33       442         3         0
        78        31        38        22       441         1         6
        79        38        30        36       457         1         3
        80        26        38        30       451         1         5
        81        47        47        35       459         0         1
        82        38        31        29       471         6         3
        83        42        38        34       473         3         3
        84        39        26        32       477         5         1
        85        26        47        30       471         1         2
        86        42        38        37       488         3         3
        87        43        42        36       489         3         5
        88        37        39        32       495         1         1
        89        41        26        32       502         2         1
        90        54        42        24       496         3         6
        91        28        43        32       514         5         4
        92        49        37        38       525         1         5
        93        27        41        30       524         1         3
        94        10        54        38       535         6         9
        95        73        28        47       551         4         7
        96        45        49        31       532         5        11
        97        40        27        38       550         3         2
        98        48        10        26       539         9         1
        99        61        73        47       523         7         5
       100        30        45        38       549        11         6
       101        22        40        42       556         2         6
       102        72        48        39       554         1         3
       103        37        61        26       563         5         3
       104        55        30        42       598         6         4
       105        54        22        43       586         6         1
       106        54        72        37       565         3         6
       107        53        37        41       600         3         2
       108        22        55        54       596         4         5
       109        62        54        28       597         1         2
       110        69        54        49       623         6         5
       111        63        53        27       628         2         3
       112        69        22        10       654         5         1
       113        53        62        73       666         2         6
       114        20        69        45       655         5         6
       115        22        63        40       679         3         6
       116        68        69        48       702         1         8
       117        52        53        61       723         6         4
       118        37        20        30       715         6         2
       119        51        22        22       705         6         3
       120        59        68        72       705         8         6
       121        29        52        37       701         4         6
       122        23        37        55       716         2         5
       123        45        51        54       698         3         4
       124        51        59        54       695         6         7
       125        61        29        53       700         6         2
       126        30        23        22       676         5         3
       127        41        45        62       677         4         3
       128        37        51        69       660         7         2
       129        27        61        63       642         2         6
       130        51        30        69       640         3         2
       131        33        41        53       601         3         5
       132        63        37        20       589         2         1
       133        63        27        22       606         6         4
       134        41        51        68       611         2         5
       135        33        33        52       594         5         5
       136        16        63        37       575         1         9
       137        48        63        51       601         4         8
       138        48        41        59       613         5         3
       139        49        33        29       595         5         2
       140        29        16        23       599         9         1
       141        46        48        45       592         8         4
       142        34        48        51       595         3         6
       143        19        49        61       592         2         8
       144        69        29        30       580         1         5
       145        46        46        41       579         4         7
       146        53        34        37       584         6         2
       147        31        19        27       581         8         3
       148        21        69        51       573         5         3
       149        23        46        33       591         7         5
       150        13        53        63       604         2         3
       151        40        31        63       594         3         4
       152        59        21        41       562         3         0
       153        33        23        33       542         5         2
       154        43        13        16       532         3         2
       155        31        40        48       529         4         6
       156        18        59        48       521         0         5
       157        23        33        49       532         2         5
       158        57        43        29       516         2         5
       159        44        31        46       530         6         3
       160        44        18        34       515         5         2
       161        32        23        19       499         5         2
       162        20        57        69       503         5         5
       163         9        44        46       491         3         3
       164        26        44        53       489         2         3
       165        35        32        31       480         2         2
       166        27        20        21       481         5         1
       167        19         9        23       480         3         0
       168        45        26        13       466         3         6
       169        41        35        40       479         2         2
       170        24        27        59       474         1         5
       171        18        19        33       442         0         1
       172        60        45        43       428         6         4
       173        32        41        31       430         2         7
       174        32        24        18       440         5         3
       175        47        18        23       446         1         1
       176        11        60        57       441         4         7
       177         9        32        44       444         7         2
       178         9        32        44       432         3         2
       179        41        47        32       420         1         3
       180        30        11        20       435         7         1
       181        25         9         9       426         2         1
       182        41         9        26       426         2         0
       183        23        41        35       409         3         3
       184        13        30        27       415         1         3
       185        21        25        19       418         1         2
       186        26        41        45       424         0         2
       187        15        23        41       420         3         1
       188        22        13        24       402         3         1
       189        28        21        18       391         2         1
       190        34        26        60       394         2         2
       191        11        15        32       360         1         1
       192        10        22        32       343         1         2
       193        24        28        47       333         1         1
       194        28        34        11       314         2         2
       195        14        11         9       337         1         2
       196        24        10         9       339         2         1
       197        18        24        41       340         1         1
       198        16        28        30       323         2         3
       199        11        14        25       321         2         4
       200        29        24        41       310         1         3
       201        30        18        23       293         1         1
       202        22        16        13       288         3         1
       203        13        11        21       291         4         2
       204         8        29        26       281         3         2
       205         8        30        15       284         1         6
       206        14        22        22       299         1         1
       207        25        13        28       299         2         3
       208        23         8        34       284         2         0
       209        16         8        11       258         6         0
       210         7        14        10       255         1         1
       211         9        25        24       259         3         2
       212         5        23        28       260         0         3
       213         5        16        14       255         0         2
       214        19         7        24       257         1         0
       215        23         9        18       240         2         1
       216        10         5        16       231         3         1
       217        22         5        11       220         2         0
       218        11        19        29       214         0         3
       219        19        23        30       204         1         1
       220         5        10        22       197         1         1
       221        16        22        13       185         0         2
       222        26        11         8       194         3         0
       223        13        19         8       197         1         0
       224        11         5        14       208         1         1
       225        17        16        25       199         2         2
       226         6        26        23       190         0         4
       227         6        13        16       193         0         0
       228         6        11         7       190         1         3
       229        13        17         9       194         2         2
       230        11         6         5       202         4         1
       231        18         6         5       203         0         1
       232        14         6        19       204         3         0
       233         4        13        23       191         2         1
       234        18        11        10       181         1         2
       235        19        18        22       182         1         3
       236        25        14        11       178         0         1
       237        17         4        19       181         1         0
       238        15        18         5       166         2         6
       239        15        19        16       179         3         0
       240         9        25        26       182         1         4
       241         4        17        13       181         0         2
       242        15        15        11       185         6         1
       243        15        15        17       189         0         2
       244        27         9         6       187         4         2
       245        23         4         6       190         2         0
       246        11        15         6       188         1         0
       247         8        15        13       197         2         1
       248         8        27        11       199         2         1
       249        23        23        18       215         0         2
       250         7        11        14       220         0         0
       251        32         8         4       217         1         0
       252        22         8        18       221         1         1
       253        16        23        19       211         2         4
       254        10         7        25       215         0         1
       255         3        32        17       197         0         1
       256        26        22        15       212         1         1
       257        18        16        15       219         4         2
       258         9        10         9       220         1         0
       259        11         3         4       221         1         1
       260        29        26        15       220         1         2
       261        10        18        15       231         2         2
       262        18         9        27       234         0         2
       263        21        11        23       216         1         0
       264        19        29        11       204         2         3
       265        20        10         8       222         2         0
       266        17        18         8       224         2         0
       267        11        21        23       234         0         5
       268        16        19         7       232         3         2
       269        11        20        32       244         0         5
       270        38        17        22       232         0         2
       271        33        11        16       227         5         2
       272        35        16        10       222         2         2
       273        25        11         3       228         5         1
       274        23        38        26       236         2         5
       275        26        33        18       248         2         3
       276        31        35         9       263         2         2
       277        72        25        11       289         1         2
       278        63        23        29       303         5         4
       279        47        26        10       297         3         3
       280        58        31        18       313         2         2
       281        68        72        21       326         2        10
       282        40        63        19       377         4         7
       283        42        47        20       421         3         3
       284        92        58        17       448         2         8
       285        83        68        11       489        10         5
       286       104        40        16       546         7         2
       287        79        42        11       570         3         3
       288        78        92        38       601         8        12
       289        47        83        33       655         5         8
       290        38       104        35       705         2         7
       291        76        79        25       774         3         6
       292       114        78        23       828        12         6
       293       104        47        26       883         8         7
       294       114        38        31       904         7         5
       295        96        76        72       911         6         9
       296        50       114        63       915         6        18
       297        36       104        47       966         7        11
       298        96       114        58      1023         5        14
       299       101        96        68      1079         9         7
       300        92        50        40      1107        18         5
       301        80        36        42      1117        11         1
       302        49        96        92      1111        14        11
       303        31       101        83      1115         7         9
       304        29        92       104      1133         5        17
       305        26        80        79      1121         1         7
       306        40        49        78      1122        11         5
       307        72        31        47      1093         9         3
       308        27        29        38      1077        17         2
       309        40        26        76      1068         7         1
       310        25        40       114      1018         5         4
       311        22        72       104       944         3         8
       312        38        27       114       912         2         1
       313        52        40        96       825         1         5
       314        35        25        50       769         4         2
       315        31        22        36       744         8         1
       316        27        38        96       730         1         4
       317        20        52       101       672         5         7
       318        20        35        92       623         2         4
       319        27        31        80       566         1         3
       320        29        27        49       517         4         4
       321        30        20        31       495         7         1
       322        26        20        29       484         4         0
       323        30        27        26       475         3         1
       324        12        29        40       476         4         1
       325         6        30        72       465         1         3
       326        19        26        27       423         0         3
       327        42        30        40       422         1         1
       328        38        12        25       412         1         0
       329        25         6        22       399         3         1
       330        16        19        38       383         3         1
       331         8        42        52       364         1         5
       332         5        38        35       354         0         3
       333        26        25        31       357         1         2
       334        17        16        27       351         1         3
       335         9         8        20       340         5         0
       336        12         5        20       328         3         0
       337        31        26        27       313         2         0
       338         9        17        29       312         3         3
       339         3         9        30       300         0         0
       340        30        12        26       279         0         2
       341        18        31        30       265         0         4
       342        15         9        12       266         3         1
       343        17         3         6       263         0         0
       344        24        30        19       260         2         6
       345         9        18        42       271         4         2
       346        18        15        38       247         1         2
       347         1        17        25       224         0         4
       348        18        24        16       216         6         2
       349        25         9         8       224         2         0
       350        12        18         5       225         2         2
       351        23         1        26       238         4         0
       352         9        18        17       213         2         3
       353         9        25         9       214         0         1
       354        15        12        12       230         2         0
       355        17        23        31       230         0         1
       356        12         9         9       222         3         1
       357         9         9         3       222         1         2
       358         2        15        30       228         0         3
       359         7        17        18       213         1         2
       360         2        12        15       212         1         0
       361        13         9        17       209         2         0
       362        22         2        24       201         3         0
       363         6         7         9       179         2         0
       364         8         2        18       177         0         0
       365        11        13         1       161         0         4
       366         4        22        18       173         0         4
       367        23         6        25       177         0         2
       368        27         8        12       158         0         1
       369        32        11        23       154         4         2
       370        21         4         9       142         4         1
       371        25        23         9       137         2         3
       372        18        27        15       151         1         2
       373        23        32        17       163         2         2
       374        11        21        12       178         1         2
       375        28        25         9       187         3         0
       376        10        18         2       203         2         2
       377        19        23         7       219         2         2
       378         9        11         2       235         2         0
       379        22        28        13       244         0         3
       380         7        10        22       259         2         1
       381        11        19         6       247         2         1
       382        37         9         8       260         0         2
       383        16        22        11       261         3         0
       384        13         7         4       272         1         1
       385        21        11        23       275         1         3
       386        27        37        27       263         2         3
       387         8        16        32       273         0         1
       388         2        13        21       257         1         1
       389        24        21        25       249         3         2
       390        13        27        18       245         3         3
       391        22         8        23       254         1         0
       392        14         2        11       239         1         0
       393        22        24        28       230         2         5
       394        20        13        10       226         3         2
       395        21        22        19       229         0         4
       396        23        14         9       232         0         0
       397        28        22        22       237         5         2
       398        19        20         7       237         2         5
       399        27        21        11       250         4         3
       400        14        23        37       260         0         1
       401         5        28        16       246         2         3
       402         7        19        13       258         5         2
       403        16        27        21       264         3         5
       404        18        14        27       270         1         2
       405        14         5         8       257         3         0
       406        12         7         2       254         2         0
       407        16        16        24       259         5         1
       408        11        18        13       251         2         2
       409         6        14        22       256         0         1
       410        25        12        14       248         0         4
       411        32        16        22       246         1         3
       412        32        11        20       240         2         0
       413        20         6        21       231         1         1
       414        19        25        23       216         4         3
       415        18        32        28       218         3         4
       416         9        32        19       222         0         6
       417        26        20        27       235         1         1
       418        13        19        14       228         3         3
       419        24        18         5       233         4         4
       420        11         9         7       246         6         2
       421        13        26        16       248         1         7
       422        10        13        18       258         3         0
       423         9        24        14       253         4         1
       424        28        11        12       263         2         0
       425        18        13        16       262         7         0
       426        14        10        11       259         0         1
       427        13         9         6       258         1         1
       428        20        28        25       261         0         2
       429        11        18        32       264         0         3
       430         2        14        32       250         1         3
       431        27        13        20       232         1         3
       432        23        20        19       225         2         2
       433        30        11        18       226         3         1
       434        16         2         9       219         3         0
       435        29        27        26       212         3         4
       436         8        23        13       213         2         1
       437         7        30        24       223         1         4
       438        31        16        11       229         0         1
       439        41        29        13       234         4         7
       440        18         8        10       250         1         2
       441        21         7         9       248         4         0
       442        37        31        28       246         1         4
       443        11        41        18       249         7         5
       444         1        18        14       272         2         1
       445        42        21        13       276         0         2
       446        20        37        20       284         4         4
       447        20        11        11       301         5         2
       448        30         1         2       301         1         0
       449        32        42        27       300         2         1
       450         9        20        23       315         4         2
       451         7        20        30       312         2         3
       452        53        30        16       302         0         3
       453        81        32        29       316         1         2
       454        41         9         8       319         2         4
       455        62         7         7       320         3         2
       456        72        53        31       320         3         3
       457        40        81        41       342         2         4
       458        33        41        18       382         4         1
       459        92        62        21       405         2         6
       460       138        72        37       446         3         8
       461       118        40        11       481         4         3
       462       163        33         1       510         1         5
       463       135        92        42       542         6         8
       464        71       138        20       592         8        15
       465        71       118        20       710         3        13
       466       140       163        30       808         5        13
       467       192       135        32       941         8         9
       468       121        71         9      1044        15         8
       469       335        71         7      1106        13         9
       470       323       140        53      1170        13        17
       471       126       192        81      1257         9        16
       472       126       121        41      1368         8        11
       473       152       335        62      1448         9        39
       474       499       323        72      1721        17        38
       475       483       126        40      1972        16        14
       476       506       126        33      2058        11        16
       477       648       152        92      2151        39        17
       478       203       499       138      2211        38        53
       479       239       483       118      2572        14        54
       480       565       506       163      2937        16        43
       481       580       648       135      3280        17        67
       482       486       203        71      3793        53        13
       483       410       239        71      3925        54        27
       484       344       565       140      4093        43        56
       485       180       580       192      4518        67        62
       486       180       486       121      4906        13        35
       487       619       410       335      5271        27        41
       488       649       344       323      5346        56        41
       489       529       180       126      5367        62        16
       490       540       180       126      5421        35        13
       491       430       619       152      5475        41        51
       492       176       649       499      5942        41        75
       493       247       529       483      6092        16        42
       494       620       540       506      6138        13        44
       495       457       430       648      6172        51        48
       496         0       176       203      5954        75        16
       497         0       247       239      5927        42        20
       498         0       620       565      5935        44        60
       499         0       457       580      5990        48        55
       500         0         0       486      5867        16         0
       501         0         0       410      5381        20         0
       502         0         0       344      4971        60         0
       503         0         0       180      4627        55         0
       504         0         0       180      4447         0         0
       505         0         0       619      4267         0         0
       506         0         0       649      3648         0         0
       507         0         0       529      2999         0         0
       508         0         0       540      2470         0         0
       509         0         0       430      1930         0         0
       510         0         0       176      1500         0         0
       511         0         0       247      1324         0         0
       512         0         0       620      1077         0         0
       513         0         0       457       457         0         0
       514         0         0         0         0         0         0
       515         0         0         0         0         0         0
       516         0         0         0         0         0         0
       517         0         0         0         0         0         0
       518         0         0         0         0         0         0
       519         0         0         0         0         0         0
       520         0         0         0         0         0         0
       521         0         0         0         0         0         0
       522         0         0         0         0         0         0
       523         0         0         0         0         0         0
       524         0         0         0         0         0         0
       525         0         0         0         0         0         0
       526         0         0         0         0         0         0
       527         0         0         0         0         0         0
       528         0         0         0         0         0         0
       529         0         0         0         0         0         0
       530         0         0         0         0         0         0
       531         0         0         0         0         0         0
       532         0         0         0         0         0         0
       533         0         0         0         0         0         0
       534         0         0         0         0         0         0
       535         0         0         0         0         0         0
       536         0         0         0         0         0         0
       537         0         0         0         0         0         0
       538         0         0         0         0         0         0
       539         0         0         0         0         0         0
       540         0         0         0         0         0         0
