         1         0         0         0         2         0         0
         2        17         0         0         2         0         0
         3         3         1         0         2         0         0
         4        11         4         0         3         0         0
         5         4         0         0         7         0         0
         6         0        17         0         7         0         1
         7         0         3         0        24         0         0
         8         2        11         0        27         0         2
         9         8         4         0        38         0         0
        10         2         0         0        42         1         0
        11         9         0         0        42         0         0
        12         3         2         0        42         2         1
        13         5         8         0        44         0         2
        14         1         2         0        52         0         0
        15         2         9         0        54         0         1
        16        12         3         0        63         1         0
        17         6         5         0        66         2         1
        18         1         1         2        71         0         0
        19         5         2         0        70         1         0
        20        11        12        17        72         0         2
        21         1         6         3        67         1         1
        22         1         1        11        70         0         0
        23         2         5         4        60         0         0
        24        10        11         0        61         2         1
        25        12         1         0        72         1         0
        26         7         1         2        73         0         0
        27        11         2         8        72         0         0
        28         6        10         2        66         1         4
        29         6        12         9        74         0         3
        30        16         7         3        77         0         1
        31         2        11         5        81         0         1
        32        20         6         1        87         4         0
        33        14         6         2        92         3         0
        34        14        16        12        96         1         0
        35         3         2         6       100         1         0
        36         3        20         1        96         0         1
        37        15        14         5       115         0         2
        38        15        14        11       124         0         2
        39        36         3         1       127         0         0
        40        25         3         1       129         1         0
        41        38        15         2       131         2         0
        42        14        15        10       144         2         0
        43        15        36        12       149         0         4
        44        38        25         7       173         0         5
        45        19        38        11       191         0         3
        46        33        14         6       218         0         4
        47        32        15         6       226         4         3
        48        16        38        16       235         5         4
        49        30        19         2       257         3         2
        50        20        33        20       274         4         3
        51        39        32        14       287         3         3
        52        26        16        14       305         4         2
        53        34        30         3       307         2         5
        54        56        20         3       334         3         3
        55        31        39        15       351         3         5
        56        27        26        15       375         2         0
        57        27        34        36       386         5         2
        58        72        56        25       384         3         3
        59        51        31        38       415         5         3
        60        39        27        14       408         0         3
        61        68        27        15       421         2         3
        62        77        72        38       433         3         9
        63        20        51        19       467         3         7
        64        39        39        33       499         3         4
        65        68        68        32       505         3         5
        66        82        77        16       541         9         9
        67        71        20        30       602         7         2
        68        76        39        20       592         4         5
        69        91        68        39       611         5         7
        70        50        82        26       640         9         4
        71        51        71        34       696         2         7
        72       116        76        56       733         5         7
        73       154        91        31       753         7        13
        74       183        50        27       813         4         2
        75       174        51        27       836         7         7
        76       182       116        72       860         7        11
        77       134       154        51       904        13        18
        78       101       183        39      1007         2        18
        79       278       174        68      1151         7        13
        80       224       182        77      1257        11        16
        81       242       134        20      1362        18        15
        82       201       101        39      1476        18        12
        83       271       278        68      1538        13        32
        84       126       224        82      1748        16        19
        85       105       242        71      1890        15        22
        86       322       201        76      2061        12        32
        87       304       271        91      2186        32        33
        88       303       126        50      2366        19        12
        89       250       105        51      2442        22         6
        90       232       322       116      2496        32        37
        91       143       304       154      2702        33        25
        92       139       303       183      2852        12        31
        93       272       250       174      2972         6        29
        94       250       232       182      3048        37        17
        95       257       143       134      3098        25        14
        96       303       139       101      3107        31        12
        97       238       272       278      3145        29        31
        98       196       250       224      3139        17        32
        99       123       257       242      3165        14        27
       100       305       303       201      3180        12        28
       101       289       238       271      3282        31        21
       102       234       196       126      3249        32        25
       103       208       123       105      3319        27        10
       104       282       305       322      3337        28        27
       105       185       289       304      3320        21        25
       106       158       234       303      3305        25        21
       107       235       208       250      3236        10        22
       108       282       282       232      3194        27        29
       109       275       185       143      3244        25        15
       110       258       158       139      3286        21        14
       111       266       235       272      3305        22        23
       112       207       282       250      3268        29        41
       113       127       275       257      3300        15        28
       114       291       258       303      3318        14        26
       115       314       266       238      3273        23        25
       116       285       207       196      3301        41        22
       117       276       127       123      3312        28        11
       118       299       291       305      3316        26        37
       119       192       314       289      3302        25        29
       120       143       285       234      3327        22        18
       121       405       276       208      3378        11        30
       122       389       299       282      3446        37        37
       123       335       192       185      3463        29        23
       124       364       143       158      3470        18        13
       125       319       405       235      3455        30        42
       126       228       389       282      3625        37        32
       127       162       335       275      3732        23        42
       128       412       364       258      3792        13        45
       129       394       319       266      3898        42        36
       130       354       228       207      3951        32        18
       131       288       162       127      3972        42         7
       132       281       412       291      4007        45        40
       133       160       394       314      4128        36        39
       134       176       354       285      4208        18        31
       135       427       288       276      4277         7        26
       136       294       281       299      4289        40        30
       137       302       160       192      4271        39        21
       138       276       176       143      4239        31        24
       139       214       427       405      4272        26        42
       140       165       294       389      4294        30        22
       141       168       302       335      4199        21        29
       142       336       276       364      4166        24        35
       143       310       214       319      4078        42        24
       144       353       165       228      3973        22        16
       145       314       168       162      3910        29        15
       146       331       336       412      3916        35        26
       147       177       310       394      3840        24        33
       148       150       353       354      3756        16        28
       149       344       314       288      3755        15        36
       150       290       331       281      3781        26        39
       151       310       177       160      3831        33        17
       152       308       150       176      3848        28        14
       153       273       344       427      3822        36        25
       154       142       290       294      3739        39        28
       155       141       310       302      3735        17        32
       156       397       308       276      3743        14        24
       157       282       273       214      3775        25        35
       158       277       142       165      3834        28        12
       159       293       141       168      3811        32        11
       160       280       397       336      3784        24        39
       161       158       282       310      3845        35        26
       162       124       277       353      3817        12        26
       163       347       293       314      3741        11        35
       164       329       280       331      3720        39        24
       165       327       158       177      3669        26        14
       166       305       124       150      3650        26        17
       167       307       347       344      3624        35        26
       168       118       329       290      3627        24        37
       169       153       327       310      3666        14        38
       170       447       305       308      3683        17        44
       171       289       307       273      3680        26        31
       172       330       118       142      3714        37        12
       173       348       153       141      3690        38         8
       174       277       447       397      3702        44        51
       175       129       289       282      3752        31        28
       176       134       330       277      3759        12        40
       177       443       348       293      3812         8        40
       178       427       277       280      3867        51        27
       179       353       129       158      3864        28        11
       180       323       134       124      3835        40        13
       181       280       443       347      3845        40        52
       182        88       427       329      3941        27        45
       183       149       353       327      4039        11        36
       184       394       323       305      4065        13        29
       185       229       280       307      4083        52        19
       186       137        88       118      4056        45         6
       187       417       149       153      4026        36        19
       188       303       394       447      4022        29        37
       189       152       229       289      3969        19        20
       190       113       137       330      3909         6        18
       191       446       417       348      3716        19        34
       192       417       303       277      3785        37        27
       193       353       152       129      3811        20         8
       194       387       113       134      3834        18        12
       195       375       446       443      3813        34        50
       196       101       417       427      3816        27        47
       197       124       353       353      3806         8        49
       198       408       387       323      3806        12        36
       199       428       375       280      3870        50        40
       200       359       101        88      3965        47        14
       201       299       124       149      3978        49        15
       202       290       408       394      3953        36        35
       203       140       428       229      3967        40        46
       204       104       359       137      4166        14        40
       205       364       299       417      4388        15        34
       206       346       290       303      4270        35        26
       207       349       140       152      4257        46        12
       208       249       104       113      4245        40        12
       209       286       364       446      4236        34        30
       210       113       346       417      4154        26        31
       211       156       349       353      4083        12        28
       212       396       249       387      4079        12        24
       213       379       286       375      3941        30        24
       214       381       113       101      3852        31        18
       215       310       156       124      3864        28        11
       216       311       396       408      3896        24        41
       217       190       379       428      3884        24        43
       218       149       381       359      3835        18        40
       219       514       310       299      3857        11        29
       220       450       311       290      3868        41        33
       221       401       190       140      3889        43        21
       222       328       149       104      3939        40        13
       223       261       514       364      3984        29        52
       224       153       450       346      4134        33        45
       225       128       401       349      4238        21        35
       226       442       328       249      4290        13        33
       227       337       261       286      4369        52        25
       228       372       153       113      4344        45        21
       229       328       128       156      4384        35        10
       230       312       442       396      4356        33        51
       231       191       337       379      4402        25        41
       232       125       372       381      4360        21        32
       233       326       328       310      4351        10        32
       234       387       312       311      4369        51        24
       235       366       191       190      4370        41         6
       236       338       125       149      4371        32        14
       237       328       326       514      4347        32        34
       238       131       387       450      4159        24        46
       239        99       366       401      4096         6        28
       240       381       338       328      4061        14        28
       241       371       328       261      4071        34        33
       242       353       131       153      4138        46        16
       243       397        99       128      4116        28         8
       244       334       381       442      4087        28        39
       245       136       371       337      4026        33        53
       246       122       353       372      4060        16        33
       247       249       397       328      4041         8        42
       248       440       334       312      4110        39        34
       249       447       136       191      4132        53        15
       250       440       122       125      4077        33        13
       251       341       249       326      4074        42        24
       252       215       440       387      3997        34        43
       253       154       447       366      4050        15        44
       254       562       440       338      4131        13        50
       255       437       341       328      4233        24        32
       256       480       215       131      4246        43        21
       257       467       154        99      4330        44        26
       258       400       562       381      4385        50        53
       259       224       437       371      4566        32        42
       260       156       480       353      4632        21        56
       261       483       467       397      4759        26        49
       262       493       400       334      4829        53        49
       263       510       224       136      4895        42        29
       264       472       156       122      4983        56        18
       265       408       483       249      5017        49        55
       266       178       493       440      5251        49        46
       267       161       510       447      5304        29        58
       268       456       472       440      5367        18        61
       269       422       408       341      5399        55        38
       270       480       178       215      5466        46        14
       271       410       161       154      5429        58        15
       272       447       456       562      5436        61        48
       273       278       422       437      5330        38        39
       274       195       480       480      5315        14        47
       275       527       410       467      5315        15        39
       276       462       447       400      5258        48        41
       277       492       278       224      5305        39        37
       278       481       195       156      5359        47        20
       279       380       527       483      5398        39        51
       280       179       462       493      5442        41        50
       281       241       492       510      5411        37        62
       282       615       481       472      5393        20        42
       283       502       380       408      5402        51        33
       284       437       179       178      5374        50        20
       285       403       241       161      5375        62        24
       286       203       615       456      5455        42        53
       287       299       502       422      5614        33        44
       288       284       437       480      5694        20        44
       289       666       403       410      5651        24        48
       290       702       203       447      5644        53        19
       291       643       299       278      5400        44        20
       292       376       284       195      5421        44        26
       293       253       666       527      5510        48        72
       294       386       702       462      5649        19        66
       295       328       643       492      5889        20        58
       296       860       376       481      6040        26        35
       297       899       253       380      5935        72        26
       298       983       386       179      5808        66        42
       299       999       328       241      6015        58        32
       300      1087       860       615      6102        35        94
       301       470       899       502      6347        26        76
       302       424       983       437      6744        42       104
       303      1328       999       403      7290        32        93
       304      1000      1087       203      7886        94       105
       305      1080       470       299      8770        76        60
       306       879       424       284      8941       104        52
       307       850      1328       666      9081        93       130
       308       387      1000       702      9743       105        88
       309       361      1080       643     10041        60       101
       310       948       879       376     10478        52        97
       311       916       850       253     10981       130        86
       312       951       387       386     11578        88        39
       313       796       361       328     11579       101        37
       314       665       948       860     11612        97       105
       315       374       916       899     11700        86        81
       316       356       951       983     11717        39        93
       317       891       796       999     11685        37        87
       318       768       665      1087     11482       105        72
       319       763       374       470     11060        81        49
       320       601       356       424     10964        93        24
       321       547       891      1328     10896        87        76
       322       216       768      1000     10459        72        74
       323       217       763      1080     10227        49        70
       324       333       601       879      9910        24        71
       325       515       547       850      9632        76        59
       326       561       216       387      9329        74        23
       327       432       217       361      9158        70        28
       328       309       333       948      9014        71        32
       329       171       515       916      8399        59        52
       330       132       561       951      7998        23        48
       331       437       432       796      7608        28        50
       332       369       309       665      7244        32        33
       333       359       171       374      6888        52        14
       334       310       132       356      6685        48        14
       335       321       437       891      6461        50        40
       336       102       369       768      6007        33        29
       337       104       359       763      5608        14        26
       338       383       310       601      5204        14        27
       339       296       321       547      4913        40        28
       340       281       102       216      4687        29         6
       341       310       104       217      4573        26        11
       342       244       383       333      4460        27        34
       343        84       296       515      4510        28        26
       344        73       281       561      4291         6        30
       345       316       310       432      4011        11        33
       346       303       244       309      3889        34        23
       347       309        84       171      3824        26        11
       348       248        73       132      3737        30         6
       349       226       316       437      3678        33        28
       350        77       303       369      3557        23        32
       351        80       309       359      3491        11        30
       352       302       248       310      3441         6        33
       353       201       226       321      3379        28        16
       354       234        77       102      3284        32         4
       355       186        80       104      3259        30         7
       356       153       302       383      3235        33        34
       357        60       201       296      3154        16        16
       358        70       234       281      3059         4        27
       359       199       186       310      3012         7        18
       360       165       153       244      2888        34        22
       361       139        60        84      2797        16         4
       362       149        70        73      2773        27         6
       363       123       199       316      2770        18        17
       364        58       165       303      2653        22        22
       365        46       139       309      2515         4        16
       366        47       149       248      2345         6         6
       367       179       123       226      2246        17        11
       368       142        58        77      2143        22         1
       369       155        46        80      2124        16         3
       370       163        47       302      2090         6         3
       371        53       179       201      1835        11        20
       372        41       142       234      1813         1        13
       373       152       155       186      1721         3        13
       374       120       163       153      1690         3        16
       375       111        53        60      1700        20         1
       376       115        41        70      1693        13         9
       377        94       152       199      1664        13        15
       378        44       120       165      1617        16        13
       379        54       111       139      1572         1        11
       380       157       115       149      1544         9        15
       381       103        94       123      1510        15         4
       382       113        44        58      1481        13         2
       383        60        54        46      1467        11         6
       384        56       157        47      1475        15        17
       385        57       103       179      1585         4        15
       386        62       113       142      1509         2        16
       387       132        60       155      1480         6         6
       388       170        56       163      1385        17         2
       389       115        57        53      1278        15         7
       390       123        62        41      1282        16         4
       391       123       132       152      1303         6        16
       392        59       170       120      1283         2        15
       393        41       115       111      1333         7         8
       394       149       123       115      1337         4        17
       395       109       123        94      1345        16         9
       396       100        59        44      1374        15         5
       397        97        41        54      1389         8         5
       398        94       149       157      1376        17        13
       399        37       109       103      1368         9        19
       400        24       100       113      1374         5         5
       401       110        97        60      1361         5        11
       402       105        94        56      1398        13         9
       403       107        37        57      1436        19         4
       404        76        24        62      1416         5         2
       405        92       110       132      1378        11         7
       406        40       105       170      1356         9         9
       407        26       107       115      1291         4        12
       408       139        76       123      1283         2        13
       409        93        92       123      1236         7        10
       410        88        40        59      1205         9         7
       411        74        26        41      1186        12         2
       412        63       139       149      1171        13        17
       413        15        93       109      1161        10        12
       414        27        88       100      1145         7        12
       415       118        74        97      1133         2        11
       416        68        63        94      1110        17         2
       417        89        15        37      1079        12         2
       418        84        27        24      1057        12         6
       419        61       118       110      1060        11        17
       420        40        68       105      1068         2         7
       421        42        89       107      1031         2        11
       422        34        84        76      1013         6         5
       423        84        61        92      1021        17        13
       424        83        40        40       990         7         3
       425        58        42        26       990        11         6
       426        67        34       139      1006         5         6
       427        23        84        93       901        13        12
       428        19        83        88       892         3         4
       429        66        58        74       887         6         3
       430        43        67        63       871         6         2
       431        72        23        15       875        12         4
       432        28        19        27       883         4         2
       433        49        66       118       875         3         9
       434        20        43        68       823         2         2
       435        27        72        89       798         4         3
       436        84        28        84       781         2         1
       437        75        49        61       725         9         2
       438        56        20        40       713         2         2
       439        53        27        42       693         3         3
       440        51        84        34       678         1         8
       441        12        75        84       728         2        10
       442        31        56        83       719         2         4
       443        73        53        58       692         3         5
       444        43        51        67       687         8         8
       445        78        12        23       671        10         2
       446        81        31        19       660         4         4
       447        51        73        66       672         5         8
       448        20        43        43       679         8         4
       449        31        78        72       679         2         9
       450        67        81        28       685         4         8
       451        56        51        49       738         8         4
       452        37        20        20       740         4         0
       453        61        31        27       740         9         0
       454        46        67        84       744         8         7
       455        35        56        75       727         4         4
       456        12        37        56       708         0         3
       457        77        61        53       689         0         8
       458        43        46        51       697         7         5
       459        30        35        12       692         4         3
       460        59        12        31       715         3         1
       461        85        77        73       696         8         5
       462        15        43        43       700         5         6
       463        42        30        78       700         3         2
       464       104        59        81       652         1         4
       465        80        85        51       630         5         3
       466        85        15        20       664         6         1
       467        87        42        31       659         2         6
       468       116       104        67       670         4         5
       469        45        80        56       707         3         8
       470        45        85        37       731         1        11
       471       169        87        61       779         6         7
       472       168       116        46       805         5        14
       473       154        45        35       875         8         5
       474       170        45        12       885        11        11
       475       131       169        77       918         7        15
       476        88       168        43      1010        14        25
       477        96       154        30      1135         5        15
       478       330       170        59      1259        11        13
       479       387       131        85      1370        15        13
       480       409        88        15      1416        25        10
       481       417        96        42      1489        15        14
       482       420       330       104      1543        13        35
       483       150       387        80      1769        13        41
       484       165       409        85      2076        10        44
       485       705       417        87      2400        14        49
       486       788       420       116      2730        35        44
       487       787       150        45      3034        41        15
       488       841       165        45      3139        44        12
       489       745       705       169      3259        49        82
       490       335       788       168      3795        44        84
       491       274       787       154      4415        15        54
       492      1142       841       170      5048        12        86
       493      1310       745       131      5719        82        76
       494      1149       335        88      6333        84        32
       495      1205       274        96      6580        54        24
       496      1115      1142       330      6758        86       117
       497       550      1310       387      7570        76       128
       498       408      1149       409      8493        32       118
       499      1604      1205       417      9233        24       130
       500      1409      1115       420     10021       117       114
       501      1424       550       150     10716       128        47
       502      1381       408       165     11116       118        46
       503      1258      1604       705     11359       130       164
       504       402      1409       788     12258       114       159
       505       413      1424       787     12879        47       157
       506      1398      1381       841     13516        46       154
       507      1325      1258       745     14056       164       122
       508      1381       402       335     14569       159        33
       509      1186       413       274     14636       157        35
       510      1105      1398      1142     14775       154       142
       511       397      1325      1310     15031       122       135
       512       399      1381      1149     15046        33       140
       513      1483      1186      1205     15278        35       121
       514      1289      1105      1115     15259       142        99
       515         0       397       550     15249       135        47
       516         0       399       408     15096       140        52
       517         0      1483      1604     15087       121       157
       518         0      1289      1409     14966        99       135
       519         0         0      1424     14846        47         0
       520         0         0      1381     13422        52         0
       521         0         0      1258     12041       157         0
       522         0         0       402     10783       135         0
       523         0         0       413     10381         0         0
       524         0         0      1398      9968         0         0
       525         0         0      1325      8570         0         0
       526         0         0      1381      7245         0         0
       527         0         0      1186      5864         0         0
       528         0         0      1105      4678         0         0
       529         0         0       397      3573         0         0
       530         0         0       399      3176         0         0
       531         0         0      1483      2777         0         0
       532         0         0      1289      1294         0         0
       533         0         0         0         5         0         0
       534         0         0         0         5         0         0
       535         0         0         0         5         0         0
       536         0         0         0         5         0         0
       537         0         0         0         5         0         0
       538         0         0         0         5         0         0
       539         0         0         0         5         0         0
       540         0         0         0         5         0         0
