         1         0         0         0        12         0         1
         2         5         0         0        12         0         0
         3         3         0         0        12         0         0
         4         2         0         0        12         0         0
         5         5         0         0        12         1         0
         6         5         5         0        12         0         1
         7         6         3         0        17         0         0
         8         2         2         0        20         0         0
         9         4         5         0        22         0         1
        10         9         5         0        27         1         1
        11         5         6         0        32         0         1
        12        11         2         0        38         0         0
        13        11         4         0        40         1         1
        14        10         9         0        44         1         0
        15         6         5         0        53         1         0
        16         8        11         0        58         0         1
        17         6        11         0        69         1         0
        18        13        10        12        80         0         1
        19        12         6         0        78         0         0
        20        11         8         5        84         1         1
        21         6         6         3        87         0         0
        22        11        13         2        90         1         0
        23        17        12         5       101         0         0
        24        17        11         5       108         1         2
        25        17         6         6       114         0         0
        26        15        11         2       114         0         0
        27        20        17         4       123         0         3
        28        21        17         9       136         2         1
        29        19        17         5       144         0         1
        30        15        15        11       156         0         1
        31        25        20        11       160         3         0
        32        22        21        10       169         1         0
        33        24        19         6       180         1         2
        34        19        15         8       193         1         3
        35        29        25         6       200         0         6
        36        31        22        13       219         0         2
        37        42        24        12       228         2         2
        38        26        19        11       240         3         1
        39        28        29         6       248         6         2
        40        38        31        11       271         2         1
        41        42        42        17       291         2         3
        42        40        26        17       316         1         1
        43        45        28        17       325         2         3
        44        50        38        15       336         1         7
        45        54        42        20       359         3         4
        46        42        40        21       381         1         2
        47        67        45        19       400         3         6
        48        58        50        15       426         7         4
        49        56        54        25       461         4         7
        50        76        42        22       490         2         3
        51        77        67        24       510         6         9
        52        81        58        19       553         4         4
        53        74        56        29       592         7         7
        54        92        76        31       619         3         7
        55        90        77        42       664         9        12
        56       102        81        26       699         4         7
        57       105        74        28       754         7         5
        58        83        92        38       800         7         7
        59        90        90        42       854        12        10
        60       112       102        40       902         7        15
        61       121       105        45       964         5         8
        62       126        83        50      1024         7         7
        63       117        90        54      1057        10         5
        64        97       112        42      1093        15         6
        65       110       121        67      1163         8        14
        66       129       126        58      1217         7        11
        67       121       117        56      1285         5        16
        68       123        97        76      1346         6         9
        69       126       110        77      1367        14         6
        70       103       129        81      1400        11         6
        71       122       121        74      1448        16        11
        72       116       123        92      1495         9        13
        73       102       126        90      1526         6        13
        74       112       103       102      1562         6        10
        75       103       122       105      1563        11        13
        76       125       116        83      1580        13        18
        77       103       102        90      1613        13         4
        78       127       112       112      1625        10        11
        79       100       103       121      1625        13        15
        80       111       125       126      1607        18        13
        81       133       103       117      1606         4        13
        82        92       127        97      1592        11        13
        83        91       100       110      1622        15        18
        84        88       111       129      1612        13        10
        85        59       133       121      1594        13        13
        86        65        92       123      1606        13         5
        87        75        91       126      1575        18        15
        88        71        88       103      1540        10         7
        89        76        59       122      1525        13         5
        90        56        65       116      1462         5         7
        91        65        75       102      1411        15         9
        92        59        71       112      1384         7        10
        93        71        76       103      1343         5         8
        94        52        56       125      1316         7         7
        95        46        65       103      1247         9         7
        96        53        59       127      1209        10         6
        97        43        71       100      1141         8        10
        98        42        52       111      1112         7         5
        99        43        46       133      1053         7         3
       100        50        53        92       966         6         4
       101        36        43        91       927        10         4
       102        40        42        88       879         5         8
       103        30        43        59       833         3         3
       104        42        50        65       817         4         5
       105        31        36        75       802         4         7
       106        39        40        71       763         8         7
       107        33        30        76       732         3         5
       108        33        42        56       686         5         2
       109        22        31        65       672         7         5
       110        43        39        59       638         7         3
       111        35        33        71       618         5         4
       112        30        33        52       580         2         4
       113        21        22        46       561         5         3
       114        18        43        53       537         3         5
       115        27        35        43       527         4         5
       116        25        30        42       519         4         4
       117        24        21        43       507         3         2
       118        14        18        50       485         5         1
       119        32        27        36       453         5         2
       120        22        25        40       444         4         4
       121        21        24        30       429         2         1
       122        16        14        42       423         1         2
       123        11        32        31       395         2         3
       124        18        22        39       396         4         4
       125        12        21        33       379         1         2
       126         8        16        33       367         2         0
       127        12        11        22       350         3         1
       128         7        18        43       339         4         0
       129        14        12        35       314         2         1
       130        14         8        30       291         0         0
       131        11        12        21       269         1         1
       132        13         7        18       260         0         1
       133        11        14        27       249         1         2
       134         8        14        25       236         0         1
       135         4        11        24       225         1         0
       136         8        13        14       212         1         2
       137        12        11        32       211         2         3
       138        11         8        22       190         1         1
       139        10         4        21       176         0         1
       140         5         8        16       159         2         0
       141         2        12        11       151         3         1
       142         5        11        18       152         1         0
       143         3        10        12       145         1         0
       144        11         5         8       143         0         1
       145         7         2        12       140         1         0
       146         3         5         7       130         0         0
       147         8         3        14       128         0         0
       148         4        11        14       117         1         0
       149         3         7        11       114         0         2
       150         2         3        13       110         0         0
