         1         0         0         0        12         0         2
         2         6         0         0        12         0         0
         3         4         0         0        12         0         0
         4         2         0         0        12         0         0
         5         1         0         0        12         2         0
         6         4         6         0        12         0         0
         7         6         4         0        18         0         0
         8         1         2         0        22         0         0
         9         6         1         0        24         0         0
        10         3         4         0        25         0         2
        11         5         6         0        29         0         1
        12         4         1         0        35         0         0
        13         9         6         0        36         0         0
        14         8         3         0        42         2         0
        15         4         5         0        45         1         1
        16        11         4         0        50         0         1
        17        11         9         0        54         0         0
        18        10         8        12        63         0         0
        19        10         4         0        59         1         2
        20         5        11         6        63         1         1
        21         6        11         4        68         0         0
        22        12        10         2        75         0         0
        23        12        10         1        83         2         1
        24        19         5         4        92         1         0
        25        10         6         6        93         0         0
        26        12        12         1        93         0         1
        27        11        12         6       104         1         0
        28        14        19         3       110         0         0
        29        20        10         5       126         0         1
        30        14        12         4       131         1         2
        31        15        11         9       139         0         0
        32        22        14         8       141         0         1
        33        19        20         4       147         1         3
        34        22        14        11       163         2         1
        35        24        15        11       166         0         0
        36        22        22        10       170         1         3
        37        24        19        10       182         3         2
        38        30        22         5       191         1         2
        39        31        24         6       208         0         2
        40        26        22        12       226         3         3
        41        31        24        12       236         2         1
        42        22        30        19       248         2         2
        43        34        31        10       259         2         4
        44        50        26        12       280         3         3
        45        37        31        11       294         1         3
        46        49        22        14       314         2         1
        47        40        34        20       322         4         4
        48        37        50        14       336         3        10
        49        50        37        15       372         3         1
        50        39        49        22       394         1         7
        51        65        40        19       421         4         3
        52        58        37        22       442        10         3
        53        72        50        24       457         1         5
        54        57        39        22       483         7         3
        55        66        65        24       500         3         8
        56        82        58        30       541         3        10
        57        97        72        31       569         5         9
        58        92        57        26       610         3         6
        59        78        66        31       641         8         7
        60        80        82        22       676        10         9
        61        95        97        34       736         9        10
        62        72        92        50       799         6        10
        63        81        78        37       841         7         9
        64        89        80        49       882         9         9
        65        86        95        40       913        10         4
        66        90        72        37       968        10         8
        67        97        81        50      1003         9        12
        68       110        89        39      1034         9         8
        69        89        86        65      1084         4         8
        70        96        90        58      1105         8         6
        71       109        97        72      1137        12         6
        72        86       110        57      1162         8        14
        73        93        89        66      1215         8         8
        74        81        96        82      1238         6        16
        75        96       109        97      1252         6        11
        76        87        86        92      1264        14        11
        77        90        93        78      1258         8         8
        78        88        81        80      1273        16         9
        79        91        96        95      1274        11        10
        80       106        87        72      1275        11        10
        81       101        90        81      1290         8         8
        82        88        88        89      1299         9         7
        83        58        91        86      1298        10        10
        84        55       106        90      1303        10         9
        85        52       101        97      1319         8        12
        86        53        88       110      1323         7         8
        87        59        58        89      1301        10         4
        88        48        55        96      1270         9         4
        89        55        52       109      1229        12         7
        90        45        53        86      1172         8         5
        91        46        59        93      1139         4         7
        92        56        48        81      1105         4         1
        93        43        55        96      1072         7        10
        94        44        45        87      1031         5         2
        95        32        46        90       989         7         5
        96        46        56        88       945         1         7
        97        37        43        91       913        10         2
        98        38        44       106       865         2         1
        99        37        32       101       803         5         4
       100        20        46        88       734         7         3
       101        27        37        58       692         2         4
       102        28        38        55       671         1         3
       103        32        37        52       654         4         7
       104        26        20        53       639         3         0
       105        20        27        59       606         4         3
       106        18        28        48       574         3         3
       107        22        32        55       554         7         2
       108        23        26        45       531         0         4
       109        30        20        46       512         3         2
       110        21        18        56       486         3         0
       111        20        22        43       448         2         2
       112        15        23        44       427         4         2
       113        12        30        32       406         2         3
       114        18        21        46       404         0         3
       115        19        20        37       379         2         3
       116        15        15        38       362         2         1
       117        11        12        37       339         3         1
       118        10        18        20       314         3         0
       119        15        19        27       312         3         2
       120        15        15        28       304         1         1
       121        16        11        32       291         1         1
       122        15        10        26       270         0         1
       123         8        15        20       254         2         1
       124        11        15        18       249         1         2
       125         7        16        22       246         1         2
       126         9        15        23       240         1         1
       127        12         8        30       232         1         1
       128         7        11        21       210         2         1
       129         8         7        20       200         2         2
       130         8         9        15       187         1         1
       131         5        12        12       181         1         0
       132         9         7        18       181         1         1
       133         7         8        19       170         2         0
       134         8         8        15       159         1         2
       135         8         5        11       152         0         2
       136         6         9        10       146         1         1
       137         4         7        15       145         0         1
       138         3         8        15       137         2         2
       139         8         8        16       130         2         4
       140         6         6        15       122         1         1
       141         7         4         8       113         1         0
       142         5         3        11       109         2         0
       143         9         8         7       101         4         0
       144         6         6         9       102         1         0
       145         4         7        12        99         0         1
       146         2         5         7        94         0         0
       147         6         9         8        92         0         1
       148         3         6         8        93         0         2
       149         4         4         5        91         1         1
       150         6         2         9        90         0         0
