         1         0         0         0         9         0         1
         2         2         0         0         9         0         0
         3         2         0         0         9         0         0
         4         5         0         0         9         0         0
         5         4         0         0         9         1         0
         6         2         2         0         9         0         0
         7         4         2         0        11         0         1
         8         0         5         0        13         0         0
         9        10         4         0        18         0         0
        10         4         2         0        22         0         0
        11        10         4         0        24         1         0
        12         6         0         0        28         0         0
        13         5        10         0        28         0         1
        14         2         4         0        38         0         0
        15         5        10         0        42         0         3
        16         5         6         0        52         0         0
        17        11         5         0        58         1         0
        18         5         2         9        63         0         0
        19         5         5         0        56         3         1
        20         4         5         2        61         0         0
        21         6        11         2        64         0         0
        22        14         5         5        73         0         0
        23         7         5         4        73         1         0
        24        14         4         2        74         0         1
        25         7         6         4        76         0         0
        26        14        14         0        78         0         3
        27        15         7        10        92         0         0
        28        19        14         4        89         1         3
        29        12         7        10        99         0         1
        30         7        14         6        96         3         1
        31        15        15         5       104         0         1
        32        13        19         2       114         3         1
        33        10        12         5       131         1         1
        34        23         7         5       138         1         0
        35        19        15        11       140         1         1
        36        19        13         5       144         1         0
        37        19        10         5       152         1         1
        38        23        23         4       157         0         0
        39        21        19         6       176         1         5
        40        22        19        14       189         0         1
        41        25        19         7       194         1         2
        42        30        23        14       206         0         2
        43        22        21         7       215         5         2
        44        25        22        14       229         1         1
        45        32        25        15       237         2         2
        46        33        30        19       247         2         5
        47        40        22        12       258         2         2
        48        32        25         7       268         1         7
        49        41        32        15       286         2         4
        50        48        33        13       303         5         1
        51        51        40        10       323         2         7
        52        42        32        23       353         7         2
        53        56        41        19       362         4         3
        54        55        48        19       384         1         6
        55        54        51        19       413         7         2
        56        69        42        23       445         2         1
        57        64        56        21       464         3         7
        58        69        55        22       499         6         4
        59        87        54        25       532         2         3
        60        85        69        30       561         1         7
        61        87        64        22       600         7         5
        62        90        69        25       642         4         5
        63       108        87        32       686         3         9
        64       106        85        33       741         7         3
        65       109        87        40       793         5         7
        66       118        90        32       840         5         6
        67       119       108        41       898         9        11
        68       144       106        48       965         3         9
        69       121       109        51      1023         7        11
        70        63       118        42      1081         6         9
        71       166       119        56      1157        11        19
        72       161       144        55      1220         9        15
        73       150       121        54      1309        11        10
        74       206        63        69      1376         9         7
        75       202       166        64      1370        19        14
        76       175       161        69      1472        15        25
        77        55       150        87      1564        10         8
        78       203       206        85      1627         7        19
        79       191       202        87      1748        14        23
        80       184       175        90      1863        25        11
        81       164        55       108      1948         8         9
        82       148       203       106      1895        19        24
        83       167       191       109      1992        23        14
        84        86       184       118      2074        11        22
        85       223       164       119      2140         9        21
        86       159       148       144      2185        24        14
        87       207       167       121      2189        14        26
        88       191        86        63      2235        22         9
        89       204       223       166      2258        21        23
        90       145       159       161      2315        14        13
        91        48       207       150      2313        26        22
        92       200       191       206      2370         9        26
        93       217       204       202      2355        23        20
        94       188       145       175      2357        13         9
        95       216        48        55      2327        22         9
        96       200       200       203      2320        26        25
        97       142       217       191      2317        20        20
        98        76       188       184      2343         9        16
        99       211       216       164      2347         9        22
       100       198       200       148      2399        25        26
       101       215       142       167      2451        20        12
       102       202        76        86      2426        16         7
       103       239       211       223      2416        22        23
       104       180       198       159      2404        26        18
       105        60       215       207      2443        12        24
       106       281       202       191      2451         7        13
       107       242       239       204      2462        23        19
       108       221       180       145      2497        18        12
       109       178        60        48      2532        24         7
       110       219       281       200      2544        13        23
       111       130       242       217      2625        19        19
       112        59       221       188      2650        12        25
       113       176       178       216      2683         7        12
       114       228       219       200      2645        23        20
       115       163       130       142      2664        19        11
       116       182        59        76      2652        25         9
       117       199       176       211      2635        12        25
       118       118       228       198      2600        20        19
       119        81       163       215      2630        11        17
       120       201       182       202      2578         9        20
       121       180       199       239      2558        25        22
       122       175       118       180      2518        19         9
       123       168        81        60      2456        17        10
       124       152       201       281      2477        20        29
       125       140       180       242      2397        22        19
       126        65       175       221      2335         9        13
       127       204       168       178      2289        10        21
       128       142       152       219      2279        29         8
       129       185       140       130      2212        19        15
       130       141        65        59      2222        13         9
       131       152       204       176      2228        21        20
       132        80       142       228      2256         8        18
       133        32       185       163      2170        15        16
       134       139       141       182      2192         9        12
       135       204       152       199      2151        20        15
       136       143        80       118      2104        18        11
       137       124        32        81      2066        16         3
       138        89       139       201      2017        12         6
       139       116       204       180      1955        15        13
       140        36       143       175      1979        11         8
       141       151       124       168      1947         3         9
       142       129        89       152      1903         6         6
       143       151       116       140      1840        13        11
       144       173        36        65      1816         8         5
       145       131       151       204      1787         9        17
       146        93       129       142      1734         6        16
       147        45       151       185      1721        11        20
       148       114       173       141      1687         5        14
       149       149       131       152      1719        17        17
       150       102        93        80      1698        16        11
       151       110        45        32      1711        20         3
       152       116       114       139      1724        14        15
       153        83       149       204      1699        17         7
       154        34       102       143      1644        11         8
       155       173       110       124      1603         3         8
       156        95       116        89      1589        15        12
       157       121        83       116      1616         7         6
       158       138        34        36      1583         8         2
       159        87       173       151      1581         8        24
       160       104        95       129      1603        12         8
       161        26       121       151      1569         6        17
       162       102       138       173      1539         2        16
       163       140        87       131      1504        24        15
       164        84       104        93      1460         8        17
       165       143        26        45      1471        17         3
       166       141       102       114      1452        16        10
       167       110       140       149      1440        15        14
       168        24        84       102      1431        17         9
       169       144       143       110      1413         3        14
       170       146       141       116      1446        10        16
       171       172       110        83      1471        14        11
       172       119        24        34      1498         9         4
       173        95       144       173      1488        14        14
       174       193       146        95      1459        16        18
       175        34       172       121      1510        11        13
       176       149       119       138      1561         4        18
       177       183        95        87      1542        14         2
       178       134       193       104      1550        18        20
       179       186        34        26      1639        13         3
       180       102       149       102      1647        18        16
       181       134       183       140      1694         2        20
       182        39       134        84      1737        20        18
       183       191       186       143      1787         3        12
       184       194       102       141      1830        16         7
       185       169       134       110      1791        20        14
       186        88        39        24      1815        18         3
       187       138       191       144      1830        12        17
       188       114       194       146      1877         7        24
       189        68       169       172      1925        14        17
       190       205        88       119      1922         3         4
       191       191       138        95      1891        17        14
       192       139       114       193      1934        24        10
       193       173        68        34      1855        17         4
       194       137       205       149      1889         4        19
       195       107       191       183      1945        14        26
       196        52       139       134      1953        10        14
       197       150       173       186      1958         4        25
       198       191       137       102      1945        19        16
       199       164       107       134      1980        26        15
       200       134        52        39      1953        14         4
       201       141       150       191      1966        25        21
       202       172       191       194      1925        16        13
       203        51       164       169      1922        15        21
       204       163       134        88      1917         4        11
       205       182       141       138      1963        21        16
       206       153       172       114      1966        13        13
       207       144        51        68      2024        21        10
       208       157       163       205      2007        11        15
       209        91       182       191      1965        16        19
       210        49       153       139      1956        13        20
       211       160       144       173      1970        10        17
       212       123       157       137      1941        15        25
       213       134        91       107      1961        19         8
       214       118        49        52      1945        20         4
       215       109       160       150      1942        17        10
       216       107       123       191      1952        25        11
       217        65       134       164      1884         8        12
       218       122       118       134      1854         4         7
       219       156       109       141      1838        10        12
       220       100       107       172      1806        11         7
       221       127        65        51      1741        12         2
       222       128       122       163      1755         7         9
       223        58       156       182      1714        12        23
       224        33       100       153      1688         7         9
       225        61       127       144      1635         2        11
       226       160       128       157      1618         9        11
       227       140        58        91      1589        23         6
       228        97        33        49      1556         9         4
       229       117        61       160      1540        11         4
       230        67       160       123      1441        11        20
       231        39       140       134      1478         6        20
       232       179        97       118      1484         4         3
       233       173       117       109      1463         4        15
       234       131        67       107      1471        20         6
       235       151        39        65      1431        20         7
       236       111       179       122      1405         3        20
       237        71       173       156      1462        15        15
       238        88       131       100      1479         6         8
       239        80       151       127      1510         7        19
       240       135       111       128      1534        20         9
       241       123        71        58      1517        15         8
       242       110        88        33      1530         8         9
       243        90        80        61      1585        19         5
       244        81       135       160      1604         9        10
       245        61       123       140      1579         8        13
       246       133       110        97      1562         9         5
       247       122        90       117      1575         5        14
       248       112        81        67      1548        10         3
       249        93        61        39      1562        13         7
       250        83       133       179      1584         5        18
       251        89       122       173      1538        14         9
       252        35       112       131      1487         3        13
       253       179        93       151      1468         7         6
       254       160        83       111      1410        18        11
       255       153        89        71      1382         9        11
       256       151        35        88      1400        13         4
       257       146       179        80      1347         6        23
       258        87       160       135      1446        11        14
       259        57       153       123      1471        11        27
       260       172       151       110      1501         4        19
       261       110       146        90      1542        23        17
       262       174        87        81      1598        14         9
       263       115        57        61      1604        27         2
       264       220       172       133      1600        19        11
       265       110       110       122      1639        17         9
       266        39       174       112      1627         9        16
       267       190       115        93      1689         2        10
       268       192       220        83      1711        11        21
       269       165       110        89      1848         9        13
       270       197        39        35      1869        16         0
       271       160       190       179      1873        10        25
       272       161       192       160      1884        21        11
       273        86       165       153      1916        13        18
       274       239       197       151      1928         0        21
       275       182       160       146      1974        25        13
       276       252       161        87      1988        11        15
       277       160        86        57      2062        18         7
       278        60       239       172      2091        21        19
       279       215       182       110      2158        13        23
       280        95       252       174      2230        15        35
       281       292       160       115      2308         7        21
       282       254        60       220      2353        19         9
       283       259       215       110      2193        23        25
       284       199        95        39      2298        35         9
       285        57       292       190      2354        21        28
       286       271       254       192      2456         9        21
       287       118       259       165      2518        25        30
       288       382       199       197      2612         9        17
       289       363        57       160      2614        28         5
       290       368       271       161      2511        21        26
       291       327       118        86      2621        30         7
       292       321       382       239      2653        17        40
       293       255       363       182      2796         5        34
       294       155       368       252      2977        26        31
       295       421       327       160      3093         7        39
       296       288       321        60      3260        40        26
       297       289       255       215      3521        34        22
       298       268       155        95      3561        31        14
       299       304       421       292      3621        39        30
       300       219       288       254      3750        26        36
       301        89       289       259      3784        22        30
       302       315       268       199      3814        14        26
       303       379       304        57      3883        30        30
       304       263       219       271      4130        36        23
       305       276        89       118      4078        30        10
       306       258       315       382      4049        26        34
       307       158       379       363      3982        30        49
       308       138       263       368      3998        23        34
       309       296       276       327      3893        10        16
       310       310       258       321      3842        34        22
       311       251       158       255      3779        49        16
       312       260       138       155      3682        34        14
       313       198       296       421      3665        16        31
       314       160       310       288      3540        22        33
       315       107       251       289      3562        16        24
       316       143       260       268      3524        14        16
       317       240       198       304      3516        31        18
       318       258       160       219      3410        33        13
       319       197       107        89      3351        24         4
       320       220       143       315      3369        16        15
       321       145       240       379      3197        18        22
       322        68       258       263      3058        13        31
       323       281       197       276      3053         4        15
       324       215       220       258      2974        15        24
       325       219       145       158      2936        22        13
       326       182        68       138      2923        31         6
       327       189       281       296      2853        15        31
       328       146       215       310      2838        24        17
       329        59       219       251      2743        13        28
       330       181       182       260      2711         6        18
       331       193       189       198      2633        31        19
       332       178       146       160      2624        17        19
       333       180        59       107      2610        28         9
       334       155       181       143      2562        18        14
       335       140       193       240      2600        19        20
       336        61       178       258      2553        19        18
       337       234       180       197      2473         9        15
       338       181       155       220      2456        14        18
       339       225       140       145      2391        20        15
       340       175        61        68      2386        18         2
       341       243       234       281      2379        15        22
       342       125       181       215      2332        18        20
       343        66       225       219      2298        15        24
       344       254       175       182      2304         2        15
       345       214       243       189      2297        22        22
       346       167       125       146      2351        20        15
       347       179        66        59      2330        24         5
       348       127       254       181      2337        15        37
       349       112       214       193      2410        22        22
       350        65       167       178      2431        15        17
       351       177       179       180      2420         5        10
       352       209       127       155      2419        37        11
       353       176       112       140      2391        22        13
       354       159        65        61      2363        17         4
       355        83       177       234      2367        10        24
       356        53       209       181      2310        11        28
       357        57       176       225      2338        13        12
       358       113       159       175      2289         4        16
       359       140        83       243      2273        24         8
       360       107        53       125      2113        28         3
       361       124        57        66      2041        12         7
       362       169       113       254      2032        16        16
       363        89       140       214      1891         8        12
       364        46       107       167      1817         3         9
       365       112       124       179      1757         7        11
       366       119       169       127      1702        16        15
       367       112        89       112      1744        12        17
       368       112        46        65      1721         9         3
       369        82       112       177      1702        11         8
       370        64       119       209      1637        15        11
       371        39       112       176      1547        17        12
       372       141       112       159      1483         3         7
       373        90        82        83      1436         8         5
       374        82        64        53      1435        11         7
       375        72        39        57      1446        12         3
       376        44       141       113      1428         7        14
       377        53        90       140      1456         5         7
       378        33        82       107      1406         7         4
       379       100        72       124      1381         3         7
       380       100        44       169      1329        14         6
       381        80        53        89      1204         7         9
       382        67        33        46      1168         4         4
       383        56       100       112      1155         7        13
       384        37       100       119      1143         6        13
       385        19        80       112      1124         9         5
       386        94        67       112      1092         4         9
       387        71        56        82      1047        13         8
       388        54        37        64      1021        13         5
       389        84        19        39       994         5         2
       390        52        94       141       974         9        17
       391        33        71        90       927         8         1
       392        28        54        82       908         5         6
       393        75        84        72       880         2         7
       394        32        52        44       892        17         7
       395        49        33        53       900         1         3
       396        58        28        33       880         6         4
       397        66        75       100       875         7         9
       398        33        32       100       850         7         3
       399        25        49        80       782         3         3
       400        73        58        67       751         4         6
       401        49        66        56       742         9         4
       402        66        33        37       752         3         2
       403        39        25        19       748         3         4
       404        57        73        94       754         6         6
       405        22        49        71       733         4         4
       406        20        66        54       711         2         4
       407        55        39        84       723         4         4
       408        29        57        52       678         6         7
       409        86        22        33       683         4         1
       410        65        20        28       672         4         4
       411        56        55        75       664         4         8
       412        42        29        32       644         7         3
       413        10        86        49       641         1         7
       414        26        65        58       678         4         5
       415        51        56        66       685         8         2
       416        39        42        33       675         3         4
       417        25        10        25       684         7         1
       418        27        26        73       669         5         4
       419        18        51        49       622         2         4
       420        10        39        66       624         4         5
       421        35        25        39       597         1         3
       422        36        27        57       583         4         4
       423        32        18        22       553         4         2
       424        23        10        20       549         5         4
       425        24        35        55       539         3         4
       426        16        36        29       519         4         4
       427        14        32        86       526         2         4
       428        43        23        65       472         4         0
       429        37        24        56       430         4         2
       430        38        16        42       398         4         0
       431        18        14        10       372         4         0
       432        28        43        26       376         0         4
       433        13        37        51       393         2         8
       434         9        38        39       379         0         2
       435        20        18        25       378         0         2
       436        21        28        27       371         4         4
       437        14        13        18       372         8         0
       438        16         9        10       367         2         0
       439        20        20        35       366         2         2
       440        17        21        36       351         4         1
       441        18        14        32       336         0         1
       442        47        16        23       318         0         2
       443        40        20        24       311         2         3
       444        16        17        16       307         1         2
       445        32        18        14       308         1         1
       446        18        47        43       312         2         7
       447        24        40        37       316         3         2
       448         9        16        38       319         2         1
       449        52        32        18       297         1         2
       450        25        18        28       311         7         1
       451        35        24        13       301         2         1
       452        42         9         9       312         1         2
       453        35        52        20       312         2        11
       454        46        25        21       344         1         1
       455        16        35        14       348         1         5
       456        31        42        16       369         2         1
       457        62        35        20       395        11         3
       458        87        46        17       410         1         6
       459        66        16        18       439         5         2
       460        91        31        47       437         1         3
       461        49        62        40       421         3        10
       462        34        87        16       443         6        11
       463       109        66        32       514         2        10
       464        97        91        18       548         3         9
       465        93        49        24       621        10         6
       466       112        34         9       646        11         5
       467       147       109        52       671        10         5
       468        74        97        25       728         9         9
       469        90        93        35       800         6        12
       470       170       112        42       858         5        12
       471       176       147        35       928         5        11
       472       144        74        46      1040         9         5
       473       169        90        16      1068        12         9
       474       180       170        31      1142        12        14
       475       145       176        62      1281        11        20
       476       103       144        87      1395         5        17
       477       228       169        66      1452         9        20
       478       248       180        91      1555        14        21
       479       279       145        49      1644        20        19
       480       214       103        34      1740        17        11
       481       333       228       109      1809        20        18
       482       212       248        97      1928        21        22
       483       177       279        93      2079        19        28
       484       385       214       112      2265        11        26
       485       326       333       147      2367        18        32
       486       355       212        74      2553        22        26
       487       395       177        90      2691        28        18
       488       334       385       170      2778        26        42
       489       204       326       176      2993        32        45
       490       147       355       144      3143        26        35
       491       420       395       169      3354        18        30
       492       416       334       180      3580        42        34
       493       388       204       145      3734        45        19
       494       386       147       103      3793        35        22
       495       263       420       228      3837        30        47
       496       156       416       248      4029        34        42
       497       163       388       279      4197        19        31
       498       386       386       214      4306        22        36
       499       377       263       333      4478        47        25
       500       358       156       212      4408        42        21
       501       397       163       177      4352        31        12
       502       330       386       385      4338        36        33
       503       179       377       326      4339        25        28
       504       169       358       355      4390        21        34
       505       438       397       395      4393        12        49
       506       370       330       334      4395        33        34
       507         0       179       204      4391        28        25
       508         0       169       147      4366        34        11
       509         0       438       420      4388        49        42
       510         0       370       416      4406        34        40
       511         0         0       388      4360        25         0
       512         0         0       386      3972        11         0
       513         0         0       263      3586        42         0
       514         0         0       156      3323        40         0
       515         0         0       163      3167         0         0
       516         0         0       386      3004         0         0
       517         0         0       377      2618         0         0
       518         0         0       358      2241         0         0
       519         0         0       397      1883         0         0
       520         0         0       330      1486         0         0
       521         0         0       179      1156         0         0
       522         0         0       169       977         0         0
       523         0         0       438       808         0         0
       524         0         0       370       370         0         0
       525         0         0         0         0         0         0
       526         0         0         0         0         0         0
       527         0         0         0         0         0         0
       528         0         0         0         0         0         0
       529         0         0         0         0         0         0
       530         0         0         0         0         0         0
       531         0         0         0         0         0         0
       532         0         0         0         0         0         0
       533         0         0         0         0         0         0
       534         0         0         0         0         0         0
       535         0         0         0         0         0         0
       536         0         0         0         0         0         0
       537         0         0         0         0         0         0
       538         0         0         0         0         0         0
       539         0         0         0         0         0         0
       540         0         0         0         0         0         0
