         1         0         0         0         9         0         1
         2         2         0         0         9         0         0
         3         1         0         0         9         0         0
         4         2         0         0         9         0         0
         5         2         0         0         9         1         0
         6         1         2         0         9         0         0
         7         2         1         0        11         0         0
         8         2         2         0        12         0         0
         9         4         2         0        14         0         1
        10         6         1         0        16         0         0
        11         3         2         0        17         0         0
        12         2         2         0        19         0         0
        13         2         4         0        21         1         1
        14         4         6         0        25         0         0
        15         5         3         0        31         0         1
        16         4         2         0        34         0         0
        17         6         2         0        36         1         0
        18         6         4         9        38         0         0
        19         9         5         0        33         1         1
        20         5         4         2        38         0         0
        21         5         6         1        40         0         0
        22         8         6         2        45         0         1
        23         5         9         2        49         1         0
        24         9         5         1        56         0         0
        25        10         5         2        60         0         0
        26         7         8         2        63         1         2
        27        10         5         4        69         0         0
        28         7         9         6        70         0         0
        29         7        10         3        73         0         0
        30        14         7         2        80         2         0
        31        15        10         2        85         0         1
        32        13         7         4        93         0         0
        33        12         7         5        96         0         1
        34         6        14         4        98         0         3
        35         8        15         6       108         1         1
        36        11        13         6       117         0         1
        37        18        12         9       124         1         3
        38        16         6         5       127         3         1
        39        14         8         5       128         1         0
        40        11        11         8       131         1         1
        41        16        18         5       134         3         2
        42        14        16         9       147         1         1
        43        15        14        10       154         0         1
        44        24        11         7       158         1         1
        45        18        16        10       162         2         2
        46        15        14         7       168         1         1
        47        24        15         7       175         1         0
        48        28        24        14       183         1         3
        49        21        18        15       193         2         1
        50        24        15        13       196         1         1
        51        24        24        12       198         0         1
        52        22        28         6       210         3         3
        53        28        21         8       232         1         3
        54        29        24        11       245         1         4
        55        47        24        18       258         1         1
        56        25        22        16       264         3         2
        57        29        28        14       270         3         2
        58        35        29        11       284         4         2
        59        45        47        16       302         1         4
        60        56        25        14       333         2         1
        61        53        29        15       344         2         7
        62        48        35        24       358         2         4
        63        47        45        18       369         4         2
        64        48        56        15       396         1        10
        65        71        53        24       437         7         6
        66        51        48        28       466         4         6
        67        68        47        21       486         2         3
        68        61        48        24       512        10         4
        69        80        71        24       536         6         4
        70        91        51        22       583         6         3
        71        81        68        28       612         3         6
        72        76        61        29       652         4         7
        73        97        80        47       684         4        10
        74        93        91        25       717         3         7
        75        95        81        29       783         6         9
        76       126        76        35       835         7         7
        77       111        97        45       876        10         7
        78       143        93        56       928         7         8
        79       133        95        53       965         9        14
        80       113       126        48      1007         7        14
        81       104       111        47      1085         7        10
        82       114       143        48      1149         8        18
        83       103       133        71      1244        14        16
        84        44       113        51      1306        14         9
        85       131       104        68      1368        10        12
        86       109       114        61      1404        18        10
        87       144       103        80      1457        16         9
        88       147        44        91      1480         9         1
        89       119       131        81      1433        12        11
        90       101       109        76      1483        10         8
        91        34       144        97      1516         9         8
        92       170       147        93      1563         1        14
        93       130       119        95      1617        11        11
        94       122       101       126      1641         8         9
        95       118        34       111      1616         8         4
        96       130       170       143      1539        14        18
        97       118       130       133      1566        11        13
        98        49       122       113      1563         9        13
        99       140       118       104      1572         4        11
       100       128       130       114      1586        18         9
       101       175       118       103      1602        13         7
       102       165        49        44      1617        13         5
       103       135       140       131      1622        11        14
       104       108       128       109      1631         9        14
       105        44       175       144      1650         7        24
       106       186       165       147      1681         5        21
       107       171       135       119      1699        14        18
       108       156       108       101      1715        14        12
       109       141        44        34      1722        24         5
       110       135       186       170      1732        21        22
       111        89       171       130      1748        18         9
       112        46       156       122      1789        12        23
       113       121       141       118      1823         5        12
       114       146       135       130      1846        22        16
       115       127        89       118      1851         9        11
       116       133        46        49      1822        23         4
       117       124       121       140      1819        12        17
       118        71       146       128      1800        16        19
       119        33       127       175      1818        11        14
       120       136       133       165      1770         4        18
       121       122       124       135      1738        17        13
       122       135        71       108      1727        19         4
       123       120        33        44      1690        14         4
       124       116       136       186      1679        18        18
       125        97       122       171      1629        13        13
       126        43       135       156      1580         4        12
       127       119       120       141      1559         4        16
       128        90       116       135      1538        18        11
       129       133        97        89      1519        13        14
       130        97        43        46      1527        12         5
       131       123       119       121      1524        16        10
       132        58        90       146      1522        11        11
       133        25       133       127      1466        14        15
       134        96        97       133      1472         5         6
       135       122       123       124      1436        10        11
       136        97        58        71      1435        11         7
       137        81        25        33      1422        15         2
       138        68        96       136      1414         6         9
       139        77       122       122      1374        11        16
       140        25        97       135      1374         7         7
       141        73        81       120      1336         2        13
       142        88        68       116      1297         9         5
       143        90        77        97      1249        16         8
       144       101        25        43      1229         7         0
       145        80        73       119      1211        13         8
       146        70        88        90      1165         5         8
       147        30        90       133      1163         8        16
       148        87       101        97      1120         0         7
       149        96        80       123      1124         8         6
       150        68        70        58      1081         8         7
       151        78        30        25      1093        16         5
       152        86        87        96      1098         7        10
       153        57        96       122      1089         6        10
       154        25        68        97      1063         7         7
       155       124        78        81      1034         5        14
       156        74        86        68      1031        10         6
       157        70        57        77      1049        10         8
       158        95        25        25      1029         7         3
       159        43       124        73      1029        14        10
       160        62        74        88      1080         6         7
       161        19        70        90      1066         8         8
       162        77        95       101      1046         3         7
       163        89        43        80      1040        10         7
       164        64        62        70      1003         7         7
       165        91        19        30       995         8         2
       166        67        77        87       984         7        10
       167        78        89        96       974         7        12
       168        30        64        68       967         7        11
       169       110        91        78       963         2        14
       170        96        67        86       976        10         4
       171       104        78        57       957        12        10
       172        84        30        25       978        11         3
       173        56       110       124       983        14         8
       174       112        96        74       969         4        12
       175        24       104        70       991        10        16
       176       103        84        95      1025         3         8
       177       103        56        43      1014         8         6
       178        98       112        62      1027        12        10
       179       117        24        19      1077        16         2
       180        69       103        77      1082         8         9
       181        90       103        89      1108         6        11
       182        19        98        64      1122        10         7
       183       121       117        91      1156         2         8
       184       114        69        67      1182         9         8
       185       108        90        78      1184        11        10
       186        69        19        30      1196         7         3
       187        67       121       110      1185         8        13
       188        91       114        96      1196         8        11
       189        33       108       104      1214        10        12
       190       132        69        84      1218         3         3
       191       137        67        56      1203        13         8
       192        96        91       112      1214        11         8
       193       116        33        24      1193        12         3
       194        77       132       103      1202         3        15
       195        77       137       103      1231         8        15
       196        43        96        98      1265         8        10
       197        99       116       117      1263         3         9
       198       121        77        69      1262        15        11
       199       127        77        90      1270        15         9
       200        90        43        19      1257        10         4
       201       116        99       121      1281         9        12
       202       105       121       114      1259        11        14
       203        47       127       108      1266         9        19
       204        97        90        69      1285         4         8
       205       107       116        67      1306        12        10
       206        88       105        91      1355        14        12
       207        81        47        33      1369        19         8
       208       121        97       132      1383         8        10
       209        63       107       137      1348        10        16
       210        30        88        96      1318        12        13
       211        95        81       116      1310         8        10
       212        86       121        77      1275        10         8
       213       103        63        77      1319        16        13
       214        90        30        43      1305        13         3
       215        76        95        99      1292        10         9
       216        90        86       121      1288         8         8
       217        45       103       127      1253        13        12
       218       102        90        90      1229         3         9
       219       127        76       116      1229         9         6
       220        71        90       105      1189         8         6
       221        92        45        47      1174        12         4
       222        80       102        97      1172         9         6
       223        39       127       107      1177         6        18
       224        32        71        88      1197         6         8
       225        46        92        81      1180         4        14
       226       138        80       121      1191         6        11
       227        93        39        63      1150        18         0
       228        79        32        30      1126         8         8
       229        83        46        95      1128        14         4
       230        57       138        86      1079        11        19
       231        23        93       103      1131         0        10
       232       143        79        90      1121         8        13
       233       126        83        76      1110         4         7
       234       114        57        90      1117        19         3
       235       111        23        45      1084        10         3
       236        92       143       102      1062        13        13
       237        71       126       127      1103         7        10
       238        43       114        71      1102         3        10
       239        76       111        92      1145         3        10
       240       111        92        80      1164        13        10
       241       111        71        39      1176        10         8
       242        83        43        32      1208        10         7
       243        66        76        46      1219        10         4
       244        60       111       138      1249        10        13
       245        42       111        93      1222         8        10
       246        97        83        79      1240         7         7
       247        81        66        83      1244         4        10
       248       112        60        57      1227        13         3
       249       100        42        23      1230        10         3
       250        74        97       143      1249         7        14
       251        75        81       126      1203        10        11
       252        36       112       114      1158         3         8
       253       125       100       111      1156         3        13
       254       107        74        92      1145        14         6
       255       148        75        71      1127        11         6
       256       161        36        43      1131         8         3
       257       101       125        76      1124        13         9
       258        79       107       111      1173         6        10
       259        42       148       111      1169         6        11
       260       152       161        83      1206         3        10
       261       114       101        66      1284         9        11
       262       140        79        60      1319        10        12
       263       123        42        42      1338        11         1
       264       156       152        97      1338        10         9
       265       120       114        81      1393        11         8
       266        37       140       112      1426        12         3
       267       160       123       100      1454         1        16
       268       163       156        74      1477         9        20
       269       153       120        75      1559         8        13
       270       158        37        36      1604         3         3
       271       127       160       125      1605        16        17
       272       150       163       107      1640        20        22
       273        69       153       148      1696        13        15
       274       207       158       161      1701         3        17
       275       182       127       101      1698        17         6
       276       243       150        79      1724        22        15
       277       176        69        42      1795        15         8
       278        51       207       152      1822        17        25
       279       180       182       114      1877         6        17
       280        79       243       140      1945        15        33
       281       269       176       123      2048         8        19
       282       213        51       156      2101        25         5
       283       220       180       120      1996        17        16
       284       162        79        37      2056        33         6
       285        53       269       160      2098        19        29
       286       235       213       163      2207         5        17
       287       104       220       153      2257        16        17
       288       304       162       158      2324         6        19
       289       302        53       127      2328        29        10
       290       313       235       150      2254        17        20
       291       332       104        69      2339        17        12
       292       306       304       207      2374        19        26
       293       226       302       182      2471        10        37
       294       106       313       243      2591        20        33
       295       320       332       176      2661        12        31
       296       234       306        51      2817        26        34
       297       248       226       180      3072        37        21
       298       252       106        79      3118        33        18
       299       251       320       269      3145        31        32
       300       177       234       213      3196        34        16
       301        80       248       220      3217        21        24
       302       229       252       162      3245        18        21
       303       333       251        53      3335        32        23
       304       214       177       235      3533        16        16
       305       225        80       104      3475        24         6
       306       186       229       304      3451        21        21
       307       124       333       302      3376        23        42
       308        98       214       313      3407        16        24
       309       237       225       332      3308         6        17
       310       232       186       306      3201        21        24
       311       208       124       226      3081        42         8
       312       201        98       106      2979        24         8
       313       153       237       320      2971        17        22
       314       105       232       234      2888        24        18
       315        73       208       248      2886         8        19
       316       127       201       252      2846         8        16
       317       192       153       251      2795        22        15
       318       170       105       177      2697        18        12
       319       180        73        80      2625        19         5
       320       190       127       229      2618        16        11
       321       136       192       333      2516        15        12
       322        57       170       214      2375        12        18
       323       178       180       225      2331         5        23
       324       159       190       186      2286        11        21
       325       215       136       124      2290        12        18
       326       131        57        98      2302        18         3
       327       154       178       237      2261        23        21
       328        92       159       232      2202        21        18
       329        54       215       208      2129        18        23
       330       167       131       201      2136         3        11
       331       143       154       153      2066        21        14
       332       138        92       105      2067        18        10
       333       145        54        73      2054        23         5
       334       128       167       127      2035        11        18
       335       101       143       192      2075        14        15
       336        50       138       170      2026        10        13
       337       192       145       180      1994         5        11
       338       144       128       190      1959        18        13
       339       188       101       136      1897        15        15
       340       126        50        57      1862        13         4
       341       174       192       178      1855        11        13
       342        85       144       159      1869        13        15
       343        48       188       215      1854        15        26
       344       202       126       131      1827         4        12
       345       185       174       154      1822        13        15
       346       133        85        92      1842        15        13
       347       103        48        54      1835        26         8
       348       113       202       167      1829        12        18
       349        78       185       143      1864        15        24
       350        51       133       138      1906        13         9
       351       154       103       145      1901         8        10
       352       149       113       128      1859        18        21
       353       149        78       101      1844        24        12
       354       128        51        50      1821         9         6
       355        79       154       192      1822        10        13
       356        48       149       144      1784        21        11
       357        34       149       188      1789        12        16
       358        90       128       126      1750         6        17
       359        91        79       174      1752        13         8
       360       101        48        85      1657        11         4
       361       102        34        48      1620        16         6
       362       143        90       202      1606        17         9
       363        53        91       185      1494         8        11
       364        36       101       133      1400         4        11
       365        73       102       103      1368         6        10
       366        86       143       113      1367         9        12
       367        86        53        78      1397        11         5
       368        88        36        51      1372        11         0
       369        72        73       154      1357        10         8
       370        68        86       149      1276        12        11
       371        35        86       149      1213         5         8
       372        91        88       128      1150         0        13
       373        73        72        79      1110         8         3
       374        68        68        48      1103        11        11
       375        50        35        34      1123         8         8
       376        39        91        90      1124        13        13
       377        38        73        91      1125         3         7
       378        31        68       101      1107        11         7
       379        68        50       102      1074         8         2
       380        92        39       143      1022        13         1
       381        74        38        53       918         7         5
       382        57        31        36       903         7         3
       383        43        68        73       898         2         1
       384        29        92        86       893         1         9
       385        14        74        86       899         5         7
       386        88        57        88       887         3         8
       387        60        43        72       856         1         4
       388        64        29        68       827         9         3
       389        61        14        35       788         7         3
       390        46        88        91       767         8         3
       391        36        60        73       764         4         5
       392        12        64        68       751         3         4
       393        59        61        50       747         3         3
       394        35        46        39       758         3         5
       395        52        36        38       765         5         3
       396        44        12        31       763         4         1
       397        62        59        68       744         3         3
       398        25        35        92       735         5         3
       399        20        52        74       678         3         5
       400        78        44        57       656         1         3
       401        41        62        43       643         3         3
       402        47        25        29       662         3         2
       403        39        20        14       658         5         2
       404        45        78        88       664         3         2
       405        36        41        60       654         3         5
       406         9        47        64       635         2         4
       407        48        39        61       618         2         5
       408        34        45        46       596         2         3
       409        80        36        36       595         5         5
       410        48         9        12       595         4         0
       411        47        48        59       592         5         5
       412        32        34        35       581         3         1
       413        16        80        52       580         5         7
       414        27        48        44       608         0         4
       415        37        47        62       612         5         7
       416        38        32        25       597         1         4
       417        18        16        20       604         7         2
       418        29        27        78       600         4         1
       419        23        37        41       549         7         2
       420         6        38        47       545         4         1
       421        25        18        39       536         2         0
       422        38        29        45       515         1         3
       423        34        23        36       499         2         2
       424        36         6         9       486         1         0
       425        17        25        48       483         0         3
       426        13        38        34       460         3         2
       427        10        34        80       464         2         6
       428        27        36        48       418         0         3
       429        35        17        47       406         3         1
       430        41        13        32       376         2         1
       431        22        10        16       357         6         1
       432        35        27        27       351         3         1
       433        15        35        37       351         1         3
       434        11        41        38       349         1         2
       435        20        22        18       352         1         1
       436        21        35        29       356         1         3
       437        16        15        23       362         3         1
       438        30        11         6       354         2         1
       439        23        20        25       359         1         4
       440        16        21        38       354         3         6
       441        15        16        34       337         1         3
       442        37        30        36       319         1         0
       443        24        23        17       313         4         1
       444        20        16        13       319         6         1
       445        25        15        10       322         3         1
       446        19        37        27       327         0         3
       447        22        24        35       337         1         3
       448        11        20        41       326         1         3
       449        50        25        22       305         1         2
       450        17        19        35       308         3         2
       451        36        22        15       292         3         3
       452        25        11        11       299         3         3
       453        14        50        20       299         2         3
       454        34        17        21       329         2         1
       455        11        36        16       325         3         6
       456        24        25        30       345         3         4
       457        47        14        23       340         3         1
       458        59        34        16       331         1         4
       459        66        11        15       349         6         1
       460        57        24        37       345         4         3
       461        32        47        24       332         1         3
       462        29        59        20       355         4         5
       463        87        66        25       394         1         6
       464        75        57        19       435         3         6
       465        66        32        22       473         3         1
       466        73        29        11       483         5         4
       467        90        87        50       501         6         7
       468        64        75        17       538         6        11
       469        49        66        36       596         1         8
       470       131        73        25       626         4         7
       471       120        90        14       674         7         9
       472       106        64        34       750        11         8
       473       133        49        11       780         8         3
       474       110       131        24       818         7         8
       475       104       120        47       925         9        11
       476        90       106        59       998         8        12
       477       152       133        66      1045         3        11
       478       183       110        57      1112         8        10
       479       205       104        32      1165        11         7
       480       171        90        29      1237        12        15
       481       230       152        87      1298        11        12
       482       135       183        75      1363        10        21
       483       112       205        66      1471         7        15
       484       316       171        73      1610        15        16
       485       254       230        90      1708        12        21
       486       297       135        64      1848        21        12
       487       271       112        49      1919        15        13
       488       230       316       131      1982        16        39
       489       128       254       120      2167        21        27
       490       105       297       106      2301        12        31
       491       306       271       133      2492        13        26
       492       265       230       110      2630        39        26
       493       284       128       104      2750        27        12
       494       246       105        90      2774        31        17
       495       219       306       152      2789        26        21
       496       105       265       183      2943        26        28
       497       133       284       205      3025        12        27
       498       284       246       171      3104        17        17
       499       235       219       230      3179        21        23
       500       243       105       135      3168        28         5
       501       263       133       112      3138        27        13
       502       242       284       316      3159        17        24
       503       117       235       254      3127        23        23
       504       106       243       297      3108         5        21
       505       297       263       271      3054        13        29
       506       223       242       230      3046        24        26
       507         0       117       128      3058        23         9
       508         0       106       105      3047        21        10
       509         0       297       306      3048        29        33
       510         0       223       265      3039        26        15
       511         0         0       284      2997         9         0
       512         0         0       246      2713        10         0
       513         0         0       219      2467        33         0
       514         0         0       105      2248        15         0
       515         0         0       133      2143         0         0
       516         0         0       284      2010         0         0
       517         0         0       235      1726         0         0
       518         0         0       243      1491         0         0
       519         0         0       263      1248         0         0
       520         0         0       242       985         0         0
       521         0         0       117       743         0         0
       522         0         0       106       626         0         0
       523         0         0       297       520         0         0
       524         0         0       223       223         0         0
       525         0         0         0         0         0         0
       526         0         0         0         0         0         0
       527         0         0         0         0         0         0
       528         0         0         0         0         0         0
       529         0         0         0         0         0         0
       530         0         0         0         0         0         0
       531         0         0         0         0         0         0
       532         0         0         0         0         0         0
       533         0         0         0         0         0         0
       534         0         0         0         0         0         0
       535         0         0         0         0         0         0
       536         0         0         0         0         0         0
       537         0         0         0         0         0         0
       538         0         0         0         0         0         0
       539         0         0         0         0         0         0
       540         0         0         0         0         0         0
