       1    1.0000000000000E+000    1.0000000000000E+000    1.0000000000000E+000
       2    1.0000000000000E+000    1.0000000000000E+000    1.0000000000000E+000
       3    1.0000000000000E+000    1.0000000000000E+000    1.0000000000000E+000
       4    1.0000000000000E+000    1.0000000000000E+000    1.0000000000000E+000
       5    1.0000000000000E+000    1.0000000000000E+000    1.0000000000000E+000
       6    1.0000000000000E+000    1.0000000000000E+000    1.0000000000000E+000
       7    1.0000000000000E+000    1.0000000000000E+000    1.0000000000000E+000
       8    1.0000000000000E+000    1.0000000000000E+000    1.0000000000000E+000
       9    9.9999954999990E-001    1.0000000000000E+000    9.9999954999990E-001
      10    9.9999954999990E-001    1.0000000000000E+000    9.9999954999990E-001
      11    9.9999954999990E-001    1.0000000000000E+000    9.9999954999990E-001
      12    9.9999954999990E-001    1.0000000000000E+000    9.9999954999990E-001
      13    9.9999954999990E-001    1.0000000000000E+000    9.9999954999990E-001
      14    9.9999954999990E-001    1.0000000000000E+000    9.9999954999990E-001
      15    9.9999954999990E-001    1.0000000000000E+000    9.9999954999990E-001
      16    9.9999909999980E-001    1.0000000000000E+000    9.9999909999980E-001
      17    9.9999909999980E-001    1.0000000000000E+000    9.9999909999980E-001
      18    9.9999909999980E-001    1.0000000000000E+000    9.9999909999980E-001
      19    9.9999819999959E-001    1.0000000000000E+000    9.9999819999959E-001
      20    9.9999819999959E-001    1.0000000000000E+000    9.9999819999959E-001
      21    9.9999797499954E-001    1.0000000000000E+000    9.9999797499954E-001
      22    9.9999774999949E-001    1.0000000000000E+000    9.9999774999949E-001
      23    9.9999729999939E-001    1.0000000000000E+000    9.9999729999939E-001
      24    9.9999662499923E-001    1.0000000000000E+000    9.9999662499923E-001
      25    9.9999639999918E-001    1.0000000000000E+000    9.9999639999918E-001
      26    9.9999639999918E-001    1.0000000000000E+000    9.9999639999918E-001
      27    9.9999617499913E-001    1.0000000000000E+000    9.9999617499913E-001
      28    9.9999594999908E-001    1.0000000000000E+000    9.9999594999908E-001
      29    9.9999549999898E-001    1.0000000000000E+000    9.9999549999898E-001
      30    9.9999549999898E-001    1.0000000000000E+000    9.9999549999898E-001
      31    9.9999549999898E-001    1.0000000000000E+000    9.9999549999898E-001
      32    9.9999504999888E-001    1.0000000000000E+000    9.9999504999888E-001
      33    9.9999369999857E-001    1.0000000000000E+000    9.9999369999857E-001
      34    9.9999234999826E-001    1.0000000000000E+000    9.9999234999826E-001
      35    9.9998987499770E-001    1.0000000000000E+000    9.9998987499770E-001
      36    9.9998897499749E-001    1.0000000000000E+000    9.9998897499749E-001
      37    9.9998784999724E-001    1.0000000000000E+000    9.9998784999724E-001
      38    9.9998649999693E-001    1.0000000000000E+000    9.9998649999693E-001
      39    9.9998424999642E-001    1.0000000000000E+000    9.9998424999642E-001
      40    9.9998042499555E-001    1.0000000000000E+000    9.9998042499555E-001
      41    9.9997727499484E-001    1.0000000000000E+000    9.9997727499484E-001
      42    9.9997457499423E-001    1.0000000000000E+000    9.9997457499423E-001
      43    9.9997232499372E-001    1.0000000000000E+000    9.9997232499372E-001
      44    9.9997007499321E-001    1.0000000000000E+000    9.9997007499321E-001
      45    9.9996759999265E-001    1.0000000000000E+000    9.9996759999265E-001
      46    9.9996039999102E-001    1.0000000000000E+000    9.9996039999102E-001
      47    9.9995477498975E-001    1.0000000000000E+000    9.9995477498975E-001
      48    9.9994869998839E-001    1.0000000000000E+000    9.9994869998839E-001
      49    9.9994419998738E-001    1.0000000000000E+000    9.9994419998738E-001
      50    9.9993497498532E-001    1.0000000000000E+000    9.9993497498532E-001
      51    9.9992462498302E-001    1.0000000000000E+000    9.9992462498302E-001
      52    9.9991359998058E-001    1.0000000000000E+000    9.9991359998058E-001
      53    9.9990302497827E-001    1.0000000000000E+000    9.9990302497827E-001
      54    9.9988884997521E-001    1.0000000000000E+000    9.9988884997521E-001
      55    9.9987489997224E-001    1.0000000000000E+000    9.9987489997224E-001
      56    9.9984992496705E-001    1.0000000000000E+000    9.9984992496705E-001
      57    9.9982809996267E-001    1.0000000000000E+000    9.9982809996267E-001
      58    9.9980672495854E-001    1.0000000000000E+000    9.9980672495854E-001
      59    9.9978534995459E-001    1.0000000000000E+000    9.9978534995459E-001
      60    9.9975519994937E-001    1.0000000000000E+000    9.9975519994937E-001
      61    9.9971627494330E-001    1.0000000000000E+000    9.9971627494330E-001
      62    9.9967329993763E-001    1.0000000000000E+000    9.9967329993763E-001
      63    9.9961997493233E-001    1.0000000000000E+000    9.9961997493233E-001
      64    9.9956912492932E-001    1.0000000000000E+000    9.9956912492932E-001
      65    9.9950499992881E-001    1.0000000000000E+000    9.9950499992881E-001
      66    9.9943164993334E-001    1.0000000000000E+000    9.9943164993334E-001
      67    9.9935019994573E-001    1.0000000000000E+000    9.9935019994573E-001
      68    9.9924894997352E-001    1.0000000000000E+000    9.9924894997352E-001
      69    9.9914747501714E-001    1.0000000000000E+000    9.9914747501714E-001
      70    9.9902710009230E-001    1.0000000000000E+000    9.9902710009230E-001
      71    9.9888850021469E-001    1.0000000000000E+000    9.9888850021469E-001
      72    9.9871412543125E-001    1.0000000000000E+000    9.9871412543125E-001
      73    9.9852647575374E-001    1.0000000000000E+000    9.9852647575374E-001
      74    9.9831677624004E-001    1.0000000000000E+000    9.9831677624004E-001
      75    9.9806927700982E-001    1.0000000000000E+000    9.9806927700982E-001
      76    9.9778262820505E-001    1.0000000000000E+000    9.9778262820505E-001
      77    9.9750115474025E-001    1.0000000000000E+000    9.9750115474025E-001
      78    9.9713395735730E-001    1.0000000000000E+000    9.9713395735730E-001
      79    9.9672356122019E-001    1.0000000000000E+000    9.9672356122019E-001
      80    9.9624499215695E-001    1.0000000000000E+000    9.9624499215695E-001
      81    9.9567102661147E-001    1.0000000000000E+000    9.9567102661147E-001
      82    9.9505656496878E-001    1.0000000000000E+000    9.9505656496878E-001
      83    9.9436538456952E-001    1.0000000000000E+000    9.9436538456952E-001
      84    9.9358893817319E-001    1.0000000000000E+000    9.9358893817319E-001
      85    9.9269865573538E-001    1.0000000000000E+000    9.9269865573538E-001
      86    9.9162907261568E-001    1.0000000000000E+000    9.9162907261568E-001
      87    9.9044949413658E-001    1.0000000000000E+000    9.9044949413658E-001
      88    9.8909356380219E-001    1.0000000000000E+000    9.8909356380219E-001
      89    9.8754352961160E-001    1.0000000000000E+000    9.8754352961160E-001
      90    9.8579469683721E-001    1.0000000000000E+000    9.8579469683721E-001
      91    9.8378322205500E-001    1.0000000000000E+000    9.8378322205500E-001
      92    9.8150804691012E-001    1.0000000000000E+000    9.8150804691012E-001
      93    9.7883027284190E-001    1.0000000000000E+000    9.7883027284190E-001
      94    9.7589668388794E-001    1.0000000000000E+000    9.7589668388794E-001
      95    9.7256669387873E-001    1.0000000000000E+000    9.7256669387873E-001
      96    9.6870549783353E-001    1.0000000000000E+000    9.6870549783353E-001
      97    9.6423763495637E-001    1.0000000000000E+000    9.6423763495637E-001
      98    9.5934826213705E-001    1.0000000000000E+000    9.5934826213705E-001
      99    9.5369594922232E-001    1.0000000000000E+000    9.5369594922232E-001
     100    9.4725889364567E-001    1.0000000000000E+000    9.4725889364567E-001
     101    9.4005891937162E-001    1.0000000000000E+000    9.4005891937162E-001
     102    9.3174175678821E-001    1.0000000000000E+000    9.3174175678821E-001
     103    9.2241269411033E-001    1.0000000000000E+000    9.2241269411033E-001
     104    9.1167411124742E-001    1.0000000000000E+000    9.1167411124742E-001
     105    8.9975708813652E-001    1.0000000000000E+000    8.9975708813652E-001
     106    8.8638810174633E-001    1.0000000000000E+000    8.8638810174633E-001
     107    8.7144936110496E-001    1.0000000000000E+000    8.7144936110496E-001
     108    8.5456975155588E-001    1.0000000000000E+000    8.5456975155588E-001
     109    8.3567793719689E-001    1.0000000000000E+000    8.3567793719689E-001
     110    8.1473626529578E-001    1.0000000000000E+000    8.1473626529578E-001
     111    7.9148533886722E-001    1.0000000000000E+000    7.9148533886722E-001
     112    7.6600097717460E-001    1.0000000000000E+000    7.6600097717460E-001
     113    7.3801299360341E-001    1.0000000000000E+000    7.3801299360341E-001
     114    2.0844252846569E-001    2.9463058313473E-001    7.0747078001190E-001
     115    1.4716486919903E-001    2.1807549777133E-001    6.7483449861635E-001
     116    9.6717037676326E-002    1.5119509222755E-001    6.3968371096838E-001
     117    5.8916067063642E-002    9.7739636776954E-002    6.0278581961678E-001
     118    3.2925695156003E-002    5.8362670196100E-002    5.6415676399609E-001
     119    3.0920999868571E-002    5.5984845086023E-002    5.5231018003283E-001
     120    3.1305895590494E-002    5.7639024787972E-002    5.4313714893086E-001
     121    3.4132101410634E-002    6.3625548260925E-002    5.3645276690835E-001
     122    3.9987726287239E-002    7.5166651905928E-002    5.3198759387719E-001
     123    4.9627209550124E-002    9.3772197956077E-002    5.2923159136538E-001
     124    6.2963697263282E-002    1.1956010526514E-001    5.2662798450747E-001
     125    8.1324147983154E-002    1.5519850809084E-001    5.2400083598456E-001
     126    1.0604435172884E-001    2.0345748176014E-001    5.2121136471085E-001
     127    1.3883293678373E-001    2.6799215793821E-001    5.1804850504520E-001
     128    1.8090437871210E-001    3.5175683412696E-001    5.1428817057981E-001
     129    2.3171558969810E-001    4.5454562816516E-001    5.0977410262080E-001
     130    2.9072739988861E-001    5.7639945454589E-001    5.0438527933315E-001
     131    3.5212548798068E-001    7.0718921133803E-001    4.9792259601138E-001
     132    4.0927943741744E-001    8.3459362643509E-001    4.9039367717874E-001
     133    4.0638750959225E-001    8.4364433637535E-001    4.8170478016632E-001
     134    3.9611151939302E-001    8.3881393252447E-001    4.7222811166345E-001
     135    3.7973814333081E-001    8.2142809237572E-001    4.6229018322533E-001
     136    3.6073792240890E-001    7.9636937387298E-001    4.5297814587536E-001
     137    3.4277883753287E-001    7.6991611700364E-001    4.4521582281833E-001
     138    3.2590593810963E-001    7.4413604671032E-001    4.3796553002692E-001
     139    3.0942508565813E-001    7.1816384371586E-001    4.3085583932648E-001
     140    2.9300394301361E-001    6.9159231646904E-001    4.2366570020552E-001
     141    2.7730947031410E-001    6.6588582454131E-001    4.1645198034531E-001
     142    2.6273875002066E-001    6.4210930267230E-001    4.0918072503733E-001
     143    2.4969957528048E-001    6.2133337601192E-001    4.0187697123756E-001
     144    2.3856039524537E-001    6.0458078142382E-001    3.9458812217541E-001
     145    2.3009207092312E-001    5.9385541579767E-001    3.8745469823502E-001
     146    2.2425411239383E-001    5.8938059340653E-001    3.8049117141382E-001
     147    2.2122312315265E-001    5.9195813660016E-001    3.7371413529885E-001
     148    2.2016818021054E-001    5.9974669958863E-001    3.6710194547391E-001
     149    2.2058710261553E-001    6.1154398751749E-001    3.6070521028420E-001
     150    2.2023941412076E-001    6.2129651426297E-001    3.5448358241962E-001
     151    2.1754644104236E-001    6.2422965460904E-001    3.4850385500927E-001
     152    2.1436963382826E-001    6.2551853865993E-001    3.4270708313059E-001
     153    2.1145724557411E-001    6.2728018593239E-001    3.3710174546610E-001
     154    2.0916008678753E-001    6.3063966702563E-001    3.3166338516894E-001
     155    2.0716777230031E-001    6.3485184376029E-001    3.2632459736312E-001
     156    2.0591035970608E-001    6.4104588127174E-001    3.2121001900453E-001
     157    2.0518735035391E-001    6.4877588166899E-001    3.1626846211679E-001
     158    2.0480318376994E-001    6.5754930427181E-001    3.1146437603907E-001
     159    2.0452378739489E-001    6.6661778135719E-001    3.0680817871148E-001
     160    2.0412559789912E-001    6.7539275228209E-001    3.0223243765853E-001
     161    2.0380880936261E-001    6.8434648680855E-001    2.9781523437502E-001
     162    2.0357222370762E-001    6.9350308524013E-001    2.9354191501128E-001
     163    2.0337661201762E-001    7.0267823384974E-001    2.8943064153757E-001
     164    2.0312612105962E-001    7.1166837926860E-001    2.8542243406736E-001
     165    2.0266512977568E-001    7.1993458459842E-001    2.8150492296286E-001
     166    2.0218322762990E-001    7.2804985069532E-001    2.7770519757240E-001
     167    2.0175642501281E-001    7.3619161936277E-001    2.7405422678873E-001
     168    2.0121201182681E-001    7.4391757661625E-001    2.7047621692451E-001
     169    2.0085213532217E-001    7.5215950415923E-001    2.6703396581644E-001
     170    2.0022371720140E-001    7.5944100523159E-001    2.6364617636144E-001
     171    1.9968158929409E-001    7.6681368790600E-001    2.6040430999527E-001
     172    1.9913947552316E-001    7.7409138116476E-001    2.5725577156475E-001
     173    1.9852950077982E-001    7.8105135548933E-001    2.5418239067703E-001
     174    1.9807290267717E-001    7.8843985602094E-001    2.5122132165767E-001
     175    1.9760577788841E-001    7.9563632297437E-001    2.4836193645571E-001
     176    1.9705391063007E-001    8.0244168544053E-001    2.4556788886397E-001
     177    1.9638743173264E-001    8.0871700761807E-001    2.4283826095245E-001
     178    1.9582241944453E-001    8.1519534717582E-001    2.4021533013276E-001
     179    1.9527386703449E-001    8.2164955324095E-001    2.3766077187560E-001
     180    1.9470580185115E-001    8.2791050535298E-001    2.3517735382297E-001
     181    1.9410222281964E-001    8.3385489167075E-001    2.3277697925442E-001
     182    1.9357972845389E-001    8.3997926884480E-001    2.3045774536807E-001
     183    1.9304155744202E-001    8.4585528179557E-001    2.2822054977564E-001
     184    1.9254730246634E-001    8.5182939524957E-001    2.2603974873387E-001
     185    1.9199987504194E-001    8.5740342834584E-001    2.2393177901371E-001
     186    1.9146417529086E-001    8.6287853509351E-001    2.2189006621901E-001
     187    1.9092152814943E-001    8.6823332254845E-001    2.1989656834298E-001
     188    1.9036831528206E-001    8.7336546030669E-001    2.1797096855102E-001
     189    1.8990160808703E-001    8.7858332501946E-001    2.1614524505439E-001
     190    1.8940842981558E-001    8.8362569224095E-001    2.1435369238215E-001
     191    1.8890913587969E-001    8.8855087375575E-001    2.1260362401221E-001
     192    1.8838365993767E-001    8.9319312592364E-001    2.1091033335356E-001
     193    1.8793763355067E-001    8.9795454478464E-001    2.0929526404451E-001
     194    1.8745816344672E-001    9.0248462843603E-001    2.0771341421247E-001
     195    1.8696138031678E-001    9.0679843899299E-001    2.0617743952494E-001
     196    1.8640642181213E-001    9.1077404842030E-001    2.0466813051541E-001
     197    1.8589068662345E-001    9.1469577840473E-001    2.0322678972855E-001
     198    1.8539029001187E-001    9.1855062521236E-001    2.0182914792422E-001
     199    1.8494709573871E-001    9.2241821084467E-001    2.0050243323942E-001
     200    1.8442861256941E-001    9.2591900605561E-001    1.9918439017153E-001
     201    1.8400261434888E-001    9.2958933719636E-001    1.9793967829260E-001
     202    1.8357278603699E-001    9.3309286061530E-001    1.9673581675026E-001
     203    1.8306100692230E-001    9.3612107650952E-001    1.9555270308076E-001
     204    1.8257523987538E-001    9.3914976946003E-001    1.9440481786026E-001
     205    1.8212498841047E-001    9.4218506004896E-001    1.9330065412097E-001
     206    1.8170183508176E-001    9.4516137374831E-001    1.9224424540454E-001
     207    1.8124177184583E-001    9.4784131810396E-001    1.9121531039434E-001
     208    1.8079904996796E-001    9.5048954593919E-001    1.9021676854879E-001
     209    1.8037271506321E-001    9.5306987724973E-001    1.8925444961466E-001
     210    1.7993145361470E-001    9.5554050810187E-001    1.8830332370955E-001
     211    1.7952409881957E-001    9.5793459322642E-001    1.8740747028972E-001
     212    1.7910848776086E-001    9.6019394975018E-001    1.8653365583845E-001
     213    1.7865158297348E-001    9.6216414839139E-001    1.8567682372302E-001
     214    1.7822719469234E-001    9.6419556305745E-001    1.8484548313745E-001
     215    1.7780816927444E-001    9.6605845843247E-001    1.8405528953492E-001
     216    1.7740204524356E-001    9.6785070752724E-001    1.8329484481837E-001
     217    1.7700010011476E-001    9.6959636776021E-001    1.8255029205981E-001
     218    1.7661161749432E-001    9.7128459502234E-001    1.8183302648824E-001
     219    1.7622209335614E-001    9.7285830150140E-001    1.8113849990710E-001
     220    1.7582747350672E-001    9.7429930597697E-001    1.8046556374215E-001
     221    1.7545388679768E-001    9.7572027094811E-001    1.7981986438305E-001
     222    1.7506990871252E-001    9.7703652115298E-001    1.7918461073075E-001
     223    1.7470236450854E-001    9.7830141535631E-001    1.7857723781878E-001
     224    1.7435363912008E-001    9.7957556594613E-001    1.7798896295630E-001
     225    1.7399382891540E-001    9.8069064817556E-001    1.7741968809338E-001
     226    1.7364874899358E-001    9.8178198740776E-001    1.7687098685939E-001
     227    1.7333417872380E-001    9.8289541341455E-001    1.7635058253211E-001
     228    1.7301814868094E-001    9.8393858351089E-001    1.7584242713969E-001
     229    1.7270258265409E-001    9.8488463295908E-001    1.7535310926236E-001
     230    1.7238337938568E-001    9.8575045958081E-001    1.7487527163719E-001
     231    1.7206852372286E-001    9.8658303501968E-001    1.7440855722744E-001
     232    1.7176247856189E-001    9.8736923667098E-001    1.7395972264743E-001
     233    1.7147902332856E-001    9.8814703998104E-001    1.7353593786189E-001
     234    1.7118753898306E-001    9.8885558943614E-001    1.7311682394461E-001
     235    1.7090890058700E-001    9.8952784326978E-001    1.7271762664328E-001
     236    1.7064106439194E-001    9.9019150464606E-001    1.7233137589171E-001
     237    1.7037898743377E-001    9.9080425639769E-001    1.7196029017197E-001
     238    1.7010641447170E-001    9.9135285462971E-001    1.7159017969968E-001
     239    1.6984514287680E-001    9.9187996005837E-001    1.7123558264733E-001
     240    1.6958820038285E-001    9.9237037922681E-001    1.7089204185536E-001
     241    1.6934549350308E-001    9.9282953279497E-001    1.7056854969488E-001
     242    1.6911557700741E-001    9.9328241870569E-001    1.7025930774833E-001
     243    1.6888690268209E-001    9.9369810068817E-001    1.6995796063727E-001
     244    1.6866653814782E-001    9.9410139443304E-001    1.6966733885734E-001
     245    1.6845892187531E-001    9.9449989106557E-001    1.6939058856488E-001
     246    1.6824175691165E-001    9.9484730528517E-001    1.6911314532176E-001
     247    1.6803289516937E-001    9.9516298154565E-001    1.6884962391626E-001
     248    1.6782837374396E-001    9.9547210401390E-001    1.6859173960501E-001
     249    1.6762680473737E-001    9.9575044844247E-001    1.6834218352557E-001
     250    1.6744214055468E-001    9.9602932229467E-001    1.6810964979316E-001
     251    1.6724726742796E-001    9.9626668524876E-001    1.6787399388568E-001
     252    1.6706149697114E-001    9.9651045528630E-001    1.6764650695325E-001
     253    1.6688765078037E-001    9.9674433019879E-001    1.6743275654960E-001
     254    1.6671365016949E-001    9.9695825786399E-001    1.6722229727719E-001
     255    1.6655046462666E-001    9.9715590868857E-001    1.6702550040114E-001
     256    1.6639100117968E-001    9.9733614177497E-001    1.6683542710440E-001
     257    1.6624584797203E-001    9.9752015067821E-001    1.6665913752118E-001
     258    1.6609345018517E-001    9.9767839857388E-001    1.6647995027515E-001
     259    1.6595037363851E-001    9.9782791224313E-001    1.6631161706576E-001
     260    1.6580604000316E-001    9.9797309501587E-001    1.6614279566377E-001
     261    1.6566013405777E-001    9.9809788536130E-001    1.6597583913105E-001
     262    1.6552651201959E-001    9.9822688969173E-001    1.6582053011085E-001
     263    1.6539934648506E-001    9.9835064604071E-001    1.6567259924257E-001
     264    1.6527552146794E-001    9.9845748679830E-001    1.6553085499706E-001
     265    1.6514967465417E-001    9.9856257675486E-001    1.6538740635653E-001
     266    1.6503357739069E-001    9.9866637610678E-001    1.6525396402557E-001
     267    1.6491760737074E-001    9.9875475655885E-001    1.6512322598488E-001
     268    1.6480724291146E-001    9.9884283330532E-001    1.6499817330229E-001
     269    1.6470041353274E-001    9.9891968682988E-001    1.6487853398448E-001
     270    1.6459323382373E-001    9.9898850855869E-001    1.6475988703934E-001
     271    1.6448821744963E-001    9.9904607782431E-001    1.6464527622975E-001
     272    1.6439246838524E-001    9.9911199687234E-001    1.6453857915815E-001
     273    1.6429825342026E-001    9.9916883071671E-001    1.6443492668042E-001
     274    1.6421036485130E-001    9.9922923536778E-001    1.6433703002180E-001
     275    1.6411979148118E-001    9.9928442612019E-001    1.6423731541418E-001
     276    1.6403357516479E-001    9.9933282710288E-001    1.6414308698367E-001
     277    1.6394970703250E-001    9.9937639394713E-001    1.6405201085946E-001
     278    1.6386946571960E-001    9.9941704408087E-001    1.6396505011610E-001
     279    1.6379559570144E-001    9.9946171930906E-001    1.6388381119256E-001
     280    1.6372135947716E-001    9.9949845541156E-001    1.6380351424330E-001
     281    1.6364530182996E-001    9.9953134405252E-001    1.6372203113359E-001
     282    1.6357662788742E-001    9.9956428757424E-001    1.6364793132455E-001
     283    1.6350838083179E-001    9.9959337480544E-001    1.6357489450509E-001
     284    1.6344407913226E-001    9.9962320643553E-001    1.6350568702289E-001
     285    1.6338621518236E-001    9.9965331846694E-001    1.6344287780981E-001
     286    1.6332303845753E-001    9.9967558446510E-001    1.6337604018300E-001
     287    1.6326349076950E-001    9.9969749452801E-001    1.6331289381352E-001
     288    1.6320705254196E-001    9.9971746382087E-001    1.6325317747095E-001
     289    1.6315289971484E-001    9.9973872691276E-001    1.6319553831696E-001
     290    1.6309799435540E-001    9.9975645121382E-001    1.6313772635063E-001
     291    1.6304947184423E-001    9.9977502531060E-001    1.6308616210290E-001
     292    1.6299896260015E-001    9.9979038053223E-001    1.6303313751967E-001
     293    1.6295004029564E-001    9.9980357103870E-001    1.6298205469135E-001
     294    1.6290408519904E-001    9.9981717223103E-001    1.6293387403572E-001
     295    1.6285957917132E-001    9.9983132608304E-001    1.6288705396873E-001
     296    1.6281575511401E-001    9.9984250990287E-001    1.6284140102207E-001
     297    1.6277562627481E-001    9.9985427743456E-001    1.6279934981372E-001
     298    1.6273690596341E-001    9.9986479875651E-001    1.6275891117058E-001
     299    1.6269675266805E-001    9.9987236334225E-001    1.6271752138863E-001
     300    1.6265848732650E-001    9.9988163260597E-001    1.6267774306701E-001
     301    1.6262301423716E-001    9.9989030134134E-001    1.6264085572088E-001
     302    1.6258873442970E-001    9.9989799520284E-001    1.6260532095248E-001
     303    1.6255424766795E-001    9.9990476645400E-001    1.6256972975978E-001
     304    1.6252108030525E-001    9.9991173787033E-001    1.6253542602810E-001
     305    1.6248892902876E-001    9.9991704777673E-001    1.6250240896487E-001
     306    1.6245989648465E-001    9.9992340542951E-001    1.6247234098382E-001
     307    1.6243274641494E-001    9.9992950966856E-001    1.6244419716024E-001
     308    1.6240304508398E-001    9.9993405153370E-001    1.6241375602209E-001
     309    1.6237666127300E-001    9.9993891200995E-001    1.6238658114285E-001
     310    1.6234814998855E-001    9.9994284803324E-001    1.6235742903494E-001
     311    1.6232260474880E-001    9.9994652146103E-001    1.6233128598881E-001
     312    1.6229837638059E-001    9.9995001634922E-001    1.6230648905146E-001
     313    1.6227700773697E-001    9.9995418168869E-001    1.6228444333612E-001
     314    1.6225674767410E-001    9.9995807525387E-001    1.6226355053226E-001
     315    1.6223492162508E-001    9.9996096325795E-001    1.6224125499510E-001
     316    1.6221159232039E-001    9.9996322858009E-001    1.6221755729031E-001
     317    1.6218753376789E-001    9.9996530850176E-001    1.6219316049163E-001
     318    1.6216684826129E-001    9.9996769266589E-001    1.6217208760910E-001
     319    1.6214690346555E-001    9.9996990425689E-001    1.6215178354398E-001
     320    1.6212785258112E-001    9.9997170863921E-001    1.6213243952846E-001
     321    1.6211175767463E-001    9.9997362185191E-001    1.6211603399539E-001
     322    1.6209558023064E-001    9.9997580373173E-001    1.6209950243369E-001
     323    1.6207826517370E-001    9.9997725689763E-001    1.6208195142011E-001
     324    1.6206327611365E-001    9.9997927040586E-001    1.6206663568923E-001
     325    1.6204912000337E-001    9.9998090328234E-001    1.6205221466876E-001
     326    1.6203388301837E-001    9.9998215798317E-001    1.6203677408122E-001
     327    1.6201936493629E-001    9.9998311626153E-001    1.6202210047506E-001
     328    1.6200397431485E-001    9.9998379950623E-001    1.6200659890175E-001
     329    1.6198939145183E-001    9.9998473546750E-001    1.6199186418190E-001
     330    1.6197847168191E-001    9.9998622857383E-001    1.6198070238719E-001
     331    1.6196657901512E-001    9.9998761671567E-001    1.6196858471815E-001
     332    1.6195520254838E-001    9.9998864316449E-001    1.6195704186786E-001
     333    1.6194490889770E-001    9.9998965739749E-001    1.6194658384685E-001
     334    1.6193277994308E-001    9.9999035902147E-001    1.6193434114859E-001
     335    1.6192008500586E-001    9.9999070973915E-001    1.6192158929966E-001
     336    1.6190972162304E-001    9.9999127982902E-001    1.6191113351581E-001
     337    1.6189943539941E-001    9.9999192875157E-001    1.6190074214052E-001
     338    1.6188982564186E-001    9.9999242101972E-001    1.6189105261096E-001
     339    1.6188213993503E-001    9.9999298282362E-001    1.6188327589853E-001
     340    1.6187407687472E-001    9.9999357379565E-001    1.6187511711730E-001
     341    1.6186522627320E-001    9.9999402199287E-001    1.6186619391046E-001
     342    1.6185793107532E-001    9.9999462689044E-001    1.6185880076039E-001
     343    1.6184984911097E-001    9.9999509378704E-001    1.6185064318469E-001
     344    1.6184314265594E-001    9.9999539469460E-001    1.6184388799647E-001
     345    1.6183496389705E-001    9.9999565278445E-001    1.6183566743158E-001
     346    1.6182838779281E-001    9.9999596794413E-001    1.6182904029654E-001
     347    1.6182179935974E-001    9.9999620530320E-001    1.6182241342673E-001
     348    1.6181413355932E-001    9.9999647687721E-001    1.6181470365239E-001
     349    1.6180775697473E-001    9.9999683872100E-001    1.6180826849581E-001
     350    1.6180110063008E-001    9.9999704504337E-001    1.6180157874673E-001
     351    1.6179585621447E-001    9.9999731368261E-001    1.6179629085066E-001
     352    1.6178944841768E-001    9.9999747825918E-001    1.6178985640976E-001
     353    1.6178475853649E-001    9.9999762840281E-001    1.6178514222568E-001
     354    1.6177917234014E-001    9.9999775000253E-001    1.6177953634369E-001
     355    1.6177384813080E-001    9.9999791486617E-001    1.6177418545162E-001
     356    1.6176896128290E-001    9.9999802597695E-001    1.6176928061919E-001
     357    1.6176452829946E-001    9.9999818559265E-001    1.6176482180675E-001
     358    1.6176040568385E-001    9.9999829436545E-001    1.6176068158846E-001
     359    1.6175584328194E-001    9.9999844000022E-001    1.6175609562142E-001
     360    1.6175191104779E-001    9.9999854315206E-001    1.6175214669607E-001
     361    1.6174714544210E-001    9.9999861231696E-001    1.6174736989618E-001
     362    1.6174302649864E-001    9.9999874111679E-001    1.6174323011448E-001
     363    1.6173889968201E-001    9.9999882060470E-001    1.6173909043633E-001
     364    1.6173618234417E-001    9.9999895142455E-001    1.6173635193694E-001
     365    1.6173326487402E-001    9.9999902583147E-001    1.6173342242963E-001
     366    1.6173022452133E-001    9.9999912764438E-001    1.6173036560772E-001
     367    1.6172736742966E-001    9.9999918097534E-001    1.6172749988848E-001
     368    1.6172381047494E-001    9.9999923787129E-001    1.6172393372939E-001
     369    1.6171999636198E-001    9.9999927919926E-001    1.6172011292996E-001
     370    1.6171758703301E-001    9.9999934390022E-001    1.6171769313595E-001
     371    1.6171581476859E-001    9.9999941017617E-001    1.6171591015249E-001
     372    1.6171263460869E-001    9.9999943299116E-001    1.6171272630124E-001
     373    1.6170926436395E-001    9.9999946124415E-001    1.6170935148581E-001
     374    1.6170729765185E-001    9.9999950579112E-001    1.6170737756907E-001
     375    1.6170495012477E-001    9.9999955777510E-001    1.6170502163476E-001
     376    1.6170215296310E-001    9.9999958526409E-001    1.6170222002682E-001
     377    1.6169993054870E-001    9.9999962300407E-001    1.6169999150893E-001
     378    1.6169757590603E-001    9.9999963033607E-001    1.6169763567981E-001
     379    1.6169598820693E-001    9.9999965543106E-001    1.6169604392237E-001
     380    1.6169331522298E-001    9.9999966243906E-001    1.6169336980434E-001
     381    1.6169083327442E-001    9.9999966937505E-001    1.6169088673346E-001
     382    1.6168911950410E-001    9.9999970188404E-001    1.6168916770622E-001
     383    1.6168727848001E-001    9.9999973477504E-001    1.6168732136352E-001
     384    1.6168543364414E-001    9.9999974396403E-001    1.6168547504144E-001
     385    1.6168422545585E-001    9.9999975299103E-001    1.6168426539332E-001
     386    1.6168193573409E-001    9.9999976671103E-001    1.6168197345272E-001
     387    1.6168073123520E-001    9.9999979839902E-001    1.6168076383020E-001
     388    1.6167901289167E-001    9.9999980197502E-001    1.6167904490816E-001
     389    1.6167755062194E-001    9.9999981423902E-001    1.6167758065533E-001
     390    1.6167634441485E-001    9.9999983516401E-001    1.6167637106494E-001
     391    1.6167500931591E-001    9.9999984633601E-001    1.6167503415954E-001
     392    1.6167405710054E-001    9.9999986310001E-001    1.6167407923372E-001
     393    1.6167284824793E-001    9.9999986750401E-001    1.6167286966894E-001
     394    1.6167151377135E-001    9.9999988235101E-001    1.6167153279184E-001
     395    1.6167005131829E-001    9.9999989307101E-001    1.6167006860551E-001
     396    1.6166916142807E-001    9.9999990140400E-001    1.6166917736800E-001
     397    1.6166788914074E-001    9.9999990697500E-001    1.6166790417990E-001
     398    1.6166661683701E-001    9.9999991238400E-001    1.6166663100159E-001
     399    1.6166496104215E-001    9.9999990819100E-001    1.6166497588445E-001
     400    1.6166394441155E-001    9.9999991991100E-001    1.6166395735905E-001
