         1         0         0         0        12         0         2
         2         5         0         0        12         0         0
         3         2         0         0        12         0         0
         4         6         0         0        12         0         0
         5         3         0         0        12         2         0
         6         1         5         0        12         0         0
         7        10         2         0        17         0         0
         8         7         6         0        19         0         0
         9         5         3         0        25         0         0
        10         6         1         0        28         0         0
        11         8        10         0        29         0         1
        12         7         7         0        39         0         0
        13         8         5         0        46         0         0
        14        13         6         0        51         0         0
        15        17         8         0        57         1         0
        16         8         7         0        65         0         0
        17        11         8         0        72         0         1
        18        12        13        12        80         0         2
        19        11        17         0        81         0         1
        20         9         8         5        98         0         0
        21         9        11         2       101         1         0
        22        15        12         6       110         2         1
        23        19        11         3       116         1         0
        24        16         9         1       124         0         0
        25        26         9        10       132         0         0
        26        26        15         7       131         1         3
        27        13        19         5       139         0         2
        28        24        16         6       153         0         1
        29        24        26         8       163         0         3
        30        24        26         7       181         3         7
        31        27        13         8       200         2         2
        32        27        24        13       205         1         4
        33        35        24        17       216         3         1
        34        27        24         8       223         7         1
        35        38        27        11       239         2         0
        36        36        27        12       255         4         3
        37        37        35        11       270         1         7
        38        40        27         9       294         1         1
        39        38        38         9       312         0         3
        40        44        36        15       341         3         3
        41        42        37        19       362         7         7
        42        46        40        16       380         1         7
        43        63        38        26       404         3         2
        44        64        44        26       416         3         5
        45        53        42        13       434         7         5
        46        63        46        24       463         7         8
        47        58        63        24       485         2         6
        48        81        64        24       524         5         5
        49        82        53        27       564         5         5
        50        97        63        27       590         8         7
        51        79        58        35       626         6         6
        52        93        81        27       649         5         6
        53        92        82        38       703         5        14
        54       109        97        36       747         7        10
        55        96        79        37       808         6         6
        56       117        93        40       850         6        12
        57       124        92        38       903        14        11
        58       127       109        44       957        10        14
        59        83        96        42      1022         6         5
        60       222       117        46      1076        12        16
        61       195       124        63      1147        11        13
        62       189       127        64      1208        14        18
        63       209        83        53      1271         5         9
        64       164       222        63      1301        16        17
        65       107       195        58      1460        13        23
        66        95       189        81      1597        18        19
        67       239       209        82      1705         9        14
        68       182       164        97      1832        17        16
        69       182       107        79      1899        23        11
        70       146        95        93      1927        19         9
        71       198       239        92      1929        14        29
        72       101       182       109      2076        16        21
        73       109       182        96      2149        11        20
        74       216       146       117      2235         9        14
        75       180       198       124      2264        29        21
        76       157       101       127      2338        21        10
        77       142       109        83      2312        20        15
        78       173       216       222      2338        14        27
        79       105       180       195      2332        21        27
        80       103       157       189      2317        10        16
        81       122       142       209      2285        15        16
        82       118       173       164      2218        27        15
        83       163       105       107      2227        27        11
        84       146       103        95      2225        16        13
        85       139       122       239      2233        16        11
        86        65       118       182      2116        15        12
        87        78       163       182      2052        11        16
        88       138       146       146      2033        13        12
        89       122       139       198      2033        11        19
        90       121        65       101      1974        12         8
        91       135        78       109      1938        16         7
        92       137       138       216      1907        12        14
        93        59       122       180      1829        19         8
        94        71       121       157      1771         8         8
        95       107       135       142      1735         7        16
        96        76       137       173      1728        14        15
        97        77        59       105      1692         8         7
        98        81        71       103      1646         8         9
        99        78       107       122      1614        16        13
       100        54        76       118      1599        15         4
       101        22        77       163      1557         7         9
       102        81        81       146      1471         9        13
       103        55        78       139      1406        13        13
       104        60        54        65      1345         4         7
       105        35        22        78      1334         9         0
       106        52        81       138      1278        13         8
       107        31        55       122      1221        13         6
       108        43        60       121      1154         7         8
       109       130        35       135      1093         0         4
       110       151        52       137       993         8         3
       111        85        31        59       908         6         1
       112        90        43        71       880         8         7
       113        56       130       107       852         4         9
       114        26       151        76       875         3        15
       115       115        85        77       950         1         9
       116        71        90        81       958         7         6
       117        51        56        78       967         9         9
       118        70        26        54       945        15         7
       119        41       115        22       917         9        13
       120        68        71        81      1010         6         4
       121        29        51        55      1000         9         7
       122        48        70        60       996         7        11
       123        77        41        35      1006        13         3
       124        68        68        52      1012         4        12
       125        57        29        31      1028         7         1
       126        21        48        43      1026        11         5
       127        63        77       130      1031         3        11
       128        41        68       151       978        12        11
       129        28        57        85       895         1         5
       130        44        21        90       867         5         1
       131        63        63        56       798        11        10
       132        74        41        26       805        11         2
       133        50        28       115       820         5         3
       134        32        44        71       733         1         6
       135        20        63        51       706        10         2
       136        24        74        70       718         2        11
       137        45        50        41       722         3         8
       138        35        32        68       731         6         4
       139        25        20        29       695         2         3
       140        66        24        48       686        11         1
       141        36        45        77       662         8         6
       142        10        35        68       630         4         3
       143        25        25        57       597         3         4
       144        25        66        21       565         1         8
       145        36        36        63       610         6         3
       146        32        10        41       583         3         0
       147        37        25        28       552         4         0
       148        60        25        44       549         8         4
       149        20        36        63       530         3         3
       150        10        32        74       503         0         4
       151        22        37        50       461         0         2
       152        32        60        32       448         4         9
       153        21        20        20       476         3         2
       154        11        10        24       476         4         1
       155        12        22        45       462         2         2
       156         6        32        35       439         9         4
       157         8        21        25       436         2         3
       158        21        11        66       432         1         2
       159        19        12        36       377         2         0
       160        13         6        10       353         4         1
       161        18         8        25       349         3         0
       162        19        21        25       332         2         0
       163        12        19        36       328         0         1
       164         9        13        32       311         1         0
       165        25        18        37       292         0         4
       166        19        19        60       273         0         1
       167        23        12        20       232         1         0
       168        27         9        10       224         0         2
       169         9        25        22       223         4         3
       170         9        19        32       226         1         1
       171         7        23        21       213         0         2
       172        24        27        11       215         2         1
       173        14         9        12       231         3         2
       174         5         9         6       228         1         0
       175        20         7         8       231         2         1
       176        12        24        21       230         1         2
       177        12        14        19       233         2         1
       178         3         5        13       228         0         0
       179        21        20        18       220         1         0
       180        12        12        19       222         2         1
       181        25        12        12       215         1         2
       182        23         3         9       215         0         0
       183         3        21        25       209         0         5
       184         5        12        19       205         1         1
       185        20        25        23       198         2         3
       186        19        23        27       200         0         2
       187        16         3         9       196         5         0
       188        16         5         9       190         1         1
       189        21        20         7       186         3         3
       190        14        19        24       199         2         4
       191        12        16        14       194         0         1
       192         6        16         5       196         1         2
       193        20        21        20       207         3         2
       194        14        14        12       208         4         0
       195         7        12        12       210         1         0
       196        15         6         3       210         2         0
       197         9        20        21       213         2         1
       198        15        14        12       212         0         3
       199         8         7        25       214         0         0
       200        24        15        23       196         0         2
       201        15         9         3       188         1         2
       202         6        15         5       194         3         3
       203        35         8        20       204         0         0
       204         7        24        19       192         2         2
       205         2        15        16       197         2         0
       206         1         6        16       196         3         0
       207        28        35        21       186         0         5
       208         8         7        14       200         2         1
       209        18         2        12       193         0         0
       210        19         1         6       183         0         0
       211         8        28        20       178         5         4
       212         5         8        14       186         1         1
       213        12        18         7       180         0         2
       214        10        19        15       191         0         2
       215        12         8         9       195         4         1
       216         8         5        15       194         1         0
       217         8        12         8       184         2         1
       218         3        10        24       188         2         4
       219         1        12        15       174         1         0
       220         3         8         6       171         0         2
       221         3         8        35       173         1         2
       222         7         3         7       146         4         0
       223         6         1         2       142         0         0
       224         6         3         1       141         2         2
       225         6         3        28       143         2         0
       226         1         7         8       118         0         0
       227         1         6        18       117         0         0
       228        11         6        19       105         2         1
       229         9         6         8        92         0         0
       230        21         1         5        90         0         0
       231         6         1        12        86         0         0
       232         3        11        10        75         1         0
       233        10         9        12        76         0         3
       234         1        21         8        73         0         1
       235         9         6         8        86         0         2
       236        18         3         3        84         0         0
       237        10        10         1        84         3         0
       238        10         1         3        93         1         0
       239        18         9         3        91         2         1
       240         1        18         7        97         0         2
       241         4        10         6       108         0         1
       242        19        10         6       112         0         1
       243         5        18         6       116         1         1
       244         6         1         1       128         2         0
       245        11         4         1       128         1         1
       246        12        19        11       131         1         3
       247         8         5         9       139         1         1
       248         3         6        21       135         0         1
       249        16        11         6       120         1         1
       250        25        12         3       125         3         1
       251         7         8        10       134         1         1
       252        14         3         1       132         1         0
       253        28        16         9       134         1         2
       254         9        25        18       141         1         3
       255         5         7        10       148         1         0
       256        19        14        10       145         0         1
       257        27        28        18       149         2         4
       258        27         9         1       159         3         0
       259        31         5         4       167         0         0
       260        23        19        19       168         1         2
       261         5        27         5       168         4         0
       262        14        27         6       190         0         6
       263         0        31        11       211         0         7
       264         0        23        12       231         2         1
       265         0         5         8       242         0         1
       266         0        14         3       239         6         0
       267         0         0        16       250         7         0
       268         0         0        25       234         1         0
       269         0         0         7       209         1         0
       270         0         0        14       202         0         0
       271         0         0        28       188         0         0
       272         0         0         9       160         0         0
       273         0         0         5       151         0         0
       274         0         0        19       146         0         0
       275         0         0        27       127         0         0
       276         0         0        27       100         0         0
       277         0         0        31        73         0         0
       278         0         0        23        42         0         0
       279         0         0         5        19         0         0
       280         0         0        14        14         0         0
       281         0         0         0         0         0         0
       282         0         0         0         0         0         0
       283         0         0         0         0         0         0
       284         0         0         0         0         0         0
       285         0         0         0         0         0         0
       286         0         0         0         0         0         0
       287         0         0         0         0         0         0
       288         0         0         0         0         0         0
       289         0         0         0         0         0         0
       290         0         0         0         0         0         0
       291         0         0         0         0         0         0
       292         0         0         0         0         0         0
       293         0         0         0         0         0         0
       294         0         0         0         0         0         0
       295         0         0         0         0         0         0
       296         0         0         0         0         0         0
       297         0         0         0         0         0         0
       298         0         0         0         0         0         0
       299         0         0         0         0         0         0
       300         0         0         0         0         0         0
