       0    0.0000000000000E+000    9.9999880000000E+006    1.2000000000000E+001    0.0000000000000E+000    0.0000000000000E+000    1.2000000000000E+001
       1    0.0000000000000E+000    9.9999880000000E+006    1.2000000000000E+001    0.0000000000000E+000    0.0000000000000E+000    1.2000000000000E+001
       2    3.0000000000000E+000    9.9999850000000E+006    1.2000000000000E+001    0.0000000000000E+000    0.0000000000000E+000    1.2000000000000E+001
       3    6.0000000000000E+000    9.9999820000000E+006    1.2000000000000E+001    0.0000000000000E+000    0.0000000000000E+000    1.2000000000000E+001
       4    6.0000000000000E+000    9.9999820000000E+006    1.2000000000000E+001    0.0000000000000E+000    0.0000000000000E+000    1.2000000000000E+001
       5    7.0000000000000E+000    9.9999810000000E+006    1.2000000000000E+001    0.0000000000000E+000    0.0000000000000E+000    1.2000000000000E+001
       6    8.0000000000000E+000    9.9999770000000E+006    1.5000000000000E+001    0.0000000000000E+000    0.0000000000000E+000    1.5000000000000E+001
       7    1.1000000000000E+001    9.9999710000000E+006    1.8000000000000E+001    0.0000000000000E+000    0.0000000000000E+000    1.8000000000000E+001
       8    1.3000000000000E+001    9.9999690000000E+006    1.8000000000000E+001    0.0000000000000E+000    0.0000000000000E+000    1.8000000000000E+001
       9    2.0000000000000E+001    9.9999610000000E+006    1.9000000000000E+001    0.0000000000000E+000    0.0000000000000E+000    1.9000000000000E+001
      10    2.5000000000000E+001    9.9999520000000E+006    2.3000000000000E+001   -1.0000000000000E+000    1.0000000000000E+000    2.3000000000000E+001
      11    2.7000000000000E+001    9.9999440000000E+006    2.9000000000000E+001   -1.0000000000000E+000    1.0000000000000E+000    2.9000000000000E+001
      12    3.3000000000000E+001    9.9999360000000E+006    3.1000000000000E+001   -1.0000000000000E+000    1.0000000000000E+000    3.1000000000000E+001
      13    3.1000000000000E+001    9.9999300000000E+006    3.9000000000000E+001   -1.0000000000000E+000    1.0000000000000E+000    3.9000000000000E+001
      14    3.1000000000000E+001    9.9999210000000E+006    4.8000000000000E+001   -1.0000000000000E+000    1.0000000000000E+000    4.8000000000000E+001
      15    3.3000000000000E+001    9.9999110000000E+006    5.6000000000000E+001   -3.0000000000000E+000    3.0000000000000E+000    5.6000000000000E+001
      16    2.9000000000000E+001    9.9999070000000E+006    6.4000000000000E+001   -3.0000000000000E+000    3.0000000000000E+000    6.4000000000000E+001
      17    2.9000000000000E+001    9.9999010000000E+006    7.0000000000000E+001   -6.0000000000000E+000    6.0000000000000E+000    7.0000000000000E+001
      18    3.2000000000000E+001    9.9998890000000E+006    6.7000000000000E+001    5.0000000000000E+000    7.0000000000000E+000    7.9000000000000E+001
      19    3.2000000000000E+001    9.9998790000000E+006    7.7000000000000E+001    5.0000000000000E+000    7.0000000000000E+000    8.9000000000000E+001
      20    3.9000000000000E+001    9.9998680000000E+006    7.8000000000000E+001    8.0000000000000E+000    7.0000000000000E+000    9.3000000000000E+001
      21    4.2000000000000E+001    9.9998590000000E+006    8.1000000000000E+001    1.1000000000000E+001    7.0000000000000E+000    9.9000000000000E+001
      22    4.3000000000000E+001    9.9998460000000E+006    9.3000000000000E+001    1.0000000000000E+001    8.0000000000000E+000    1.1100000000000E+002
      23    5.1000000000000E+001    9.9998280000000E+006    1.0200000000000E+002    1.0000000000000E+001    9.0000000000000E+000    1.2100000000000E+002
      24    5.5000000000000E+001    9.9998130000000E+006    1.0900000000000E+002    1.3000000000000E+001    1.0000000000000E+001    1.3200000000000E+002
      25    5.6000000000000E+001    9.9998030000000E+006    1.1200000000000E+002    1.8000000000000E+001    1.1000000000000E+001    1.4100000000000E+002
      26    5.6000000000000E+001    9.9997900000000E+006    1.2300000000000E+002    1.9000000000000E+001    1.2000000000000E+001    1.5400000000000E+002
      27    4.7000000000000E+001    9.9997810000000E+006    1.3300000000000E+002    2.5000000000000E+001    1.4000000000000E+001    1.7200000000000E+002
      28    4.9000000000000E+001    9.9997640000000E+006    1.3900000000000E+002    3.2000000000000E+001    1.6000000000000E+001    1.8700000000000E+002
      29    5.4000000000000E+001    9.9997490000000E+006    1.4100000000000E+002    3.9000000000000E+001    1.7000000000000E+001    1.9700000000000E+002
      30    5.8000000000000E+001    9.9997320000000E+006    1.4600000000000E+002    4.5000000000000E+001    1.9000000000000E+001    2.1000000000000E+002
      31    6.9000000000000E+001    9.9997120000000E+006    1.4900000000000E+002    4.8000000000000E+001    2.2000000000000E+001    2.1900000000000E+002
      32    7.3000000000000E+001    9.9996910000000E+006    1.5700000000000E+002    5.5000000000000E+001    2.4000000000000E+001    2.3600000000000E+002
      33    8.1000000000000E+001    9.9996680000000E+006    1.6200000000000E+002    6.3000000000000E+001    2.6000000000000E+001    2.5100000000000E+002
      34    8.0000000000000E+001    9.9996520000000E+006    1.7500000000000E+002    6.3000000000000E+001    3.0000000000000E+001    2.6800000000000E+002
      35    8.1000000000000E+001    9.9996310000000E+006    1.8900000000000E+002    6.8000000000000E+001    3.1000000000000E+001    2.8800000000000E+002
      36    8.7000000000000E+001    9.9996040000000E+006    1.9800000000000E+002    7.7000000000000E+001    3.4000000000000E+001    3.0900000000000E+002
      37    9.3000000000000E+001    9.9995750000000E+006    2.1100000000000E+002    8.6000000000000E+001    3.5000000000000E+001    3.3200000000000E+002
      38    1.0600000000000E+002    9.9995460000000E+006    2.1600000000000E+002    9.7000000000000E+001    3.5000000000000E+001    3.4800000000000E+002
      39    1.1100000000000E+002    9.9995200000000E+006    2.2800000000000E+002    1.0200000000000E+002    3.9000000000000E+001    3.6900000000000E+002
      40    1.1100000000000E+002    9.9994930000000E+006    2.4200000000000E+002    1.1000000000000E+002    4.4000000000000E+001    3.9600000000000E+002
      41    1.1800000000000E+002    9.9994570000000E+006    2.5300000000000E+002    1.2700000000000E+002    4.5000000000000E+001    4.2500000000000E+002
      42    1.3700000000000E+002    9.9994090000000E+006    2.6700000000000E+002    1.3900000000000E+002    4.8000000000000E+001    4.5400000000000E+002
      43    1.4500000000000E+002    9.9993750000000E+006    2.8300000000000E+002    1.4800000000000E+002    4.9000000000000E+001    4.8000000000000E+002
      44    1.7300000000000E+002    9.9993200000000E+006    2.9700000000000E+002    1.5400000000000E+002    5.6000000000000E+001    5.0700000000000E+002
      45    1.6200000000000E+002    9.9992950000000E+006    3.2400000000000E+002    1.6300000000000E+002    5.6000000000000E+001    5.4300000000000E+002
      46    1.6800000000000E+002    9.9992410000000E+006    3.5500000000000E+002    1.7400000000000E+002    6.2000000000000E+001    5.9100000000000E+002
      47    1.8700000000000E+002    9.9991880000000E+006    3.7400000000000E+002    1.8600000000000E+002    6.5000000000000E+001    6.2500000000000E+002
      48    1.8400000000000E+002    9.9991360000000E+006    4.1200000000000E+002    2.0100000000000E+002    6.7000000000000E+001    6.8000000000000E+002
      49    2.2600000000000E+002    9.9990690000000E+006    4.1700000000000E+002    2.2000000000000E+002    6.8000000000000E+001    7.0500000000000E+002
      50    2.2700000000000E+002    9.9990140000000E+006    4.5000000000000E+002    2.3600000000000E+002    7.3000000000000E+001    7.5900000000000E+002
      51    2.3400000000000E+002    9.9989540000000E+006    4.8000000000000E+002    2.5400000000000E+002    7.8000000000000E+001    8.1200000000000E+002
      52    2.4900000000000E+002    9.9988870000000E+006    5.1600000000000E+002    2.6500000000000E+002    8.3000000000000E+001    8.6400000000000E+002
      53    2.4600000000000E+002    9.9988230000000E+006    5.6200000000000E+002    2.8400000000000E+002    8.5000000000000E+001    9.3100000000000E+002
      54    2.6900000000000E+002    9.9987450000000E+006    5.9000000000000E+002    3.0500000000000E+002    9.1000000000000E+001    9.8600000000000E+002
      55    2.8700000000000E+002    9.9986670000000E+006    6.2100000000000E+002    3.3200000000000E+002    9.3000000000000E+001    1.0460000000000E+003
      56    2.9200000000000E+002    9.9985950000000E+006    6.5900000000000E+002    3.5700000000000E+002    9.7000000000000E+001    1.1130000000000E+003
      57    3.1500000000000E+002    9.9985080000000E+006    6.9700000000000E+002    3.8000000000000E+002    1.0000000000000E+002    1.1770000000000E+003
      58    3.4300000000000E+002    9.9984020000000E+006    7.4800000000000E+002    4.0200000000000E+002    1.0500000000000E+002    1.2550000000000E+003
      59    3.5100000000000E+002    9.9983160000000E+006    7.9000000000000E+002    4.3300000000000E+002    1.1000000000000E+002    1.3330000000000E+003
      60    3.7000000000000E+002    9.9982250000000E+006    8.1400000000000E+002    4.7400000000000E+002    1.1700000000000E+002    1.4050000000000E+003
      61    3.6200000000000E+002    9.9981460000000E+006    8.6700000000000E+002    4.9900000000000E+002    1.2600000000000E+002    1.4920000000000E+003
      62    3.5300000000000E+002    9.9980490000000E+006    9.1800000000000E+002    5.4900000000000E+002    1.3100000000000E+002    1.5980000000000E+003
      63    3.8200000000000E+002    9.9979340000000E+006    9.7900000000000E+002    5.6500000000000E+002    1.4000000000000E+002    1.6840000000000E+003
      64    4.0200000000000E+002    9.9978230000000E+006    1.0160000000000E+003    6.0700000000000E+002    1.5200000000000E+002    1.7750000000000E+003
      65    4.0000000000000E+002    9.9977460000000E+006    1.0420000000000E+003    6.5100000000000E+002    1.6100000000000E+002    1.8540000000000E+003
      66    3.6700000000000E+002    9.9976820000000E+006    1.0870000000000E+003    6.9000000000000E+002    1.7400000000000E+002    1.9510000000000E+003
      67    4.0700000000000E+002    9.9975270000000E+006    1.1350000000000E+003    7.5000000000000E+002    1.8100000000000E+002    2.0660000000000E+003
      68    4.3600000000000E+002    9.9973870000000E+006    1.1910000000000E+003    7.9000000000000E+002    1.9600000000000E+002    2.1770000000000E+003
      69    4.5100000000000E+002    9.9972950000000E+006    1.2080000000000E+003    8.4400000000000E+002    2.0200000000000E+002    2.2540000000000E+003
      70    4.7800000000000E+002    9.9972040000000E+006    1.2050000000000E+003    9.0200000000000E+002    2.1100000000000E+002    2.3180000000000E+003
      71    4.4900000000000E+002    9.9970780000000E+006    1.2960000000000E+003    9.5800000000000E+002    2.1900000000000E+002    2.4730000000000E+003
      72    3.6400000000000E+002    9.9970230000000E+006    1.3580000000000E+003    1.0230000000000E+003    2.3200000000000E+002    2.6130000000000E+003
      73    3.3000000000000E+002    9.9969650000000E+006    1.3720000000000E+003    1.0920000000000E+003    2.4100000000000E+002    2.7050000000000E+003
      74    3.6600000000000E+002    9.9968380000000E+006    1.3910000000000E+003    1.1600000000000E+003    2.4500000000000E+002    2.7960000000000E+003
      75    3.6700000000000E+002    9.9967110000000E+006    1.4300000000000E+003    1.2280000000000E+003    2.6400000000000E+002    2.9220000000000E+003
      76    4.1200000000000E+002    9.9966110000000E+006    1.3790000000000E+003    1.3180000000000E+003    2.8000000000000E+002    2.9770000000000E+003
      77    4.3300000000000E+002    9.9965320000000E+006    1.3510000000000E+003    1.3920000000000E+003    2.9200000000000E+002    3.0350000000000E+003
      78    3.8600000000000E+002    9.9964520000000E+006    1.3870000000000E+003    1.4720000000000E+003    3.0300000000000E+002    3.1620000000000E+003
      79    3.2400000000000E+002    9.9963870000000E+006    1.4350000000000E+003    1.5400000000000E+003    3.1400000000000E+002    3.2890000000000E+003
      80    2.8200000000000E+002    9.9963290000000E+006    1.4380000000000E+003    1.6340000000000E+003    3.1700000000000E+002    3.3890000000000E+003
      81    2.9600000000000E+002    9.9962360000000E+006    1.4020000000000E+003    1.7430000000000E+003    3.2300000000000E+002    3.4680000000000E+003
      82    3.0400000000000E+002    9.9961480000000E+006    1.3710000000000E+003    1.8450000000000E+003    3.3200000000000E+002    3.5480000000000E+003
      83    3.2200000000000E+002    9.9960650000000E+006    1.3590000000000E+003    1.9110000000000E+003    3.4300000000000E+002    3.6130000000000E+003
      84    3.2400000000000E+002    9.9960050000000E+006    1.3530000000000E+003    1.9690000000000E+003    3.4900000000000E+002    3.6710000000000E+003
      85    3.0800000000000E+002    9.9959280000000E+006    1.2910000000000E+003    2.1110000000000E+003    3.6200000000000E+002    3.7640000000000E+003
      86    2.7500000000000E+002    9.9958730000000E+006    1.2390000000000E+003    2.2460000000000E+003    3.6700000000000E+002    3.8520000000000E+003
      87    2.1700000000000E+002    9.9958480000000E+006    1.2300000000000E+003    2.3280000000000E+003    3.7700000000000E+002    3.9350000000000E+003
      88    2.4800000000000E+002    9.9957570000000E+006    1.1990000000000E+003    2.4130000000000E+003    3.8300000000000E+002    3.9950000000000E+003
      89    2.5600000000000E+002    9.9956720000000E+006    1.1500000000000E+003    2.5290000000000E+003    3.9300000000000E+002    4.0720000000000E+003
      90    3.0300000000000E+002    9.9955700000000E+006    1.1500000000000E+003    2.5750000000000E+003    4.0200000000000E+002    4.1270000000000E+003
      91    3.4700000000000E+002    9.9955010000000E+006    1.1170000000000E+003    2.6270000000000E+003    4.0800000000000E+002    4.1520000000000E+003
      92    3.4000000000000E+002    9.9954170000000E+006    1.0810000000000E+003    2.7500000000000E+003    4.1200000000000E+002    4.2430000000000E+003
      93    3.0200000000000E+002    9.9953700000000E+006    1.0390000000000E+003    2.8660000000000E+003    4.2300000000000E+002    4.3280000000000E+003
      94    2.5200000000000E+002    9.9953180000000E+006    1.0410000000000E+003    2.9610000000000E+003    4.2800000000000E+002    4.4300000000000E+003
      95    2.4500000000000E+002    9.9952560000000E+006    1.0310000000000E+003    3.0360000000000E+003    4.3200000000000E+002    4.4990000000000E+003
      96    2.1400000000000E+002    9.9952030000000E+006    1.0350000000000E+003    3.0990000000000E+003    4.4900000000000E+002    4.5830000000000E+003
      97    2.1400000000000E+002    9.9951560000000E+006    1.0170000000000E+003    3.1540000000000E+003    4.5900000000000E+002    4.6300000000000E+003
      98    2.0200000000000E+002    9.9951160000000E+006    1.0110000000000E+003    3.2030000000000E+003    4.6800000000000E+002    4.6820000000000E+003
      99    2.0500000000000E+002    9.9950510000000E+006    9.8000000000000E+002    3.2850000000000E+003    4.7900000000000E+002    4.7440000000000E+003
     100    1.9500000000000E+002    9.9950080000000E+006    9.4500000000000E+002    3.3640000000000E+003    4.8800000000000E+002    4.7970000000000E+003
     101    1.5500000000000E+002    9.9950010000000E+006    9.0900000000000E+002    3.4450000000000E+003    4.9000000000000E+002    4.8440000000000E+003
     102    1.4400000000000E+002    9.9949720000000E+006    8.8900000000000E+002    3.4990000000000E+003    4.9600000000000E+002    4.8840000000000E+003
     103    1.1900000000000E+002    9.9949320000000E+006    8.7700000000000E+002    3.5700000000000E+003    5.0200000000000E+002    4.9490000000000E+003
     104    1.0900000000000E+002    9.9948990000000E+006    8.6500000000000E+002    3.6200000000000E+003    5.0700000000000E+002    4.9920000000000E+003
     105    1.2300000000000E+002    9.9948780000000E+006    8.4700000000000E+002    3.6380000000000E+003    5.1400000000000E+002    4.9990000000000E+003
     106    1.2900000000000E+002    9.9948430000000E+006    7.8500000000000E+002    3.7250000000000E+003    5.1800000000000E+002    5.0280000000000E+003
     107    1.0700000000000E+002    9.9948250000000E+006    7.4000000000000E+002    3.8050000000000E+003    5.2300000000000E+002    5.0680000000000E+003
     108    1.0300000000000E+002    9.9947960000000E+006    6.7100000000000E+002    3.9010000000000E+003    5.2900000000000E+002    5.1010000000000E+003
     109    1.6700000000000E+002    9.9947110000000E+006    6.2300000000000E+002    3.9690000000000E+003    5.3000000000000E+002    5.1220000000000E+003
     110    2.2200000000000E+002    9.9946210000000E+006    5.7400000000000E+002    4.0520000000000E+003    5.3100000000000E+002    5.1570000000000E+003
     111    2.4400000000000E+002    9.9945810000000E+006    5.4500000000000E+002    4.0970000000000E+003    5.3300000000000E+002    5.1750000000000E+003
     112    2.6800000000000E+002    9.9945280000000E+006    5.2200000000000E+002    4.1490000000000E+003    5.3300000000000E+002    5.2040000000000E+003
     113    2.1700000000000E+002    9.9944940000000E+006    5.4500000000000E+002    4.2100000000000E+003    5.3400000000000E+002    5.2890000000000E+003
     114    1.5200000000000E+002    9.9944690000000E+006    5.8200000000000E+002    4.2570000000000E+003    5.4000000000000E+002    5.3790000000000E+003
     115    1.7300000000000E+002    9.9944080000000E+006    5.7500000000000E+002    4.3020000000000E+003    5.4200000000000E+002    5.4190000000000E+003
     116    1.6500000000000E+002    9.9943630000000E+006    5.8800000000000E+002    4.3370000000000E+003    5.4700000000000E+002    5.4720000000000E+003
     117    1.5200000000000E+002    9.9943420000000E+006    5.5700000000000E+002    4.3980000000000E+003    5.5100000000000E+002    5.5060000000000E+003
     118    1.6500000000000E+002    9.9943040000000E+006    5.3900000000000E+002    4.4310000000000E+003    5.6100000000000E+002    5.5310000000000E+003
     119    1.3700000000000E+002    9.9942710000000E+006    5.9300000000000E+002    4.4350000000000E+003    5.6400000000000E+002    5.5920000000000E+003
     120    1.2700000000000E+002    9.9942360000000E+006    6.0900000000000E+002    4.4540000000000E+003    5.7400000000000E+002    5.6370000000000E+003
     121    1.2100000000000E+002    9.9942210000000E+006    5.9000000000000E+002    4.4900000000000E+003    5.7800000000000E+002    5.6580000000000E+003
     122    1.0600000000000E+002    9.9941980000000E+006    5.9500000000000E+002    4.5190000000000E+003    5.8200000000000E+002    5.6960000000000E+003
     123    1.1400000000000E+002    9.9941570000000E+006    6.0700000000000E+002    4.5350000000000E+003    5.8700000000000E+002    5.7290000000000E+003
     124    1.1100000000000E+002    9.9941250000000E+006    6.0700000000000E+002    4.5670000000000E+003    5.9000000000000E+002    5.7640000000000E+003
     125    1.2500000000000E+002    9.9940960000000E+006    6.0400000000000E+002    4.5810000000000E+003    5.9400000000000E+002    5.7790000000000E+003
     126    1.2700000000000E+002    9.9940710000000E+006    5.9800000000000E+002    4.6070000000000E+003    5.9700000000000E+002    5.8020000000000E+003
     127    1.2200000000000E+002    9.9940350000000E+006    5.5400000000000E+002    4.6850000000000E+003    6.0400000000000E+002    5.8430000000000E+003
     128    1.1700000000000E+002    9.9940080000000E+006    4.9600000000000E+002    4.7730000000000E+003    6.0600000000000E+002    5.8750000000000E+003
     129    1.0900000000000E+002    9.9939870000000E+006    4.8500000000000E+002    4.8120000000000E+003    6.0700000000000E+002    5.9040000000000E+003
     130    1.1200000000000E+002    9.9939590000000E+006    4.5700000000000E+002    4.8600000000000E+003    6.1200000000000E+002    5.9290000000000E+003
     131    1.0600000000000E+002    9.9939290000000E+006    4.5900000000000E+002    4.8900000000000E+003    6.1600000000000E+002    5.9650000000000E+003
     132    1.2200000000000E+002    9.9938860000000E+006    4.6100000000000E+002    4.9110000000000E+003    6.2000000000000E+002    5.9920000000000E+003
     133    1.3700000000000E+002    9.9938500000000E+006    4.2100000000000E+002    4.9720000000000E+003    6.2000000000000E+002    6.0130000000000E+003
     134    1.2000000000000E+002    9.9938390000000E+006    4.0400000000000E+002    5.0130000000000E+003    6.2400000000000E+002    6.0410000000000E+003
     135    1.0000000000000E+002    9.9938290000000E+006    4.1300000000000E+002    5.0300000000000E+003    6.2800000000000E+002    6.0710000000000E+003
     136    6.1000000000000E+001    9.9938250000000E+006    4.1800000000000E+002    5.0660000000000E+003    6.3000000000000E+002    6.1140000000000E+003
     137    5.5000000000000E+001    9.9937950000000E+006    4.2100000000000E+002    5.0980000000000E+003    6.3100000000000E+002    6.1500000000000E+003
     138    6.6000000000000E+001    9.9937730000000E+006    3.9700000000000E+002    5.1300000000000E+003    6.3400000000000E+002    6.1610000000000E+003
     139    7.8000000000000E+001    9.9937510000000E+006    3.9200000000000E+002    5.1430000000000E+003    6.3600000000000E+002    6.1710000000000E+003
     140    1.1100000000000E+002    9.9937140000000E+006    3.7300000000000E+002    5.1590000000000E+003    6.4300000000000E+002    6.1750000000000E+003
     141    1.0100000000000E+002    9.9936940000000E+006    3.6200000000000E+002    5.1970000000000E+003    6.4600000000000E+002    6.2050000000000E+003
     142    8.9000000000000E+001    9.9936840000000E+006    3.5200000000000E+002    5.2290000000000E+003    6.4600000000000E+002    6.2270000000000E+003
     143    8.1000000000000E+001    9.9936700000000E+006    3.4500000000000E+002    5.2550000000000E+003    6.4900000000000E+002    6.2490000000000E+003
     144    7.5000000000000E+001    9.9936390000000E+006    3.5700000000000E+002    5.2800000000000E+003    6.4900000000000E+002    6.2860000000000E+003
     145    7.0000000000000E+001    9.9936240000000E+006    3.4100000000000E+002    5.3120000000000E+003    6.5300000000000E+002    6.3060000000000E+003
     146    9.0000000000000E+001    9.9935940000000E+006    3.2400000000000E+002    5.3370000000000E+003    6.5500000000000E+002    6.3160000000000E+003
     147    1.0700000000000E+002    9.9935630000000E+006    3.1700000000000E+002    5.3560000000000E+003    6.5700000000000E+002    6.3300000000000E+003
     148    1.1000000000000E+002    9.9935290000000E+006    3.2000000000000E+002    5.3830000000000E+003    6.5800000000000E+002    6.3610000000000E+003
     149    1.1200000000000E+002    9.9935120000000E+006    3.0500000000000E+002    5.4110000000000E+003    6.6000000000000E+002    6.3760000000000E+003
     150    9.1000000000000E+001    9.9935030000000E+006    2.9200000000000E+002    5.4530000000000E+003    6.6100000000000E+002    6.4060000000000E+003
     151    6.9000000000000E+001    9.9934940000000E+006    2.8700000000000E+002    5.4880000000000E+003    6.6200000000000E+002    6.4370000000000E+003
     152    5.7000000000000E+001    9.9934720000000E+006    3.1000000000000E+002    5.4960000000000E+003    6.6500000000000E+002    6.4710000000000E+003
     153    5.4000000000000E+001    9.9934580000000E+006    3.1700000000000E+002    5.5040000000000E+003    6.6700000000000E+002    6.4880000000000E+003
     154    4.9000000000000E+001    9.9934540000000E+006    3.2200000000000E+002    5.5060000000000E+003    6.6900000000000E+002    6.4970000000000E+003
     155    4.4000000000000E+001    9.9934500000000E+006    3.0100000000000E+002    5.5330000000000E+003    6.7200000000000E+002    6.5060000000000E+003
     156    2.6000000000000E+001    9.9934460000000E+006    3.0100000000000E+002    5.5500000000000E+003    6.7700000000000E+002    6.5280000000000E+003
     157    2.2000000000000E+001    9.9934360000000E+006    2.9300000000000E+002    5.5710000000000E+003    6.7800000000000E+002    6.5420000000000E+003
     158    3.8000000000000E+001    9.9934160000000E+006    2.6000000000000E+002    5.6050000000000E+003    6.8100000000000E+002    6.5460000000000E+003
     159    5.6000000000000E+001    9.9933940000000E+006    2.4400000000000E+002    5.6250000000000E+003    6.8100000000000E+002    6.5500000000000E+003
     160    6.2000000000000E+001    9.9933840000000E+006    2.3800000000000E+002    5.6340000000000E+003    6.8200000000000E+002    6.5540000000000E+003
     161    6.3000000000000E+001    9.9933730000000E+006    2.3400000000000E+002    5.6470000000000E+003    6.8300000000000E+002    6.5640000000000E+003
     162    5.7000000000000E+001    9.9933590000000E+006    2.2300000000000E+002    5.6780000000000E+003    6.8300000000000E+002    6.5840000000000E+003
     163    4.3000000000000E+001    9.9933510000000E+006    2.3000000000000E+002    5.6910000000000E+003    6.8500000000000E+002    6.6060000000000E+003
     164    3.7000000000000E+001    9.9933470000000E+006    2.1000000000000E+002    5.7210000000000E+003    6.8500000000000E+002    6.6160000000000E+003
     165    4.0000000000000E+001    9.9933330000000E+006    1.9000000000000E+002    5.7490000000000E+003    6.8800000000000E+002    6.6270000000000E+003
     166    3.7000000000000E+001    9.9933220000000E+006    1.7000000000000E+002    5.7810000000000E+003    6.9000000000000E+002    6.6410000000000E+003
     167    3.9000000000000E+001    9.9933120000000E+006    1.6100000000000E+002    5.7980000000000E+003    6.9000000000000E+002    6.6490000000000E+003
     168    6.0000000000000E+001    9.9932870000000E+006    1.5600000000000E+002    5.8060000000000E+003    6.9100000000000E+002    6.6530000000000E+003
     169    5.5000000000000E+001    9.9932780000000E+006    1.6100000000000E+002    5.8130000000000E+003    6.9300000000000E+002    6.6670000000000E+003
     170    5.4000000000000E+001    9.9932680000000E+006    1.5000000000000E+002    5.8350000000000E+003    6.9300000000000E+002    6.6780000000000E+003
     171    4.8000000000000E+001    9.9932640000000E+006    1.4600000000000E+002    5.8480000000000E+003    6.9400000000000E+002    6.6880000000000E+003
     172    3.9000000000000E+001    9.9932480000000E+006    1.6700000000000E+002    5.8520000000000E+003    6.9400000000000E+002    6.7130000000000E+003
     173    4.2000000000000E+001    9.9932360000000E+006    1.7200000000000E+002    5.8540000000000E+003    6.9600000000000E+002    6.7220000000000E+003
     174    3.3000000000000E+001    9.9932350000000E+006    1.7800000000000E+002    5.8560000000000E+003    6.9800000000000E+002    6.7320000000000E+003
     175    4.0000000000000E+001    9.9932240000000E+006    1.7200000000000E+002    5.8640000000000E+003    7.0000000000000E+002    6.7360000000000E+003
     176    3.3000000000000E+001    9.9932150000000E+006    1.6800000000000E+002    5.8810000000000E+003    7.0300000000000E+002    6.7520000000000E+003
     177    2.9000000000000E+001    9.9932070000000E+006    1.5800000000000E+002    5.9020000000000E+003    7.0400000000000E+002    6.7640000000000E+003
     178    2.9000000000000E+001    9.9932060000000E+006    1.4900000000000E+002    5.9100000000000E+003    7.0600000000000E+002    6.7650000000000E+003
     179    3.7000000000000E+001    9.9931870000000E+006    1.4900000000000E+002    5.9200000000000E+003    7.0700000000000E+002    6.7760000000000E+003
     180    3.6000000000000E+001    9.9931790000000E+006    1.4400000000000E+002    5.9340000000000E+003    7.0700000000000E+002    6.7850000000000E+003
     181    3.8000000000000E+001    9.9931690000000E+006    1.4400000000000E+002    5.9420000000000E+003    7.0700000000000E+002    6.7930000000000E+003
     182    4.8000000000000E+001    9.9931580000000E+006    1.4100000000000E+002    5.9460000000000E+003    7.0700000000000E+002    6.7940000000000E+003
     183    3.5000000000000E+001    9.9931520000000E+006    1.4600000000000E+002    5.9590000000000E+003    7.0800000000000E+002    6.8130000000000E+003
     184    3.3000000000000E+001    9.9931460000000E+006    1.4300000000000E+002    5.9700000000000E+003    7.0800000000000E+002    6.8210000000000E+003
     185    3.5000000000000E+001    9.9931340000000E+006    1.4300000000000E+002    5.9790000000000E+003    7.0900000000000E+002    6.8310000000000E+003
     186    3.6000000000000E+001    9.9931220000000E+006    1.2900000000000E+002    6.0040000000000E+003    7.0900000000000E+002    6.8420000000000E+003
     187    4.4000000000000E+001    9.9931080000000E+006    1.2600000000000E+002    6.0110000000000E+003    7.1100000000000E+002    6.8480000000000E+003
     188    4.9000000000000E+001    9.9930970000000E+006    1.2200000000000E+002    6.0210000000000E+003    7.1100000000000E+002    6.8540000000000E+003
     189    4.7000000000000E+001    9.9930870000000E+006    1.3000000000000E+002    6.0240000000000E+003    7.1200000000000E+002    6.8660000000000E+003
     190    4.2000000000000E+001    9.9930800000000E+006    1.2600000000000E+002    6.0390000000000E+003    7.1300000000000E+002    6.8780000000000E+003
     191    3.3000000000000E+001    9.9930750000000E+006    1.2800000000000E+002    6.0510000000000E+003    7.1300000000000E+002    6.8920000000000E+003
     192    2.4000000000000E+001    9.9930730000000E+006    1.3800000000000E+002    6.0500000000000E+003    7.1500000000000E+002    6.9030000000000E+003
     193    2.4000000000000E+001    9.9930630000000E+006    1.3700000000000E+002    6.0570000000000E+003    7.1900000000000E+002    6.9130000000000E+003
     194    2.0000000000000E+001    9.9930600000000E+006    1.3500000000000E+002    6.0650000000000E+003    7.2000000000000E+002    6.9200000000000E+003
     195    2.3000000000000E+001    9.9930520000000E+006    1.3200000000000E+002    6.0730000000000E+003    7.2000000000000E+002    6.9250000000000E+003
     196    3.0000000000000E+001    9.9930430000000E+006    1.3300000000000E+002    6.0740000000000E+003    7.2000000000000E+002    6.9270000000000E+003
     197    2.4000000000000E+001    9.9930390000000E+006    1.2400000000000E+002    6.0930000000000E+003    7.2000000000000E+002    6.9370000000000E+003
     198    2.7000000000000E+001    9.9930330000000E+006    1.1900000000000E+002    6.0990000000000E+003    7.2200000000000E+002    6.9400000000000E+003
     199    2.2000000000000E+001    9.9930300000000E+006    1.1700000000000E+002    6.1090000000000E+003    7.2200000000000E+002    6.9480000000000E+003
     200    1.9000000000000E+001    9.9930240000000E+006    1.1500000000000E+002    6.1190000000000E+003    7.2300000000000E+002    6.9570000000000E+003
     201    2.3000000000000E+001    9.9930160000000E+006    1.1300000000000E+002    6.1250000000000E+003    7.2300000000000E+002    6.9610000000000E+003
     202    2.1000000000000E+001    9.9930120000000E+006    1.1300000000000E+002    6.1300000000000E+003    7.2400000000000E+002    6.9670000000000E+003
     203    2.8000000000000E+001    9.9930020000000E+006    1.0400000000000E+002    6.1420000000000E+003    7.2400000000000E+002    6.9700000000000E+003
     204    2.6000000000000E+001    9.9929980000000E+006    9.8000000000000E+001    6.1540000000000E+003    7.2400000000000E+002    6.9760000000000E+003
     205    2.0000000000000E+001    9.9929960000000E+006    9.2000000000000E+001    6.1670000000000E+003    7.2500000000000E+002    6.9840000000000E+003
     206    1.7000000000000E+001    9.9929950000000E+006    8.5000000000000E+001    6.1780000000000E+003    7.2500000000000E+002    6.9880000000000E+003
     207    1.8000000000000E+001    9.9929840000000E+006    8.5000000000000E+001    6.1880000000000E+003    7.2500000000000E+002    6.9980000000000E+003
     208    1.6000000000000E+001    9.9929820000000E+006    8.2000000000000E+001    6.1950000000000E+003    7.2500000000000E+002    7.0020000000000E+003
     209    1.5000000000000E+001    9.9929810000000E+006    7.9000000000000E+001    6.1990000000000E+003    7.2600000000000E+002    7.0040000000000E+003
     210    2.5000000000000E+001    9.9929700000000E+006    7.8000000000000E+001    6.2010000000000E+003    7.2600000000000E+002    7.0050000000000E+003
     211    2.0000000000000E+001    9.9929640000000E+006    7.9000000000000E+001    6.2110000000000E+003    7.2600000000000E+002    7.0160000000000E+003
     212    1.9000000000000E+001    9.9929630000000E+006    7.8000000000000E+001    6.2140000000000E+003    7.2600000000000E+002    7.0180000000000E+003
     213    2.4000000000000E+001    9.9929570000000E+006    7.1000000000000E+001    6.2220000000000E+003    7.2600000000000E+002    7.0190000000000E+003
     214    1.7000000000000E+001    9.9929530000000E+006    7.3000000000000E+001    6.2310000000000E+003    7.2600000000000E+002    7.0300000000000E+003
     215    1.7000000000000E+001    9.9929470000000E+006    7.5000000000000E+001    6.2330000000000E+003    7.2800000000000E+002    7.0360000000000E+003
     216    2.0000000000000E+001    9.9929430000000E+006    7.0000000000000E+001    6.2390000000000E+003    7.2800000000000E+002    7.0370000000000E+003
     217    1.9000000000000E+001    9.9929380000000E+006    7.3000000000000E+001    6.2410000000000E+003    7.2900000000000E+002    7.0430000000000E+003
     218    1.5000000000000E+001    9.9929380000000E+006    7.1000000000000E+001    6.2470000000000E+003    7.2900000000000E+002    7.0470000000000E+003
     219    9.0000000000000E+000    9.9929380000000E+006    6.9000000000000E+001    6.2550000000000E+003    7.2900000000000E+002    7.0530000000000E+003
     220    6.0000000000000E+000    9.9929370000000E+006    6.9000000000000E+001    6.2590000000000E+003    7.2900000000000E+002    7.0570000000000E+003
     221    7.0000000000000E+000    9.9929310000000E+006    6.4000000000000E+001    6.2680000000000E+003    7.3000000000000E+002    7.0620000000000E+003
     222    8.0000000000000E+000    9.9929300000000E+006    6.0000000000000E+001    6.2720000000000E+003    7.3000000000000E+002    7.0620000000000E+003
     223    1.0000000000000E+001    9.9929280000000E+006    5.8000000000000E+001    6.2740000000000E+003    7.3000000000000E+002    7.0620000000000E+003
     224    1.1000000000000E+001    9.9929260000000E+006    5.8000000000000E+001    6.2740000000000E+003    7.3100000000000E+002    7.0630000000000E+003
     225    1.2000000000000E+001    9.9929190000000E+006    5.3000000000000E+001    6.2830000000000E+003    7.3300000000000E+002    7.0690000000000E+003
     226    1.2000000000000E+001    9.9929180000000E+006    5.2000000000000E+001    6.2850000000000E+003    7.3300000000000E+002    7.0700000000000E+003
     227    1.1000000000000E+001    9.9929170000000E+006    5.3000000000000E+001    6.2860000000000E+003    7.3300000000000E+002    7.0720000000000E+003
     228    1.2000000000000E+001    9.9929140000000E+006    4.4000000000000E+001    6.2970000000000E+003    7.3300000000000E+002    7.0740000000000E+003
     229    8.0000000000000E+000    9.9929110000000E+006    4.5000000000000E+001    6.3020000000000E+003    7.3400000000000E+002    7.0810000000000E+003
     230    2.0000000000000E+001    9.9928980000000E+006    4.5000000000000E+001    6.3030000000000E+003    7.3400000000000E+002    7.0820000000000E+003
     231    2.3000000000000E+001    9.9928940000000E+006    4.0000000000000E+001    6.3090000000000E+003    7.3400000000000E+002    7.0830000000000E+003
     232    2.2000000000000E+001    9.9928920000000E+006    3.9000000000000E+001    6.3130000000000E+003    7.3400000000000E+002    7.0860000000000E+003
     233    2.1000000000000E+001    9.9928900000000E+006    3.6000000000000E+001    6.3180000000000E+003    7.3500000000000E+002    7.0890000000000E+003
     234    9.0000000000000E+000    9.9928890000000E+006    4.5000000000000E+001    6.3220000000000E+003    7.3500000000000E+002    7.1020000000000E+003
     235    7.0000000000000E+000    9.9928870000000E+006    4.4000000000000E+001    6.3270000000000E+003    7.3500000000000E+002    7.1060000000000E+003
     236    1.4000000000000E+001    9.9928780000000E+006    4.6000000000000E+001    6.3270000000000E+003    7.3500000000000E+002    7.1080000000000E+003
     237    2.1000000000000E+001    9.9928690000000E+006    4.8000000000000E+001    6.3270000000000E+003    7.3500000000000E+002    7.1100000000000E+003
     238    2.8000000000000E+001    9.9928610000000E+006    4.8000000000000E+001    6.3250000000000E+003    7.3800000000000E+002    7.1110000000000E+003
     239    3.3000000000000E+001    9.9928540000000E+006    4.4000000000000E+001    6.3290000000000E+003    7.4000000000000E+002    7.1130000000000E+003
     240    2.4000000000000E+001    9.9928540000000E+006    5.2000000000000E+001    6.3290000000000E+003    7.4100000000000E+002    7.1220000000000E+003
     241    2.0000000000000E+001    9.9928490000000E+006    5.9000000000000E+001    6.3310000000000E+003    7.4100000000000E+002    7.1310000000000E+003
     242    2.1000000000000E+001    9.9928400000000E+006    6.5000000000000E+001    6.3330000000000E+003    7.4100000000000E+002    7.1390000000000E+003
     243    2.0000000000000E+001    9.9928340000000E+006    6.5000000000000E+001    6.3400000000000E+003    7.4100000000000E+002    7.1460000000000E+003
     244    2.4000000000000E+001    9.9928300000000E+006    6.4000000000000E+001    6.3400000000000E+003    7.4200000000000E+002    7.1460000000000E+003
     245    2.9000000000000E+001    9.9928200000000E+006    6.8000000000000E+001    6.3400000000000E+003    7.4300000000000E+002    7.1510000000000E+003
     246    2.4000000000000E+001    9.9928160000000E+006    7.4000000000000E+001    6.3430000000000E+003    7.4300000000000E+002    7.1600000000000E+003
     247    2.1000000000000E+001    9.9928130000000E+006    7.7000000000000E+001    6.3460000000000E+003    7.4300000000000E+002    7.1660000000000E+003
     248    2.1000000000000E+001    9.9928090000000E+006    6.8000000000000E+001    6.3590000000000E+003    7.4300000000000E+002    7.1700000000000E+003
     249    1.2000000000000E+001    9.9928080000000E+006    7.4000000000000E+001    6.3620000000000E+003    7.4400000000000E+002    7.1800000000000E+003
     250    2.8000000000000E+001    9.9927880000000E+006    7.6000000000000E+001    6.3640000000000E+003    7.4400000000000E+002    7.1840000000000E+003
     251    3.8000000000000E+001    9.9927750000000E+006    7.7000000000000E+001    6.3650000000000E+003    7.4500000000000E+002    7.1870000000000E+003
     252    4.6000000000000E+001    9.9927630000000E+006    8.0000000000000E+001    6.3660000000000E+003    7.4500000000000E+002    7.1910000000000E+003
     253    5.8000000000000E+001    9.9927500000000E+006    7.9000000000000E+001    6.3660000000000E+003    7.4700000000000E+002    7.1920000000000E+003
     254    4.1000000000000E+001    9.9927470000000E+006    9.0000000000000E+001    6.3750000000000E+003    7.4700000000000E+002    7.2120000000000E+003
     255    3.0000000000000E+001    9.9927450000000E+006    9.4000000000000E+001    6.3820000000000E+003    7.4900000000000E+002    7.2250000000000E+003
     256    3.5000000000000E+001    9.9927280000000E+006    9.8000000000000E+001    6.3900000000000E+003    7.4900000000000E+002    7.2370000000000E+003
     257    4.2000000000000E+001    9.9927080000000E+006    1.0400000000000E+002    6.3970000000000E+003    7.4900000000000E+002    7.2500000000000E+003
     258    5.3000000000000E+001    9.9926940000000E+006    1.0700000000000E+002    6.3940000000000E+003    7.5200000000000E+002    7.2530000000000E+003
     259    6.9000000000000E+001    9.9926760000000E+006    1.0400000000000E+002    6.3970000000000E+003    7.5400000000000E+002    7.2550000000000E+003
     260    6.4000000000000E+001    9.9926640000000E+006    1.1200000000000E+002    6.4060000000000E+003    7.5400000000000E+002    7.2720000000000E+003
     261    5.0000000000000E+001    9.9926580000000E+006    1.2600000000000E+002    6.4120000000000E+003    7.5400000000000E+002    7.2920000000000E+003
     262    4.3000000000000E+001    9.9926510000000E+006    1.3600000000000E+002    6.4160000000000E+003    7.5400000000000E+002    7.3060000000000E+003
     263    2.5000000000000E+001    9.9926510000000E+006    1.4400000000000E+002    6.4260000000000E+003    7.5400000000000E+002    7.3240000000000E+003
     264    1.3000000000000E+001    9.9926510000000E+006    1.5200000000000E+002    6.4290000000000E+003    7.5500000000000E+002    7.3360000000000E+003
     265    7.0000000000000E+000    9.9926510000000E+006    1.5500000000000E+002    6.4290000000000E+003    7.5800000000000E+002    7.3420000000000E+003
     266    0.0000000000000E+000    9.9926510000000E+006    1.5800000000000E+002    6.4310000000000E+003    7.6000000000000E+002    7.3490000000000E+003
     267    0.0000000000000E+000    9.9926510000000E+006    1.5700000000000E+002    6.4300000000000E+003    7.6200000000000E+002    7.3490000000000E+003
     268    0.0000000000000E+000    9.9926510000000E+006    1.3700000000000E+002    6.4470000000000E+003    7.6500000000000E+002    7.3490000000000E+003
     269    0.0000000000000E+000    9.9926510000000E+006    1.2400000000000E+002    6.4590000000000E+003    7.6600000000000E+002    7.3490000000000E+003
     270    0.0000000000000E+000    9.9926510000000E+006    1.1200000000000E+002    6.4710000000000E+003    7.6600000000000E+002    7.3490000000000E+003
     271    0.0000000000000E+000    9.9926510000000E+006    9.9000000000000E+001    6.4840000000000E+003    7.6600000000000E+002    7.3490000000000E+003
     272    0.0000000000000E+000    9.9926510000000E+006    9.6000000000000E+001    6.4870000000000E+003    7.6600000000000E+002    7.3490000000000E+003
     273    0.0000000000000E+000    9.9926510000000E+006    9.4000000000000E+001    6.4890000000000E+003    7.6600000000000E+002    7.3490000000000E+003
     274    0.0000000000000E+000    9.9926510000000E+006    7.7000000000000E+001    6.5060000000000E+003    7.6600000000000E+002    7.3490000000000E+003
     275    0.0000000000000E+000    9.9926510000000E+006    5.7000000000000E+001    6.5260000000000E+003    7.6600000000000E+002    7.3490000000000E+003
     276    0.0000000000000E+000    9.9926510000000E+006    4.3000000000000E+001    6.5400000000000E+003    7.6600000000000E+002    7.3490000000000E+003
     277    0.0000000000000E+000    9.9926510000000E+006    2.5000000000000E+001    6.5580000000000E+003    7.6600000000000E+002    7.3490000000000E+003
     278    0.0000000000000E+000    9.9926510000000E+006    1.3000000000000E+001    6.5700000000000E+003    7.6600000000000E+002    7.3490000000000E+003
     279    0.0000000000000E+000    9.9926510000000E+006    7.0000000000000E+000    6.5760000000000E+003    7.6600000000000E+002    7.3490000000000E+003
     280    0.0000000000000E+000    9.9926510000000E+006    0.0000000000000E+000    6.5830000000000E+003    7.6600000000000E+002    7.3490000000000E+003
     281    0.0000000000000E+000    9.9926510000000E+006    0.0000000000000E+000    6.5830000000000E+003    7.6600000000000E+002    7.3490000000000E+003
     282    0.0000000000000E+000    9.9926510000000E+006    0.0000000000000E+000    6.5830000000000E+003    7.6600000000000E+002    7.3490000000000E+003
     283    0.0000000000000E+000    9.9926510000000E+006    0.0000000000000E+000    6.5830000000000E+003    7.6600000000000E+002    7.3490000000000E+003
     284    0.0000000000000E+000    9.9926510000000E+006    0.0000000000000E+000    6.5830000000000E+003    7.6600000000000E+002    7.3490000000000E+003
     285    0.0000000000000E+000    9.9926510000000E+006    0.0000000000000E+000    6.5830000000000E+003    7.6600000000000E+002    7.3490000000000E+003
     286    0.0000000000000E+000    9.9926510000000E+006    0.0000000000000E+000    6.5830000000000E+003    7.6600000000000E+002    7.3490000000000E+003
     287    0.0000000000000E+000    9.9926510000000E+006    0.0000000000000E+000    6.5830000000000E+003    7.6600000000000E+002    7.3490000000000E+003
     288    0.0000000000000E+000    9.9926510000000E+006    0.0000000000000E+000    6.5830000000000E+003    7.6600000000000E+002    7.3490000000000E+003
     289    0.0000000000000E+000    9.9926510000000E+006    0.0000000000000E+000    6.5830000000000E+003    7.6600000000000E+002    7.3490000000000E+003
     290    0.0000000000000E+000    9.9926510000000E+006    0.0000000000000E+000    6.5830000000000E+003    7.6600000000000E+002    7.3490000000000E+003
     291    0.0000000000000E+000    9.9926510000000E+006    0.0000000000000E+000    6.5830000000000E+003    7.6600000000000E+002    7.3490000000000E+003
     292    0.0000000000000E+000    9.9926510000000E+006    0.0000000000000E+000    6.5830000000000E+003    7.6600000000000E+002    7.3490000000000E+003
     293    0.0000000000000E+000    9.9926510000000E+006    0.0000000000000E+000    6.5830000000000E+003    7.6600000000000E+002    7.3490000000000E+003
     294    0.0000000000000E+000    9.9926510000000E+006    0.0000000000000E+000    6.5830000000000E+003    7.6600000000000E+002    7.3490000000000E+003
     295    0.0000000000000E+000    9.9926510000000E+006    0.0000000000000E+000    6.5830000000000E+003    7.6600000000000E+002    7.3490000000000E+003
     296    0.0000000000000E+000    9.9926510000000E+006    0.0000000000000E+000    6.5830000000000E+003    7.6600000000000E+002    7.3490000000000E+003
     297    0.0000000000000E+000    9.9926510000000E+006    0.0000000000000E+000    6.5830000000000E+003    7.6600000000000E+002    7.3490000000000E+003
     298    0.0000000000000E+000    9.9926510000000E+006    0.0000000000000E+000    6.5830000000000E+003    7.6600000000000E+002    7.3490000000000E+003
     299    0.0000000000000E+000    9.9926510000000E+006    0.0000000000000E+000    6.5830000000000E+003    7.6600000000000E+002    7.3490000000000E+003
     300    0.0000000000000E+000    9.9926510000000E+006    0.0000000000000E+000    6.5830000000000E+003    7.6600000000000E+002    7.3490000000000E+003
