       1    1.0000000000000E+000    1.0000000000000E+000    1.0000000000000E+000
       2    1.0000000000000E+000    1.0000000000000E+000    1.0000000000000E+000
       3    1.0000000000000E+000    1.0000000000000E+000    1.0000000000000E+000
       4    1.0000000000000E+000    1.0000000000000E+000    1.0000000000000E+000
       5    1.0000000000000E+000    1.0000000000000E+000    1.0000000000000E+000
       6    1.0000000000000E+000    1.0000000000000E+000    1.0000000000000E+000
       7    1.0000000000000E+000    1.0000000000000E+000    1.0000000000000E+000
       8    1.0000000000000E+000    1.0000000000000E+000    1.0000000000000E+000
       9    9.9999099997955E-001    1.0000000000000E+000    9.9999099997955E-001
      10    9.9999099997955E-001    1.0000000000000E+000    9.9999099997955E-001
      11    9.9998649996932E-001    1.0000000000000E+000    9.9998649996932E-001
      12    9.9998649996932E-001    1.0000000000000E+000    9.9998649996932E-001
      13    9.9998649996932E-001    1.0000000000000E+000    9.9998649996932E-001
      14    9.9997974995398E-001    1.0000000000000E+000    9.9997974995398E-001
      15    9.9997749994887E-001    1.0000000000000E+000    9.9997749994887E-001
      16    9.9997299993864E-001    1.0000000000000E+000    9.9997299993864E-001
      17    9.9997074993353E-001    1.0000000000000E+000    9.9997074993353E-001
      18    9.9996399991820E-001    1.0000000000000E+000    9.9996399991820E-001
      19    9.9995274989265E-001    1.0000000000000E+000    9.9995274989265E-001
      20    9.9994149986712E-001    1.0000000000000E+000    9.9994149986712E-001
      21    9.9993024984160E-001    1.0000000000000E+000    9.9993024984160E-001
      22    9.9992349982630E-001    1.0000000000000E+000    9.9992349982630E-001
      23    9.9992124982120E-001    1.0000000000000E+000    9.9992124982120E-001
      24    9.9990549978553E-001    1.0000000000000E+000    9.9990549978553E-001
      25    9.9989649976517E-001    1.0000000000000E+000    9.9989649976517E-001
      26    9.9988074972959E-001    1.0000000000000E+000    9.9988074972959E-001
      27    9.9985599967379E-001    1.0000000000000E+000    9.9985599967379E-001
      28    9.9982899961313E-001    1.0000000000000E+000    9.9982899961313E-001
      29    9.9979299953266E-001    1.0000000000000E+000    9.9979299953266E-001
      30    9.9976599947267E-001    1.0000000000000E+000    9.9976599947267E-001
      31    9.9973449940312E-001    1.0000000000000E+000    9.9973449940312E-001
      32    9.9971649936362E-001    1.0000000000000E+000    9.9971649936362E-001
      33    9.9969174930961E-001    1.0000000000000E+000    9.9969174930961E-001
      34    9.9962874917397E-001    1.0000000000000E+000    9.9962874917397E-001
      35    9.9959274909778E-001    1.0000000000000E+000    9.9959274909778E-001
      36    9.9950724892136E-001    1.0000000000000E+000    9.9950724892136E-001
      37    9.9945099880924E-001    1.0000000000000E+000    9.9945099880924E-001
      38    9.9939699870495E-001    1.0000000000000E+000    9.9939699870495E-001
      39    9.9934524860838E-001    1.0000000000000E+000    9.9934524860838E-001
      40    9.9925524844915E-001    1.0000000000000E+000    9.9925524844915E-001
      41    9.9912024823392E-001    1.0000000000000E+000    9.9912024823392E-001
      42    9.9898524805149E-001    1.0000000000000E+000    9.9898524805149E-001
      43    9.9887274792814E-001    1.0000000000000E+000    9.9887274792814E-001
      44    9.9871749780644E-001    1.0000000000000E+000    9.9871749780644E-001
      45    9.9857349774987E-001    1.0000000000000E+000    9.9857349774987E-001
      46    9.9834849778480E-001    1.0000000000000E+000    9.9834849778480E-001
      47    9.9810999800886E-001    1.0000000000000E+000    9.9810999800886E-001
      48    9.9781524859223E-001    1.0000000000000E+000    9.9781524859223E-001
      49    9.9757449935403E-001    1.0000000000000E+000    9.9757449935403E-001
      50    9.9719425115336E-001    1.0000000000000E+000    9.9719425115336E-001
      51    9.9681400378118E-001    1.0000000000000E+000    9.9681400378118E-001
      52    9.9639100781465E-001    1.0000000000000E+000    9.9639100781465E-001
      53    9.9588926432106E-001    1.0000000000000E+000    9.9588926432106E-001
      54    9.9534477378073E-001    1.0000000000000E+000    9.9534477378073E-001
      55    9.9462704060883E-001    1.0000000000000E+000    9.9462704060883E-001
      56    9.9389131373036E-001    1.0000000000000E+000    9.9389131373036E-001
      57    9.9296660246384E-001    1.0000000000000E+000    9.9296660246384E-001
      58    9.9202615445877E-001    1.0000000000000E+000    9.9202615445877E-001
      59    9.9098447892637E-001    1.0000000000000E+000    9.9098447892637E-001
      60    9.8967735090094E-001    1.0000000000000E+000    9.8967735090094E-001
      61    9.8821278055718E-001    1.0000000000000E+000    9.8821278055718E-001
      62    9.8653455026827E-001    1.0000000000000E+000    9.8653455026827E-001
      63    9.8481815628073E-001    1.0000000000000E+000    9.8481815628073E-001
      64    9.8250803149908E-001    1.0000000000000E+000    9.8250803149908E-001
      65    9.8007889501023E-001    1.0000000000000E+000    9.8007889501023E-001
      66    9.7707204963705E-001    1.0000000000000E+000    9.7707204963705E-001
      67    9.7393971409366E-001    1.0000000000000E+000    9.7393971409366E-001
      68    9.7035829699410E-001    1.0000000000000E+000    9.7035829699410E-001
      69    9.6624052060011E-001    1.0000000000000E+000    9.6624052060011E-001
      70    9.6151956226875E-001    1.0000000000000E+000    9.6151956226875E-001
      71    9.5595375136991E-001    1.0000000000000E+000    9.5595375136991E-001
      72    9.5002490606971E-001    1.0000000000000E+000    9.5002490606971E-001
      73    9.4313304626380E-001    1.0000000000000E+000    9.4313304626380E-001
      74    9.3505028658818E-001    1.0000000000000E+000    9.3505028658818E-001
      75    9.2587980081859E-001    1.0000000000000E+000    9.2587980081859E-001
      76    9.1559845375938E-001    1.0000000000000E+000    9.1559845375938E-001
      77    9.0420521673199E-001    1.0000000000000E+000    9.0420521673199E-001
      78    8.9203709730787E-001    1.0000000000000E+000    8.9203709730787E-001
      79    8.7767011476526E-001    1.0000000000000E+000    8.7767011476526E-001
      80    8.6147749573121E-001    1.0000000000000E+000    8.6147749573121E-001
      81    8.4373397863224E-001    1.0000000000000E+000    8.4373397863224E-001
      82    8.2321163805273E-001    1.0000000000000E+000    8.2321163805273E-001
      83    8.0060107021662E-001    1.0000000000000E+000    8.0060107021662E-001
      84    7.7676323373716E-001    1.0000000000000E+000    7.7676323373716E-001
      85    7.4927007161597E-001    1.0000000000000E+000    7.4927007161597E-001
      86    7.1998005671271E-001    1.0000000000000E+000    7.1998005671271E-001
      87    6.8763498377528E-001    1.0000000000000E+000    6.8763498377528E-001
      88    6.5301833094328E-001    1.0000000000000E+000    6.5301833094328E-001
      89    6.1627346846628E-001    1.0000000000000E+000    6.1627346846628E-001
      90    5.7821676989828E-001    1.0000000000000E+000    5.7821676989828E-001
      91    5.3882916747564E-001    1.0000000000000E+000    5.3882916747564E-001
      92    4.9885678110019E-001    1.0000000000000E+000    4.9885678110019E-001
      93    4.5866934576854E-001    1.0000000000000E+000    4.5866934576854E-001
      94    4.1920680809605E-001    1.0000000000000E+000    4.1920680809605E-001
      95    3.8144304827602E-001    1.0000000000000E+000    3.8144304827602E-001
      96    3.4508594758129E-001    1.0000000000000E+000    3.4508594758129E-001
      97    3.1132167160184E-001    1.0000000000000E+000    3.1132167160184E-001
      98    1.9558696588311E-102    6.9879874434198E-102    2.7989026521117E-001
      99    1.3056508454137E-112    5.1876077443334E-112    2.5168650170975E-001
     100    3.9673257221078E-122    1.7515589891034E-121    2.2650254697609E-001
     101    3.3778431671390E-130    1.6542620096038E-129    2.0419033668964E-001
     102    1.3236369535984E-136    7.1679845817747E-136    1.8465957041312E-001
     103    1.6621692290230E-122    9.0012622974502E-122    1.8465957041312E-001
     104    2.9786894200469E-108    1.6130706972744E-107    1.8465957041312E-001
     105    6.9359592889554E-094    3.7560789692287E-093    1.8465957041312E-001
     106    9.8977859480365E-080    5.3600178565849E-079    1.8465957041312E-001
     107    5.5744073463057E-066    3.0187481395275E-065    1.8465957041312E-001
     108    5.0726482432370E-053    2.7470269923668E-052    1.8465957041312E-001
     109    3.1222265379022E-041    1.6908013654083E-040    1.8465957041312E-001
     110    1.3508648146748E-030    7.3154335388769E-030    1.8465957041312E-001
     111    1.5527141030253E-021    8.4085222312146E-021    1.8465957041312E-001
     112    4.8053154489332E-014    2.6022563781464E-013    1.8465957041312E-001
     113    2.2689528714253E-008    1.2287220566739E-007    1.8465957041312E-001
     114    1.9248825260886E-004    1.0423952150339E-003    1.8465957041312E-001
     115    3.5361301615147E-002    1.9149455149298E-001    1.8465957041312E-001
     116    1.8465957041312E-001    1.0000000000000E+000    1.8465957041312E-001
     117    1.8465957041312E-001    1.0000000000000E+000    1.8465957041312E-001
     118    1.8465957041312E-001    1.0000000000000E+000    1.8465957041312E-001
     119    1.8465739464482E-001    9.9999997750000E-001    1.8465739879961E-001
     120    1.8444220518771E-001    9.9983360384538E-001    1.8447290076903E-001
     121    1.8444220518771E-001    9.9983360384538E-001    1.8447290076903E-001
     122    1.8444220518771E-001    9.9983360384538E-001    1.8447290076903E-001
     123    1.8444220518771E-001    9.9983360384538E-001    1.8447290076903E-001
     124    1.8444220518771E-001    9.9983360384538E-001    1.8447290076903E-001
     125    1.8443254945891E-001    9.9982045611993E-001    1.8446566914088E-001
     126    1.8441395090137E-001    9.9979409870058E-001    1.8445192979339E-001
     127    1.8439903401313E-001    9.9977201599230E-001    1.8444108363056E-001
     128    1.8438796387302E-001    9.9975510749107E-001    1.8443313016499E-001
     129    1.8437473800480E-001    9.9973434529246E-001    1.8442373103713E-001
     130    1.8436549091672E-001    9.9971947685398E-001    1.8441722421664E-001
     131    1.8434886841980E-001    9.9969204492790E-001    1.8440565707722E-001
     132    1.8433836028381E-001    9.9967425056787E-001    1.8439842796700E-001
     133    1.8431490156382E-001    9.9963716334115E-001    1.8438180204083E-001
     134    1.8435752120360E-001    9.9994671141989E-001    1.8436734587768E-001
     135    1.8434368654065E-001    9.9993439215229E-001    1.8435578172671E-001
     136    1.8432695274086E-001    9.9991810085392E-001    1.8434205019736E-001
     137    1.8430351715577E-001    9.9989288323741E-001    1.8432326126678E-001
     138    1.8428785866698E-001    9.9987456786727E-001    1.8431097718593E-001
     139    1.8427784334314E-001    9.9987118579726E-001    1.8430158400474E-001
     140    1.8427430880391E-001    9.9988336680218E-001    1.8429580381286E-001
     141    1.8426989996163E-001    9.9989080346238E-001    1.8429002379415E-001
     142    1.8425828650508E-001    9.9988658393209E-001    1.8427918672584E-001
     143    1.8424429168276E-001    9.9988119705763E-001    1.8426618304748E-001
     144    1.8423501748593E-001    9.9987790495421E-001    1.8425751441559E-001
     145    1.8422899965932E-001    9.9988444417709E-001    1.8425029085330E-001
     146    1.8422269701453E-001    9.9988551655373E-001    1.8424378987855E-001
     147    1.8421886631518E-001    9.9990000499983E-001    1.8423728912294E-001
     148    1.8421254264198E-001    9.9990880165882E-001    1.8422934405255E-001
     149    1.8420278211474E-001    9.9991070148735E-001    1.8421923261821E-001
     150    1.8419708992117E-001    9.9991900328041E-001    1.8421201048973E-001
     151    1.8418977950749E-001    9.9993027993056E-001    1.8420262212710E-001
     152    1.8417750396358E-001    9.9993027993056E-001    1.8419034572727E-001
     153    1.8416811731034E-001    9.9993027993056E-001    1.8418095841956E-001
     154    1.8416496436976E-001    9.9993276226056E-001    1.8417734803830E-001
     155    1.8416006084024E-001    9.9993357970593E-001    1.8417229361814E-001
     156    1.8415184311108E-001    9.9993600204796E-001    1.8416362920619E-001
     157    1.8414663403513E-001    9.9994299912461E-001    1.8415713115281E-001
     158    1.8414140724139E-001    9.9994597895919E-001    1.8415135528927E-001
     159    1.8413590070115E-001    9.9994743888138E-001    1.8414557959880E-001
     160    1.8413025852140E-001    9.9994816134367E-001    1.8413980408142E-001
     161    1.8412290671344E-001    9.9994743888138E-001    1.8413258492807E-001
     162    1.8411667517595E-001    9.9994887880673E-001    1.8412608792127E-001
     163    1.8411082540844E-001    9.9995239113334E-001    1.8411959113350E-001
     164    1.8410190787602E-001    9.9995100120048E-001    1.8411092909053E-001
     165    1.8409507261511E-001    9.9995307860084E-001    1.8410371101882E-001
     166    1.8408955624039E-001    9.9995839836537E-001    1.8409721498546E-001
     167    1.8408519997234E-001    9.9996217821526E-001    1.8409216266649E-001
     168    1.8407908250612E-001    9.9996031078764E-001    1.8408638874989E-001
     169    1.8406645471690E-001    9.9995443853795E-001    1.8407484143580E-001
     170    1.8406453262367E-001    9.9995967831294E-001    1.8407195471542E-001
     171    1.8405971308588E-001    9.9996093826293E-001    1.8406690305885E-001
     172    1.8405727937756E-001    9.9996339816986E-001    1.8406401645743E-001
     173    1.8405150651579E-001    9.9996339816986E-001    1.8405824338435E-001
     174    1.8404323093360E-001    9.9996156073881E-001    1.8405030569137E-001
     175    1.8403768485954E-001    9.9996279069228E-001    1.8404453302920E-001
     176    1.8403035682499E-001    9.9996217821526E-001    1.8403731744479E-001
     177    1.8402553077877E-001    9.9996339816986E-001    1.8403226669654E-001
     178    1.8402597830185E-001    9.9996975045753E-001    1.8403154517189E-001
     179    1.8401958564874E-001    9.9997029794111E-001    1.8402505157166E-001
     180    1.8401062311499E-001    9.9996864049172E-001    1.8401639377861E-001
     181    1.8400722017712E-001    9.9996975045753E-001    1.8401278647972E-001
     182    1.8400555040994E-001    9.9997243787984E-001    1.8401062213281E-001
     183    1.8399482547585E-001    9.9997296036558E-001    1.8399980076319E-001
     184    1.8399193995801E-001    9.9997296036558E-001    1.8399691516734E-001
     185    1.8398689040586E-001    9.9997296036558E-001    1.8399186547864E-001
     186    1.8398318753273E-001    9.9997243787984E-001    1.8398825863922E-001
     187    1.8398149497314E-001    9.9997500031250E-001    1.8398609456800E-001
     188    1.8397356045180E-001    9.9997500031250E-001    1.8397815984831E-001
     189    1.8396941479853E-001    9.9997599028824E-001    1.8397383195721E-001
     190    1.8396785941411E-001    9.9997929771430E-001    1.8397166804815E-001
     191    1.8396200506568E-001    9.9997884022387E-001    1.8396589774289E-001
     192    1.8395724294230E-001    9.9997647777665E-001    1.8396157012744E-001
     193    1.8395398626748E-001    9.9997837773376E-001    1.8395796385555E-001
     194    1.8394855128380E-001    9.9998019769607E-001    1.8395219396106E-001
     195    1.8394414174709E-001    9.9997975020503E-001    1.8394786665368E-001
     196    1.8393956216740E-001    9.9997837773376E-001    1.8394353944358E-001
     197    1.8393596767167E-001    9.9998236015558E-001    1.8393921233076E-001
     198    1.8393467801351E-001    9.9998319014129E-001    1.8393776998143E-001
     199    1.8392723618124E-001    9.9998193766313E-001    1.8393055839695E-001
     200    1.8392602429002E-001    9.9998319014129E-001    1.8392911611247E-001
     201    1.8391986682605E-001    9.9998107767903E-001    1.8392334708266E-001
     202    1.8391831413318E-001    9.9998439762172E-001    1.8392118374106E-001
     203    1.8391319340394E-001    9.9998400012800E-001    1.8391613603857E-001
     204    1.8391103017801E-001    9.9998400012800E-001    1.8391397277803E-001
     205    1.8390764140662E-001    9.9998517760985E-001    1.8391036739784E-001
     206    1.8390489696152E-001    9.9998593759888E-001    1.8390748314231E-001
     207    1.8390365762392E-001    9.9998704008398E-001    1.8390604103076E-001
     208    1.8389788936054E-001    9.9998704008398E-001    1.8390027269263E-001
     209    1.8389119753076E-001    9.9998593759888E-001    1.8389378351891E-001
     210    1.8388844964176E-001    9.9998667758874E-001    1.8389089951195E-001
     211    1.8388412376999E-001    9.9998667758874E-001    1.8388657358255E-001
     212    1.8388031346478E-001    9.9998556010426E-001    1.8388296871568E-001
     213    1.8388096624105E-001    9.9998911005930E-001    1.8388296871568E-001
     214    1.8388030550442E-001    9.9998943755578E-001    1.8388224775041E-001
     215    1.8387765338651E-001    9.9999069754327E-001    1.8387936391634E-001
     216    1.8387159400532E-001    9.9998911005930E-001    1.8387359637788E-001
     217    1.8386732872858E-001    9.9998943755578E-001    1.8386927083750E-001
     218    1.8386516601771E-001    9.9998943755578E-001    1.8386710810378E-001
     219    1.8386078045447E-001    9.9998911005930E-001    1.8386278270927E-001
     220    1.8385711494008E-001    9.9998877756297E-001    1.8385917828813E-001
     221    1.8385332171754E-001    9.9998775007503E-001    1.8385557393452E-001
     222    1.8384912349119E-001    9.9998844006682E-001    1.8385124879934E-001
     223    1.8384731948698E-001    9.9999039004618E-001    1.8384908626821E-001
     224    1.8384443617767E-001    9.9999039004618E-001    1.8384620293119E-001
     225    1.8384244056099E-001    9.9999129753787E-001    1.8384404045679E-001
     226    1.8384115750037E-001    9.9999216003073E-001    1.8384259882069E-001
     227    1.8383961109777E-001    9.9999159003536E-001    1.8384115719540E-001
     228    1.8383811572275E-001    9.9999129753787E-001    1.8383971558091E-001
     229    1.8383755348565E-001    9.9999216003073E-001    1.8383899477772E-001
     230    1.8383717049130E-001    9.9999399751801E-001    1.8383827397723E-001
     231    1.8383361113064E-001    9.9999424001659E-001    1.8383467001529E-001
     232    1.8382914999716E-001    9.9999349752114E-001    1.8383034535009E-001
     233    1.8382174763362E-001    9.9999243752860E-001    1.8382313779085E-001
     234    1.8381891479800E-001    9.9999271002657E-001    1.8382025484277E-001
     235    1.8381608108495E-001    9.9999297752466E-001    1.8381737193791E-001
     236    1.8381559243759E-001    9.9999424001659E-001    1.8381665121845E-001
     237    1.8380728242787E-001    9.9999216003073E-001    1.8380872348261E-001
     238    1.8380517139768E-001    9.9999243752860E-001    1.8380656142955E-001
     239    1.8380378013991E-001    9.9999271002657E-001    1.8380512007435E-001
     240    1.8380233880601E-001    9.9999271002657E-001    1.8380367872995E-001
     241    1.8379858250616E-001    9.9999187753299E-001    1.8380007541621E-001
     242    1.8379714121128E-001    9.9999187753299E-001    1.8379863410962E-001
     243    1.8379487268815E-001    9.9999129753787E-001    1.8379647216999E-001
     244    1.8379260051605E-001    9.9999069754327E-001    1.8379431025466E-001
     245    1.8379132329976E-001    9.9999159003536E-001    1.8379286899128E-001
     246    1.8379085768781E-001    9.9999297752466E-001    1.8379214836364E-001
     247    1.8379129878640E-001    9.9999537751068E-001    1.8379214836364E-001
     248    1.8379069257446E-001    9.9999600000800E-001    1.8379142773871E-001
     249    1.8378932301628E-001    9.9999639000652E-001    1.8378998649693E-001
     250    1.8378481328915E-001    9.9999537751068E-001    1.8378566283641E-001
     251    1.8378444188195E-001    9.9999727750371E-001    1.8378494223578E-001
     252    1.8378378009678E-001    9.9999759750289E-001    1.8378422163784E-001
     253    1.8378308753020E-001    9.9999775000253E-001    1.8378350104261E-001
     254    1.8378314082730E-001    9.9999804000192E-001    1.8378350104261E-001
     255    1.8378102868291E-001    9.9999831000143E-001    1.8378133927311E-001
     256    1.8378107462818E-001    9.9999856000104E-001    1.8378133927311E-001
     257    1.8378113665430E-001    9.9999889750061E-001    1.8378133927311E-001
     258    1.8378045282675E-001    9.9999909750041E-001    1.8378061868868E-001
     259    1.8377901166729E-001    9.9999909750041E-001    1.8377917752792E-001
     260    1.8377829109161E-001    9.9999909750041E-001    1.8377845695159E-001
     261    1.8377755260032E-001    9.9999900000050E-001    1.8377773637796E-001
     262    1.8377757051863E-001    9.9999909750041E-001    1.8377773637796E-001
     263    1.8377686694771E-001    9.9999919000033E-001    1.8377701580703E-001
     264    1.8377694964732E-001    9.9999964000006E-001    1.8377701580703E-001
     265    1.8377622907935E-001    9.9999964000006E-001    1.8377629523880E-001
     266    1.8377550851408E-001    9.9999964000006E-001    1.8377557467327E-001
     267    1.8377478795151E-001    9.9999964000006E-001    1.8377485411045E-001
     268    1.8377405590576E-001    9.9999957750009E-001    1.8377413355032E-001
     269    1.8377408760679E-001    9.9999975000003E-001    1.8377413355032E-001
     270    1.8377335740144E-001    9.9999969750005E-001    1.8377341299289E-001
     271    1.8377189424249E-001    9.9999957750009E-001    1.8377197188614E-001
     272    1.8377190572824E-001    9.9999964000006E-001    1.8377197188614E-001
     273    1.8377046463280E-001    9.9999964000006E-001    1.8377053079018E-001
     274    1.8376974408914E-001    9.9999964000006E-001    1.8376981024626E-001
     275    1.8376975465590E-001    9.9999969750005E-001    1.8376981024626E-001
     276    1.8376902354817E-001    9.9999964000006E-001    1.8376908970503E-001
     277    1.8376903411489E-001    9.9999969750005E-001    1.8376908970503E-001
     278    1.8376903411489E-001    9.9999969750005E-001    1.8376908970503E-001
     279    1.8376904376277E-001    9.9999975000003E-001    1.8376908970503E-001
     280    1.8376832322442E-001    9.9999975000003E-001    1.8376836916651E-001
     281    1.8376833195342E-001    9.9999979750002E-001    1.8376836916651E-001
     282    1.8376688215583E-001    9.9999975000003E-001    1.8376692809756E-001
     283    1.8376468887379E-001    9.9999957750009E-001    1.8376476651439E-001
     284    1.8376396835177E-001    9.9999957750009E-001    1.8376404599206E-001
     285    1.8376252731583E-001    9.9999957750009E-001    1.8376260495552E-001
     286    1.8376252731583E-001    9.9999957750009E-001    1.8376260495552E-001
     287    1.8376181828703E-001    9.9999964000006E-001    1.8376188444129E-001
     288    1.8376182885333E-001    9.9999969750005E-001    1.8376188444129E-001
     289    1.8376109777576E-001    9.9999964000006E-001    1.8376116392977E-001
     290    1.8376110834203E-001    9.9999969750005E-001    1.8376116392977E-001
     291    1.8376110834203E-001    9.9999969750005E-001    1.8376116392977E-001
     292    1.8376110834203E-001    9.9999969750005E-001    1.8376116392977E-001
     293    1.8376110834203E-001    9.9999969750005E-001    1.8376116392977E-001
     294    1.8376111798949E-001    9.9999975000003E-001    1.8376116392977E-001
     295    1.8375965676134E-001    9.9999964000006E-001    1.8375972291483E-001
     296    1.8375967697490E-001    9.9999975000003E-001    1.8375972291483E-001
     297    1.8375970040426E-001    9.9999987750001E-001    1.8375972291483E-001
     298    1.8375897990093E-001    9.9999987750001E-001    1.8375900241140E-001
     299    1.8375826537244E-001    9.9999991000000E-001    1.8375828191068E-001
     300    1.8375826537244E-001    9.9999991000000E-001    1.8375828191068E-001
