       1    1.3000000000000E+001    1.3000000000000E+001
       2    1.3000000000000E+001    1.3000000000000E+001
       3    1.3000000000000E+001    1.3000000000000E+001
       4    1.3000000000000E+001    1.3000000000000E+001
       5    1.3000000000000E+001    1.3000000000000E+001
       6    1.5000000000000E+001    1.8000000000000E+001
       7    1.8000000000000E+001    2.2000000000000E+001
       8    2.2000000000000E+001    2.6500000000000E+001
       9    2.5000000000000E+001    3.1000000000000E+001
      10    2.9000000000000E+001    3.5000000000000E+001
      11    3.3500000000000E+001    4.0000000000000E+001
      12    3.9000000000000E+001    4.7000000000000E+001
      13    4.6000000000000E+001    5.4500000000000E+001
      14    5.3000000000000E+001    6.4000000000000E+001
      15    6.2000000000000E+001    7.2000000000000E+001
      16    7.0000000000000E+001    8.3000000000000E+001
      17    7.8000000000000E+001    9.3000000000000E+001
      18    8.8000000000000E+001    1.0400000000000E+002
      19    9.7000000000000E+001    1.1600000000000E+002
      20    1.0850000000000E+002    1.2700000000000E+002
      21    1.1650000000000E+002    1.3850000000000E+002
      22    1.2800000000000E+002    1.4850000000000E+002
      23    1.3750000000000E+002    1.6050000000000E+002
      24    1.4700000000000E+002    1.7350000000000E+002
      25    1.6000000000000E+002    1.8600000000000E+002
      26    1.7150000000000E+002    2.0150000000000E+002
      27    1.8500000000000E+002    2.2000000000000E+002
      28    1.9900000000000E+002    2.3850000000000E+002
      29    2.1500000000000E+002    2.5600000000000E+002
      30    2.3150000000000E+002    2.7450000000000E+002
      31    2.4800000000000E+002    2.9200000000000E+002
      32    2.6300000000000E+002    3.1350000000000E+002
      33    2.8150000000000E+002    3.3150000000000E+002
      34    2.9850000000000E+002    3.5500000000000E+002
      35    3.2400000000000E+002    3.7900000000000E+002
      36    3.4200000000000E+002    4.0750000000000E+002
      37    3.6650000000000E+002    4.3350000000000E+002
      38    3.9050000000000E+002    4.6450000000000E+002
      39    4.1050000000000E+002    4.9550000000000E+002
      40    4.3900000000000E+002    5.2700000000000E+002
      41    4.6750000000000E+002    5.6000000000000E+002
      42    4.9600000000000E+002    5.9350000000000E+002
      43    5.2300000000000E+002    6.3200000000000E+002
      44    5.5500000000000E+002    6.7400000000000E+002
      45    5.8850000000000E+002    7.1250000000000E+002
      46    6.3200000000000E+002    7.5750000000000E+002
      47    6.6650000000000E+002    8.0300000000000E+002
      48    7.0500000000000E+002    8.5150000000000E+002
      49    7.4800000000000E+002    9.0800000000000E+002
      50    7.9000000000000E+002    9.6800000000000E+002
      51    8.3750000000000E+002    1.0340000000000E+003
      52    8.8400000000000E+002    1.0920000000000E+003
      53    9.4050000000000E+002    1.1635000000000E+003
      54    9.9700000000000E+002    1.2120000000000E+003
      55    1.0495000000000E+003    1.2880000000000E+003
      56    1.1080000000000E+003    1.3730000000000E+003
      57    1.1645000000000E+003    1.4580000000000E+003
      58    1.2315000000000E+003    1.5360000000000E+003
      59    1.3005000000000E+003    1.6215000000000E+003
      60    1.3755000000000E+003    1.7135000000000E+003
      61    1.4455000000000E+003    1.8150000000000E+003
      62    1.5245000000000E+003    1.9085000000000E+003
      63    1.6145000000000E+003    2.0080000000000E+003
      64    1.7015000000000E+003    2.1140000000000E+003
      65    1.7805000000000E+003    2.2080000000000E+003
      66    1.8695000000000E+003    2.2850000000000E+003
      67    1.9470000000000E+003    2.3425000000000E+003
      68    2.0315000000000E+003    2.4885000000000E+003
      69    2.1190000000000E+003    2.6170000000000E+003
      70    2.2045000000000E+003    2.7175000000000E+003
      71    2.3035000000000E+003    2.8725000000000E+003
      72    2.4360000000000E+003    3.0320000000000E+003
      73    2.4805000000000E+003    3.0950000000000E+003
      74    2.5295000000000E+003    3.1525000000000E+003
      75    2.7150000000000E+003    3.3765000000000E+003
      76    2.8650000000000E+003    3.5505000000000E+003
      77    3.0205000000000E+003    3.7585000000000E+003
      78    3.1885000000000E+003    3.9380000000000E+003
      79    3.3210000000000E+003    4.1010000000000E+003
      80    3.3905000000000E+003    4.1910000000000E+003
      81    3.4365000000000E+003    4.2405000000000E+003
      82    3.6350000000000E+003    4.4965000000000E+003
      83    3.8335000000000E+003    4.7535000000000E+003
      84    4.0020000000000E+003    4.9620000000000E+003
      85    4.1765000000000E+003    5.1895000000000E+003
      86    4.3860000000000E+003    5.4380000000000E+003
      87    4.4725000000000E+003    5.5445000000000E+003
      88    4.5150000000000E+003    5.6050000000000E+003
      89    4.7105000000000E+003    5.8870000000000E+003
      90    4.9170000000000E+003    6.1430000000000E+003
      91    5.1325000000000E+003    6.4165000000000E+003
      92    5.3105000000000E+003    6.6185000000000E+003
      93    5.5595000000000E+003    6.9465000000000E+003
      94    5.6730000000000E+003    7.1080000000000E+003
      95    5.7275000000000E+003    7.1795000000000E+003
      96    5.9375000000000E+003    7.4555000000000E+003
      97    6.1585000000000E+003    7.7185000000000E+003
      98    6.3150000000000E+003    7.9555000000000E+003
      99    6.4685000000000E+003    8.1635000000000E+003
     100    6.5875000000000E+003    8.3080000000000E+003
     101    6.6545000000000E+003    8.4060000000000E+003
     102    6.6860000000000E+003    8.4400000000000E+003
     103    6.8470000000000E+003    8.6715000000000E+003
     104    7.0100000000000E+003    8.8770000000000E+003
     105    7.1340000000000E+003    9.0310000000000E+003
     106    7.2615000000000E+003    9.1950000000000E+003
     107    7.3915000000000E+003    9.3705000000000E+003
     108    7.4340000000000E+003    9.4290000000000E+003
     109    7.4755000000000E+003    9.4640000000000E+003
     110    7.6170000000000E+003    9.6565000000000E+003
     111    7.7605000000000E+003    9.8350000000000E+003
     112    7.8815000000000E+003    1.0002000000000E+004
     113    8.0080000000000E+003    1.0146500000000E+004
     114    8.1400000000000E+003    1.0304500000000E+004
     115    8.2100000000000E+003    1.0397500000000E+004
     116    8.2520000000000E+003    1.0457000000000E+004
     117    8.4080000000000E+003    1.0669500000000E+004
     118    8.5635000000000E+003    1.0843500000000E+004
     119    8.7015000000000E+003    1.1017500000000E+004
     120    8.8270000000000E+003    1.1181000000000E+004
     121    8.9780000000000E+003    1.1391000000000E+004
     122    9.0625000000000E+003    1.1511000000000E+004
     123    9.1125000000000E+003    1.1587000000000E+004
     124    9.3115000000000E+003    1.1810500000000E+004
     125    9.4975000000000E+003    1.2039000000000E+004
     126    9.6585000000000E+003    1.2278000000000E+004
     127    9.8715000000000E+003    1.2526500000000E+004
     128    1.0058000000000E+004    1.2767000000000E+004
     129    1.0156500000000E+004    1.2875000000000E+004
     130    1.0222500000000E+004    1.2980000000000E+004
     131    1.0432500000000E+004    1.3267000000000E+004
     132    1.0694500000000E+004    1.3575000000000E+004
     133    1.0915000000000E+004    1.3870000000000E+004
     134    1.1102500000000E+004    1.4119000000000E+004
     135    1.1284000000000E+004    1.4356500000000E+004
     136    1.1369500000000E+004    1.4465500000000E+004
     137    1.1431500000000E+004    1.4540500000000E+004
     138    1.1639000000000E+004    1.4826500000000E+004
     139    1.1843500000000E+004    1.5086500000000E+004
     140    1.2053500000000E+004    1.5350500000000E+004
     141    1.2265000000000E+004    1.5615000000000E+004
     142    1.2471000000000E+004    1.5878500000000E+004
     143    1.2575000000000E+004    1.6012500000000E+004
     144    1.2645500000000E+004    1.6108000000000E+004
     145    1.2916500000000E+004    1.6464000000000E+004
     146    1.3198000000000E+004    1.6804500000000E+004
     147    1.3415500000000E+004    1.7085000000000E+004
     148    1.3585000000000E+004    1.7300000000000E+004
     149    1.3812500000000E+004    1.7596000000000E+004
     150    1.3904500000000E+004    1.7719000000000E+004
     151    1.3980000000000E+004    1.7803000000000E+004
     152    1.4256000000000E+004    1.8177000000000E+004
     153    1.4517500000000E+004    1.8480500000000E+004
     154    1.4764000000000E+004    1.8778000000000E+004
     155    1.5000500000000E+004    1.9112500000000E+004
     156    1.5231500000000E+004    1.9396500000000E+004
     157    1.5329500000000E+004    1.9506000000000E+004
     158    1.5406000000000E+004    1.9594500000000E+004
     159    1.5705000000000E+004    1.9981000000000E+004
     160    1.5945500000000E+004    2.0289000000000E+004
     161    1.6192000000000E+004    2.0589000000000E+004
     162    1.6419000000000E+004    2.0894500000000E+004
     163    1.6651000000000E+004    2.1193000000000E+004
     164    1.6739500000000E+004    2.1312500000000E+004
     165    1.6819000000000E+004    2.1412500000000E+004
     166    1.7112500000000E+004    2.1822500000000E+004
     167    1.7417000000000E+004    2.2272000000000E+004
     168    1.7676000000000E+004    2.2594000000000E+004
     169    1.7938000000000E+004    2.2938000000000E+004
     170    1.8180000000000E+004    2.3230500000000E+004
     171    1.8285000000000E+004    2.3363500000000E+004
     172    1.8383500000000E+004    2.3473000000000E+004
     173    1.8672500000000E+004    2.3811000000000E+004
     174    1.8936000000000E+004    2.4155500000000E+004
     175    1.9170000000000E+004    2.4496500000000E+004
     176    1.9420500000000E+004    2.4862000000000E+004
     177    1.9598500000000E+004    2.5113000000000E+004
     178    1.9663500000000E+004    2.5217500000000E+004
     179    1.9732000000000E+004    2.5310000000000E+004
     180    1.9997500000000E+004    2.5626500000000E+004
     181    2.0189500000000E+004    2.5945000000000E+004
     182    2.0270000000000E+004    2.6100000000000E+004
     183    2.0517000000000E+004    2.6422000000000E+004
     184    2.0672000000000E+004    2.6655000000000E+004
     185    2.0758000000000E+004    2.6758500000000E+004
     186    2.0813000000000E+004    2.6830500000000E+004
     187    2.1027500000000E+004    2.7158000000000E+004
     188    2.1250500000000E+004    2.7435500000000E+004
     189    2.1492000000000E+004    2.7725000000000E+004
     190    2.1678000000000E+004    2.7984500000000E+004
     191    2.1862500000000E+004    2.8239500000000E+004
     192    2.1927500000000E+004    2.8336000000000E+004
     193    2.1979500000000E+004    2.8409000000000E+004
     194    2.2216500000000E+004    2.8732000000000E+004
     195    2.2430500000000E+004    2.9001500000000E+004
     196    2.2590500000000E+004    2.9193500000000E+004
     197    2.2764500000000E+004    2.9419500000000E+004
     198    2.2914000000000E+004    2.9608000000000E+004
     199    2.3000500000000E+004    2.9724000000000E+004
     200    2.3042000000000E+004    2.9774500000000E+004
     201    2.3191500000000E+004    2.9966500000000E+004
     202    2.3373000000000E+004    3.0199000000000E+004
     203    2.3527000000000E+004    3.0418000000000E+004
     204    2.3661500000000E+004    3.0604500000000E+004
     205    2.3784000000000E+004    3.0776500000000E+004
     206    2.3858500000000E+004    3.0868000000000E+004
     207    2.3903000000000E+004    3.0935500000000E+004
     208    2.4108000000000E+004    3.1230500000000E+004
     209    2.4284000000000E+004    3.1475500000000E+004
     210    2.4416500000000E+004    3.1670000000000E+004
     211    2.4566000000000E+004    3.1853000000000E+004
     212    2.4723500000000E+004    3.2081500000000E+004
     213    2.4780000000000E+004    3.2172500000000E+004
     214    2.4827500000000E+004    3.2244000000000E+004
     215    2.5010500000000E+004    3.2499000000000E+004
     216    2.5223000000000E+004    3.2782000000000E+004
     217    2.5365000000000E+004    3.2977500000000E+004
     218    2.5506500000000E+004    3.3186000000000E+004
     219    2.5617500000000E+004    3.3350500000000E+004
     220    2.5671000000000E+004    3.3431500000000E+004
     221    2.5718000000000E+004    3.3487500000000E+004
     222    2.5881000000000E+004    3.3726000000000E+004
     223    2.6027500000000E+004    3.3950000000000E+004
     224    2.6169000000000E+004    3.4141500000000E+004
     225    2.6318500000000E+004    3.4348000000000E+004
     226    2.6428500000000E+004    3.4512500000000E+004
     227    2.6471000000000E+004    3.4570000000000E+004
     228    2.6509000000000E+004    3.4620500000000E+004
     229    2.6610500000000E+004    3.4758500000000E+004
     230    2.6759000000000E+004    3.4968500000000E+004
     231    2.6911000000000E+004    3.5218000000000E+004
     232    2.7028500000000E+004    3.5398500000000E+004
     233    2.7126000000000E+004    3.5548500000000E+004
     234    2.7172500000000E+004    3.5617500000000E+004
     235    2.7220500000000E+004    3.5692500000000E+004
     236    2.7368500000000E+004    3.5911000000000E+004
     237    2.7526500000000E+004    3.6155500000000E+004
     238    2.7650500000000E+004    3.6345500000000E+004
     239    2.7786500000000E+004    3.6533500000000E+004
     240    2.7921500000000E+004    3.6723000000000E+004
     241    2.7963500000000E+004    3.6791500000000E+004
     242    2.7996500000000E+004    3.6829000000000E+004
     243    2.8059500000000E+004    3.6917000000000E+004
     244    2.8236000000000E+004    3.7160000000000E+004
     245    2.8363000000000E+004    3.7363000000000E+004
     246    2.8511500000000E+004    3.7548500000000E+004
     247    2.8619000000000E+004    3.7685000000000E+004
     248    2.8666500000000E+004    3.7749000000000E+004
     249    2.8719000000000E+004    3.7818500000000E+004
     250    2.8848000000000E+004    3.7992000000000E+004
     251    2.9025500000000E+004    3.8233500000000E+004
     252    2.9182000000000E+004    3.8438000000000E+004
     253    2.9347500000000E+004    3.8660500000000E+004
     254    2.9488000000000E+004    3.8834500000000E+004
     255    2.9560000000000E+004    3.8931000000000E+004
     256    2.9614000000000E+004    3.8993000000000E+004
     257    2.9795000000000E+004    3.9225500000000E+004
     258    2.9985000000000E+004    3.9458000000000E+004
     259    3.0175000000000E+004    3.9707000000000E+004
     260    3.0306000000000E+004    3.9885500000000E+004
     261    3.0446500000000E+004    4.0096000000000E+004
     262    3.0489500000000E+004    4.0154500000000E+004
     263    3.0546000000000E+004    4.0223000000000E+004
     264    3.0738000000000E+004    4.0480000000000E+004
     265    3.0922000000000E+004    4.0695500000000E+004
     266    3.1059000000000E+004    4.0876500000000E+004
     267    3.1243500000000E+004    4.1102500000000E+004
     268    3.1432000000000E+004    4.1331000000000E+004
     269    3.1506500000000E+004    4.1436000000000E+004
     270    3.1555000000000E+004    4.1502000000000E+004
     271    3.1777500000000E+004    4.1809500000000E+004
     272    3.2010500000000E+004    4.2126500000000E+004
     273    3.2215000000000E+004    4.2379000000000E+004
     274    3.2401500000000E+004    4.2632500000000E+004
     275    3.2587000000000E+004    4.2839000000000E+004
     276    3.2665000000000E+004    4.2938000000000E+004
     277    3.2733000000000E+004    4.3034500000000E+004
     278    3.2980000000000E+004    4.3362000000000E+004
     279    3.3199500000000E+004    4.3664500000000E+004
     280    3.3360500000000E+004    4.3904500000000E+004
     281    3.3507000000000E+004    4.4106500000000E+004
     282    3.3589000000000E+004    4.4205000000000E+004
     283    3.3675000000000E+004    4.4311000000000E+004
     284    3.3762000000000E+004    4.4438500000000E+004
     285    3.4078500000000E+004    4.4878000000000E+004
     286    3.4371000000000E+004    4.5274000000000E+004
     287    3.4662000000000E+004    4.5673000000000E+004
     288    3.4907500000000E+004    4.5986000000000E+004
     289    3.4997500000000E+004    4.6096000000000E+004
     290    3.5133500000000E+004    4.6289000000000E+004
     291    3.5260000000000E+004    4.6455500000000E+004
     292    3.5583500000000E+004    4.6886500000000E+004
     293    3.5972000000000E+004    4.7424000000000E+004
     294    3.6362500000000E+004    4.7925500000000E+004
     295    3.6694000000000E+004    4.8307500000000E+004
     296    3.7002500000000E+004    4.8711000000000E+004
     297    3.7112500000000E+004    4.8857000000000E+004
     298    3.7190000000000E+004    4.8968000000000E+004
     299    3.7530000000000E+004    4.9418500000000E+004
     300    3.7969500000000E+004    4.9947000000000E+004
     301    3.8367000000000E+004    5.0437500000000E+004
     302    3.8649000000000E+004    5.0826500000000E+004
     303    3.8905500000000E+004    5.1151500000000E+004
     304    3.9040500000000E+004    5.1312000000000E+004
     305    3.9178500000000E+004    5.1496000000000E+004
     306    3.9564500000000E+004    5.2010000000000E+004
     307    3.9886500000000E+004    5.2444500000000E+004
     308    4.0190500000000E+004    5.2826500000000E+004
     309    4.0454500000000E+004    5.3189000000000E+004
     310    4.0688500000000E+004    5.3539000000000E+004
     311    4.0819000000000E+004    5.3696000000000E+004
     312    4.0934500000000E+004    5.3840500000000E+004
     313    4.1255500000000E+004    5.4276500000000E+004
     314    4.1559000000000E+004    5.4651500000000E+004
     315    4.1775500000000E+004    5.4907500000000E+004
     316    4.2013500000000E+004    5.5191000000000E+004
     317    4.2194500000000E+004    5.5425500000000E+004
     318    4.2274500000000E+004    5.5530500000000E+004
     319    4.2365000000000E+004    5.5636000000000E+004
     320    4.2484000000000E+004    5.5792500000000E+004
     321    4.2691000000000E+004    5.6061000000000E+004
     322    4.2873500000000E+004    5.6294000000000E+004
     323    4.3036000000000E+004    5.6497000000000E+004
     324    4.3169500000000E+004    5.6685000000000E+004
     325    4.3248500000000E+004    5.6785000000000E+004
     326    4.3291000000000E+004    5.6838000000000E+004
     327    4.3436500000000E+004    5.6983500000000E+004
     328    4.3551500000000E+004    5.7126000000000E+004
     329    4.3635000000000E+004    5.7242500000000E+004
     330    4.3738500000000E+004    5.7353000000000E+004
     331    4.3831000000000E+004    5.7463500000000E+004
     332    4.3893000000000E+004    5.7526000000000E+004
     333    4.3942500000000E+004    5.7581000000000E+004
     334    4.4033500000000E+004    5.7704500000000E+004
     335    4.4114000000000E+004    5.7819000000000E+004
     336    4.4200000000000E+004    5.7928500000000E+004
     337    4.4308000000000E+004    5.8043000000000E+004
     338    4.4389000000000E+004    5.8133500000000E+004
     339    4.4443500000000E+004    5.8190500000000E+004
     340    4.4485000000000E+004    5.8241500000000E+004
     341    4.4584000000000E+004    5.8375000000000E+004
     342    4.4670500000000E+004    5.8483500000000E+004
     343    4.4750500000000E+004    5.8567500000000E+004
     344    4.4845000000000E+004    5.8658500000000E+004
     345    4.4929500000000E+004    5.8764500000000E+004
     346    4.4987500000000E+004    5.8827000000000E+004
     347    4.5035000000000E+004    5.8879000000000E+004
     348    4.5125500000000E+004    5.8973500000000E+004
     349    4.5207500000000E+004    5.9081000000000E+004
     350    4.5290500000000E+004    5.9167000000000E+004
     351    4.5370500000000E+004    5.9260000000000E+004
     352    4.5463500000000E+004    5.9357500000000E+004
     353    4.5498500000000E+004    5.9400500000000E+004
     354    4.5532500000000E+004    5.9437500000000E+004
     355    4.5628000000000E+004    5.9540500000000E+004
     356    4.5701000000000E+004    5.9626000000000E+004
     357    4.5767000000000E+004    5.9709500000000E+004
     358    4.5810500000000E+004    5.9766500000000E+004
     359    4.5877500000000E+004    5.9847000000000E+004
     360    4.5908000000000E+004    5.9880000000000E+004
     361    4.5930500000000E+004    5.9902000000000E+004
     362    4.5978500000000E+004    5.9969000000000E+004
     363    4.6082000000000E+004    6.0051500000000E+004
     364    4.6168500000000E+004    6.0141000000000E+004
     365    4.6237000000000E+004    6.0225500000000E+004
     366    4.6322500000000E+004    6.0327500000000E+004
     367    4.6350500000000E+004    6.0363000000000E+004
     368    4.6382500000000E+004    6.0396500000000E+004
     369    4.6462500000000E+004    6.0487500000000E+004
     370    4.6546000000000E+004    6.0589000000000E+004
     371    4.6637000000000E+004    6.0685500000000E+004
     372    4.6714500000000E+004    6.0771000000000E+004
     373    4.6775000000000E+004    6.0842000000000E+004
     374    4.6822000000000E+004    6.0891500000000E+004
     375    4.6845000000000E+004    6.0919000000000E+004
     376    4.6933500000000E+004    6.1018500000000E+004
     377    4.7031500000000E+004    6.1122500000000E+004
     378    4.7141000000000E+004    6.1224000000000E+004
     379    4.7176500000000E+004    6.1262500000000E+004
     380    4.7224000000000E+004    6.1308000000000E+004
     381    4.7250500000000E+004    6.1339000000000E+004
     382    4.7285500000000E+004    6.1370500000000E+004
     383    4.7423000000000E+004    6.1542000000000E+004
     384    4.7511500000000E+004    6.1660500000000E+004
     385    4.7609000000000E+004    6.1761500000000E+004
     386    4.7692000000000E+004    6.1867500000000E+004
     387    4.7754500000000E+004    6.1943000000000E+004
     388    4.7798500000000E+004    6.1988500000000E+004
     389    4.7829500000000E+004    6.2018500000000E+004
     390    4.7939000000000E+004    6.2134000000000E+004
     391    4.8019000000000E+004    6.2213000000000E+004
     392    4.8096500000000E+004    6.2301500000000E+004
     393    4.8165000000000E+004    6.2384000000000E+004
     394    4.8224500000000E+004    6.2438500000000E+004
     395    4.8251500000000E+004    6.2466000000000E+004
     396    4.8284000000000E+004    6.2512000000000E+004
     397    4.8361500000000E+004    6.2608500000000E+004
     398    4.8443500000000E+004    6.2686000000000E+004
     399    4.8502000000000E+004    6.2768000000000E+004
     400    4.8576500000000E+004    6.2851500000000E+004
     401    4.8631000000000E+004    6.2922500000000E+004
     402    4.8653000000000E+004    6.2959000000000E+004
     403    4.8668500000000E+004    6.2979500000000E+004
     404    4.8742000000000E+004    6.3067000000000E+004
     405    4.8801500000000E+004    6.3142500000000E+004
     406    4.8870500000000E+004    6.3227000000000E+004
     407    4.8952000000000E+004    6.3323500000000E+004
     408    4.8998500000000E+004    6.3381500000000E+004
     409    4.9020500000000E+004    6.3407000000000E+004
     410    4.9044000000000E+004    6.3436000000000E+004
     411    4.9110500000000E+004    6.3509500000000E+004
     412    4.9179500000000E+004    6.3602500000000E+004
     413    4.9242000000000E+004    6.3683500000000E+004
     414    4.9296500000000E+004    6.3763000000000E+004
     415    4.9358500000000E+004    6.3836500000000E+004
     416    4.9390000000000E+004    6.3870000000000E+004
     417    4.9395000000000E+004    6.3874000000000E+004
     418    4.9435500000000E+004    6.3913500000000E+004
     419    4.9506000000000E+004    6.4001500000000E+004
     420    4.9554000000000E+004    6.4056500000000E+004
     421    4.9601000000000E+004    6.4113500000000E+004
     422    4.9639000000000E+004    6.4160000000000E+004
     423    4.9662000000000E+004    6.4184000000000E+004
     424    4.9685000000000E+004    6.4205000000000E+004
     425    4.9746000000000E+004    6.4270500000000E+004
     426    4.9782000000000E+004    6.4314000000000E+004
     427    4.9809000000000E+004    6.4342000000000E+004
     428    4.9843500000000E+004    6.4383000000000E+004
     429    4.9877000000000E+004    6.4419000000000E+004
     430    4.9889000000000E+004    6.4435500000000E+004
     431    4.9908500000000E+004    6.4457500000000E+004
     432    4.9944000000000E+004    6.4500000000000E+004
     433    4.9964000000000E+004    6.4522000000000E+004
     434    4.9990500000000E+004    6.4555500000000E+004
     435    5.0028000000000E+004    6.4589500000000E+004
     436    5.0060000000000E+004    6.4630000000000E+004
     437    5.0076500000000E+004    6.4649000000000E+004
     438    5.0096000000000E+004    6.4673000000000E+004
     439    5.0116000000000E+004    6.4696500000000E+004
     440    5.0146000000000E+004    6.4726000000000E+004
     441    5.0161500000000E+004    6.4743000000000E+004
     442    5.0182000000000E+004    6.4766500000000E+004
     443    5.0202000000000E+004    6.4783500000000E+004
     444    5.0208000000000E+004    6.4788500000000E+004
     445    5.0213000000000E+004    6.4791500000000E+004
     446    5.0241500000000E+004    6.4821000000000E+004
     447    5.0256500000000E+004    6.4849500000000E+004
     448    5.0273000000000E+004    6.4868000000000E+004
     449    5.0292000000000E+004    6.4891500000000E+004
     450    5.0313000000000E+004    6.4912000000000E+004
     451    5.0324500000000E+004    6.4924000000000E+004
     452    5.0329000000000E+004    6.4931500000000E+004
     453    5.0335500000000E+004    6.4944500000000E+004
     454    5.0351000000000E+004    6.4957500000000E+004
     455    5.0372000000000E+004    6.4975500000000E+004
     456    5.0399500000000E+004    6.5002500000000E+004
     457    5.0412500000000E+004    6.5022500000000E+004
     458    5.0422000000000E+004    6.5036500000000E+004
     459    5.0428500000000E+004    6.5044500000000E+004
     460    5.0465500000000E+004    6.5080500000000E+004
     461    5.0485000000000E+004    6.5099000000000E+004
     462    5.0522500000000E+004    6.5135500000000E+004
     463    5.0552500000000E+004    6.5167500000000E+004
     464    5.0572500000000E+004    6.5190500000000E+004
     465    5.0588000000000E+004    6.5207500000000E+004
     466    5.0611000000000E+004    6.5237000000000E+004
     467    5.0666000000000E+004    6.5299500000000E+004
     468    5.0711000000000E+004    6.5338000000000E+004
     469    5.0759500000000E+004    6.5385500000000E+004
     470    5.0808000000000E+004    6.5426000000000E+004
     471    5.0861500000000E+004    6.5481000000000E+004
     472    5.0903000000000E+004    6.5514500000000E+004
     473    5.0929000000000E+004    6.5533500000000E+004
     474    5.1013500000000E+004    6.5616500000000E+004
     475    5.1091000000000E+004    6.5702000000000E+004
     476    5.1175000000000E+004    6.5804500000000E+004
     477    5.1282500000000E+004    6.5919500000000E+004
     478    5.1366000000000E+004    6.6021000000000E+004
     479    5.1413500000000E+004    6.6083500000000E+004
     480    5.1489000000000E+004    6.6148500000000E+004
     481    5.1565000000000E+004    6.6230500000000E+004
     482    5.1638500000000E+004    6.6313000000000E+004
     483    5.1810500000000E+004    6.6522500000000E+004
     484    5.1900500000000E+004    6.6624500000000E+004
     485    5.1982500000000E+004    6.6730500000000E+004
     486    5.2052000000000E+004    6.6811500000000E+004
     487    5.2110000000000E+004    6.6884500000000E+004
     488    5.2299000000000E+004    6.7137500000000E+004
     489    5.2496000000000E+004    6.7369500000000E+004
     490    5.2661000000000E+004    6.7576500000000E+004
     491    5.2889000000000E+004    6.7869500000000E+004
     492    5.3085000000000E+004    6.8120500000000E+004
     493    5.3164000000000E+004    6.8222000000000E+004
     494    5.3232500000000E+004    6.8325000000000E+004
     495    5.3478500000000E+004    6.8703500000000E+004
     496    5.3684500000000E+004    6.9027500000000E+004
     497    5.3894000000000E+004    6.9316000000000E+004
     498    5.4084000000000E+004    6.9642500000000E+004
     499    5.4255500000000E+004    6.9954000000000E+004
     500    5.4322500000000E+004    7.0081000000000E+004
     501    5.4427000000000E+004    7.0292500000000E+004
     502    5.4654000000000E+004    7.0647000000000E+004
     503    5.4986000000000E+004    7.1079000000000E+004
     504    5.5352500000000E+004    7.1551000000000E+004
     505    5.5680500000000E+004    7.1961500000000E+004
     506    5.6010000000000E+004    7.2394500000000E+004
     507    5.6116000000000E+004    7.2553000000000E+004
     508    5.6228500000000E+004    7.2695000000000E+004
     509    5.6594000000000E+004    7.3156000000000E+004
     510    5.6922000000000E+004    7.3621500000000E+004
     511    5.6922000000000E+004    7.3621500000000E+004
     512    5.6922000000000E+004    7.3621500000000E+004
     513    5.6922000000000E+004    7.3621500000000E+004
     514    5.6922000000000E+004    7.3621500000000E+004
     515    5.6922000000000E+004    7.3621500000000E+004
     516    5.6922000000000E+004    7.3621500000000E+004
     517    5.6922000000000E+004    7.3621500000000E+004
     518    5.6922000000000E+004    7.3621500000000E+004
     519    5.6922000000000E+004    7.3621500000000E+004
     520    5.6922000000000E+004    7.3621500000000E+004
     521    5.6922000000000E+004    7.3621500000000E+004
     522    5.6922000000000E+004    7.3621500000000E+004
     523    5.6922000000000E+004    7.3621500000000E+004
     524    5.6922000000000E+004    7.3621500000000E+004
     525    5.6922000000000E+004    7.3621500000000E+004
     526    5.6922000000000E+004    7.3621500000000E+004
     527    5.6922000000000E+004    7.3621500000000E+004
     528    5.6922000000000E+004    7.3621500000000E+004
     529    5.6922000000000E+004    7.3621500000000E+004
     530    5.6922000000000E+004    7.3621500000000E+004
     531    5.6922000000000E+004    7.3621500000000E+004
     532    5.6922000000000E+004    7.3621500000000E+004
     533    5.6922000000000E+004    7.3621500000000E+004
     534    5.6922000000000E+004    7.3621500000000E+004
     535    5.6922000000000E+004    7.3621500000000E+004
     536    5.6922000000000E+004    7.3621500000000E+004
     537    5.6922000000000E+004    7.3621500000000E+004
     538    5.6922000000000E+004    7.3621500000000E+004
     539    5.6922000000000E+004    7.3621500000000E+004
     540    5.6922000000000E+004    7.3621500000000E+004
