       0    0.0000000000000E+000    9.9999870000000E+006    1.3000000000000E+001    0.0000000000000E+000    0.0000000000000E+000    1.3000000000000E+001
       1    0.0000000000000E+000    9.9999870000000E+006    1.3000000000000E+001    0.0000000000000E+000    0.0000000000000E+000    1.3000000000000E+001
       2    1.0000000000000E+000    9.9999860000000E+006    1.3000000000000E+001    0.0000000000000E+000    0.0000000000000E+000    1.3000000000000E+001
       3    8.0000000000000E+000    9.9999790000000E+006    1.3000000000000E+001    0.0000000000000E+000    0.0000000000000E+000    1.3000000000000E+001
       4    1.5000000000000E+001    9.9999720000000E+006    1.3000000000000E+001    0.0000000000000E+000    0.0000000000000E+000    1.3000000000000E+001
       5    1.6000000000000E+001    9.9999710000000E+006    1.3000000000000E+001   -1.0000000000000E+000    1.0000000000000E+000    1.3000000000000E+001
       6    1.9000000000000E+001    9.9999670000000E+006    1.4000000000000E+001   -1.0000000000000E+000    1.0000000000000E+000    1.4000000000000E+001
       7    1.7000000000000E+001    9.9999620000000E+006    2.1000000000000E+001   -1.0000000000000E+000    1.0000000000000E+000    2.1000000000000E+001
       8    1.6000000000000E+001    9.9999560000000E+006    2.8000000000000E+001   -1.0000000000000E+000    1.0000000000000E+000    2.8000000000000E+001
       9    2.1000000000000E+001    9.9999500000000E+006    2.9000000000000E+001   -1.0000000000000E+000    1.0000000000000E+000    2.9000000000000E+001
      10    2.1000000000000E+001    9.9999460000000E+006    3.3000000000000E+001   -1.0000000000000E+000    1.0000000000000E+000    3.3000000000000E+001
      11    2.3000000000000E+001    9.9999390000000E+006    3.8000000000000E+001   -1.0000000000000E+000    1.0000000000000E+000    3.8000000000000E+001
      12    2.7000000000000E+001    9.9999290000000E+006    4.4000000000000E+001   -1.0000000000000E+000    1.0000000000000E+000    4.4000000000000E+001
      13    3.1000000000000E+001    9.9999190000000E+006    5.0000000000000E+001   -1.0000000000000E+000    1.0000000000000E+000    5.0000000000000E+001
      14    3.3000000000000E+001    9.9999130000000E+006    5.4000000000000E+001   -1.0000000000000E+000    1.0000000000000E+000    5.4000000000000E+001
      15    3.5000000000000E+001    9.9999040000000E+006    6.1000000000000E+001   -1.0000000000000E+000    1.0000000000000E+000    6.1000000000000E+001
      16    3.9000000000000E+001    9.9998900000000E+006    7.1000000000000E+001   -1.0000000000000E+000    1.0000000000000E+000    7.1000000000000E+001
      17    4.6000000000000E+001    9.9998730000000E+006    8.1000000000000E+001   -1.0000000000000E+000    1.0000000000000E+000    8.1000000000000E+001
      18    5.1000000000000E+001    9.9998620000000E+006    7.4000000000000E+001    1.2000000000000E+001    1.0000000000000E+000    8.7000000000000E+001
      19    5.2000000000000E+001    9.9998520000000E+006    8.3000000000000E+001    1.1000000000000E+001    2.0000000000000E+000    9.6000000000000E+001
      20    5.1000000000000E+001    9.9998390000000E+006    9.6000000000000E+001    1.2000000000000E+001    2.0000000000000E+000    1.1000000000000E+002
      21    4.2000000000000E+001    9.9998310000000E+006    1.0600000000000E+002    1.8000000000000E+001    3.0000000000000E+000    1.2700000000000E+002
      22    4.0000000000000E+001    9.9998220000000E+006    1.1000000000000E+002    2.5000000000000E+001    3.0000000000000E+000    1.3800000000000E+002
      23    4.0000000000000E+001    9.9998120000000E+006    1.1900000000000E+002    2.5000000000000E+001    4.0000000000000E+000    1.4800000000000E+002
      24    3.9000000000000E+001    9.9998000000000E+006    1.2800000000000E+002    2.8000000000000E+001    5.0000000000000E+000    1.6100000000000E+002
      25    5.0000000000000E+001    9.9997810000000E+006    1.3100000000000E+002    3.1000000000000E+001    7.0000000000000E+000    1.6900000000000E+002
      26    6.1000000000000E+001    9.9997610000000E+006    1.3400000000000E+002    3.7000000000000E+001    7.0000000000000E+000    1.7800000000000E+002
      27    6.9000000000000E+001    9.9997430000000E+006    1.3800000000000E+002    4.1000000000000E+001    9.0000000000000E+000    1.8800000000000E+002
      28    7.7000000000000E+001    9.9997230000000E+006    1.4600000000000E+002    4.1000000000000E+001    1.3000000000000E+001    2.0000000000000E+002
      29    7.7000000000000E+001    9.9997040000000E+006    1.5800000000000E+002    4.6000000000000E+001    1.5000000000000E+001    2.1900000000000E+002
      30    8.2000000000000E+001    9.9996790000000E+006    1.6800000000000E+002    5.5000000000000E+001    1.6000000000000E+001    2.3900000000000E+002
      31    8.4000000000000E+001    9.9996590000000E+006    1.7600000000000E+002    6.3000000000000E+001    1.8000000000000E+001    2.5700000000000E+002
      32    8.4000000000000E+001    9.9996390000000E+006    1.9000000000000E+002    6.9000000000000E+001    1.8000000000000E+001    2.7700000000000E+002
      33    9.6000000000000E+001    9.9996080000000E+006    2.0000000000000E+002    7.5000000000000E+001    2.1000000000000E+001    2.9600000000000E+002
      34    1.0500000000000E+002    9.9995740000000E+006    2.1100000000000E+002    8.8000000000000E+001    2.2000000000000E+001    3.2100000000000E+002
      35    1.1000000000000E+002    9.9995490000000E+006    2.1400000000000E+002    1.0500000000000E+002    2.2000000000000E+001    3.4100000000000E+002
      36    1.2400000000000E+002    9.9995150000000E+006    2.2300000000000E+002    1.1400000000000E+002    2.4000000000000E+001    3.6100000000000E+002
      37    1.2200000000000E+002    9.9994860000000E+006    2.4400000000000E+002    1.2100000000000E+002    2.7000000000000E+001    3.9200000000000E+002
      38    1.2500000000000E+002    9.9994490000000E+006    2.6500000000000E+002    1.3300000000000E+002    2.8000000000000E+001    4.2600000000000E+002
      39    1.2700000000000E+002    9.9994220000000E+006    2.8200000000000E+002    1.4000000000000E+002    2.9000000000000E+001    4.5100000000000E+002
      40    1.3100000000000E+002    9.9993840000000E+006    3.0700000000000E+002    1.4600000000000E+002    3.2000000000000E+001    4.8500000000000E+002
      41    1.4200000000000E+002    9.9993440000000E+006    3.2600000000000E+002    1.5500000000000E+002    3.3000000000000E+001    5.1400000000000E+002
      42    1.3700000000000E+002    9.9993120000000E+006    3.5100000000000E+002    1.6500000000000E+002    3.5000000000000E+001    5.5100000000000E+002
      43    1.6000000000000E+002    9.9992620000000E+006    3.5900000000000E+002    1.8200000000000E+002    3.7000000000000E+001    5.7800000000000E+002
      44    1.7000000000000E+002    9.9992140000000E+006    3.7700000000000E+002    1.9900000000000E+002    4.0000000000000E+001    6.1600000000000E+002
      45    1.7600000000000E+002    9.9991680000000E+006    3.9900000000000E+002    2.1400000000000E+002    4.3000000000000E+001    6.5600000000000E+002
      46    1.9100000000000E+002    9.9991210000000E+006    4.1100000000000E+002    2.3100000000000E+002    4.6000000000000E+001    6.8800000000000E+002
      47    2.0800000000000E+002    9.9990540000000E+006    4.4200000000000E+002    2.4800000000000E+002    4.8000000000000E+001    7.3800000000000E+002
      48    2.3500000000000E+002    9.9989790000000E+006    4.6500000000000E+002    2.7000000000000E+002    5.1000000000000E+001    7.8600000000000E+002
      49    2.6100000000000E+002    9.9989070000000E+006    4.9100000000000E+002    2.8700000000000E+002    5.4000000000000E+001    8.3200000000000E+002
      50    2.7300000000000E+002    9.9988480000000E+006    5.1800000000000E+002    3.0200000000000E+002    5.9000000000000E+001    8.7900000000000E+002
      51    2.7600000000000E+002    9.9987780000000E+006    5.5400000000000E+002    3.2900000000000E+002    6.3000000000000E+001    9.4600000000000E+002
      52    2.6000000000000E+002    9.9987190000000E+006    5.9500000000000E+002    3.5900000000000E+002    6.7000000000000E+001    1.0210000000000E+003
      53    2.6700000000000E+002    9.9986400000000E+006    6.4200000000000E+002    3.7700000000000E+002    7.4000000000000E+001    1.0930000000000E+003
      54    2.8300000000000E+002    9.9985650000000E+006    6.6700000000000E+002    4.0800000000000E+002    7.7000000000000E+001    1.1520000000000E+003
      55    2.9700000000000E+002    9.9984810000000E+006    7.0800000000000E+002    4.3500000000000E+002    7.9000000000000E+001    1.2220000000000E+003
      56    3.2500000000000E+002    9.9983940000000E+006    7.3000000000000E+002    4.6500000000000E+002    8.6000000000000E+001    1.2810000000000E+003
      57    3.2700000000000E+002    9.9983130000000E+006    7.8200000000000E+002    4.8600000000000E+002    9.2000000000000E+001    1.3600000000000E+003
      58    3.4400000000000E+002    9.9982210000000E+006    8.1900000000000E+002    5.2000000000000E+002    9.6000000000000E+001    1.4350000000000E+003
      59    3.4000000000000E+002    9.9981410000000E+006    8.6300000000000E+002    5.4800000000000E+002    1.0800000000000E+002    1.5190000000000E+003
      60    3.4600000000000E+002    9.9980480000000E+006    9.1800000000000E+002    5.7400000000000E+002    1.1400000000000E+002    1.6060000000000E+003
      61    3.6100000000000E+002    9.9979520000000E+006    9.4900000000000E+002    6.2000000000000E+002    1.1800000000000E+002    1.6870000000000E+003
      62    3.6400000000000E+002    9.9978570000000E+006    9.9300000000000E+002    6.6000000000000E+002    1.2600000000000E+002    1.7790000000000E+003
      63    3.8700000000000E+002    9.9977540000000E+006    1.0270000000000E+003    6.9700000000000E+002    1.3500000000000E+002    1.8590000000000E+003
      64    4.3400000000000E+002    9.9976140000000E+006    1.0730000000000E+003    7.3600000000000E+002    1.4300000000000E+002    1.9520000000000E+003
      65    4.6600000000000E+002    9.9974860000000E+006    1.1020000000000E+003    7.9400000000000E+002    1.5200000000000E+002    2.0480000000000E+003
      66    4.7600000000000E+002    9.9973810000000E+006    1.1220000000000E+003    8.6200000000000E+002    1.5900000000000E+002    2.1430000000000E+003
      67    5.0900000000000E+002    9.9972450000000E+006    1.1530000000000E+003    9.2500000000000E+002    1.6800000000000E+002    2.2460000000000E+003
      68    5.3300000000000E+002    9.9970810000000E+006    1.2340000000000E+003    9.7500000000000E+002    1.7700000000000E+002    2.3860000000000E+003
      69    4.6400000000000E+002    9.9970220000000E+006    1.2920000000000E+003    1.0360000000000E+003    1.8600000000000E+002    2.5140000000000E+003
      70    4.2500000000000E+002    9.9969560000000E+006    1.3380000000000E+003    1.0810000000000E+003    2.0000000000000E+002    2.6190000000000E+003
      71    5.0900000000000E+002    9.9967360000000E+006    1.3950000000000E+003    1.1470000000000E+003    2.1300000000000E+002    2.7550000000000E+003
      72    4.9300000000000E+002    9.9965880000000E+006    1.4840000000000E+003    1.2080000000000E+003    2.2700000000000E+002    2.9190000000000E+003
      73    6.3200000000000E+002    9.9963900000000E+006    1.4590000000000E+003    1.2800000000000E+003    2.3900000000000E+002    2.9780000000000E+003
      74    7.4700000000000E+002    9.9962090000000E+006    1.4380000000000E+003    1.3580000000000E+003    2.4800000000000E+002    3.0440000000000E+003
      75    7.1400000000000E+002    9.9960220000000E+006    1.5770000000000E+003    1.4260000000000E+003    2.6100000000000E+002    3.2640000000000E+003
      76    6.7400000000000E+002    9.9959140000000E+006    1.6330000000000E+003    1.5080000000000E+003    2.7100000000000E+002    3.4120000000000E+003
      77    5.3800000000000E+002    9.9958520000000E+006    1.7510000000000E+003    1.5820000000000E+003    2.7700000000000E+002    3.6100000000000E+003
      78    5.8600000000000E+002    9.9956230000000E+006    1.8390000000000E+003    1.6670000000000E+003    2.8500000000000E+002    3.7910000000000E+003
      79    6.5500000000000E+002    9.9953670000000E+006    1.9300000000000E+003    1.7380000000000E+003    3.1000000000000E+002    3.9780000000000E+003
      80    7.5100000000000E+002    9.9951630000000E+006    1.9430000000000E+003    1.8150000000000E+003    3.2800000000000E+002    4.0860000000000E+003
      81    9.1600000000000E+002    9.9949360000000E+006    1.9020000000000E+003    1.9060000000000E+003    3.4000000000000E+002    4.1480000000000E+003
      82    9.4200000000000E+002    9.9946810000000E+006    1.9910000000000E+003    2.0260000000000E+003    3.6000000000000E+002    4.3770000000000E+003
      83    7.8000000000000E+002    9.9945870000000E+006    2.1190000000000E+003    2.1320000000000E+003    3.8200000000000E+002    4.6330000000000E+003
      84    6.3800000000000E+002    9.9945250000000E+006    2.2180000000000E+003    2.2240000000000E+003    3.9500000000000E+002    4.8370000000000E+003
      85    6.7300000000000E+002    9.9942630000000E+006    2.3090000000000E+003    2.3490000000000E+003    4.0600000000000E+002    5.0640000000000E+003
      86    6.7800000000000E+002    9.9940030000000E+006    2.4000000000000E+003    2.4870000000000E+003    4.3200000000000E+002    5.3190000000000E+003
      87    8.3900000000000E+002    9.9937480000000E+006    2.4350000000000E+003    2.5190000000000E+003    4.5900000000000E+002    5.4130000000000E+003
      88    9.9800000000000E+002    9.9935270000000E+006    2.4310000000000E+003    2.5660000000000E+003    4.7800000000000E+002    5.4750000000000E+003
      89    1.0870000000000E+003    9.9931760000000E+006    2.4730000000000E+003    2.7680000000000E+003    4.9600000000000E+002    5.7370000000000E+003
      90    9.7300000000000E+002    9.9930300000000E+006    2.5850000000000E+003    2.8890000000000E+003    5.2300000000000E+002    5.9970000000000E+003
      91    7.9600000000000E+002    9.9929520000000E+006    2.6420000000000E+003    3.0770000000000E+003    5.3300000000000E+002    6.2520000000000E+003
      92    8.6600000000000E+002    9.9926610000000E+006    2.6820000000000E+003    3.2520000000000E+003    5.3900000000000E+002    6.4730000000000E+003
      93    7.4400000000000E+002    9.9924320000000E+006    2.8460000000000E+003    3.4150000000000E+003    5.6300000000000E+002    6.8240000000000E+003
      94    8.1700000000000E+002    9.9922130000000E+006    2.8840000000000E+003    3.4990000000000E+003    5.8700000000000E+002    6.9700000000000E+003
      95    9.4200000000000E+002    9.9920100000000E+006    2.9000000000000E+003    3.5350000000000E+003    6.1300000000000E+002    7.0480000000000E+003
      96    7.9300000000000E+002    9.9918680000000E+006    2.9620000000000E+003    3.7390000000000E+003    6.3800000000000E+002    7.3390000000000E+003
      97    6.5600000000000E+002    9.9917760000000E+006    2.9350000000000E+003    3.9640000000000E+003    6.6900000000000E+002    7.5680000000000E+003
      98    4.8500000000000E+002    9.9917280000000E+006    2.9500000000000E+003    4.1470000000000E+003    6.9000000000000E+002    7.7870000000000E+003
      99    4.9000000000000E+002    9.9915200000000E+006    2.9260000000000E+003    4.3700000000000E+003    6.9400000000000E+002    7.9900000000000E+003
     100    5.6500000000000E+002    9.9913030000000E+006    2.8130000000000E+003    4.5840000000000E+003    7.3500000000000E+002    8.1320000000000E+003
     101    6.4600000000000E+002    9.9911300000000E+006    2.8110000000000E+003    4.6520000000000E+003    7.6100000000000E+002    8.2240000000000E+003
     102    7.5900000000000E+002    9.9909690000000E+006    2.7970000000000E+003    4.6950000000000E+003    7.8000000000000E+002    8.2720000000000E+003
     103    7.0800000000000E+002    9.9908120000000E+006    2.7430000000000E+003    4.9420000000000E+003    7.9500000000000E+002    8.4800000000000E+003
     104    5.4500000000000E+002    9.9907580000000E+006    2.7000000000000E+003    5.1910000000000E+003    8.0600000000000E+002    8.6970000000000E+003
     105    4.2600000000000E+002    9.9907040000000E+006    2.6180000000000E+003    5.4360000000000E+003    8.1600000000000E+002    8.8700000000000E+003
     106    4.5600000000000E+002    9.9905130000000E+006    2.5580000000000E+003    5.6550000000000E+003    8.1800000000000E+002    9.0310000000000E+003
     107    4.6800000000000E+002    9.9903440000000E+006    2.3640000000000E+003    5.9820000000000E+003    8.4200000000000E+002    9.1880000000000E+003
     108    5.9400000000000E+002    9.9901640000000E+006    2.2720000000000E+003    6.1070000000000E+003    8.6300000000000E+002    9.2420000000000E+003
     109    6.9300000000000E+002    9.9900110000000E+006    2.2480000000000E+003    6.1710000000000E+003    8.7700000000000E+002    9.2960000000000E+003
     110    6.5900000000000E+002    9.9898540000000E+006    2.1480000000000E+003    6.4420000000000E+003    8.9700000000000E+002    9.4870000000000E+003
     111    6.0000000000000E+002    9.9897440000000E+006    2.0880000000000E+003    6.6540000000000E+003    9.1400000000000E+002    9.6560000000000E+003
     112    4.8200000000000E+002    9.9896820000000E+006    2.0490000000000E+003    6.8650000000000E+003    9.2200000000000E+002    9.8360000000000E+003
     113    5.5200000000000E+002    9.9894590000000E+006    1.9990000000000E+003    7.0620000000000E+003    9.2800000000000E+002    9.9890000000000E+003
     114    5.8600000000000E+002    9.9892680000000E+006    2.0140000000000E+003    7.1830000000000E+003    9.4900000000000E+002    1.0146000000000E+004
     115    6.4500000000000E+002    9.9890990000000E+006    2.0320000000000E+003    7.2640000000000E+003    9.6000000000000E+002    1.0256000000000E+004
     116    7.6300000000000E+002    9.9889190000000E+006    2.0460000000000E+003    7.2970000000000E+003    9.7500000000000E+002    1.0318000000000E+004
     117    7.4800000000000E+002    9.9887110000000E+006    2.0610000000000E+003    7.4910000000000E+003    9.8900000000000E+002    1.0541000000000E+004
     118    6.9100000000000E+002    9.9885770000000E+006    2.0350000000000E+003    7.6940000000000E+003    1.0030000000000E+003    1.0732000000000E+004
     119    6.0300000000000E+002    9.9884960000000E+006    2.0310000000000E+003    7.8580000000000E+003    1.0120000000000E+003    1.0901000000000E+004
     120    6.5900000000000E+002    9.9882600000000E+006    2.0500000000000E+003    8.0130000000000E+003    1.0180000000000E+003    1.1081000000000E+004
     121    6.9800000000000E+002    9.9880130000000E+006    2.1010000000000E+003    8.1520000000000E+003    1.0360000000000E+003    1.1289000000000E+004
     122    7.9300000000000E+002    9.9877840000000E+006    2.1810000000000E+003    8.1950000000000E+003    1.0470000000000E+003    1.1423000000000E+004
     123    9.8000000000000E+002    9.9875160000000E+006    2.2080000000000E+003    8.2380000000000E+003    1.0580000000000E+003    1.1504000000000E+004
     124    9.9200000000000E+002    9.9872680000000E+006    2.2530000000000E+003    8.4150000000000E+003    1.0720000000000E+003    1.1740000000000E+004
     125    8.5200000000000E+002    9.9871610000000E+006    2.3310000000000E+003    8.5670000000000E+003    1.0890000000000E+003    1.1987000000000E+004
     126    7.2400000000000E+002    9.9870600000000E+006    2.3800000000000E+003    8.7360000000000E+003    1.1000000000000E+003    1.2216000000000E+004
     127    7.4600000000000E+002    9.9867700000000E+006    2.4950000000000E+003    8.8760000000000E+003    1.1130000000000E+003    1.2484000000000E+004
     128    8.1100000000000E+002    9.9864570000000E+006    2.5860000000000E+003    9.0060000000000E+003    1.1400000000000E+003    1.2732000000000E+004
     129    1.0270000000000E+003    9.9861340000000E+006    2.5830000000000E+003    9.0920000000000E+003    1.1640000000000E+003    1.2839000000000E+004
     130    1.1770000000000E+003    9.9858830000000E+006    2.6220000000000E+003    9.1310000000000E+003    1.1870000000000E+003    1.2940000000000E+004
     131    1.1220000000000E+003    9.9856480000000E+006    2.6890000000000E+003    9.3270000000000E+003    1.2140000000000E+003    1.3230000000000E+004
     132    9.1100000000000E+002    9.9855460000000E+006    2.8110000000000E+003    9.4930000000000E+003    1.2390000000000E+003    1.3543000000000E+004
     133    6.4900000000000E+002    9.9854850000000E+006    2.9650000000000E+003    9.6540000000000E+003    1.2470000000000E+003    1.3866000000000E+004
     134    6.8800000000000E+002    9.9851950000000E+006    3.0360000000000E+003    9.8200000000000E+003    1.2610000000000E+003    1.4117000000000E+004
     135    7.2000000000000E+002    9.9849280000000E+006    3.0630000000000E+003    1.0004000000000E+004    1.2850000000000E+003    1.4352000000000E+004
     136    9.0800000000000E+002    9.9846380000000E+006    3.0310000000000E+003    1.0108000000000E+004    1.3150000000000E+003    1.4454000000000E+004
     137    1.1150000000000E+003    9.9843700000000E+006    3.0110000000000E+003    1.0162000000000E+004    1.3420000000000E+003    1.4515000000000E+004
     138    1.0880000000000E+003    9.9841070000000E+006    3.0650000000000E+003    1.0381000000000E+004    1.3590000000000E+003    1.4805000000000E+004
     139    9.3700000000000E+002    9.9839910000000E+006    3.0850000000000E+003    1.0601000000000E+004    1.3860000000000E+003    1.5072000000000E+004
     140    7.5800000000000E+002    9.9838800000000E+006    3.1460000000000E+003    1.0819000000000E+004    1.3970000000000E+003    1.5362000000000E+004
     141    8.5200000000000E+002    9.9835180000000E+006    3.1460000000000E+003    1.1082000000000E+004    1.4020000000000E+003    1.5630000000000E+004
     142    9.3600000000000E+002    9.9831710000000E+006    3.1610000000000E+003    1.1296000000000E+004    1.4360000000000E+003    1.5893000000000E+004
     143    1.1240000000000E+003    9.9828670000000E+006    3.1700000000000E+003    1.1385000000000E+004    1.4540000000000E+003    1.6009000000000E+004
     144    1.2440000000000E+003    9.9826360000000E+006    3.1800000000000E+003    1.1456000000000E+004    1.4840000000000E+003    1.6120000000000E+004
     145    1.1440000000000E+003    9.9823740000000E+006    3.2520000000000E+003    1.1714000000000E+004    1.5160000000000E+003    1.6482000000000E+004
     146    9.1000000000000E+002    9.9822610000000E+006    3.2860000000000E+003    1.2006000000000E+004    1.5370000000000E+003    1.6829000000000E+004
     147    6.9000000000000E+002    9.9821770000000E+006    3.2670000000000E+003    1.2319000000000E+004    1.5470000000000E+003    1.7133000000000E+004
     148    8.5000000000000E+002    9.9817860000000E+006    3.2470000000000E+003    1.2556000000000E+004    1.5610000000000E+003    1.7364000000000E+004
     149    9.3800000000000E+002    9.9814360000000E+006    3.2740000000000E+003    1.2754000000000E+004    1.5980000000000E+003    1.7626000000000E+004
     150    1.1760000000000E+003    9.9810850000000E+006    3.2850000000000E+003    1.2823000000000E+004    1.6310000000000E+003    1.7739000000000E+004
     151    1.4090000000000E+003    9.9807680000000E+006    3.3080000000000E+003    1.2845000000000E+004    1.6700000000000E+003    1.7823000000000E+004
     152    1.3270000000000E+003    9.9804590000000E+006    3.4090000000000E+003    1.3116000000000E+004    1.6890000000000E+003    1.8214000000000E+004
     153    1.0870000000000E+003    9.9803490000000E+006    3.4920000000000E+003    1.3356000000000E+004    1.7160000000000E+003    1.8564000000000E+004
     154    8.4100000000000E+002    9.9802440000000E+006    3.5530000000000E+003    1.3633000000000E+004    1.7290000000000E+003    1.8915000000000E+004
     155    9.3800000000000E+002    9.9798300000000E+006    3.6020000000000E+003    1.3892000000000E+004    1.7380000000000E+003    1.9232000000000E+004
     156    9.5800000000000E+002    9.9795010000000E+006    3.6480000000000E+003    1.4116000000000E+004    1.7770000000000E+003    1.9541000000000E+004
     157    1.1800000000000E+003    9.9791690000000E+006    3.6420000000000E+003    1.4193000000000E+004    1.8160000000000E+003    1.9651000000000E+004
     158    1.3780000000000E+003    9.9788660000000E+006    3.6360000000000E+003    1.4264000000000E+004    1.8560000000000E+003    1.9756000000000E+004
     159    1.2900000000000E+003    9.9785400000000E+006    3.6880000000000E+003    1.4585000000000E+004    1.8970000000000E+003    2.0170000000000E+004
     160    1.0840000000000E+003    9.9784170000000E+006    3.6700000000000E+003    1.4904000000000E+004    1.9250000000000E+003    2.0499000000000E+004
     161    8.8000000000000E+002    9.9782890000000E+006    3.6980000000000E+003    1.5192000000000E+004    1.9410000000000E+003    2.0831000000000E+004
     162    9.8700000000000E+002    9.9778790000000E+006    3.7700000000000E+003    1.5407000000000E+004    1.9570000000000E+003    2.1134000000000E+004
     163    1.0830000000000E+003    9.9774570000000E+006    3.8340000000000E+003    1.5641000000000E+004    1.9850000000000E+003    2.1460000000000E+004
     164    1.2840000000000E+003    9.9771330000000E+006    3.8440000000000E+003    1.5721000000000E+004    2.0180000000000E+003    2.1583000000000E+004
     165    1.5150000000000E+003    9.9767740000000E+006    3.8880000000000E+003    1.5774000000000E+004    2.0490000000000E+003    2.1711000000000E+004
     166    1.4110000000000E+003    9.9764680000000E+006    3.9070000000000E+003    1.6132000000000E+004    2.0820000000000E+003    2.2121000000000E+004
     167    1.1430000000000E+003    9.9763140000000E+006    3.9790000000000E+003    1.6441000000000E+004    2.1230000000000E+003    2.2543000000000E+004
     168    9.2700000000000E+002    9.9762060000000E+006    3.9520000000000E+003    1.6782000000000E+004    2.1330000000000E+003    2.2867000000000E+004
     169    9.0000000000000E+002    9.9758740000000E+006    3.9940000000000E+003    1.7091000000000E+004    2.1410000000000E+003    2.3226000000000E+004
     170    9.4200000000000E+002    9.9755260000000E+006    3.9910000000000E+003    1.7354000000000E+004    2.1870000000000E+003    2.3532000000000E+004
     171    1.1210000000000E+003    9.9751930000000E+006    4.0350000000000E+003    1.7424000000000E+004    2.2270000000000E+003    2.3686000000000E+004
     172    1.3920000000000E+003    9.9748140000000E+006    4.0380000000000E+003    1.7495000000000E+004    2.2610000000000E+003    2.3794000000000E+004
     173    1.2960000000000E+003    9.9745780000000E+006    3.9560000000000E+003    1.7864000000000E+004    2.3060000000000E+003    2.4126000000000E+004
     174    1.0490000000000E+003    9.9744770000000E+006    3.9750000000000E+003    1.8167000000000E+004    2.3320000000000E+003    2.4474000000000E+004
     175    8.3000000000000E+002    9.9743630000000E+006    3.9760000000000E+003    1.8484000000000E+004    2.3470000000000E+003    2.4807000000000E+004
     176    7.6900000000000E+002    9.9740450000000E+006    4.0520000000000E+003    1.8778000000000E+004    2.3560000000000E+003    2.5186000000000E+004
     177    8.2100000000000E+002    9.9737570000000E+006    3.9620000000000E+003    1.9080000000000E+004    2.3800000000000E+003    2.5422000000000E+004
     178    8.4700000000000E+002    9.9736300000000E+006    3.9400000000000E+003    1.9169000000000E+004    2.4140000000000E+003    2.5523000000000E+004
     179    1.0630000000000E+003    9.9733000000000E+006    3.9260000000000E+003    1.9274000000000E+004    2.4370000000000E+003    2.5637000000000E+004
     180    9.5900000000000E+002    9.9730860000000E+006    3.8340000000000E+003    1.9642000000000E+004    2.4790000000000E+003    2.5955000000000E+004
     181    8.0000000000000E+002    9.9729570000000E+006    3.7000000000000E+003    2.0034000000000E+004    2.5090000000000E+003    2.6243000000000E+004
     182    7.4100000000000E+002    9.9728890000000E+006    3.5030000000000E+003    2.0346000000000E+004    2.5210000000000E+003    2.6370000000000E+004
     183    7.3400000000000E+002    9.9725660000000E+006    3.4740000000000E+003    2.0697000000000E+004    2.5290000000000E+003    2.6700000000000E+004
     184    7.8000000000000E+002    9.9723060000000E+006    3.3820000000000E+003    2.0971000000000E+004    2.5610000000000E+003    2.6914000000000E+004
     185    9.4300000000000E+002    9.9720140000000E+006    3.3570000000000E+003    2.1092000000000E+004    2.5940000000000E+003    2.7043000000000E+004
     186    1.1370000000000E+003    9.9717520000000E+006    3.3170000000000E+003    2.1184000000000E+004    2.6100000000000E+003    2.7111000000000E+004
     187    1.0800000000000E+003    9.9714860000000E+006    3.3080000000000E+003    2.1486000000000E+004    2.6400000000000E+003    2.7434000000000E+004
     188    9.1000000000000E+002    9.9713960000000E+006    3.2200000000000E+003    2.1808000000000E+004    2.6660000000000E+003    2.7694000000000E+004
     189    7.1000000000000E+002    9.9713040000000E+006    3.1790000000000E+003    2.2126000000000E+004    2.6810000000000E+003    2.7986000000000E+004
     190    7.9700000000000E+002    9.9709550000000E+006    3.0620000000000E+003    2.2497000000000E+004    2.6890000000000E+003    2.8248000000000E+004
     191    8.2000000000000E+002    9.9706660000000E+006    3.0920000000000E+003    2.2704000000000E+004    2.7180000000000E+003    2.8514000000000E+004
     192    9.4300000000000E+002    9.9704530000000E+006    3.0810000000000E+003    2.2791000000000E+004    2.7320000000000E+003    2.8604000000000E+004
     193    1.0650000000000E+003    9.9702390000000E+006    3.0590000000000E+003    2.2871000000000E+004    2.7660000000000E+003    2.8696000000000E+004
     194    8.8200000000000E+002    9.9700730000000E+006    3.0900000000000E+003    2.3167000000000E+004    2.7880000000000E+003    2.9045000000000E+004
     195    6.9600000000000E+002    9.9699700000000E+006    3.0910000000000E+003    2.3422000000000E+004    2.8210000000000E+003    2.9334000000000E+004
     196    5.3000000000000E+002    9.9699230000000E+006    3.1770000000000E+003    2.3543000000000E+004    2.8270000000000E+003    2.9547000000000E+004
     197    5.4500000000000E+002    9.9696940000000E+006    3.0610000000000E+003    2.3864000000000E+004    2.8360000000000E+003    2.9761000000000E+004
     198    6.3200000000000E+002    9.9694410000000E+006    3.0130000000000E+003    2.4033000000000E+004    2.8810000000000E+003    2.9927000000000E+004
     199    7.5100000000000E+002    9.9692190000000E+006    2.9870000000000E+003    2.4141000000000E+004    2.9020000000000E+003    3.0030000000000E+004
     200    8.8500000000000E+002    9.9690380000000E+006    2.9660000000000E+003    2.4192000000000E+004    2.9190000000000E+003    3.0077000000000E+004
     201    8.4000000000000E+002    9.9688540000000E+006    2.8720000000000E+003    2.4493000000000E+004    2.9410000000000E+003    3.0306000000000E+004
     202    6.9100000000000E+002    9.9687500000000E+006    2.8650000000000E+003    2.4739000000000E+004    2.9550000000000E+003    3.0559000000000E+004
     203    5.3900000000000E+002    9.9686800000000E+006    2.7950000000000E+003    2.5019000000000E+004    2.9670000000000E+003    3.0781000000000E+004
     204    6.4900000000000E+002    9.9683890000000E+006    2.7140000000000E+003    2.5276000000000E+004    2.9720000000000E+003    3.0962000000000E+004
     205    7.4800000000000E+002    9.9681060000000E+006    2.6320000000000E+003    2.5516000000000E+004    2.9980000000000E+003    3.1146000000000E+004
     206    8.3200000000000E+002    9.9679180000000E+006    2.6460000000000E+003    2.5579000000000E+004    3.0250000000000E+003    3.1250000000000E+004
     207    9.4300000000000E+002    9.9677370000000E+006    2.6240000000000E+003    2.5645000000000E+004    3.0510000000000E+003    3.1320000000000E+004
     208    8.6700000000000E+002    9.9675220000000E+006    2.5660000000000E+003    2.5974000000000E+004    3.0710000000000E+003    3.1611000000000E+004
     209    6.6800000000000E+002    9.9674380000000E+006    2.5600000000000E+003    2.6242000000000E+004    3.0920000000000E+003    3.1894000000000E+004
     210    5.3500000000000E+002    9.9673830000000E+006    2.5350000000000E+003    2.6445000000000E+004    3.1020000000000E+003    3.2082000000000E+004
     211    6.2300000000000E+002    9.9671140000000E+006    2.5020000000000E+003    2.6653000000000E+004    3.1080000000000E+003    3.2263000000000E+004
     212    7.2300000000000E+002    9.9667990000000E+006    2.5510000000000E+003    2.6796000000000E+004    3.1310000000000E+003    3.2478000000000E+004
     213    8.4700000000000E+002    9.9665910000000E+006    2.5320000000000E+003    2.6863000000000E+004    3.1670000000000E+003    3.2562000000000E+004
     214    9.9700000000000E+002    9.9663860000000E+006    2.5400000000000E+003    2.6899000000000E+004    3.1780000000000E+003    3.2617000000000E+004
     215    8.8200000000000E+002    9.9662320000000E+006    2.5800000000000E+003    2.7106000000000E+004    3.2000000000000E+003    3.2886000000000E+004
     216    6.3400000000000E+002    9.9661650000000E+006    2.6420000000000E+003    2.7332000000000E+004    3.2270000000000E+003    3.3201000000000E+004
     217    4.8200000000000E+002    9.9661090000000E+006    2.6280000000000E+003    2.7546000000000E+004    3.2350000000000E+003    3.3409000000000E+004
     218    5.0800000000000E+002    9.9658780000000E+006    2.6520000000000E+003    2.7722000000000E+004    3.2400000000000E+003    3.3614000000000E+004
     219    6.0400000000000E+002    9.9656280000000E+006    2.6220000000000E+003    2.7881000000000E+004    3.2650000000000E+003    3.3768000000000E+004
     220    7.8100000000000E+002    9.9653840000000E+006    2.5850000000000E+003    2.7956000000000E+004    3.2940000000000E+003    3.3835000000000E+004
     221    9.5100000000000E+002    9.9651580000000E+006    2.5710000000000E+003    2.8006000000000E+004    3.3140000000000E+003    3.3891000000000E+004
     222    8.9900000000000E+002    9.9649790000000E+006    2.5110000000000E+003    2.8277000000000E+004    3.3340000000000E+003    3.4122000000000E+004
     223    7.1300000000000E+002    9.9649150000000E+006    2.4780000000000E+003    2.8543000000000E+004    3.3510000000000E+003    3.4372000000000E+004
     224    5.1400000000000E+002    9.9648700000000E+006    2.5340000000000E+003    2.8725000000000E+004    3.3570000000000E+003    3.4616000000000E+004
     225    4.3500000000000E+002    9.9647230000000E+006    2.5790000000000E+003    2.8900000000000E+004    3.3630000000000E+003    3.4842000000000E+004
     226    4.5300000000000E+002    9.9645260000000E+006    2.5430000000000E+003    2.9086000000000E+004    3.3920000000000E+003    3.5021000000000E+004
     227    6.2700000000000E+002    9.9642880000000E+006    2.5230000000000E+003    2.9139000000000E+004    3.4230000000000E+003    3.5085000000000E+004
     228    8.0800000000000E+002    9.9640620000000E+006    2.5130000000000E+003    2.9159000000000E+004    3.4580000000000E+003    3.5130000000000E+004
     229    8.0200000000000E+002    9.9639210000000E+006    2.3910000000000E+003    2.9401000000000E+004    3.4850000000000E+003    3.5277000000000E+004
     230    6.8100000000000E+002    9.9638450000000E+006    2.2730000000000E+003    2.9700000000000E+004    3.5010000000000E+003    3.5474000000000E+004
     231    5.1500000000000E+002    9.9637730000000E+006    2.3030000000000E+003    2.9904000000000E+004    3.5050000000000E+003    3.5712000000000E+004
     232    5.2600000000000E+002    9.9635360000000E+006    2.3240000000000E+003    3.0104000000000E+004    3.5100000000000E+003    3.5938000000000E+004
     233    6.2400000000000E+002    9.9632970000000E+006    2.3110000000000E+003    3.0247000000000E+004    3.5210000000000E+003    3.6079000000000E+004
     234    7.4300000000000E+002    9.9631020000000E+006    2.3200000000000E+003    3.0293000000000E+004    3.5420000000000E+003    3.6155000000000E+004
     235    8.9000000000000E+002    9.9628830000000E+006    2.3360000000000E+003    3.0330000000000E+004    3.5610000000000E+003    3.6227000000000E+004
     236    8.3300000000000E+002    9.9627030000000E+006    2.3420000000000E+003    3.0540000000000E+004    3.5820000000000E+003    3.6464000000000E+004
     237    6.7000000000000E+002    9.9626270000000E+006    2.3310000000000E+003    3.0770000000000E+004    3.6020000000000E+003    3.6703000000000E+004
     238    5.3800000000000E+002    9.9625640000000E+006    2.2820000000000E+003    3.1009000000000E+004    3.6070000000000E+003    3.6898000000000E+004
     239    4.2300000000000E+002    9.9624600000000E+006    2.2750000000000E+003    3.1225000000000E+004    3.6170000000000E+003    3.7117000000000E+004
     240    4.9100000000000E+002    9.9622120000000E+006    2.2760000000000E+003    3.1384000000000E+004    3.6370000000000E+003    3.7297000000000E+004
     241    6.4900000000000E+002    9.9619780000000E+006    2.2880000000000E+003    3.1423000000000E+004    3.6620000000000E+003    3.7373000000000E+004
     242    7.9500000000000E+002    9.9617690000000E+006    2.3060000000000E+003    3.1449000000000E+004    3.6810000000000E+003    3.7436000000000E+004
     243    8.4000000000000E+002    9.9616200000000E+006    2.2630000000000E+003    3.1576000000000E+004    3.7010000000000E+003    3.7540000000000E+004
     244    6.6900000000000E+002    9.9615430000000E+006    2.3140000000000E+003    3.1750000000000E+004    3.7240000000000E+003    3.7788000000000E+004
     245    5.2100000000000E+002    9.9614570000000E+006    2.3100000000000E+003    3.1979000000000E+004    3.7330000000000E+003    3.8022000000000E+004
     246    5.0000000000000E+002    9.9612690000000E+006    2.2930000000000E+003    3.2200000000000E+004    3.7380000000000E+003    3.8231000000000E+004
     247    6.1100000000000E+002    9.9610090000000E+006    2.3010000000000E+003    3.2329000000000E+004    3.7500000000000E+003    3.8380000000000E+004
     248    7.5100000000000E+002    9.9607920000000E+006    2.3020000000000E+003    3.2378000000000E+004    3.7770000000000E+003    3.8457000000000E+004
     249    9.0700000000000E+002    9.9605500000000E+006    2.3160000000000E+003    3.2422000000000E+004    3.8050000000000E+003    3.8543000000000E+004
     250    9.2500000000000E+002    9.9603440000000E+006    2.2670000000000E+003    3.2642000000000E+004    3.8220000000000E+003    3.8731000000000E+004
     251    7.8400000000000E+002    9.9602250000000E+006    2.2880000000000E+003    3.2863000000000E+004    3.8400000000000E+003    3.8991000000000E+004
     252    6.4100000000000E+002    9.9601510000000E+006    2.3100000000000E+003    3.3048000000000E+004    3.8500000000000E+003    3.9208000000000E+004
     253    6.5800000000000E+002    9.9598920000000E+006    2.3330000000000E+003    3.3263000000000E+004    3.8540000000000E+003    3.9450000000000E+004
     254    7.4200000000000E+002    9.9596020000000E+006    2.3590000000000E+003    3.3429000000000E+004    3.8680000000000E+003    3.9656000000000E+004
     255    9.1600000000000E+002    9.9593090000000E+006    2.4020000000000E+003    3.3472000000000E+004    3.9010000000000E+003    3.9775000000000E+004
     256    1.0500000000000E+003    9.9591010000000E+006    2.4130000000000E+003    3.3514000000000E+004    3.9220000000000E+003    3.9849000000000E+004
     257    1.0480000000000E+003    9.9588440000000E+006    2.5680000000000E+003    3.3594000000000E+004    3.9460000000000E+003    4.0108000000000E+004
     258    8.2700000000000E+002    9.9587750000000E+006    2.6100000000000E+003    3.3825000000000E+004    3.9630000000000E+003    4.0398000000000E+004
     259    5.9900000000000E+002    9.9587100000000E+006    2.6690000000000E+003    3.4048000000000E+004    3.9740000000000E+003    4.0691000000000E+004
     260    6.8000000000000E+002    9.9584210000000E+006    2.6680000000000E+003    3.4249000000000E+004    3.9820000000000E+003    4.0899000000000E+004
     261    6.6800000000000E+002    9.9581760000000E+006    2.7760000000000E+003    3.4381000000000E+004    3.9990000000000E+003    4.1156000000000E+004
     262    8.4700000000000E+002    9.9579280000000E+006    2.7680000000000E+003    3.4433000000000E+004    4.0240000000000E+003    4.1225000000000E+004
     263    1.0370000000000E+003    9.9576730000000E+006    2.7470000000000E+003    3.4495000000000E+004    4.0480000000000E+003    4.1290000000000E+004
     264    1.0250000000000E+003    9.9573960000000E+006    2.8480000000000E+003    3.4663000000000E+004    4.0680000000000E+003    4.1579000000000E+004
     265    8.9300000000000E+002    9.9572830000000E+006    2.8330000000000E+003    3.4898000000000E+004    4.0930000000000E+003    4.1824000000000E+004
     266    7.3500000000000E+002    9.9571930000000E+006    2.8640000000000E+003    3.5110000000000E+004    4.0980000000000E+003    4.2072000000000E+004
     267    8.5200000000000E+002    9.9568210000000E+006    2.8770000000000E+003    3.5346000000000E+004    4.1040000000000E+003    4.2327000000000E+004
     268    9.1600000000000E+002    9.9564800000000E+006    2.9480000000000E+003    3.5529000000000E+004    4.1270000000000E+003    4.2604000000000E+004
     269    1.0850000000000E+003    9.9561980000000E+006    2.9420000000000E+003    3.5617000000000E+004    4.1580000000000E+003    4.2717000000000E+004
     270    1.3100000000000E+003    9.9558830000000E+006    2.9580000000000E+003    3.5672000000000E+004    4.1770000000000E+003    4.2807000000000E+004
     271    1.2310000000000E+003    9.9555900000000E+006    3.0710000000000E+003    3.5904000000000E+004    4.2040000000000E+003    4.3179000000000E+004
     272    1.0110000000000E+003    9.9554690000000E+006    3.1220000000000E+003    3.6165000000000E+004    4.2330000000000E+003    4.3520000000000E+004
     273    8.1500000000000E+002    9.9553830000000E+006    3.1110000000000E+003    3.6445000000000E+004    4.2460000000000E+003    4.3802000000000E+004
     274    9.2300000000000E+002    9.9549600000000E+006    3.2180000000000E+003    3.6643000000000E+004    4.2560000000000E+003    4.4117000000000E+004
     275    9.9600000000000E+002    9.9545940000000E+006    3.2540000000000E+003    3.6866000000000E+004    4.2900000000000E+003    4.4410000000000E+004
     276    1.1620000000000E+003    9.9543070000000E+006    3.3060000000000E+003    3.6895000000000E+004    4.3300000000000E+003    4.4531000000000E+004
     277    1.3150000000000E+003    9.9540680000000E+006    3.3270000000000E+003    3.6919000000000E+004    4.3710000000000E+003    4.4617000000000E+004
     278    1.0190000000000E+003    9.9539410000000E+006    3.4610000000000E+003    3.7171000000000E+004    4.4080000000000E+003    4.5040000000000E+004
     279    7.8800000000000E+002    9.9538060000000E+006    3.5820000000000E+003    3.7384000000000E+004    4.4400000000000E+003    4.5406000000000E+004
     280    6.4800000000000E+002    9.9536590000000E+006    3.6210000000000E+003    3.7627000000000E+004    4.4450000000000E+003    4.5693000000000E+004
     281    9.0500000000000E+002    9.9531630000000E+006    3.6050000000000E+003    3.7876000000000E+004    4.4510000000000E+003    4.5932000000000E+004
     282    1.2340000000000E+003    9.9527070000000E+006    3.4550000000000E+003    3.8111000000000E+004    4.4930000000000E+003    4.6059000000000E+004
     283    1.5380000000000E+003    9.9522680000000E+006    3.4770000000000E+003    3.8192000000000E+004    4.5250000000000E+003    4.6194000000000E+004
     284    1.7730000000000E+003    9.9518860000000E+006    3.5340000000000E+003    3.8250000000000E+004    4.5570000000000E+003    4.6341000000000E+004
     285    1.4200000000000E+003    9.9517430000000E+006    3.6580000000000E+003    3.8597000000000E+004    4.5820000000000E+003    4.6837000000000E+004
     286    1.1720000000000E+003    9.9515350000000E+006    3.7730000000000E+003    3.8921000000000E+004    4.5990000000000E+003    4.7293000000000E+004
     287    9.2200000000000E+002    9.9513460000000E+006    3.9300000000000E+003    3.9193000000000E+004    4.6090000000000E+003    4.7732000000000E+004
     288    1.0770000000000E+003    9.9508090000000E+006    3.9970000000000E+003    3.9495000000000E+004    4.6220000000000E+003    4.8114000000000E+004
     289    1.5160000000000E+003    9.9502270000000E+006    3.8470000000000E+003    3.9727000000000E+004    4.6830000000000E+003    4.8257000000000E+004
     290    1.8750000000000E+003    9.9496600000000E+006    3.9340000000000E+003    3.9798000000000E+004    4.7330000000000E+003    4.8465000000000E+004
     291    2.1530000000000E+003    9.9491930000000E+006    4.0370000000000E+003    3.9849000000000E+004    4.7680000000000E+003    4.8654000000000E+004
     292    2.0910000000000E+003    9.9487180000000E+006    4.1510000000000E+003    4.0228000000000E+004    4.8120000000000E+003    4.9191000000000E+004
     293    1.6620000000000E+003    9.9485650000000E+006    4.3670000000000E+003    4.0582000000000E+004    4.8240000000000E+003    4.9773000000000E+004
     294    1.2370000000000E+003    9.9484230000000E+006    4.6470000000000E+003    4.0847000000000E+004    4.8460000000000E+003    5.0340000000000E+004
     295    1.2870000000000E+003    9.9479060000000E+006    4.8750000000000E+003    4.1072000000000E+004    4.8600000000000E+003    5.0807000000000E+004
     296    1.4590000000000E+003    9.9472590000000E+006    5.2230000000000E+003    4.1144000000000E+004    4.9150000000000E+003    5.1282000000000E+004
     297    1.8670000000000E+003    9.9466980000000E+006    5.2410000000000E+003    4.1229000000000E+004    4.9650000000000E+003    5.1435000000000E+004
     298    2.1400000000000E+003    9.9462830000000E+006    5.2360000000000E+003    4.1320000000000E+004    5.0210000000000E+003    5.1577000000000E+004
     299    1.9710000000000E+003    9.9459350000000E+006    5.2570000000000E+003    4.1769000000000E+004    5.0680000000000E+003    5.2094000000000E+004
     300    1.5140000000000E+003    9.9457450000000E+006    5.4480000000000E+003    4.2170000000000E+004    5.1230000000000E+003    5.2741000000000E+004
     301    1.1760000000000E+003    9.9455220000000E+006    5.5700000000000E+003    4.2593000000000E+004    5.1390000000000E+003    5.3302000000000E+004
     302    1.2880000000000E+003    9.9449950000000E+006    5.6030000000000E+003    4.2955000000000E+004    5.1590000000000E+003    5.3717000000000E+004
     303    1.4550000000000E+003    9.9444800000000E+006    5.8080000000000E+003    4.3047000000000E+004    5.2100000000000E+003    5.4065000000000E+004
     304    1.7400000000000E+003    9.9440050000000E+006    5.7900000000000E+003    4.3196000000000E+004    5.2690000000000E+003    5.4255000000000E+004
     305    1.9390000000000E+003    9.9435830000000E+006    5.8240000000000E+003    4.3320000000000E+004    5.3340000000000E+003    5.4478000000000E+004
     306    1.8390000000000E+003    9.9431560000000E+006    5.8140000000000E+003    4.3813000000000E+004    5.3780000000000E+003    5.5005000000000E+004
     307    1.5160000000000E+003    9.9429640000000E+006    5.7470000000000E+003    4.4359000000000E+004    5.4140000000000E+003    5.5520000000000E+004
     308    1.2030000000000E+003    9.9428020000000E+006    5.6550000000000E+003    4.4906000000000E+004    5.4340000000000E+003    5.5995000000000E+004
     309    1.3100000000000E+003    9.9422730000000E+006    5.6100000000000E+003    4.5350000000000E+004    5.4570000000000E+003    5.6417000000000E+004
     310    1.3820000000000E+003    9.9417740000000E+006    5.5620000000000E+003    4.5771000000000E+004    5.5110000000000E+003    5.6844000000000E+004
     311    1.5300000000000E+003    9.9414340000000E+006    5.6010000000000E+003    4.5872000000000E+004    5.5630000000000E+003    5.7036000000000E+004
     312    1.7030000000000E+003    9.9410990000000E+006    5.6210000000000E+003    4.5970000000000E+004    5.6070000000000E+003    5.7198000000000E+004
     313    1.4450000000000E+003    9.9408280000000E+006    5.6330000000000E+003    4.6444000000000E+004    5.6500000000000E+003    5.7727000000000E+004
     314    1.0670000000000E+003    9.9407070000000E+006    5.4850000000000E+003    4.7057000000000E+004    5.6840000000000E+003    5.8226000000000E+004
     315    8.5900000000000E+002    9.9405750000000E+006    5.2640000000000E+003    4.7601000000000E+004    5.7010000000000E+003    5.8566000000000E+004
     316    6.9500000000000E+002    9.9404040000000E+006    5.1840000000000E+003    4.8003000000000E+004    5.7140000000000E+003    5.8901000000000E+004
     317    7.6600000000000E+002    9.9400620000000E+006    5.1070000000000E+003    4.8286000000000E+004    5.7790000000000E+003    5.9172000000000E+004
     318    9.4300000000000E+002    9.9397640000000E+006    5.0380000000000E+003    4.8426000000000E+004    5.8290000000000E+003    5.9293000000000E+004
     319    1.0240000000000E+003    9.9395510000000E+006    4.9470000000000E+003    4.8619000000000E+004    5.8590000000000E+003    5.9425000000000E+004
     320    1.0470000000000E+003    9.9393570000000E+006    4.5910000000000E+003    4.9106000000000E+004    5.8990000000000E+003    5.9596000000000E+004
     321    8.2400000000000E+002    9.9392380000000E+006    4.4180000000000E+003    4.9589000000000E+004    5.9310000000000E+003    5.9938000000000E+004
     322    5.8600000000000E+002    9.9391780000000E+006    4.2410000000000E+003    5.0049000000000E+004    5.9460000000000E+003    6.0236000000000E+004
     323    5.8500000000000E+002    9.9389660000000E+006    4.0320000000000E+003    5.0455000000000E+004    5.9620000000000E+003    6.0449000000000E+004
     324    6.0300000000000E+002    9.9387540000000E+006    3.7990000000000E+003    5.0864000000000E+004    5.9800000000000E+003    6.0643000000000E+004
     325    6.1000000000000E+002    9.9386280000000E+006    3.7260000000000E+003    5.1030000000000E+004    6.0060000000000E+003    6.0762000000000E+004
     326    6.9000000000000E+002    9.9384880000000E+006    3.6240000000000E+003    5.1162000000000E+004    6.0360000000000E+003    6.0822000000000E+004
     327    6.1300000000000E+002    9.9383530000000E+006    3.3070000000000E+003    5.1669000000000E+004    6.0580000000000E+003    6.1034000000000E+004
     328    4.8700000000000E+002    9.9382670000000E+006    3.0200000000000E+003    5.2146000000000E+004    6.0800000000000E+003    6.1246000000000E+004
     329    4.2100000000000E+002    9.9382070000000E+006    2.8060000000000E+003    5.2473000000000E+004    6.0930000000000E+003    6.1372000000000E+004
     330    4.3300000000000E+002    9.9380550000000E+006    2.6110000000000E+003    5.2797000000000E+004    6.1040000000000E+003    6.1512000000000E+004
     331    4.5500000000000E+002    9.9378980000000E+006    2.4750000000000E+003    5.3051000000000E+004    6.1210000000000E+003    6.1647000000000E+004
     332    4.9000000000000E+002    9.9377770000000E+006    2.4400000000000E+003    5.3154000000000E+004    6.1390000000000E+003    6.1733000000000E+004
     333    5.6300000000000E+002    9.9376440000000E+006    2.3680000000000E+003    5.3278000000000E+004    6.1470000000000E+003    6.1793000000000E+004
     334    4.9600000000000E+002    9.9375590000000E+006    2.3490000000000E+003    5.3433000000000E+004    6.1630000000000E+003    6.1945000000000E+004
     335    4.2100000000000E+002    9.9374770000000E+006    2.1640000000000E+003    5.3758000000000E+004    6.1800000000000E+003    6.2102000000000E+004
     336    3.5200000000000E+002    9.9374250000000E+006    1.9870000000000E+003    5.4045000000000E+004    6.1910000000000E+003    6.2223000000000E+004
     337    3.8200000000000E+002    9.9372620000000E+006    1.9070000000000E+003    5.4253000000000E+004    6.1960000000000E+003    6.2356000000000E+004
     338    4.2700000000000E+002    9.9371320000000E+006    1.7980000000000E+003    5.4434000000000E+004    6.2090000000000E+003    6.2441000000000E+004
     339    4.5600000000000E+002    9.9370210000000E+006    1.7610000000000E+003    5.4531000000000E+004    6.2310000000000E+003    6.2523000000000E+004
     340    5.1900000000000E+002    9.9369060000000E+006    1.7530000000000E+003    5.4580000000000E+004    6.2420000000000E+003    6.2575000000000E+004
     341    5.1200000000000E+002    9.9367500000000E+006    1.7040000000000E+003    5.4780000000000E+004    6.2540000000000E+003    6.2738000000000E+004
     342    4.6100000000000E+002    9.9366710000000E+006    1.6220000000000E+003    5.4985000000000E+004    6.2610000000000E+003    6.2868000000000E+004
     343    4.1600000000000E+002    9.9366050000000E+006    1.6070000000000E+003    5.5098000000000E+004    6.2740000000000E+003    6.2979000000000E+004
     344    4.2800000000000E+002    9.9364780000000E+006    1.5820000000000E+003    5.5232000000000E+004    6.2800000000000E+003    6.3094000000000E+004
     345    4.2600000000000E+002    9.9363240000000E+006    1.6030000000000E+003    5.5355000000000E+004    6.2920000000000E+003    6.3250000000000E+004
     346    4.5600000000000E+002    9.9362150000000E+006    1.5960000000000E+003    5.5431000000000E+004    6.3020000000000E+003    6.3329000000000E+004
     347    4.9900000000000E+002    9.9361060000000E+006    1.6020000000000E+003    5.5478000000000E+004    6.3150000000000E+003    6.3395000000000E+004
     348    4.8500000000000E+002    9.9359930000000E+006    1.5770000000000E+003    5.5622000000000E+004    6.3230000000000E+003    6.3522000000000E+004
     349    3.7700000000000E+002    9.9359470000000E+006    1.5740000000000E+003    5.5764000000000E+004    6.3380000000000E+003    6.3676000000000E+004
     350    3.0700000000000E+002    9.9359080000000E+006    1.5620000000000E+003    5.5881000000000E+004    6.3420000000000E+003    6.3785000000000E+004
     351    3.3200000000000E+002    9.9357740000000E+006    1.5380000000000E+003    5.6003000000000E+004    6.3530000000000E+003    6.3894000000000E+004
     352    3.2100000000000E+002    9.9356720000000E+006    1.5660000000000E+003    5.6079000000000E+004    6.3620000000000E+003    6.4007000000000E+004
     353    3.6700000000000E+002    9.9355800000000E+006    1.5300000000000E+003    5.6142000000000E+004    6.3810000000000E+003    6.4053000000000E+004
     354    4.0200000000000E+002    9.9355060000000E+006    1.5170000000000E+003    5.6184000000000E+004    6.3910000000000E+003    6.4092000000000E+004
     355    3.8200000000000E+002    9.9353920000000E+006    1.4880000000000E+003    5.6337000000000E+004    6.4010000000000E+003    6.4226000000000E+004
     356    3.1700000000000E+002    9.9353550000000E+006    1.4600000000000E+003    5.6450000000000E+004    6.4180000000000E+003    6.4328000000000E+004
     357    2.6200000000000E+002    9.9353180000000E+006    1.4410000000000E+003    5.6555000000000E+004    6.4240000000000E+003    6.4420000000000E+004
     358    2.5800000000000E+002    9.9352480000000E+006    1.4000000000000E+003    5.6667000000000E+004    6.4270000000000E+003    6.4494000000000E+004
     359    2.6800000000000E+002    9.9351240000000E+006    1.3580000000000E+003    5.6809000000000E+004    6.4410000000000E+003    6.4608000000000E+004
     360    3.4200000000000E+002    9.9350130000000E+006    1.3160000000000E+003    5.6880000000000E+004    6.4490000000000E+003    6.4645000000000E+004
     361    4.3100000000000E+002    9.9348870000000E+006    1.2870000000000E+003    5.6939000000000E+004    6.4560000000000E+003    6.4682000000000E+004
     362    4.5900000000000E+002    9.9347890000000E+006    1.2300000000000E+003    5.7062000000000E+004    6.4600000000000E+003    6.4752000000000E+004
     363    3.6600000000000E+002    9.9347580000000E+006    1.2000000000000E+003    5.7204000000000E+004    6.4720000000000E+003    6.4876000000000E+004
     364    2.9600000000000E+002    9.9347170000000E+006    1.2020000000000E+003    5.7307000000000E+004    6.4780000000000E+003    6.4987000000000E+004
     365    2.7900000000000E+002    9.9346080000000E+006    1.2190000000000E+003    5.7410000000000E+004    6.4840000000000E+003    6.5113000000000E+004
     366    2.8600000000000E+002    9.9345030000000E+006    1.2040000000000E+003    5.7516000000000E+004    6.4910000000000E+003    6.5211000000000E+004
     367    3.7500000000000E+002    9.9343830000000E+006    1.1890000000000E+003    5.7550000000000E+004    6.5030000000000E+003    6.5242000000000E+004
     368    4.2500000000000E+002    9.9342920000000E+006    1.1910000000000E+003    5.7574000000000E+004    6.5180000000000E+003    6.5283000000000E+004
     369    3.9100000000000E+002    9.9342170000000E+006    1.1660000000000E+003    5.7697000000000E+004    6.5290000000000E+003    6.5392000000000E+004
     370    3.4600000000000E+002    9.9341570000000E+006    1.1690000000000E+003    5.7793000000000E+004    6.5350000000000E+003    6.5497000000000E+004
     371    2.5500000000000E+002    9.9341280000000E+006    1.1970000000000E+003    5.7882000000000E+004    6.5380000000000E+003    6.5617000000000E+004
     372    2.7100000000000E+002    9.9340210000000E+006    1.2140000000000E+003    5.7949000000000E+004    6.5450000000000E+003    6.5708000000000E+004
     373    3.1000000000000E+002    9.9339070000000E+006    1.1750000000000E+003    5.8048000000000E+004    6.5600000000000E+003    6.5783000000000E+004
     374    3.7400000000000E+002    9.9337830000000E+006    1.1980000000000E+003    5.8074000000000E+004    6.5710000000000E+003    6.5843000000000E+004
     375    3.8100000000000E+002    9.9337470000000E+006    1.1900000000000E+003    5.8095000000000E+004    6.5870000000000E+003    6.5872000000000E+004
     376    3.2600000000000E+002    9.9336950000000E+006    1.2270000000000E+003    5.8157000000000E+004    6.5950000000000E+003    6.5979000000000E+004
     377    2.4600000000000E+002    9.9336610000000E+006    1.2170000000000E+003    5.8274000000000E+004    6.6020000000000E+003    6.6093000000000E+004
     378    1.6100000000000E+002    9.9336220000000E+006    1.2300000000000E+003    5.8380000000000E+004    6.6070000000000E+003    6.6217000000000E+004
     379    2.8300000000000E+002    9.9334640000000E+006    1.1400000000000E+003    5.8503000000000E+004    6.6100000000000E+003    6.6253000000000E+004
     380    3.4600000000000E+002    9.9333490000000E+006    1.0940000000000E+003    5.8594000000000E+004    6.6170000000000E+003    6.6305000000000E+004
     381    4.3200000000000E+002    9.9332290000000E+006    1.0970000000000E+003    5.8617000000000E+004    6.6250000000000E+003    6.6339000000000E+004
     382    4.9700000000000E+002    9.9331250000000E+006    1.0950000000000E+003    5.8642000000000E+004    6.6410000000000E+003    6.6378000000000E+004
     383    4.2100000000000E+002    9.9330430000000E+006    1.1440000000000E+003    5.8746000000000E+004    6.6460000000000E+003    6.6536000000000E+004
     384    3.6400000000000E+002    9.9329850000000E+006    1.1540000000000E+003    5.8845000000000E+004    6.6520000000000E+003    6.6651000000000E+004
     385    2.8900000000000E+002    9.9329400000000E+006    1.1540000000000E+003    5.8961000000000E+004    6.6560000000000E+003    6.6771000000000E+004
     386    3.0800000000000E+002    9.9328170000000E+006    1.1670000000000E+003    5.9050000000000E+004    6.6580000000000E+003    6.6875000000000E+004
     387    3.3300000000000E+002    9.9327100000000E+006    1.1740000000000E+003    5.9114000000000E+004    6.6690000000000E+003    6.6957000000000E+004
     388    3.5800000000000E+002    9.9326270000000E+006    1.1720000000000E+003    5.9161000000000E+004    6.6820000000000E+003    6.7015000000000E+004
     389    3.9600000000000E+002    9.9325440000000E+006    1.1880000000000E+003    5.9177000000000E+004    6.6950000000000E+003    6.7060000000000E+004
     390    3.3000000000000E+002    9.9324870000000E+006    1.2040000000000E+003    5.9279000000000E+004    6.7000000000000E+003    6.7183000000000E+004
     391    2.6100000000000E+002    9.9324490000000E+006    1.1970000000000E+003    5.9384000000000E+004    6.7090000000000E+003    6.7290000000000E+004
     392    2.2800000000000E+002    9.9323990000000E+006    1.1560000000000E+003    5.9500000000000E+004    6.7170000000000E+003    6.7373000000000E+004
     393    2.4200000000000E+002    9.9323020000000E+006    1.2030000000000E+003    5.9531000000000E+004    6.7220000000000E+003    6.7456000000000E+004
     394    2.8900000000000E+002    9.9321980000000E+006    1.2080000000000E+003    5.9574000000000E+004    6.7310000000000E+003    6.7513000000000E+004
     395    3.1200000000000E+002    9.9321370000000E+006    1.2120000000000E+003    5.9598000000000E+004    6.7410000000000E+003    6.7551000000000E+004
     396    3.3100000000000E+002    9.9320680000000E+006    1.2230000000000E+003    5.9625000000000E+004    6.7530000000000E+003    6.7601000000000E+004
     397    3.0000000000000E+002    9.9320020000000E+006    1.1620000000000E+003    5.9778000000000E+004    6.7580000000000E+003    6.7698000000000E+004
     398    2.2500000000000E+002    9.9319730000000E+006    1.1510000000000E+003    5.9885000000000E+004    6.7660000000000E+003    6.7802000000000E+004
     399    1.9000000000000E+002    9.9319470000000E+006    1.0920000000000E+003    6.0001000000000E+004    6.7700000000000E+003    6.7863000000000E+004
     400    2.1500000000000E+002    9.9318530000000E+006    1.0570000000000E+003    6.0100000000000E+004    6.7750000000000E+003    6.7932000000000E+004
     401    2.3600000000000E+002    9.9317660000000E+006    1.0410000000000E+003    6.0172000000000E+004    6.7850000000000E+003    6.7998000000000E+004
     402    2.8600000000000E+002    9.9316870000000E+006    1.0120000000000E+003    6.0215000000000E+004    6.8000000000000E+003    6.8027000000000E+004
     403    3.3900000000000E+002    9.9316080000000E+006    9.9300000000000E+002    6.0253000000000E+004    6.8070000000000E+003    6.8053000000000E+004
     404    3.0000000000000E+002    9.9315530000000E+006    9.6400000000000E+002    6.0372000000000E+004    6.8110000000000E+003    6.8147000000000E+004
     405    2.3300000000000E+002    9.9315330000000E+006    9.4400000000000E+002    6.0476000000000E+004    6.8140000000000E+003    6.8234000000000E+004
     406    1.8000000000000E+002    9.9315070000000E+006    9.4000000000000E+002    6.0557000000000E+004    6.8160000000000E+003    6.8313000000000E+004
     407    1.7500000000000E+002    9.9314330000000E+006    9.3600000000000E+002    6.0640000000000E+004    6.8160000000000E+003    6.8392000000000E+004
     408    1.9000000000000E+002    9.9313630000000E+006    9.3400000000000E+002    6.0692000000000E+004    6.8210000000000E+003    6.8447000000000E+004
     409    2.5100000000000E+002    9.9312820000000E+006    9.1600000000000E+002    6.0719000000000E+004    6.8320000000000E+003    6.8467000000000E+004
     410    2.8900000000000E+002    9.9312180000000E+006    8.9200000000000E+002    6.0758000000000E+004    6.8430000000000E+003    6.8493000000000E+004
     411    3.0000000000000E+002    9.9311330000000E+006    8.6900000000000E+002    6.0850000000000E+004    6.8480000000000E+003    6.8567000000000E+004
     412    2.6700000000000E+002    9.9310960000000E+006    8.3500000000000E+002    6.0950000000000E+004    6.8520000000000E+003    6.8637000000000E+004
     413    1.8900000000000E+002    9.9310930000000E+006    8.5500000000000E+002    6.1009000000000E+004    6.8540000000000E+003    6.8718000000000E+004
     414    1.7800000000000E+002    9.9310400000000E+006    8.5000000000000E+002    6.1076000000000E+004    6.8560000000000E+003    6.8782000000000E+004
     415    1.8800000000000E+002    9.9309450000000E+006    8.6900000000000E+002    6.1138000000000E+004    6.8600000000000E+003    6.8867000000000E+004
     416    1.9800000000000E+002    9.9308980000000E+006    8.7700000000000E+002    6.1161000000000E+004    6.8660000000000E+003    6.8904000000000E+004
     417    2.4100000000000E+002    9.9308520000000E+006    8.5400000000000E+002    6.1175000000000E+004    6.8780000000000E+003    6.8907000000000E+004
     418    2.4700000000000E+002    9.9307930000000E+006    8.1300000000000E+002    6.1261000000000E+004    6.8860000000000E+003    6.8960000000000E+004
     419    1.8000000000000E+002    9.9307650000000E+006    8.2100000000000E+002    6.1342000000000E+004    6.8920000000000E+003    6.9055000000000E+004
     420    1.5300000000000E+002    9.9307450000000E+006    7.8900000000000E+002    6.1417000000000E+004    6.8960000000000E+003    6.9102000000000E+004
     421    1.8500000000000E+002    9.9306670000000E+006    7.5600000000000E+002    6.1496000000000E+004    6.8960000000000E+003    6.9148000000000E+004
     422    1.7100000000000E+002    9.9306220000000E+006    7.6000000000000E+002    6.1549000000000E+004    6.8980000000000E+003    6.9207000000000E+004
     423    1.6900000000000E+002    9.9305960000000E+006    7.6800000000000E+002    6.1562000000000E+004    6.9050000000000E+003    6.9235000000000E+004
     424    1.8600000000000E+002    9.9305590000000E+006    7.6200000000000E+002    6.1583000000000E+004    6.9100000000000E+003    6.9255000000000E+004
     425    1.3300000000000E+002    9.9305340000000E+006    7.6600000000000E+002    6.1653000000000E+004    6.9140000000000E+003    6.9333000000000E+004
     426    9.6000000000000E+001    9.9305260000000E+006    7.4100000000000E+002    6.1719000000000E+004    6.9180000000000E+003    6.9378000000000E+004
     427    1.0400000000000E+002    9.9304920000000E+006    6.8600000000000E+002    6.1795000000000E+004    6.9230000000000E+003    6.9404000000000E+004
     428    1.1500000000000E+002    9.9304440000000E+006    6.5900000000000E+002    6.1856000000000E+004    6.9260000000000E+003    6.9441000000000E+004
     429    1.1800000000000E+002    9.9304160000000E+006    5.9900000000000E+002    6.1937000000000E+004    6.9300000000000E+003    6.9466000000000E+004
     430    1.4500000000000E+002    9.9303810000000E+006    5.7000000000000E+002    6.1969000000000E+004    6.9350000000000E+003    6.9474000000000E+004
     431    1.4600000000000E+002    9.9303460000000E+006    6.0100000000000E+002    6.1967000000000E+004    6.9400000000000E+003    6.9508000000000E+004
     432    1.3500000000000E+002    9.9303090000000E+006    5.9600000000000E+002    6.2016000000000E+004    6.9440000000000E+003    6.9556000000000E+004
     433    1.3300000000000E+002    9.9302830000000E+006    5.2900000000000E+002    6.2108000000000E+004    6.9470000000000E+003    6.9584000000000E+004
     434    1.1800000000000E+002    9.9302630000000E+006    5.1700000000000E+002    6.2155000000000E+004    6.9470000000000E+003    6.9619000000000E+004
     435    1.0800000000000E+002    9.9302380000000E+006    5.0600000000000E+002    6.2200000000000E+004    6.9480000000000E+003    6.9654000000000E+004
     436    1.0500000000000E+002    9.9302040000000E+006    4.8400000000000E+002    6.2256000000000E+004    6.9510000000000E+003    6.9691000000000E+004
     437    9.9000000000000E+001    9.9301840000000E+006    4.8200000000000E+002    6.2284000000000E+004    6.9510000000000E+003    6.9717000000000E+004
     438    1.0000000000000E+002    9.9301630000000E+006    4.8200000000000E+002    6.2301000000000E+004    6.9540000000000E+003    6.9737000000000E+004
     439    9.9000000000000E+001    9.9301390000000E+006    4.2900000000000E+002    6.2375000000000E+004    6.9580000000000E+003    6.9762000000000E+004
     440    7.1000000000000E+001    9.9301330000000E+006    4.1800000000000E+002    6.2417000000000E+004    6.9610000000000E+003    6.9796000000000E+004
     441    5.7000000000000E+001    9.9301270000000E+006    4.1200000000000E+002    6.2442000000000E+004    6.9620000000000E+003    6.9816000000000E+004
     442    5.7000000000000E+001    9.9301060000000E+006    3.9600000000000E+002    6.2475000000000E+004    6.9660000000000E+003    6.9837000000000E+004
     443    4.9000000000000E+001    9.9300900000000E+006    3.9500000000000E+002    6.2496000000000E+004    6.9700000000000E+003    6.9861000000000E+004
     444    6.2000000000000E+001    9.9300710000000E+006    3.9300000000000E+002    6.2501000000000E+004    6.9730000000000E+003    6.9867000000000E+004
     445    8.3000000000000E+001    9.9300440000000E+006    3.6500000000000E+002    6.2532000000000E+004    6.9760000000000E+003    6.9873000000000E+004
     446    9.9000000000000E+001    9.9300070000000E+006    3.3800000000000E+002    6.2580000000000E+004    6.9760000000000E+003    6.9894000000000E+004
     447    9.7000000000000E+001    9.9299930000000E+006    3.2600000000000E+002    6.2608000000000E+004    6.9760000000000E+003    6.9910000000000E+004
     448    7.9000000000000E+001    9.9299920000000E+006    3.1000000000000E+002    6.2642000000000E+004    6.9770000000000E+003    6.9929000000000E+004
     449    6.0000000000000E+001    9.9299840000000E+006    3.0200000000000E+002    6.2677000000000E+004    6.9770000000000E+003    6.9956000000000E+004
     450    3.3000000000000E+001    9.9299740000000E+006    3.0200000000000E+002    6.2712000000000E+004    6.9790000000000E+003    6.9993000000000E+004
     451    4.5000000000000E+001    9.9299480000000E+006    2.9000000000000E+002    6.2737000000000E+004    6.9800000000000E+003    7.0007000000000E+004
     452    7.2000000000000E+001    9.9299200000000E+006    2.7100000000000E+002    6.2756000000000E+004    6.9810000000000E+003    7.0008000000000E+004
     453    7.9000000000000E+001    9.9299050000000E+006    2.5400000000000E+002    6.2776000000000E+004    6.9860000000000E+003    7.0016000000000E+004
     454    7.9000000000000E+001    9.9298950000000E+006    2.3000000000000E+002    6.2807000000000E+004    6.9890000000000E+003    7.0026000000000E+004
     455    6.0000000000000E+001    9.9298880000000E+006    2.3600000000000E+002    6.2826000000000E+004    6.9900000000000E+003    7.0052000000000E+004
     456    7.3000000000000E+001    9.9298470000000E+006    2.4300000000000E+002    6.2847000000000E+004    6.9900000000000E+003    7.0080000000000E+004
     457    7.0000000000000E+001    9.9298350000000E+006    2.3400000000000E+002    6.2869000000000E+004    6.9920000000000E+003    7.0095000000000E+004
     458    9.2000000000000E+001    9.9298030000000E+006    2.3800000000000E+002    6.2874000000000E+004    6.9930000000000E+003    7.0105000000000E+004
     459    1.2700000000000E+002    9.9297610000000E+006    2.3900000000000E+002    6.2878000000000E+004    6.9950000000000E+003    7.0112000000000E+004
     460    1.1200000000000E+002    9.9297350000000E+006    2.5900000000000E+002    6.2896000000000E+004    6.9980000000000E+003    7.0153000000000E+004
     461    1.1000000000000E+002    9.9297250000000E+006    2.5500000000000E+002    6.2911000000000E+004    6.9990000000000E+003    7.0165000000000E+004
     462    9.3000000000000E+001    9.9297100000000E+006    2.6800000000000E+002    6.2930000000000E+004    6.9990000000000E+003    7.0197000000000E+004
     463    9.9000000000000E+001    9.9296620000000E+006    2.8300000000000E+002    6.2956000000000E+004    7.0000000000000E+003    7.0239000000000E+004
     464    1.2600000000000E+002    9.9296090000000E+006    2.7200000000000E+002    6.2989000000000E+004    7.0040000000000E+003    7.0265000000000E+004
     465    1.6000000000000E+002    9.9295650000000E+006    2.6800000000000E+002    6.3003000000000E+004    7.0040000000000E+003    7.0275000000000E+004
     466    1.9900000000000E+002    9.9295110000000E+006    2.8200000000000E+002    6.2999000000000E+004    7.0090000000000E+003    7.0290000000000E+004
     467    2.1100000000000E+002    9.9294510000000E+006    3.2200000000000E+002    6.3002000000000E+004    7.0140000000000E+003    7.0338000000000E+004
     468    1.9100000000000E+002    9.9294180000000E+006    3.6500000000000E+002    6.3007000000000E+004    7.0190000000000E+003    7.0391000000000E+004
     469    1.7000000000000E+002    9.9293950000000E+006    3.8300000000000E+002    6.3033000000000E+004    7.0190000000000E+003    7.0435000000000E+004
     470    1.9000000000000E+002    9.9293210000000E+006    4.0900000000000E+002    6.3059000000000E+004    7.0210000000000E+003    7.0489000000000E+004
     471    2.1200000000000E+002    9.9292390000000E+006    4.5400000000000E+002    6.3070000000000E+004    7.0250000000000E+003    7.0549000000000E+004
     472    2.5700000000000E+002    9.9291610000000E+006    4.7700000000000E+002    6.3075000000000E+004    7.0300000000000E+003    7.0582000000000E+004
     473    3.2700000000000E+002    9.9290680000000E+006    4.9300000000000E+002    6.3079000000000E+004    7.0330000000000E+003    7.0605000000000E+004
     474    3.2900000000000E+002    9.9289920000000E+006    5.2600000000000E+002    6.3114000000000E+004    7.0390000000000E+003    7.0679000000000E+004
     475    2.8900000000000E+002    9.9289500000000E+006    5.9600000000000E+002    6.3120000000000E+004    7.0450000000000E+003    7.0761000000000E+004
     476    2.7100000000000E+002    9.9288900000000E+006    6.4200000000000E+002    6.3149000000000E+004    7.0480000000000E+003    7.0839000000000E+004
     477    2.3700000000000E+002    9.9288310000000E+006    6.9300000000000E+002    6.3190000000000E+004    7.0490000000000E+003    7.0932000000000E+004
     478    2.4500000000000E+002    9.9287470000000E+006    7.4300000000000E+002    6.3213000000000E+004    7.0520000000000E+003    7.1008000000000E+004
     479    4.0700000000000E+002    9.9285430000000E+006    7.7500000000000E+002    6.3211000000000E+004    7.0640000000000E+003    7.1050000000000E+004
     480    4.3200000000000E+002    9.9284580000000E+006    8.2000000000000E+002    6.3220000000000E+004    7.0700000000000E+003    7.1110000000000E+004
     481    4.7100000000000E+002    9.9283600000000E+006    8.3100000000000E+002    6.3263000000000E+004    7.0750000000000E+003    7.1169000000000E+004
     482    4.6400000000000E+002    9.9282830000000E+006    8.6200000000000E+002    6.3305000000000E+004    7.0860000000000E+003    7.1253000000000E+004
     483    3.1400000000000E+002    9.9282290000000E+006    1.0220000000000E+003    6.3347000000000E+004    7.0880000000000E+003    7.1457000000000E+004
     484    4.4700000000000E+002    9.9280110000000E+006    1.0530000000000E+003    6.3397000000000E+004    7.0920000000000E+003    7.1542000000000E+004
     485    5.7800000000000E+002    9.9277820000000E+006    1.0910000000000E+003    6.3451000000000E+004    7.0980000000000E+003    7.1640000000000E+004
     486    6.8500000000000E+002    9.9275980000000E+006    1.1350000000000E+003    6.3471000000000E+004    7.1110000000000E+003    7.1717000000000E+004
     487    8.7100000000000E+002    9.9273580000000E+006    1.1660000000000E+003    6.3467000000000E+004    7.1380000000000E+003    7.1771000000000E+004
     488    8.7200000000000E+002    9.9271390000000E+006    1.3100000000000E+003    6.3534000000000E+004    7.1450000000000E+003    7.1989000000000E+004
     489    7.2200000000000E+002    9.9270600000000E+006    1.4570000000000E+003    6.3603000000000E+004    7.1580000000000E+003    7.2218000000000E+004
     490    6.4200000000000E+002    9.9269560000000E+006    1.5630000000000E+003    6.3671000000000E+004    7.1680000000000E+003    7.2402000000000E+004
     491    7.4100000000000E+002    9.9266170000000E+006    1.7100000000000E+003    6.3758000000000E+004    7.1740000000000E+003    7.2642000000000E+004
     492    7.9300000000000E+002    9.9263460000000E+006    1.8530000000000E+003    6.3810000000000E+004    7.1980000000000E+003    7.2861000000000E+004
     493    9.7500000000000E+002    9.9260850000000E+006    1.8900000000000E+003    6.3830000000000E+004    7.2200000000000E+003    7.2940000000000E+004
     494    1.1240000000000E+003    9.9258320000000E+006    1.9340000000000E+003    6.3856000000000E+004    7.2540000000000E+003    7.3044000000000E+004
     495    1.0410000000000E+003    9.9255760000000E+006    2.2140000000000E+003    6.3888000000000E+004    7.2810000000000E+003    7.3383000000000E+004
     496    9.0100000000000E+002    9.9254450000000E+006    2.4010000000000E+003    6.3952000000000E+004    7.3010000000000E+003    7.3654000000000E+004
     497    8.2300000000000E+002    9.9252620000000E+006    2.4580000000000E+003    6.4154000000000E+004    7.3030000000000E+003    7.3915000000000E+004
     498    9.1800000000000E+002    9.9249140000000E+006    2.6260000000000E+003    6.4226000000000E+004    7.3160000000000E+003    7.4168000000000E+004
     499    9.9700000000000E+002    9.9245790000000E+006    2.7840000000000E+003    6.4292000000000E+004    7.3480000000000E+003    7.4424000000000E+004
     500    1.3100000000000E+003    9.9241350000000E+006    2.8380000000000E+003    6.4340000000000E+004    7.3770000000000E+003    7.4555000000000E+004
     501    1.4850000000000E+003    9.9237770000000E+006    2.9670000000000E+003    6.4377000000000E+004    7.3940000000000E+003    7.4738000000000E+004
     502    1.4810000000000E+003    9.9234330000000E+006    3.0970000000000E+003    6.4572000000000E+004    7.4170000000000E+003    7.5086000000000E+004
     503    1.3000000000000E+003    9.9232790000000E+006    3.2030000000000E+003    6.4773000000000E+004    7.4450000000000E+003    7.5421000000000E+004
     504    1.0000000000000E+003    9.9231350000000E+006    3.4630000000000E+003    6.4942000000000E+004    7.4600000000000E+003    7.5865000000000E+004
     505    1.0800000000000E+003    9.9226970000000E+006    3.5810000000000E+003    6.5168000000000E+004    7.4740000000000E+003    7.6223000000000E+004
     506    1.1800000000000E+003    9.9222530000000E+006    3.7060000000000E+003    6.5357000000000E+004    7.5040000000000E+003    7.6567000000000E+004
     507    1.0260000000000E+003    9.9222530000000E+006    3.7810000000000E+003    6.5390000000000E+004    7.5500000000000E+003    7.6721000000000E+004
     508    8.8200000000000E+002    9.9222530000000E+006    3.8210000000000E+003    6.5453000000000E+004    7.5910000000000E+003    7.6865000000000E+004
     509    4.4400000000000E+002    9.9222530000000E+006    3.9200000000000E+003    6.5741000000000E+004    7.6420000000000E+003    7.7303000000000E+004
     510    0.0000000000000E+000    9.9222530000000E+006    4.0930000000000E+003    6.5983000000000E+004    7.6710000000000E+003    7.7747000000000E+004
     511    0.0000000000000E+000    9.9222530000000E+006    3.8320000000000E+003    6.6228000000000E+004    7.6870000000000E+003    7.7747000000000E+004
     512    0.0000000000000E+000    9.9222530000000E+006    3.5790000000000E+003    6.6468000000000E+004    7.7000000000000E+003    7.7747000000000E+004
     513    0.0000000000000E+000    9.9222530000000E+006    3.3230000000000E+003    6.6677000000000E+004    7.7470000000000E+003    7.7747000000000E+004
     514    0.0000000000000E+000    9.9222530000000E+006    3.1920000000000E+003    6.6768000000000E+004    7.7870000000000E+003    7.7747000000000E+004
     515    0.0000000000000E+000    9.9222530000000E+006    3.0090000000000E+003    6.6951000000000E+004    7.7870000000000E+003    7.7747000000000E+004
     516    0.0000000000000E+000    9.9222530000000E+006    2.6610000000000E+003    6.7299000000000E+004    7.7870000000000E+003    7.7747000000000E+004
     517    0.0000000000000E+000    9.9222530000000E+006    2.3260000000000E+003    6.7634000000000E+004    7.7870000000000E+003    7.7747000000000E+004
     518    0.0000000000000E+000    9.9222530000000E+006    1.8820000000000E+003    6.8078000000000E+004    7.7870000000000E+003    7.7747000000000E+004
     519    0.0000000000000E+000    9.9222530000000E+006    1.5240000000000E+003    6.8436000000000E+004    7.7870000000000E+003    7.7747000000000E+004
     520    0.0000000000000E+000    9.9222530000000E+006    1.1800000000000E+003    6.8780000000000E+004    7.7870000000000E+003    7.7747000000000E+004
     521    0.0000000000000E+000    9.9222530000000E+006    1.0260000000000E+003    6.8934000000000E+004    7.7870000000000E+003    7.7747000000000E+004
     522    0.0000000000000E+000    9.9222530000000E+006    8.8200000000000E+002    6.9078000000000E+004    7.7870000000000E+003    7.7747000000000E+004
     523    0.0000000000000E+000    9.9222530000000E+006    4.4400000000000E+002    6.9516000000000E+004    7.7870000000000E+003    7.7747000000000E+004
     524    0.0000000000000E+000    9.9222530000000E+006    0.0000000000000E+000    6.9960000000000E+004    7.7870000000000E+003    7.7747000000000E+004
     525    0.0000000000000E+000    9.9222530000000E+006    0.0000000000000E+000    6.9960000000000E+004    7.7870000000000E+003    7.7747000000000E+004
     526    0.0000000000000E+000    9.9222530000000E+006    0.0000000000000E+000    6.9960000000000E+004    7.7870000000000E+003    7.7747000000000E+004
     527    0.0000000000000E+000    9.9222530000000E+006    0.0000000000000E+000    6.9960000000000E+004    7.7870000000000E+003    7.7747000000000E+004
     528    0.0000000000000E+000    9.9222530000000E+006    0.0000000000000E+000    6.9960000000000E+004    7.7870000000000E+003    7.7747000000000E+004
     529    0.0000000000000E+000    9.9222530000000E+006    0.0000000000000E+000    6.9960000000000E+004    7.7870000000000E+003    7.7747000000000E+004
     530    0.0000000000000E+000    9.9222530000000E+006    0.0000000000000E+000    6.9960000000000E+004    7.7870000000000E+003    7.7747000000000E+004
     531    0.0000000000000E+000    9.9222530000000E+006    0.0000000000000E+000    6.9960000000000E+004    7.7870000000000E+003    7.7747000000000E+004
     532    0.0000000000000E+000    9.9222530000000E+006    0.0000000000000E+000    6.9960000000000E+004    7.7870000000000E+003    7.7747000000000E+004
     533    0.0000000000000E+000    9.9222530000000E+006    0.0000000000000E+000    6.9960000000000E+004    7.7870000000000E+003    7.7747000000000E+004
     534    0.0000000000000E+000    9.9222530000000E+006    0.0000000000000E+000    6.9960000000000E+004    7.7870000000000E+003    7.7747000000000E+004
     535    0.0000000000000E+000    9.9222530000000E+006    0.0000000000000E+000    6.9960000000000E+004    7.7870000000000E+003    7.7747000000000E+004
     536    0.0000000000000E+000    9.9222530000000E+006    0.0000000000000E+000    6.9960000000000E+004    7.7870000000000E+003    7.7747000000000E+004
     537    0.0000000000000E+000    9.9222530000000E+006    0.0000000000000E+000    6.9960000000000E+004    7.7870000000000E+003    7.7747000000000E+004
     538    0.0000000000000E+000    9.9222530000000E+006    0.0000000000000E+000    6.9960000000000E+004    7.7870000000000E+003    7.7747000000000E+004
     539    0.0000000000000E+000    9.9222530000000E+006    0.0000000000000E+000    6.9960000000000E+004    7.7870000000000E+003    7.7747000000000E+004
     540    0.0000000000000E+000    9.9222530000000E+006    0.0000000000000E+000    6.9960000000000E+004    7.7870000000000E+003    7.7747000000000E+004
