       1    1.0000000000000E+001    1.0000000000000E+001
       2    1.0000000000000E+001    1.0000000000000E+001
       3    1.0000000000000E+001    1.0000000000000E+001
       4    1.0000000000000E+001    1.0000000000000E+001
       5    1.0000000000000E+001    1.0000000000000E+001
       6    1.1000000000000E+001    1.3000000000000E+001
       7    1.4000000000000E+001    1.7000000000000E+001
       8    1.5000000000000E+001    1.9000000000000E+001
       9    1.7000000000000E+001    2.1000000000000E+001
      10    2.0000000000000E+001    2.4000000000000E+001
      11    2.2000000000000E+001    2.7000000000000E+001
      12    2.6000000000000E+001    3.3000000000000E+001
      13    3.0000000000000E+001    3.7000000000000E+001
      14    3.3000000000000E+001    4.2000000000000E+001
      15    3.8000000000000E+001    4.8000000000000E+001
      16    4.2000000000000E+001    5.3000000000000E+001
      17    4.7000000000000E+001    6.0000000000000E+001
      18    5.3000000000000E+001    6.8000000000000E+001
      19    6.0000000000000E+001    7.9000000000000E+001
      20    7.0000000000000E+001    9.4000000000000E+001
      21    8.3000000000000E+001    1.1000000000000E+002
      22    9.7000000000000E+001    1.2900000000000E+002
      23    1.1100000000000E+002    1.4550000000000E+002
      24    1.2600000000000E+002    1.6600000000000E+002
      25    1.4300000000000E+002    1.8800000000000E+002
      26    1.6300000000000E+002    2.1300000000000E+002
      27    1.8500000000000E+002    2.4500000000000E+002
      28    2.0900000000000E+002    2.8300000000000E+002
      29    2.4100000000000E+002    3.2100000000000E+002
      30    2.7700000000000E+002    3.7200000000000E+002
      31    3.1200000000000E+002    4.2300000000000E+002
      32    3.6200000000000E+002    4.8300000000000E+002
      33    4.1200000000000E+002    5.5600000000000E+002
      34    4.7000000000000E+002    6.3900000000000E+002
      35    5.4200000000000E+002    7.3500000000000E+002
      36    6.2000000000000E+002    8.3300000000000E+002
      37    7.1000000000000E+002    9.5400000000000E+002
      38    7.9900000000000E+002    1.0910000000000E+003
      39    9.0900000000000E+002    1.2290000000000E+003
      40    1.0310000000000E+003    1.3890000000000E+003
      41    1.1550000000000E+003    1.5620000000000E+003
      42    1.2970000000000E+003    1.7505000000000E+003
      43    1.4480000000000E+003    1.9620000000000E+003
      44    1.6130000000000E+003    2.1935000000000E+003
      45    1.8000000000000E+003    2.4390000000000E+003
      46    1.9985000000000E+003    2.6925000000000E+003
      47    2.2070000000000E+003    2.9635000000000E+003
      48    2.4220000000000E+003    3.2460000000000E+003
      49    2.6470000000000E+003    3.5640000000000E+003
      50    2.8745000000000E+003    4.0380000000000E+003
      51    3.1225000000000E+003    4.5060000000000E+003
      52    3.3910000000000E+003    4.9410000000000E+003
      53    3.6510000000000E+003    5.3380000000000E+003
      54    4.0685000000000E+003    5.8910000000000E+003
      55    4.2860000000000E+003    6.2035000000000E+003
      56    4.4765000000000E+003    6.4845000000000E+003
      57    4.8270000000000E+003    7.0075000000000E+003
      58    5.2475000000000E+003    7.5760000000000E+003
      59    5.6810000000000E+003    8.2255000000000E+003
      60    6.0815000000000E+003    8.8200000000000E+003
      61    6.3320000000000E+003    9.2075000000000E+003
      62    6.5755000000000E+003    9.5895000000000E+003
      63    6.8045000000000E+003    9.9285000000000E+003
      64    7.3280000000000E+003    1.0723000000000E+004
      65    7.7465000000000E+003    1.1360000000000E+004
      66    8.2445000000000E+003    1.2110000000000E+004
      67    8.7555000000000E+003    1.2854500000000E+004
      68    9.2985000000000E+003    1.3696000000000E+004
      69    9.6020000000000E+003    1.4128500000000E+004
      70    9.8720000000000E+003    1.4527500000000E+004
      71    1.0486500000000E+004    1.5397500000000E+004
      72    1.1073500000000E+004    1.6263000000000E+004
      73    1.1680500000000E+004    1.7164000000000E+004
      74    1.2240000000000E+004    1.8005000000000E+004
      75    1.2896500000000E+004    1.9000500000000E+004
      76    1.3309500000000E+004    1.9638000000000E+004
      77    1.3585000000000E+004    2.0025500000000E+004
      78    1.4352000000000E+004    2.1132500000000E+004
      79    1.5049000000000E+004    2.2157500000000E+004
      80    1.5758000000000E+004    2.3232000000000E+004
      81    1.6435500000000E+004    2.4224500000000E+004
      82    1.7093500000000E+004    2.5152500000000E+004
      83    1.7434000000000E+004    2.5651500000000E+004
      84    1.7698000000000E+004    2.6048500000000E+004
      85    1.8400500000000E+004    2.7123000000000E+004
      86    1.9033000000000E+004    2.8016000000000E+004
      87    1.9689500000000E+004    2.9011500000000E+004
      88    2.0259000000000E+004    2.9865000000000E+004
      89    2.0902500000000E+004    3.0816500000000E+004
      90    2.1275500000000E+004    3.1353000000000E+004
      91    2.1567500000000E+004    3.1777500000000E+004
      92    2.2262500000000E+004    3.2851500000000E+004
      93    2.2878000000000E+004    3.3773500000000E+004
      94    2.3555500000000E+004    3.4754000000000E+004
      95    2.4162500000000E+004    3.5654000000000E+004
      96    2.4793000000000E+004    3.6594500000000E+004
      97    2.5144000000000E+004    3.7125000000000E+004
      98    2.5414500000000E+004    3.7542000000000E+004
      99    2.6114000000000E+004    3.8575500000000E+004
     100    2.6787000000000E+004    3.9573500000000E+004
     101    2.7416000000000E+004    4.0511000000000E+004
     102    2.8004500000000E+004    4.1354000000000E+004
     103    2.8619500000000E+004    4.2271500000000E+004
     104    2.8877000000000E+004    4.2689500000000E+004
     105    2.9105000000000E+004    4.3044500000000E+004
     106    2.9716500000000E+004    4.3943000000000E+004
     107    3.0376000000000E+004    4.4909500000000E+004
     108    3.0992500000000E+004    4.5850000000000E+004
     109    3.1609000000000E+004    4.6767000000000E+004
     110    3.2189500000000E+004    4.7599000000000E+004
     111    3.2504000000000E+004    4.8061000000000E+004
     112    3.2696000000000E+004    4.8360500000000E+004
     113    3.3246500000000E+004    4.9262000000000E+004
     114    3.3838000000000E+004    5.0131500000000E+004
     115    3.4353000000000E+004    5.0933000000000E+004
     116    3.4911500000000E+004    5.1763500000000E+004
     117    3.5529000000000E+004    5.2656500000000E+004
     118    3.5801000000000E+004    5.3016500000000E+004
     119    3.6001500000000E+004    5.3352500000000E+004
     120    3.6628000000000E+004    5.4273500000000E+004
     121    3.7259000000000E+004    5.5205000000000E+004
     122    3.7922000000000E+004    5.6229000000000E+004
     123    3.8514500000000E+004    5.7072000000000E+004
     124    3.9141500000000E+004    5.7991000000000E+004
     125    3.9389000000000E+004    5.8363000000000E+004
     126    3.9559500000000E+004    5.8616500000000E+004
     127    4.0195000000000E+004    5.9593500000000E+004
     128    4.0815000000000E+004    6.0535000000000E+004
     129    4.1437500000000E+004    6.1446000000000E+004
     130    4.1922500000000E+004    6.2176000000000E+004
     131    4.2499000000000E+004    6.3055500000000E+004
     132    4.2753500000000E+004    6.3452500000000E+004
     133    4.2949000000000E+004    6.3706500000000E+004
     134    4.3670500000000E+004    6.4774000000000E+004
     135    4.4285500000000E+004    6.5671500000000E+004
     136    4.5085500000000E+004    6.6860000000000E+004
     137    4.5854000000000E+004    6.7969000000000E+004
     138    4.6639500000000E+004    6.9136000000000E+004
     139    4.7085500000000E+004    6.9792000000000E+004
     140    4.7257000000000E+004    7.0059500000000E+004
     141    4.8028000000000E+004    7.1189000000000E+004
     142    4.8803500000000E+004    7.2328500000000E+004
     143    4.9600000000000E+004    7.3507500000000E+004
     144    5.0340000000000E+004    7.4596500000000E+004
     145    5.1056000000000E+004    7.5644000000000E+004
     146    5.1423500000000E+004    7.6203500000000E+004
     147    5.1598000000000E+004    7.6446500000000E+004
     148    5.2307000000000E+004    7.7508500000000E+004
     149    5.3030500000000E+004    7.8567500000000E+004
     150    5.3758500000000E+004    7.9656500000000E+004
     151    5.4457000000000E+004    8.0662500000000E+004
     152    5.5068000000000E+004    8.1578500000000E+004
     153    5.5427500000000E+004    8.2147500000000E+004
     154    5.5617500000000E+004    8.2424000000000E+004
     155    5.6198000000000E+004    8.3249500000000E+004
     156    5.6873500000000E+004    8.4273500000000E+004
     157    5.7561000000000E+004    8.5244500000000E+004
     158    5.8171000000000E+004    8.6165500000000E+004
     159    5.8847000000000E+004    8.7155500000000E+004
     160    5.9155500000000E+004    8.7624000000000E+004
     161    5.9277000000000E+004    8.7810500000000E+004
     162    5.9886000000000E+004    8.8737000000000E+004
     163    6.0597500000000E+004    8.9718000000000E+004
     164    6.1287000000000E+004    9.0734000000000E+004
     165    6.1961500000000E+004    9.1697000000000E+004
     166    6.2634000000000E+004    9.2748500000000E+004
     167    6.2959000000000E+004    9.3228000000000E+004
     168    6.3083500000000E+004    9.3417000000000E+004
     169    6.3735000000000E+004    9.4413500000000E+004
     170    6.4521000000000E+004    9.5572500000000E+004
     171    6.5250000000000E+004    9.6692000000000E+004
     172    6.5902500000000E+004    9.7648500000000E+004
     173    6.6620500000000E+004    9.8704500000000E+004
     174    6.6959500000000E+004    9.9210000000000E+004
     175    6.7147500000000E+004    9.9490500000000E+004
     176    6.7882500000000E+004    1.0057400000000E+005
     177    6.8622500000000E+004    1.0160400000000E+005
     178    6.9556500000000E+004    1.0302400000000E+005
     179    7.0363000000000E+004    1.0428350000000E+005
     180    7.1214000000000E+004    1.0559100000000E+005
     181    7.1712500000000E+004    1.0630150000000E+005
     182    7.1888500000000E+004    1.0655650000000E+005
     183    7.2592500000000E+004    1.0760050000000E+005
     184    7.3550000000000E+004    1.0899100000000E+005
     185    7.4553500000000E+004    1.1043350000000E+005
     186    7.5470500000000E+004    1.1179100000000E+005
     187    7.6294500000000E+004    1.1300700000000E+005
     188    7.6745500000000E+004    1.1365000000000E+005
     189    7.6934000000000E+004    1.1391800000000E+005
     190    7.7571000000000E+004    1.1490600000000E+005
     191    7.8479500000000E+004    1.1625050000000E+005
     192    7.9359000000000E+004    1.1756350000000E+005
     193    8.0189500000000E+004    1.1874650000000E+005
     194    8.0997000000000E+004    1.1992350000000E+005
     195    8.1491000000000E+004    1.2064050000000E+005
     196    8.1645500000000E+004    1.2087150000000E+005
     197    8.2328500000000E+004    1.2184400000000E+005
     198    8.2875000000000E+004    1.2262000000000E+005
     199    8.3049000000000E+004    1.2284550000000E+005
     200    8.3919500000000E+004    1.2411500000000E+005
     201    8.4674000000000E+004    1.2525650000000E+005
     202    8.5116000000000E+004    1.2590550000000E+005
     203    8.5304000000000E+004    1.2616250000000E+005
     204    8.5964500000000E+004    1.2713000000000E+005
     205    8.6787000000000E+004    1.2835350000000E+005
     206    8.7617000000000E+004    1.2956100000000E+005
     207    8.8391500000000E+004    1.3071800000000E+005
     208    8.9189000000000E+004    1.3185400000000E+005
     209    8.9710000000000E+004    1.3261450000000E+005
     210    8.9934000000000E+004    1.3290850000000E+005
     211    9.0652000000000E+004    1.3402350000000E+005
     212    9.1480500000000E+004    1.3520400000000E+005
     213    9.2309500000000E+004    1.3639600000000E+005
     214    9.3067000000000E+004    1.3755200000000E+005
     215    9.3793000000000E+004    1.3858200000000E+005
     216    9.4165000000000E+004    1.3913450000000E+005
     217    9.4314000000000E+004    1.3935400000000E+005
     218    9.5001000000000E+004    1.4037450000000E+005
     219    9.5806000000000E+004    1.4153750000000E+005
     220    9.6645000000000E+004    1.4271950000000E+005
     221    9.7373000000000E+004    1.4390500000000E+005
     222    9.8186000000000E+004    1.4502500000000E+005
     223    9.8548500000000E+004    1.4556200000000E+005
     224    9.8747500000000E+004    1.4586400000000E+005
     225    9.9543000000000E+004    1.4707850000000E+005
     226    1.0045150000000E+005    1.4844800000000E+005
     227    1.0128800000000E+005    1.4965050000000E+005
     228    1.0216700000000E+005    1.5097700000000E+005
     229    1.0322150000000E+005    1.5241100000000E+005
     230    1.0366850000000E+005    1.5305750000000E+005
     231    1.0390300000000E+005    1.5339550000000E+005
     232    1.0510450000000E+005    1.5514900000000E+005
     233    1.0639550000000E+005    1.5698950000000E+005
     234    1.0755500000000E+005    1.5866850000000E+005
     235    1.0875600000000E+005    1.6039150000000E+005
     236    1.1001850000000E+005    1.6221650000000E+005
     237    1.1053600000000E+005    1.6297850000000E+005
     238    1.1072800000000E+005    1.6328450000000E+005
     239    1.1203600000000E+005    1.6518950000000E+005
     240    1.1323900000000E+005    1.6702650000000E+005
     241    1.1449900000000E+005    1.6889200000000E+005
     242    1.1561500000000E+005    1.7053700000000E+005
     243    1.1664250000000E+005    1.7199700000000E+005
     244    1.1710250000000E+005    1.7265400000000E+005
     245    1.1729500000000E+005    1.7296500000000E+005
     246    1.1773500000000E+005    1.7360250000000E+005
     247    1.1915200000000E+005    1.7566450000000E+005
     248    1.2043050000000E+005    1.7766000000000E+005
     249    1.2171050000000E+005    1.7958350000000E+005
     250    1.2290400000000E+005    1.8127650000000E+005
     251    1.2343850000000E+005    1.8211050000000E+005
     252    1.2367300000000E+005    1.8244100000000E+005
     253    1.2528750000000E+005    1.8473850000000E+005
     254    1.2682200000000E+005    1.8701500000000E+005
     255    1.2821000000000E+005    1.8908600000000E+005
     256    1.2955700000000E+005    1.9101650000000E+005
     257    1.3090000000000E+005    1.9299150000000E+005
     258    1.3147650000000E+005    1.9392100000000E+005
     259    1.3175100000000E+005    1.9431250000000E+005
     260    1.3205050000000E+005    1.9475000000000E+005
     261    1.3370850000000E+005    1.9720200000000E+005
     262    1.3514700000000E+005    1.9924050000000E+005
     263    1.3645200000000E+005    2.0115650000000E+005
     264    1.3784050000000E+005    2.0323400000000E+005
     265    1.3865100000000E+005    2.0440000000000E+005
     266    1.3894900000000E+005    2.0487000000000E+005
     267    1.4082200000000E+005    2.0766300000000E+005
     268    1.4272250000000E+005    2.1054250000000E+005
     269    1.4452050000000E+005    2.1318100000000E+005
     270    1.4633050000000E+005    2.1593050000000E+005
     271    1.4833950000000E+005    2.1893650000000E+005
     272    1.4939150000000E+005    2.2054800000000E+005
     273    1.4975000000000E+005    2.2113250000000E+005
     274    1.5220650000000E+005    2.2477600000000E+005
     275    1.5491550000000E+005    2.2873350000000E+005
     276    1.5777650000000E+005    2.3304200000000E+005
     277    1.6072800000000E+005    2.3733700000000E+005
     278    1.6371300000000E+005    2.4184550000000E+005
     279    1.6547150000000E+005    2.4462400000000E+005
     280    1.6596850000000E+005    2.4537550000000E+005
     281    1.6936300000000E+005    2.5057100000000E+005
     282    1.7268500000000E+005    2.5548050000000E+005
     283    1.7596450000000E+005    2.6041450000000E+005
     284    1.7948600000000E+005    2.6558400000000E+005
     285    1.8286600000000E+005    2.7054150000000E+005
     286    1.8474850000000E+005    2.7332650000000E+005
     287    1.8522750000000E+005    2.7400800000000E+005
     288    1.8869600000000E+005    2.7931500000000E+005
     289    1.9225100000000E+005    2.8457400000000E+005
     290    1.9567850000000E+005    2.8968300000000E+005
     291    1.9901300000000E+005    2.9482950000000E+005
     292    2.0266250000000E+005    3.0026200000000E+005
     293    2.0457900000000E+005    3.0311900000000E+005
     294    2.0514450000000E+005    3.0388800000000E+005
     295    2.0874550000000E+005    3.0930250000000E+005
     296    2.1225000000000E+005    3.1457450000000E+005
     297    2.1559800000000E+005    3.1958850000000E+005
     298    2.1861000000000E+005    3.2399000000000E+005
     299    2.1901550000000E+005    3.2458900000000E+005
     300    2.2024400000000E+005    3.2656100000000E+005
     301    2.2089050000000E+005    3.2759750000000E+005
     302    2.2489750000000E+005    3.3346800000000E+005
     303    2.2881700000000E+005    3.3952850000000E+005
     304    2.3245550000000E+005    3.4501450000000E+005
     305    2.3566900000000E+005    3.4987100000000E+005
     306    2.3614100000000E+005    3.5056450000000E+005
     307    2.3739450000000E+005    3.5241750000000E+005
     308    2.3812750000000E+005    3.5348700000000E+005
     309    2.4240850000000E+005    3.6009500000000E+005
     310    2.4674000000000E+005    3.6670800000000E+005
     311    2.5108300000000E+005    3.7327900000000E+005
     312    2.5567550000000E+005    3.7990000000000E+005
     313    2.6014000000000E+005    3.8651550000000E+005
     314    2.6266200000000E+005    3.9026800000000E+005
     315    2.6351400000000E+005    3.9151550000000E+005
     316    2.6828650000000E+005    3.9867150000000E+005
     317    2.7286950000000E+005    4.0549650000000E+005
     318    2.7722250000000E+005    4.1211700000000E+005
     319    2.8146350000000E+005    4.1866050000000E+005
     320    2.8559000000000E+005    4.2479000000000E+005
     321    2.8802800000000E+005    4.2847350000000E+005
     322    2.8872000000000E+005    4.2952100000000E+005
     323    2.9301450000000E+005    4.3600700000000E+005
     324    2.9712450000000E+005    4.4231900000000E+005
     325    3.0089100000000E+005    4.4800550000000E+005
     326    3.0458050000000E+005    4.5330800000000E+005
     327    3.0817350000000E+005    4.5875150000000E+005
     328    3.1017350000000E+005    4.6182600000000E+005
     329    3.1089800000000E+005    4.6289000000000E+005
     330    3.1467500000000E+005    4.6855400000000E+005
     331    3.1845950000000E+005    4.7428750000000E+005
     332    3.2170900000000E+005    4.7913950000000E+005
     333    3.2472250000000E+005    4.8360900000000E+005
     334    3.2746150000000E+005    4.8775950000000E+005
     335    3.2899950000000E+005    4.9008000000000E+005
     336    3.2950100000000E+005    4.9084650000000E+005
     337    3.3023050000000E+005    4.9197050000000E+005
     338    3.3317550000000E+005    4.9643550000000E+005
     339    3.3576750000000E+005    5.0019650000000E+005
     340    3.3815500000000E+005    5.0375200000000E+005
     341    3.4041350000000E+005    5.0719700000000E+005
     342    3.4169450000000E+005    5.0909400000000E+005
     343    3.4206150000000E+005    5.0963050000000E+005
     344    3.4464600000000E+005    5.1343500000000E+005
     345    3.4670300000000E+005    5.1643300000000E+005
     346    3.4861700000000E+005    5.1935650000000E+005
     347    3.5029250000000E+005    5.2198050000000E+005
     348    3.5213100000000E+005    5.2486150000000E+005
     349    3.5327150000000E+005    5.2657100000000E+005
     350    3.5361700000000E+005    5.2708800000000E+005
     351    3.5555000000000E+005    5.3002100000000E+005
     352    3.5742050000000E+005    5.3275500000000E+005
     353    3.5905050000000E+005    5.3518950000000E+005
     354    3.6061050000000E+005    5.3749100000000E+005
     355    3.6222250000000E+005    5.3987750000000E+005
     356    3.6311700000000E+005    5.4121600000000E+005
     357    3.6341950000000E+005    5.4169300000000E+005
     358    3.6544450000000E+005    5.4468200000000E+005
     359    3.6723550000000E+005    5.4736550000000E+005
     360    3.6887350000000E+005    5.4968850000000E+005
     361    3.7050250000000E+005    5.5200850000000E+005
     362    3.7219700000000E+005    5.5448950000000E+005
     363    3.7320500000000E+005    5.5597400000000E+005
     364    3.7356300000000E+005    5.5648950000000E+005
     365    3.7554950000000E+005    5.5937400000000E+005
     366    3.7728550000000E+005    5.6192150000000E+005
     367    3.7889100000000E+005    5.6433950000000E+005
     368    3.8034500000000E+005    5.6657150000000E+005
     369    3.8179500000000E+005    5.6872100000000E+005
     370    3.8264150000000E+005    5.6992350000000E+005
     371    3.8293350000000E+005    5.7037600000000E+005
     372    3.8455050000000E+005    5.7282250000000E+005
     373    3.8591750000000E+005    5.7481250000000E+005
     374    3.8704800000000E+005    5.7653150000000E+005
     375    3.8831250000000E+005    5.7837000000000E+005
     376    3.8956150000000E+005    5.8019650000000E+005
     377    3.9029150000000E+005    5.8122550000000E+005
     378    3.9059250000000E+005    5.8163850000000E+005
     379    3.9094300000000E+005    5.8216050000000E+005
     380    3.9254800000000E+005    5.8448950000000E+005
     381    3.9384500000000E+005    5.8642250000000E+005
     382    3.9507450000000E+005    5.8820150000000E+005
     383    3.9610650000000E+005    5.8976400000000E+005
     384    3.9673500000000E+005    5.9070450000000E+005
     385    3.9695300000000E+005    5.9104650000000E+005
     386    3.9823450000000E+005    5.9293900000000E+005
     387    3.9940550000000E+005    5.9472400000000E+005
     388    4.0036250000000E+005    5.9620850000000E+005
     389    4.0136450000000E+005    5.9772100000000E+005
     390    4.0226700000000E+005    5.9907550000000E+005
     391    4.0287850000000E+005    5.9992700000000E+005
     392    4.0308950000000E+005    6.0023950000000E+005
     393    4.0414300000000E+005    6.0192350000000E+005
     394    4.0518400000000E+005    6.0347900000000E+005
     395    4.0614050000000E+005    6.0490700000000E+005
     396    4.0652000000000E+005    6.0547450000000E+005
     397    4.0680000000000E+005    6.0589300000000E+005
     398    4.0701000000000E+005    6.0620350000000E+005
     399    4.0719850000000E+005    6.0649400000000E+005
     400    4.0830800000000E+005    6.0815850000000E+005
     401    4.0927350000000E+005    6.0961850000000E+005
     402    4.1017850000000E+005    6.1098550000000E+005
     403    4.1100800000000E+005    6.1222400000000E+005
     404    4.1186100000000E+005    6.1349750000000E+005
     405    4.1239600000000E+005    6.1429600000000E+005
     406    4.1254900000000E+005    6.1452150000000E+005
     407    4.1348050000000E+005    6.1592650000000E+005
     408    4.1432850000000E+005    6.1715350000000E+005
     409    4.1512050000000E+005    6.1825700000000E+005
     410    4.1594550000000E+005    6.1943050000000E+005
     411    4.1660150000000E+005    6.2038950000000E+005
     412    4.1701050000000E+005    6.2097550000000E+005
     413    4.1716100000000E+005    6.2120650000000E+005
     414    4.1795850000000E+005    6.2237700000000E+005
     415    4.1866300000000E+005    6.2341400000000E+005
     416    4.1936750000000E+005    6.2447700000000E+005
     417    4.1992500000000E+005    6.2536550000000E+005
     418    4.2051050000000E+005    6.2623500000000E+005
     419    4.2090100000000E+005    6.2680500000000E+005
     420    4.2100800000000E+005    6.2698650000000E+005
     421    4.2165750000000E+005    6.2797650000000E+005
     422    4.2233200000000E+005    6.2894600000000E+005
     423    4.2292750000000E+005    6.2980650000000E+005
     424    4.2344850000000E+005    6.3059950000000E+005
     425    4.2397000000000E+005    6.3134450000000E+005
     426    4.2409950000000E+005    6.3156700000000E+005
     427    4.2422450000000E+005    6.3176600000000E+005
     428    4.2479400000000E+005    6.3255800000000E+005
     429    4.2522450000000E+005    6.3315800000000E+005
     430    4.2567150000000E+005    6.3384450000000E+005
     431    4.2606250000000E+005    6.3443300000000E+005
     432    4.2644550000000E+005    6.3504350000000E+005
     433    4.2669550000000E+005    6.3538550000000E+005
     434    4.2675050000000E+005    6.3548200000000E+005
     435    4.2697300000000E+005    6.3586950000000E+005
     436    4.2742050000000E+005    6.3656800000000E+005
     437    4.2783350000000E+005    6.3716450000000E+005
     438    4.2815850000000E+005    6.3766000000000E+005
     439    4.2856850000000E+005    6.3823250000000E+005
     440    4.2876650000000E+005    6.3850700000000E+005
     441    4.2883500000000E+005    6.3860750000000E+005
     442    4.2921050000000E+005    6.3920400000000E+005
     443    4.2961850000000E+005    6.3981050000000E+005
     444    4.2996850000000E+005    6.4028950000000E+005
     445    4.3036550000000E+005    6.4085300000000E+005
     446    4.3075900000000E+005    6.4144950000000E+005
     447    4.3094100000000E+005    6.4175300000000E+005
     448    4.3101450000000E+005    6.4187400000000E+005
     449    4.3141100000000E+005    6.4247600000000E+005
     450    4.3184900000000E+005    6.4315350000000E+005
     451    4.3232400000000E+005    6.4377100000000E+005
     452    4.3269050000000E+005    6.4432100000000E+005
     453    4.3314300000000E+005    6.4495150000000E+005
     454    4.3332150000000E+005    6.4523000000000E+005
     455    4.3340350000000E+005    6.4534200000000E+005
     456    4.3383900000000E+005    6.4598900000000E+005
     457    4.3429700000000E+005    6.4665300000000E+005
     458    4.3477150000000E+005    6.4732150000000E+005
     459    4.3516900000000E+005    6.4790500000000E+005
     460    4.3561700000000E+005    6.4853250000000E+005
     461    4.3583650000000E+005    6.4882150000000E+005
     462    4.3591550000000E+005    6.4891950000000E+005
     463    4.3651750000000E+005    6.4969950000000E+005
     464    4.3712600000000E+005    6.5056450000000E+005
     465    4.3771600000000E+005    6.5141650000000E+005
     466    4.3821650000000E+005    6.5213450000000E+005
     467    4.3875600000000E+005    6.5287000000000E+005
     468    4.3904400000000E+005    6.5327150000000E+005
     469    4.3914850000000E+005    6.5340200000000E+005
     470    4.3979750000000E+005    6.5435600000000E+005
     471    4.4042100000000E+005    6.5529450000000E+005
     472    4.4108150000000E+005    6.5623550000000E+005
     473    4.4179050000000E+005    6.5726500000000E+005
     474    4.4248950000000E+005    6.5830050000000E+005
     475    4.4291300000000E+005    6.5890750000000E+005
     476    4.4305600000000E+005    6.5914450000000E+005
     477    4.4394100000000E+005    6.6041500000000E+005
     478    4.4497100000000E+005    6.6188550000000E+005
     479    4.4600100000000E+005    6.6327600000000E+005
     480    4.4708200000000E+005    6.6478500000000E+005
     481    4.4812300000000E+005    6.6630750000000E+005
     482    4.4875100000000E+005    6.6728050000000E+005
     483    4.4898700000000E+005    6.6768450000000E+005
     484    4.5029250000000E+005    6.6964700000000E+005
     485    4.5161350000000E+005    6.7156750000000E+005
     486    4.5289100000000E+005    6.7331250000000E+005
     487    4.5431450000000E+005    6.7539850000000E+005
     488    4.5583350000000E+005    6.7749200000000E+005
     489    4.5679300000000E+005    6.7876400000000E+005
     490    4.5715550000000E+005    6.7925600000000E+005
     491    4.5911600000000E+005    6.8211700000000E+005
     492    4.6109050000000E+005    6.8512700000000E+005
     493    4.6336650000000E+005    6.8832600000000E+005
     494    4.6564000000000E+005    6.9167500000000E+005
     495    4.6770900000000E+005    6.9489050000000E+005
     496    4.6904750000000E+005    6.9689650000000E+005
     497    4.6962050000000E+005    6.9772400000000E+005
     498    4.7245050000000E+005    7.0162950000000E+005
     499    4.7562950000000E+005    7.0605700000000E+005
     500    4.7853350000000E+005    7.1035450000000E+005
     501    4.8120700000000E+005    7.1428400000000E+005
     502    4.8388850000000E+005    7.1814000000000E+005
     503    4.8540900000000E+005    7.2043500000000E+005
     504    4.8598400000000E+005    7.2126750000000E+005
     505    4.8930850000000E+005    7.2630350000000E+005
     506    4.9272750000000E+005    7.3115750000000E+005
     507    4.9601900000000E+005    7.3597300000000E+005
     508    4.9929950000000E+005    7.4106750000000E+005
     509    5.0233050000000E+005    7.4543450000000E+005
     510    5.0423000000000E+005    7.4813450000000E+005
     511    5.0504650000000E+005    7.4935550000000E+005
     512    5.0875700000000E+005    7.5483200000000E+005
     513    5.1229050000000E+005    7.5990900000000E+005
     514    5.1564150000000E+005    7.6470500000000E+005
     515    5.1913450000000E+005    7.6992650000000E+005
     516    5.2214300000000E+005    7.7441850000000E+005
     517    5.2377550000000E+005    7.7680650000000E+005
     518    5.2455000000000E+005    7.7791150000000E+005
     519    5.2801100000000E+005    7.8297650000000E+005
     520    5.3129300000000E+005    7.8795500000000E+005
     521    5.3428050000000E+005    7.9242850000000E+005
     522    5.3734300000000E+005    7.9686250000000E+005
     523    5.4013750000000E+005    8.0092050000000E+005
     524    5.4170900000000E+005    8.0335250000000E+005
     525    5.4247200000000E+005    8.0445450000000E+005
     526    5.4557400000000E+005    8.0895250000000E+005
     527    5.4876500000000E+005    8.1357000000000E+005
     528    5.4876500000000E+005    8.1357000000000E+005
     529    5.4876500000000E+005    8.1357000000000E+005
     530    5.4876500000000E+005    8.1357000000000E+005
     531    5.4876500000000E+005    8.1357000000000E+005
     532    5.4876500000000E+005    8.1357000000000E+005
     533    5.4876500000000E+005    8.1357000000000E+005
     534    5.4876500000000E+005    8.1357000000000E+005
     535    5.4876500000000E+005    8.1357000000000E+005
     536    5.4876500000000E+005    8.1357000000000E+005
     537    5.4876500000000E+005    8.1357000000000E+005
     538    5.4876500000000E+005    8.1357000000000E+005
     539    5.4876500000000E+005    8.1357000000000E+005
     540    5.4876500000000E+005    8.1357000000000E+005
