       1    4.0000000000000E+000    4.0000000000000E+000
       2    4.0000000000000E+000    4.0000000000000E+000
       3    4.0000000000000E+000    4.0000000000000E+000
       4    4.0000000000000E+000    4.0000000000000E+000
       5    4.0000000000000E+000    4.0000000000000E+000
       6    4.0000000000000E+000    6.0000000000000E+000
       7    6.0000000000000E+000    8.0000000000000E+000
       8    6.0000000000000E+000    9.0000000000000E+000
       9    7.0000000000000E+000    1.0000000000000E+001
      10    9.0000000000000E+000    1.2000000000000E+001
      11    9.0000000000000E+000    1.3000000000000E+001
      12    1.1000000000000E+001    1.6000000000000E+001
      13    1.3000000000000E+001    2.0000000000000E+001
      14    1.7000000000000E+001    2.5000000000000E+001
      15    2.0000000000000E+001    2.8000000000000E+001
      16    2.3000000000000E+001    3.2000000000000E+001
      17    2.6000000000000E+001    3.6000000000000E+001
      18    2.9000000000000E+001    4.2000000000000E+001
      19    3.3000000000000E+001    5.1000000000000E+001
      20    4.0500000000000E+001    5.9000000000000E+001
      21    4.7000000000000E+001    6.9000000000000E+001
      22    5.5000000000000E+001    8.1000000000000E+001
      23    6.3000000000000E+001    9.1000000000000E+001
      24    7.3000000000000E+001    1.0300000000000E+002
      25    8.2000000000000E+001    1.2100000000000E+002
      26    9.3000000000000E+001    1.3700000000000E+002
      27    1.0900000000000E+002    1.5400000000000E+002
      28    1.2300000000000E+002    1.7500000000000E+002
      29    1.3800000000000E+002    2.0100000000000E+002
      30    1.5600000000000E+002    2.2800000000000E+002
      31    1.7800000000000E+002    2.6600000000000E+002
      32    2.0200000000000E+002    3.0200000000000E+002
      33    2.3300000000000E+002    3.4200000000000E+002
      34    2.6900000000000E+002    4.0300000000000E+002
      35    2.9600000000000E+002    4.5100000000000E+002
      36    3.2200000000000E+002    4.8500000000000E+002
      37    3.4200000000000E+002    5.0900000000000E+002
      38    3.6200000000000E+002    5.3800000000000E+002
      39    3.8400000000000E+002    5.7300000000000E+002
      40    4.0600000000000E+002    6.1100000000000E+002
      41    4.3300000000000E+002    6.5300000000000E+002
      42    4.6200000000000E+002    6.9350000000000E+002
      43    4.8950000000000E+002    7.3600000000000E+002
      44    5.2200000000000E+002    7.8000000000000E+002
      45    5.5200000000000E+002    8.2200000000000E+002
      46    5.8300000000000E+002    8.6700000000000E+002
      47    6.1750000000000E+002    9.2000000000000E+002
      48    6.4800000000000E+002    9.7100000000000E+002
      49    6.8400000000000E+002    1.0230000000000E+003
      50    7.1500000000000E+002    1.0800000000000E+003
      51    7.5000000000000E+002    1.1370000000000E+003
      52    7.8700000000000E+002    1.1935000000000E+003
      53    8.2300000000000E+002    1.2520000000000E+003
      54    8.6300000000000E+002    1.3060000000000E+003
      55    9.0100000000000E+002    1.3650000000000E+003
      56    9.4150000000000E+002    1.4270000000000E+003
      57    9.8650000000000E+002    1.4955000000000E+003
      58    1.0275000000000E+003    1.5670000000000E+003
      59    1.0720000000000E+003    1.6360000000000E+003
      60    1.1195000000000E+003    1.7060000000000E+003
      61    1.1650000000000E+003    1.7780000000000E+003
      62    1.2145000000000E+003    1.8610000000000E+003
      63    1.2655000000000E+003    1.9400000000000E+003
      64    1.3145000000000E+003    2.0200000000000E+003
      65    1.3710000000000E+003    2.1040000000000E+003
      66    1.4300000000000E+003    2.1945000000000E+003
      67    1.4885000000000E+003    2.2870000000000E+003
      68    1.5430000000000E+003    2.3740000000000E+003
      69    1.6030000000000E+003    2.4670000000000E+003
      70    1.6670000000000E+003    2.5660000000000E+003
      71    1.7370000000000E+003    2.6615000000000E+003
      72    1.8045000000000E+003    2.7650000000000E+003
      73    1.8720000000000E+003    2.8770000000000E+003
      74    1.9420000000000E+003    2.9850000000000E+003
      75    2.0145000000000E+003    3.1025000000000E+003
      76    2.0935000000000E+003    3.2275000000000E+003
      77    2.1745000000000E+003    3.3450000000000E+003
      78    2.2490000000000E+003    3.4730000000000E+003
      79    2.3330000000000E+003    3.6010000000000E+003
      80    2.4190000000000E+003    3.7350000000000E+003
      81    2.5045000000000E+003    3.8800000000000E+003
      82    2.5955000000000E+003    4.0155000000000E+003
      83    2.6850000000000E+003    4.1615000000000E+003
      84    2.7820000000000E+003    4.3130000000000E+003
      85    2.8775000000000E+003    4.4670000000000E+003
      86    2.9830000000000E+003    4.6245000000000E+003
      87    3.0900000000000E+003    4.7920000000000E+003
      88    3.1950000000000E+003    4.9645000000000E+003
      89    3.3110000000000E+003    5.1325000000000E+003
      90    3.4285000000000E+003    5.3025000000000E+003
      91    3.5485000000000E+003    5.4810000000000E+003
      92    3.6820000000000E+003    5.6755000000000E+003
      93    3.8035000000000E+003    5.8760000000000E+003
      94    3.9305000000000E+003    6.0075000000000E+003
      95    4.0640000000000E+003    6.5015000000000E+003
      96    4.2065000000000E+003    6.8430000000000E+003
      97    4.3560000000000E+003    7.3070000000000E+003
      98    4.5025000000000E+003    7.7230000000000E+003
      99    4.6565000000000E+003    8.2130000000000E+003
     100    4.8180000000000E+003    8.6200000000000E+003
     101    4.9870000000000E+003    8.8340000000000E+003
     102    5.1590000000000E+003    9.4875000000000E+003
     103    5.3245000000000E+003    9.9695000000000E+003
     104    5.5065000000000E+003    1.0346500000000E+004
     105    5.7135000000000E+003    1.0840000000000E+004
     106    5.9055000000000E+003    1.1265500000000E+004
     107    6.1020000000000E+003    1.1619000000000E+004
     108    6.2355000000000E+003    1.1839500000000E+004
     109    6.4975000000000E+003    1.2473000000000E+004
     110    6.7625000000000E+003    1.3137000000000E+004
     111    7.0280000000000E+003    1.3801500000000E+004
     112    7.2890000000000E+003    1.4467000000000E+004
     113    7.5675000000000E+003    1.5162500000000E+004
     114    7.7435000000000E+003    1.5605000000000E+004
     115    7.8980000000000E+003    1.5986000000000E+004
     116    8.2545000000000E+003    1.6829500000000E+004
     117    8.5890000000000E+003    1.7636000000000E+004
     118    8.9745000000000E+003    1.8544500000000E+004
     119    9.2940000000000E+003    1.9277500000000E+004
     120    9.6080000000000E+003    2.0011000000000E+004
     121    9.8315000000000E+003    2.0544000000000E+004
     122    1.0001500000000E+004    2.0968500000000E+004
     123    1.0480500000000E+004    2.2090500000000E+004
     124    1.0937500000000E+004    2.3132000000000E+004
     125    1.1341000000000E+004    2.4097000000000E+004
     126    1.1779500000000E+004    2.5131000000000E+004
     127    1.2171000000000E+004    2.6090000000000E+004
     128    1.2451500000000E+004    2.6776000000000E+004
     129    1.2662500000000E+004    2.7283000000000E+004
     130    1.3173000000000E+004    2.8491500000000E+004
     131    1.3683000000000E+004    2.9736500000000E+004
     132    1.4210000000000E+004    3.0944000000000E+004
     133    1.4714500000000E+004    3.2116000000000E+004
     134    1.5172500000000E+004    3.3197000000000E+004
     135    1.5388500000000E+004    3.3709000000000E+004
     136    1.5556500000000E+004    3.4113000000000E+004
     137    1.6057000000000E+004    3.5294000000000E+004
     138    1.6555000000000E+004    3.6531500000000E+004
     139    1.7017500000000E+004    3.7638000000000E+004
     140    1.7557500000000E+004    3.8931000000000E+004
     141    1.8059000000000E+004    4.0066000000000E+004
     142    1.8302000000000E+004    4.0631500000000E+004
     143    1.8413500000000E+004    4.0912500000000E+004
     144    1.8603000000000E+004    4.1383000000000E+004
     145    1.8927500000000E+004    4.2151000000000E+004
     146    1.9181000000000E+004    4.2768000000000E+004
     147    1.9509000000000E+004    4.3497500000000E+004
     148    1.9805500000000E+004    4.4183000000000E+004
     149    1.9910000000000E+004    4.4456000000000E+004
     150    2.0008500000000E+004    4.4686000000000E+004
     151    2.0341500000000E+004    4.5426500000000E+004
     152    2.0728500000000E+004    4.6298500000000E+004
     153    2.1065500000000E+004    4.7130500000000E+004
     154    2.1378000000000E+004    4.7882000000000E+004
     155    2.1714500000000E+004    4.8717500000000E+004
     156    2.1911000000000E+004    4.9177500000000E+004
     157    2.2050000000000E+004    4.9533000000000E+004
     158    2.2387000000000E+004    5.0336500000000E+004
     159    2.2700000000000E+004    5.1117500000000E+004
     160    2.3040000000000E+004    5.1890500000000E+004
     161    2.3389000000000E+004    5.2733500000000E+004
     162    2.3692500000000E+004    5.3461500000000E+004
     163    2.3869000000000E+004    5.3881000000000E+004
     164    2.4006000000000E+004    5.4221500000000E+004
     165    2.4403000000000E+004    5.5103500000000E+004
     166    2.4749000000000E+004    5.5952000000000E+004
     167    2.5100500000000E+004    5.6838500000000E+004
     168    2.5462500000000E+004    5.7667500000000E+004
     169    2.5733000000000E+004    5.8341500000000E+004
     170    2.5935000000000E+004    5.8824500000000E+004
     171    2.6064500000000E+004    5.9147500000000E+004
     172    2.6441500000000E+004    6.0048500000000E+004
     173    2.6922500000000E+004    6.1180500000000E+004
     174    2.7386500000000E+004    6.2346000000000E+004
     175    2.7834000000000E+004    6.3494000000000E+004
     176    2.8248000000000E+004    6.4516000000000E+004
     177    2.8471000000000E+004    6.5045000000000E+004
     178    2.8611500000000E+004    6.5386000000000E+004
     179    2.8970500000000E+004    6.6292000000000E+004
     180    2.9396000000000E+004    6.7317000000000E+004
     181    2.9801000000000E+004    6.8254500000000E+004
     182    3.0206000000000E+004    6.9251500000000E+004
     183    3.0586000000000E+004    7.0131000000000E+004
     184    3.0735000000000E+004    7.0513000000000E+004
     185    3.0846500000000E+004    7.0800500000000E+004
     186    3.1230500000000E+004    7.1720000000000E+004
     187    3.1690000000000E+004    7.2833000000000E+004
     188    3.2077000000000E+004    7.3802000000000E+004
     189    3.2351000000000E+004    7.4488000000000E+004
     190    3.2642000000000E+004    7.5200500000000E+004
     191    3.2783500000000E+004    7.5581000000000E+004
     192    3.2903500000000E+004    7.5842000000000E+004
     193    3.3331000000000E+004    7.6900500000000E+004
     194    3.3587000000000E+004    7.7534500000000E+004
     195    3.3773500000000E+004    7.7979500000000E+004
     196    3.4253500000000E+004    7.9117500000000E+004
     197    3.4640500000000E+004    8.0037500000000E+004
     198    3.4845000000000E+004    8.0506500000000E+004
     199    3.4994000000000E+004    8.0861000000000E+004
     200    3.5465000000000E+004    8.1998500000000E+004
     201    3.5905000000000E+004    8.3088000000000E+004
     202    3.6309000000000E+004    8.4090000000000E+004
     203    3.6714000000000E+004    8.5068000000000E+004
     204    3.7066500000000E+004    8.5960500000000E+004
     205    3.7244000000000E+004    8.6403000000000E+004
     206    3.7380500000000E+004    8.6722000000000E+004
     207    3.7903500000000E+004    8.7983000000000E+004
     208    3.8315000000000E+004    8.8991500000000E+004
     209    3.8635500000000E+004    8.9809500000000E+004
     210    3.8972000000000E+004    9.0633500000000E+004
     211    3.9302000000000E+004    9.1403500000000E+004
     212    3.9498000000000E+004    9.1888000000000E+004
     213    3.9616000000000E+004    9.2226000000000E+004
     214    4.0136500000000E+004    9.3465500000000E+004
     215    4.0623500000000E+004    9.4639500000000E+004
     216    4.1114000000000E+004    9.5854000000000E+004
     217    4.1524500000000E+004    9.6893500000000E+004
     218    4.1943500000000E+004    9.7968500000000E+004
     219    4.2199500000000E+004    9.8572000000000E+004
     220    4.2386000000000E+004    9.9006000000000E+004
     221    4.3019500000000E+004    1.0049950000000E+005
     222    4.3556000000000E+004    1.0177150000000E+005
     223    4.3992000000000E+004    1.0286450000000E+005
     224    4.4434000000000E+004    1.0393600000000E+005
     225    4.4873500000000E+004    1.0504000000000E+005
     226    4.5133500000000E+004    1.0569250000000E+005
     227    4.5294000000000E+004    1.0610250000000E+005
     228    4.5764500000000E+004    1.0728800000000E+005
     229    4.6220500000000E+004    1.0838900000000E+005
     230    4.6700500000000E+004    1.0956650000000E+005
     231    4.7074000000000E+004    1.1047750000000E+005
     232    4.7493000000000E+004    1.1153350000000E+005
     233    4.7732500000000E+004    1.1208150000000E+005
     234    4.7877000000000E+004    1.1248150000000E+005
     235    4.8330500000000E+004    1.1356700000000E+005
     236    4.8747000000000E+004    1.1459000000000E+005
     237    4.9132000000000E+004    1.1555200000000E+005
     238    4.9552500000000E+004    1.1652450000000E+005
     239    4.9928500000000E+004    1.1745900000000E+005
     240    5.0112500000000E+004    1.1794900000000E+005
     241    5.0247000000000E+004    1.1830850000000E+005
     242    5.0678500000000E+004    1.1935900000000E+005
     243    5.1166500000000E+004    1.2053000000000E+005
     244    5.1640500000000E+004    1.2167300000000E+005
     245    5.2189500000000E+004    1.2291850000000E+005
     246    5.2890500000000E+004    1.2455100000000E+005
     247    5.3254500000000E+004    1.2544700000000E+005
     248    5.3491500000000E+004    1.2603800000000E+005
     249    5.4105000000000E+004    1.2754000000000E+005
     250    5.4768000000000E+004    1.2908600000000E+005
     251    5.5330500000000E+004    1.3034750000000E+005
     252    5.5853000000000E+004    1.3162150000000E+005
     253    5.6415000000000E+004    1.3294900000000E+005
     254    5.6742500000000E+004    1.3373100000000E+005
     255    5.6995000000000E+004    1.3435900000000E+005
     256    5.7233500000000E+004    1.3492050000000E+005
     257    5.7748000000000E+004    1.3619800000000E+005
     258    5.8199500000000E+004    1.3726700000000E+005
     259    5.8680000000000E+004    1.3840700000000E+005
     260    5.9189500000000E+004    1.3963350000000E+005
     261    5.9435500000000E+004    1.4027250000000E+005
     262    5.9584000000000E+004    1.4066250000000E+005
     263    6.0101500000000E+004    1.4180550000000E+005
     264    6.0535000000000E+004    1.4285850000000E+005
     265    6.0974000000000E+004    1.4398000000000E+005
     266    6.1454500000000E+004    1.4514250000000E+005
     267    6.1892500000000E+004    1.4615300000000E+005
     268    6.2159500000000E+004    1.4678750000000E+005
     269    6.2292000000000E+004    1.4711350000000E+005
     270    6.2735000000000E+004    1.4825300000000E+005
     271    6.3186000000000E+004    1.4934350000000E+005
     272    6.3551000000000E+004    1.5027500000000E+005
     273    6.3906500000000E+004    1.5113100000000E+005
     274    6.4227000000000E+004    1.5195050000000E+005
     275    6.4426000000000E+004    1.5241850000000E+005
     276    6.4535500000000E+004    1.5269000000000E+005
     277    6.4997000000000E+004    1.5376800000000E+005
     278    6.5543500000000E+004    1.5502850000000E+005
     279    6.6057500000000E+004    1.5625950000000E+005
     280    6.6561000000000E+004    1.5752700000000E+005
     281    6.7105000000000E+004    1.5883750000000E+005
     282    6.7425000000000E+004    1.5963150000000E+005
     283    6.7649500000000E+004    1.6021400000000E+005
     284    6.8278500000000E+004    1.6174700000000E+005
     285    6.8923500000000E+004    1.6321450000000E+005
     286    6.9476500000000E+004    1.6450450000000E+005
     287    6.9930000000000E+004    1.6568350000000E+005
     288    7.0335500000000E+004    1.6667550000000E+005
     289    7.0581000000000E+004    1.6726000000000E+005
     290    7.0788000000000E+004    1.6775550000000E+005
     291    7.1420500000000E+004    1.6929500000000E+005
     292    7.2057000000000E+004    1.7078500000000E+005
     293    7.2538500000000E+004    1.7200300000000E+005
     294    7.2988000000000E+004    1.7303700000000E+005
     295    7.3158000000000E+004    1.7344700000000E+005
     296    7.3486000000000E+004    1.7418250000000E+005
     297    7.3734500000000E+004    1.7480500000000E+005
     298    7.4450000000000E+004    1.7649450000000E+005
     299    7.5167500000000E+004    1.7822900000000E+005
     300    7.5782000000000E+004    1.7981700000000E+005
     301    7.6439500000000E+004    1.8132100000000E+005
     302    7.6577000000000E+004    1.8166450000000E+005
     303    7.7023500000000E+004    1.8277450000000E+005
     304    7.7358500000000E+004    1.8357500000000E+005
     305    7.8279000000000E+004    1.8576000000000E+005
     306    7.9281500000000E+004    1.8824650000000E+005
     307    8.0176500000000E+004    1.9030550000000E+005
     308    8.1090500000000E+004    1.9251300000000E+005
     309    8.2026000000000E+004    1.9479650000000E+005
     310    8.2477000000000E+004    1.9587150000000E+005
     311    8.2764500000000E+004    1.9655400000000E+005
     312    8.3561000000000E+004    1.9856750000000E+005
     313    8.4430000000000E+004    2.0070850000000E+005
     314    8.5175000000000E+004    2.0249950000000E+005
     315    8.5965000000000E+004    2.0447550000000E+005
     316    8.6901000000000E+004    2.0669350000000E+005
     317    8.7336000000000E+004    2.0772750000000E+005
     318    8.7627500000000E+004    2.0844050000000E+005
     319    8.8542500000000E+004    2.1061550000000E+005
     320    8.9486000000000E+004    2.1288200000000E+005
     321    9.0345500000000E+004    2.1493600000000E+005
     322    9.1129500000000E+004    2.1684100000000E+005
     323    9.1982000000000E+004    2.1878300000000E+005
     324    9.2368500000000E+004    2.1969350000000E+005
     325    9.2627000000000E+004    2.2030300000000E+005
     326    9.3418000000000E+004    2.2226650000000E+005
     327    9.4248000000000E+004    2.2426900000000E+005
     328    9.5014000000000E+004    2.2608250000000E+005
     329    9.5708000000000E+004    2.2775050000000E+005
     330    9.6243500000000E+004    2.2903150000000E+005
     331    9.6577000000000E+004    2.2981850000000E+005
     332    9.6725500000000E+004    2.3018250000000E+005
     333    9.6929500000000E+004    2.3064550000000E+005
     334    9.7399500000000E+004    2.3184200000000E+005
     335    9.7921500000000E+004    2.3308800000000E+005
     336    9.8363000000000E+004    2.3417550000000E+005
     337    9.8714500000000E+004    2.3504500000000E+005
     338    9.8906000000000E+004    2.3546800000000E+005
     339    9.9013000000000E+004    2.3570700000000E+005
     340    9.9488000000000E+004    2.3677350000000E+005
     341    9.9825500000000E+004    2.3761850000000E+005
     342    1.0021900000000E+005    2.3856500000000E+005
     343    1.0049800000000E+005    2.3919800000000E+005
     344    1.0075050000000E+005    2.3985900000000E+005
     345    1.0083800000000E+005    2.4007100000000E+005
     346    1.0089500000000E+005    2.4021100000000E+005
     347    1.0108050000000E+005    2.4064550000000E+005
     348    1.0127450000000E+005    2.4113450000000E+005
     349    1.0148600000000E+005    2.4166300000000E+005
     350    1.0168300000000E+005    2.4211900000000E+005
     351    1.0189550000000E+005    2.4259000000000E+005
     352    1.0197700000000E+005    2.4281150000000E+005
     353    1.0207850000000E+005    2.4301850000000E+005
     354    1.0231950000000E+005    2.4364450000000E+005
     355    1.0256150000000E+005    2.4421300000000E+005
     356    1.0277700000000E+005    2.4471550000000E+005
     357    1.0299850000000E+005    2.4524850000000E+005
     358    1.0318000000000E+005    2.4569850000000E+005
     359    1.0326650000000E+005    2.4588200000000E+005
     360    1.0331800000000E+005    2.4600150000000E+005
     361    1.0355250000000E+005    2.4657900000000E+005
     362    1.0372850000000E+005    2.4700000000000E+005
     363    1.0388300000000E+005    2.4738800000000E+005
     364    1.0403750000000E+005    2.4779000000000E+005
     365    1.0417850000000E+005    2.4815050000000E+005
     366    1.0426100000000E+005    2.4834750000000E+005
     367    1.0432000000000E+005    2.4847300000000E+005
     368    1.0449050000000E+005    2.4887300000000E+005
     369    1.0465250000000E+005    2.4922550000000E+005
     370    1.0480800000000E+005    2.4956800000000E+005
     371    1.0496850000000E+005    2.4998250000000E+005
     372    1.0508800000000E+005    2.5026500000000E+005
     373    1.0514350000000E+005    2.5039350000000E+005
     374    1.0518500000000E+005    2.5050200000000E+005
     375    1.0524500000000E+005    2.5064950000000E+005
     376    1.0540550000000E+005    2.5104050000000E+005
     377    1.0552550000000E+005    2.5131800000000E+005
     378    1.0560550000000E+005    2.5151000000000E+005
     379    1.0569150000000E+005    2.5171350000000E+005
     380    1.0573400000000E+005    2.5181550000000E+005
     381    1.0575900000000E+005    2.5186850000000E+005
     382    1.0584550000000E+005    2.5210900000000E+005
     383    1.0595000000000E+005    2.5232000000000E+005
     384    1.0600950000000E+005    2.5246750000000E+005
     385    1.0608800000000E+005    2.5267600000000E+005
     386    1.0618700000000E+005    2.5291950000000E+005
     387    1.0621800000000E+005    2.5299500000000E+005
     388    1.0624350000000E+005    2.5306350000000E+005
     389    1.0637600000000E+005    2.5338450000000E+005
     390    1.0646800000000E+005    2.5361800000000E+005
     391    1.0656000000000E+005    2.5383850000000E+005
     392    1.0660400000000E+005    2.5395500000000E+005
     393    1.0663800000000E+005    2.5404200000000E+005
     394    1.0667650000000E+005    2.5415450000000E+005
     395    1.0669450000000E+005    2.5421300000000E+005
     396    1.0680600000000E+005    2.5449350000000E+005
     397    1.0690300000000E+005    2.5471700000000E+005
     398    1.0700050000000E+005    2.5494900000000E+005
     399    1.0710300000000E+005    2.5520150000000E+005
     400    1.0718350000000E+005    2.5539000000000E+005
     401    1.0721400000000E+005    2.5546350000000E+005
     402    1.0723350000000E+005    2.5551750000000E+005
     403    1.0734150000000E+005    2.5578100000000E+005
     404    1.0743600000000E+005    2.5602950000000E+005
     405    1.0750950000000E+005    2.5621400000000E+005
     406    1.0758600000000E+005    2.5642750000000E+005
     407    1.0766850000000E+005    2.5659900000000E+005
     408    1.0770150000000E+005    2.5667550000000E+005
     409    1.0771350000000E+005    2.5670650000000E+005
     410    1.0778500000000E+005    2.5689050000000E+005
     411    1.0786450000000E+005    2.5706950000000E+005
     412    1.0791250000000E+005    2.5719750000000E+005
     413    1.0796650000000E+005    2.5734850000000E+005
     414    1.0804700000000E+005    2.5757050000000E+005
     415    1.0808550000000E+005    2.5766200000000E+005
     416    1.0810800000000E+005    2.5771450000000E+005
     417    1.0818150000000E+005    2.5791150000000E+005
     418    1.0826250000000E+005    2.5810850000000E+005
     419    1.0833450000000E+005    2.5826100000000E+005
     420    1.0839600000000E+005    2.5841900000000E+005
     421    1.0844100000000E+005    2.5856400000000E+005
     422    1.0845550000000E+005    2.5861000000000E+005
     423    1.0848350000000E+005    2.5866350000000E+005
     424    1.0857200000000E+005    2.5887350000000E+005
     425    1.0867050000000E+005    2.5905800000000E+005
     426    1.0876150000000E+005    2.5925000000000E+005
     427    1.0883050000000E+005    2.5942050000000E+005
     428    1.0891400000000E+005    2.5964050000000E+005
     429    1.0894950000000E+005    2.5974350000000E+005
     430    1.0897600000000E+005    2.5981500000000E+005
     431    1.0902550000000E+005    2.5994050000000E+005
     432    1.0909850000000E+005    2.6014100000000E+005
     433    1.0916300000000E+005    2.6031200000000E+005
     434    1.0923800000000E+005    2.6048000000000E+005
     435    1.0930450000000E+005    2.6067400000000E+005
     436    1.0934600000000E+005    2.6078250000000E+005
     437    1.0935850000000E+005    2.6082100000000E+005
     438    1.0945950000000E+005    2.6106300000000E+005
     439    1.0952750000000E+005    2.6122400000000E+005
     440    1.0960900000000E+005    2.6141700000000E+005
     441    1.0968750000000E+005    2.6161050000000E+005
     442    1.0979750000000E+005    2.6189000000000E+005
     443    1.0982250000000E+005    2.6194550000000E+005
     444    1.0984950000000E+005    2.6200650000000E+005
     445    1.0997350000000E+005    2.6231750000000E+005
     446    1.1010900000000E+005    2.6259800000000E+005
     447    1.1017850000000E+005    2.6276250000000E+005
     448    1.1029200000000E+005    2.6302450000000E+005
     449    1.1038600000000E+005    2.6323150000000E+005
     450    1.1043450000000E+005    2.6332700000000E+005
     451    1.1046450000000E+005    2.6339650000000E+005
     452    1.1057200000000E+005    2.6364050000000E+005
     453    1.1065050000000E+005    2.6385200000000E+005
     454    1.1071750000000E+005    2.6403550000000E+005
     455    1.1080550000000E+005    2.6426400000000E+005
     456    1.1092600000000E+005    2.6450700000000E+005
     457    1.1100250000000E+005    2.6462700000000E+005
     458    1.1104200000000E+005    2.6468750000000E+005
     459    1.1119250000000E+005    2.6502750000000E+005
     460    1.1129750000000E+005    2.6533350000000E+005
     461    1.1138500000000E+005    2.6557000000000E+005
     462    1.1150950000000E+005    2.6586050000000E+005
     463    1.1162000000000E+005    2.6614150000000E+005
     464    1.1165100000000E+005    2.6622300000000E+005
     465    1.1167450000000E+005    2.6627850000000E+005
     466    1.1178400000000E+005    2.6659150000000E+005
     467    1.1189350000000E+005    2.6685700000000E+005
     468    1.1203300000000E+005    2.6714400000000E+005
     469    1.1214850000000E+005    2.6740000000000E+005
     470    1.1225150000000E+005    2.6761350000000E+005
     471    1.1231400000000E+005    2.6772850000000E+005
     472    1.1235250000000E+005    2.6780700000000E+005
     473    1.1250400000000E+005    2.6815300000000E+005
     474    1.1261350000000E+005    2.6838900000000E+005
     475    1.1276750000000E+005    2.6873000000000E+005
     476    1.1289750000000E+005    2.6905700000000E+005
     477    1.1302050000000E+005    2.6938300000000E+005
     478    1.1308350000000E+005    2.6953300000000E+005
     479    1.1313000000000E+005    2.6963000000000E+005
     480    1.1332150000000E+005    2.7010400000000E+005
     481    1.1347250000000E+005    2.7052550000000E+005
     482    1.1363300000000E+005    2.7093750000000E+005
     483    1.1383650000000E+005    2.7140400000000E+005
     484    1.1403150000000E+005    2.7183500000000E+005
     485    1.1412850000000E+005    2.7210000000000E+005
     486    1.1418350000000E+005    2.7225150000000E+005
     487    1.1443700000000E+005    2.7294800000000E+005
     488    1.1472800000000E+005    2.7359850000000E+005
     489    1.1503250000000E+005    2.7422350000000E+005
     490    1.1533300000000E+005    2.7491950000000E+005
     491    1.1567100000000E+005    2.7572550000000E+005
     492    1.1581550000000E+005    2.7604200000000E+005
     493    1.1589400000000E+005    2.7624400000000E+005
     494    1.1638950000000E+005    2.7753250000000E+005
     495    1.1686100000000E+005    2.7874450000000E+005
     496    1.1742650000000E+005    2.8016400000000E+005
     497    1.1801150000000E+005    2.8150100000000E+005
     498    1.1858650000000E+005    2.8284800000000E+005
     499    1.1882150000000E+005    2.8340050000000E+005
     500    1.1903200000000E+005    2.8385850000000E+005
     501    1.1975950000000E+005    2.8558700000000E+005
     502    1.2047150000000E+005    2.8729750000000E+005
     503    1.2122000000000E+005    2.8902750000000E+005
     504    1.2201150000000E+005    2.9090950000000E+005
     505    1.2283400000000E+005    2.9273950000000E+005
     506    1.2316200000000E+005    2.9352700000000E+005
     507    1.2339200000000E+005    2.9411000000000E+005
     508    1.2437150000000E+005    2.9638050000000E+005
     509    1.2545900000000E+005    2.9913600000000E+005
     510    1.2643050000000E+005    3.0155300000000E+005
     511    1.2731700000000E+005    3.0370650000000E+005
     512    1.2836300000000E+005    3.0623800000000E+005
     513    1.2876000000000E+005    3.0724150000000E+005
     514    1.2911150000000E+005    3.0809550000000E+005
     515    1.3044500000000E+005    3.1154750000000E+005
     516    1.3167150000000E+005    3.1447300000000E+005
     517    1.3294450000000E+005    3.1743900000000E+005
     518    1.3425100000000E+005    3.2057850000000E+005
     519    1.3545300000000E+005    3.2350350000000E+005
     520    1.3591450000000E+005    3.2453250000000E+005
     521    1.3631050000000E+005    3.2539950000000E+005
     522    1.3791900000000E+005    3.2920250000000E+005
     523    1.3939400000000E+005    3.3293100000000E+005
     524    1.3939400000000E+005    3.3293100000000E+005
     525    1.3939400000000E+005    3.3293100000000E+005
     526    1.3939400000000E+005    3.3293100000000E+005
     527    1.3939400000000E+005    3.3293100000000E+005
     528    1.3939400000000E+005    3.3293100000000E+005
     529    1.3939400000000E+005    3.3293100000000E+005
     530    1.3939400000000E+005    3.3293100000000E+005
     531    1.3939400000000E+005    3.3293100000000E+005
     532    1.3939400000000E+005    3.3293100000000E+005
     533    1.3939400000000E+005    3.3293100000000E+005
     534    1.3939400000000E+005    3.3293100000000E+005
     535    1.3939400000000E+005    3.3293100000000E+005
     536    1.3939400000000E+005    3.3293100000000E+005
     537    1.3939400000000E+005    3.3293100000000E+005
     538    1.3939400000000E+005    3.3293100000000E+005
     539    1.3939400000000E+005    3.3293100000000E+005
     540    1.3939400000000E+005    3.3293100000000E+005
