       2    1.0000000000000E+000    1.0000000000000E+000    1.0000000000000E+000
       3    1.0000000000000E+000    1.0000000000000E+000    1.0000000000000E+000
       4    1.0000000000000E+000    1.0000000000000E+000    1.0000000000000E+000
       5    1.0000000000000E+000    1.0000000000000E+000    1.0000000000000E+000
       6    1.0000000000000E+000    1.0000000000000E+000    1.0000000000000E+000
       7    1.0000000000000E+000    1.0000000000000E+000    9.9999977499939E-001
       8    1.0000000000000E+000    1.0000000000000E+000    9.9999864999632E-001
       9    1.0000000000000E+000    1.0000000000000E+000    9.9999842499570E-001
      10    1.0000000000000E+000    1.0000000000000E+000    9.9999729999264E-001
      11    9.2571428571429E-001    9.2571428571429E-001    9.9999639999018E-001
      12    8.5142857142857E-001    8.5142857142857E-001    9.9999527498711E-001
      13    7.7714285714286E-001    7.7714285714286E-001    9.9999392498343E-001
      14    7.0285714285714E-001    7.0285714285714E-001    9.9999189997791E-001
      15    6.2857142857143E-001    6.2857142857143E-001    9.9999009997300E-001
      16    5.5428571428571E-001    5.5428571428571E-001    9.9998784996686E-001
      17    4.8000000000000E-001    4.8000000000000E-001    9.9998559996073E-001
      18    4.8000000000000E-001    4.8000000000000E-001    9.9998424995705E-001
      19    4.8000000000000E-001    4.8000000000000E-001    9.9998222495153E-001
      20    4.8000000000000E-001    4.8000000000000E-001    9.9997907494294E-001
      21    4.8000000000000E-001    4.8000000000000E-001    9.9997682493680E-001
      22    4.8000000000000E-001    4.8000000000000E-001    9.9997479993128E-001
      23    4.8000000000000E-001    4.8000000000000E-001    9.9997254992515E-001
      24    4.8000000000000E-001    4.8000000000000E-001    9.9996984991778E-001
      25    4.8000000000000E-001    4.8000000000000E-001    9.9996624990797E-001
      26    4.8000000000000E-001    4.8000000000000E-001    9.9996242489754E-001
      27    4.8000000000000E-001    4.8000000000000E-001    9.9995972489019E-001
      28    4.8000000000000E-001    4.8000000000000E-001    9.9995454987608E-001
      29    4.8000000000000E-001    4.8000000000000E-001    9.9995184986873E-001
      30    4.8000000000000E-001    4.8000000000000E-001    9.9994802485831E-001
      31    4.8000000000000E-001    4.8000000000000E-001    9.9994374984666E-001
      32    4.8000000000000E-001    4.8000000000000E-001    9.9993789983073E-001
      33    4.8000000000000E-001    4.8000000000000E-001    9.9993227481541E-001
      34    4.8000000000000E-001    4.8000000000000E-001    9.9992754980255E-001
      35    4.8000000000000E-001    4.8000000000000E-001    9.9992282478970E-001
      36    4.8000000000000E-001    4.8000000000000E-001    9.9991809977684E-001
      37    4.8000000000000E-001    4.8000000000000E-001    9.9990684974625E-001
      38    4.8000000000000E-001    4.8000000000000E-001    9.9989829972302E-001
      39    4.8000000000000E-001    4.8000000000000E-001    9.9988907469798E-001
      40    4.8000000000000E-001    4.8000000000000E-001    9.9987939967173E-001
      41    4.8000000000000E-001    4.8000000000000E-001    9.9986994964611E-001
      42    4.8000000000000E-001    4.8000000000000E-001    9.9985959961809E-001
      43    4.8000000000000E-001    4.8000000000000E-001    9.9984879958887E-001
      44    4.8000000000000E-001    4.8000000000000E-001    9.9983822456031E-001
      45    4.8000000000000E-001    4.8000000000000E-001    9.9982922453602E-001
      46    4.8000000000000E-001    4.8000000000000E-001    9.9981414949541E-001
      47    4.8000000000000E-001    4.8000000000000E-001    9.9980087445973E-001
      48    4.8000000000000E-001    4.8000000000000E-001    9.9978287441145E-001
      49    4.8000000000000E-001    4.8000000000000E-001    9.9976779937113E-001
      50    4.8000000000000E-001    4.8000000000000E-001    9.9975227432973E-001
      51    4.8000000000000E-001    4.8000000000000E-001    9.9973697428904E-001
      52    4.8000000000000E-001    4.8000000000000E-001    9.9972032424491E-001
      53    4.8000000000000E-001    4.8000000000000E-001    9.9969917418908E-001
      54    4.8000000000000E-001    4.8000000000000E-001    9.9967419912351E-001
      55    4.6850000000000E-001    4.6850000000000E-001    9.9964832405602E-001
      56    4.5700000000000E-001    4.5700000000000E-001    9.9962717400121E-001
      57    4.4550000000000E-001    4.4550000000000E-001    9.9960129893463E-001
      58    4.3400000000000E-001    4.3400000000000E-001    9.9957249886117E-001
      59    4.2250000000000E-001    4.2250000000000E-001    9.9954392378900E-001
      60    4.1100000000000E-001    4.1100000000000E-001    9.9951309871200E-001
      61    3.9950000000000E-001    3.9950000000000E-001    9.9948452364147E-001
      62    3.8800000000000E-001    3.8800000000000E-001    9.9945234856310E-001
      63    3.7650000000000E-001    3.7650000000000E-001    9.9941612347625E-001
      64    3.6500000000000E-001    3.6500000000000E-001    9.9938102339360E-001
      65    3.5350000000000E-001    3.5350000000000E-001    9.9934367330736E-001
      66    3.4200000000000E-001    3.4200000000000E-001    9.9930902322904E-001
      67    3.3050000000000E-001    3.3050000000000E-001    9.9927122314554E-001
      68    3.1900000000000E-001    3.1900000000000E-001    9.9923229806178E-001
      69    3.2407407407407E-001    3.2407407407407E-001    9.9919472298318E-001
      70    3.0045180722892E-001    3.0045180722892E-001    9.9916097291457E-001
      71    3.3076923076923E-001    3.3076923076923E-001    9.9911979783352E-001
      72    1.7684210526316E-001    1.7684210526316E-001    9.9907592275052E-001
      73    1.7430278884462E-001    1.7430278884462E-001    9.9903474767593E-001
      74    3.1592520954223E-001    3.1592520954223E-001    9.9899177260166E-001
      75    3.0044843049327E-001    3.0044843049327E-001    9.9895172253587E-001
      76    2.4403266331658E-001    2.4403266331658E-001    9.9890739746707E-001
      77    2.1752641392169E-001    2.1752641392169E-001    9.9888107242828E-001
      78    2.3776009791922E-001    2.3776009791922E-001    9.9885474739107E-001
      79    1.4628149969269E-001    1.4628149969269E-001    9.9880457232469E-001
      80    1.4180478821363E-001    1.4180478821363E-001    9.9876182227297E-001
      81    2.0409429280397E-001    2.0409429280397E-001    9.9872649723372E-001
      82    2.1624203821656E-001    2.1624203821656E-001    9.9869027219685E-001
      83    2.4355670103093E-001    2.4355670103093E-001    9.9865314716270E-001
      84    2.1931524547804E-001    2.1931524547804E-001    9.9862524713954E-001
      85    1.9293125810636E-001    1.9293125810636E-001    9.9860522212426E-001
      86    1.2297297297297E-001    1.2297297297297E-001    9.9857529710356E-001
      87    1.0761705101328E-001    1.0761705101328E-001    9.9854289708409E-001
      88    2.4418604651163E-001    2.4418604651163E-001    9.9850397206484E-001
      89    2.0970042796006E-001    2.0970042796006E-001    9.9847067205205E-001
      90    2.5515463917526E-001    2.5515463917526E-001    9.9843669704257E-001
      91    2.3542600896861E-001    2.3542600896861E-001    9.9841937203915E-001
      92    2.3833205814843E-001    2.3833205814843E-001    9.9840429703696E-001
      93    1.2164296998420E-001    1.2164296998420E-001    9.9837099703477E-001
      94    1.3527960526316E-001    1.3527960526316E-001    9.9833972203607E-001
      95    2.0639534883721E-001    2.0639534883721E-001    9.9830417204159E-001
      96    1.6122278056951E-001    1.6122278056951E-001    9.9827132205057E-001
      97    2.0008532423208E-001    2.0008532423208E-001    9.9824072206237E-001
      98    1.6463414634146E-001    1.6463414634146E-001    9.9822542206953E-001
      99    1.9530558015943E-001    1.9530558015943E-001    9.9821102207704E-001
     100    1.3291139240506E-001    1.3291139240506E-001    9.9818379709333E-001
     101    7.5657894736842E-002    7.5657894736842E-002    9.9816332210738E-001
     102    1.4027370478983E-001    1.4027370478983E-001    9.9813429713000E-001
     103    1.6428571428571E-001    1.6428571428571E-001    9.9811764714443E-001
     104    1.2787056367432E-001    1.2787056367432E-001    9.9809492216584E-001
     105    1.1814345991561E-001    1.1814345991561E-001    9.9807827218280E-001
     106    1.5857605177994E-001    1.5857605177994E-001    9.9807039719120E-001
     107    8.4579976985040E-002    8.4579976985040E-002    9.9805487220848E-001
     108    1.1793020457280E-001    1.1793020457280E-001    9.9803574723109E-001
     109    4.0156453715776E-001    4.0156453715776E-001    9.9802404724564E-001
     110    5.2327221438646E-001    5.2327221438646E-001    9.9801032226341E-001
     111    2.6963746223565E-001    2.6963746223565E-001    9.9799704728133E-001
     112    3.1768388106416E-001    3.1768388106416E-001    9.9799052229040E-001
     113    0.0000000000000E+000    0.0000000000000E+000    9.9798129730353E-001
     114    0.0000000000000E+000    0.0000000000000E+000    9.9794867235277E-001
     115    0.0000000000000E+000    0.0000000000000E+000    9.9791177241385E-001
     116    0.0000000000000E+000    0.0000000000000E+000    9.9789714743966E-001
     117    0.0000000000000E+000    0.0000000000000E+000    9.9787397248244E-001
     118    0.0000000000000E+000    0.0000000000000E+000    9.9787397248244E-001
     119    0.0000000000000E+000    0.0000000000000E+000    9.9787397248244E-001
     120    0.0000000000000E+000    0.0000000000000E+000    9.9787397248244E-001
     121    0.0000000000000E+000    0.0000000000000E+000    9.9787397248244E-001
     122    0.0000000000000E+000    0.0000000000000E+000    9.9787397248244E-001
     123    0.0000000000000E+000    0.0000000000000E+000    9.9787397248244E-001
     124    0.0000000000000E+000    0.0000000000000E+000    9.9787397248244E-001
     125    0.0000000000000E+000    0.0000000000000E+000    9.9787397248244E-001
     126    0.0000000000000E+000    0.0000000000000E+000    9.9787397248244E-001
     127    0.0000000000000E+000    0.0000000000000E+000    9.9787397248244E-001
     128    0.0000000000000E+000    0.0000000000000E+000    9.9787397248244E-001
     129    0.0000000000000E+000    0.0000000000000E+000    9.9787397248244E-001
     130    0.0000000000000E+000    0.0000000000000E+000    9.9787397248244E-001
     131    0.0000000000000E+000    0.0000000000000E+000    9.9787397248244E-001
     132    0.0000000000000E+000    0.0000000000000E+000    9.9787397248244E-001
     133    0.0000000000000E+000    0.0000000000000E+000    9.9787397248244E-001
     134    0.0000000000000E+000    0.0000000000000E+000    9.9787397248244E-001
     135    0.0000000000000E+000    0.0000000000000E+000    9.9787397248244E-001
     136    0.0000000000000E+000    0.0000000000000E+000    9.9787397248244E-001
     137    0.0000000000000E+000    0.0000000000000E+000    9.9787397248244E-001
     138    0.0000000000000E+000    0.0000000000000E+000    9.9787397248244E-001
     139    0.0000000000000E+000    0.0000000000000E+000    9.9787397248244E-001
     140    0.0000000000000E+000    0.0000000000000E+000    9.9787397248244E-001
     141    0.0000000000000E+000    0.0000000000000E+000    9.9787397248244E-001
     142    0.0000000000000E+000    0.0000000000000E+000    9.9787397248244E-001
     143    0.0000000000000E+000    0.0000000000000E+000    9.9787397248244E-001
     144    0.0000000000000E+000    0.0000000000000E+000    9.9787397248244E-001
     145    0.0000000000000E+000    0.0000000000000E+000    9.9787397248244E-001
     146    0.0000000000000E+000    0.0000000000000E+000    9.9787397248244E-001
     147    0.0000000000000E+000    0.0000000000000E+000    9.9787397248244E-001
     148    0.0000000000000E+000    0.0000000000000E+000    9.9787397248244E-001
     149    0.0000000000000E+000    0.0000000000000E+000    9.9787397248244E-001
     150    0.0000000000000E+000    0.0000000000000E+000    9.9787397248244E-001
