       1    9.0000000000000E+000    9.0000000000000E+000
       2    9.0000000000000E+000    9.0000000000000E+000
       3    9.0000000000000E+000    9.0000000000000E+000
       4    9.0000000000000E+000    9.0000000000000E+000
       5    9.0000000000000E+000    9.0000000000000E+000
       6    1.0000000000000E+001    1.3000000000000E+001
       7    1.2000000000000E+001    1.6000000000000E+001
       8    1.5000000000000E+001    1.8000000000000E+001
       9    1.7000000000000E+001    2.1000000000000E+001
      10    1.9000000000000E+001    2.4000000000000E+001
      11    2.2000000000000E+001    2.8000000000000E+001
      12    2.6000000000000E+001    3.2000000000000E+001
      13    3.0000000000000E+001    3.8000000000000E+001
      14    3.5000000000000E+001    4.4000000000000E+001
      15    3.9000000000000E+001    5.0000000000000E+001
      16    4.3000000000000E+001    5.5000000000000E+001
      17    4.6000000000000E+001    5.9000000000000E+001
      18    5.0000000000000E+001    6.5000000000000E+001
      19    5.5000000000000E+001    7.1000000000000E+001
      20    6.0000000000000E+001    7.8000000000000E+001
      21    6.6000000000000E+001    8.5000000000000E+001
      22    7.3000000000000E+001    9.3000000000000E+001
      23    7.8000000000000E+001    1.0100000000000E+002
      24    8.4000000000000E+001    1.1000000000000E+002
      25    9.1000000000000E+001    1.1900000000000E+002
      26    9.8000000000000E+001    1.2800000000000E+002
      27    1.0600000000000E+002    1.3900000000000E+002
      28    1.1400000000000E+002    1.5000000000000E+002
      29    1.2300000000000E+002    1.6200000000000E+002
      30    1.3200000000000E+002    1.7400000000000E+002
      31    1.4200000000000E+002    1.8800000000000E+002
      32    1.5200000000000E+002    2.0200000000000E+002
      33    1.6200000000000E+002    2.1700000000000E+002
      34    1.7400000000000E+002    2.3300000000000E+002
      35    1.8600000000000E+002    2.4900000000000E+002
      36    1.9900000000000E+002    2.6600000000000E+002
      37    2.1200000000000E+002    2.8500000000000E+002
      38    2.2700000000000E+002    3.0500000000000E+002
      39    2.4300000000000E+002    3.2700000000000E+002
      40    2.5850000000000E+002    3.5000000000000E+002
      41    2.7500000000000E+002    3.7400000000000E+002
      42    2.9400000000000E+002    3.9900000000000E+002
      43    3.1400000000000E+002    4.2550000000000E+002
      44    3.3400000000000E+002    4.5400000000000E+002
      45    3.5600000000000E+002    4.8500000000000E+002
      46    3.7800000000000E+002    5.1700000000000E+002
      47    4.0300000000000E+002    5.5200000000000E+002
      48    4.3000000000000E+002    5.8900000000000E+002
      49    4.5700000000000E+002    6.2700000000000E+002
      50    4.8700000000000E+002    6.6800000000000E+002
      51    5.1700000000000E+002    7.1200000000000E+002
      52    5.5100000000000E+002    7.5850000000000E+002
      53    5.8600000000000E+002    8.0700000000000E+002
      54    6.2200000000000E+002    8.5900000000000E+002
      55    6.6100000000000E+002    9.1400000000000E+002
      56    7.0250000000000E+002    9.7200000000000E+002
      57    7.4800000000000E+002    1.0350000000000E+003
      58    7.9400000000000E+002    1.1000000000000E+003
      59    8.4400000000000E+002    1.1710000000000E+003
      60    8.9700000000000E+002    1.2450000000000E+003
      61    9.5200000000000E+002    1.3250000000000E+003
      62    1.0105000000000E+003    1.4080000000000E+003
      63    1.0740000000000E+003    1.4960000000000E+003
      64    1.1390000000000E+003    1.5890000000000E+003
      65    1.2090000000000E+003    1.6895000000000E+003
      66    1.2840000000000E+003    1.7940000000000E+003
      67    1.3630000000000E+003    1.9060000000000E+003
      68    1.4470000000000E+003    2.0260000000000E+003
      69    1.5375000000000E+003    2.1530000000000E+003
      70    1.6335000000000E+003    2.2810000000000E+003
      71    1.7320000000000E+003    2.4095000000000E+003
      72    1.8410000000000E+003    2.5460000000000E+003
      73    1.9520000000000E+003    2.6720000000000E+003
      74    2.0725000000000E+003    2.7300000000000E+003
      75    2.2005000000000E+003    2.9170000000000E+003
      76    2.3335000000000E+003    3.1105000000000E+003
      77    2.4640000000000E+003    3.2895000000000E+003
      78    2.6360000000000E+003    3.5255000000000E+003
      79    2.8090000000000E+003    3.7425000000000E+003
      80    2.9560000000000E+003    3.9340000000000E+003
      81    3.0120000000000E+003    3.9980000000000E+003
      82    3.1855000000000E+003    4.2255000000000E+003
      83    3.3365000000000E+003    4.4230000000000E+003
      84    3.5085000000000E+003    4.6370000000000E+003
      85    3.6550000000000E+003    4.8270000000000E+003
      86    3.8015000000000E+003    5.0080000000000E+003
      87    3.9470000000000E+003    5.1970000000000E+003
      88    4.0175000000000E+003    5.2840000000000E+003
      89    4.2050000000000E+003    5.5180000000000E+003
      90    4.3560000000000E+003    5.7030000000000E+003
      91    4.5410000000000E+003    5.9350000000000E+003
      92    4.7090000000000E+003    6.1485000000000E+003
      93    4.8785000000000E+003    6.3630000000000E+003
      94    5.0100000000000E+003    6.5335000000000E+003
      95    5.0630000000000E+003    6.6005000000000E+003
      96    5.2625000000000E+003    6.8565000000000E+003
      97    5.4410000000000E+003    7.0850000000000E+003
      98    5.6025000000000E+003    7.2885000000000E+003
      99    5.7815000000000E+003    7.5190000000000E+003
     100    5.9610000000000E+003    7.7420000000000E+003
     101    6.0900000000000E+003    7.9140000000000E+003
     102    6.1670000000000E+003    8.0120000000000E+003
     103    6.3595000000000E+003    8.2395000000000E+003
     104    6.5290000000000E+003    8.4630000000000E+003
     105    6.7520000000000E+003    8.7320000000000E+003
     106    6.9490000000000E+003    8.9935000000000E+003
     107    7.1465000000000E+003    9.2435000000000E+003
     108    7.3135000000000E+003    9.4510000000000E+003
     109    7.3725000000000E+003    9.5195000000000E+003
     110    7.6200000000000E+003    9.8355000000000E+003
     111    7.8505000000000E+003    1.0122000000000E+004
     112    8.0510000000000E+003    1.0373000000000E+004
     113    8.2135000000000E+003    1.0578500000000E+004
     114    8.4035000000000E+003    1.0826000000000E+004
     115    8.5100000000000E+003    1.0969500000000E+004
     116    8.5750000000000E+003    1.1048500000000E+004
     117    8.7500000000000E+003    1.1266500000000E+004
     118    8.9420000000000E+003    1.1513000000000E+004
     119    9.0920000000000E+003    1.1701000000000E+004
     120    9.2650000000000E+003    1.1926000000000E+004
     121    9.4370000000000E+003    1.2137000000000E+004
     122    9.5510000000000E+003    1.2278000000000E+004
     123    9.6110000000000E+003    1.2366000000000E+004
     124    9.8055000000000E+003    1.2604000000000E+004
     125    9.9695000000000E+003    1.2819000000000E+004
     126    1.0142500000000E+004    1.3029500000000E+004
     127    1.0290000000000E+004    1.3226500000000E+004
     128    1.0445000000000E+004    1.3429000000000E+004
     129    1.0559000000000E+004    1.3579000000000E+004
     130    1.0614000000000E+004    1.3647000000000E+004
     131    1.0777000000000E+004    1.3853500000000E+004
     132    1.0920000000000E+004    1.4033500000000E+004
     133    1.1084500000000E+004    1.4233000000000E+004
     134    1.1206500000000E+004    1.4400500000000E+004
     135    1.1347000000000E+004    1.4569000000000E+004
     136    1.1427000000000E+004    1.4668500000000E+004
     137    1.1461500000000E+004    1.4711000000000E+004
     138    1.1593000000000E+004    1.4883000000000E+004
     139    1.1757500000000E+004    1.5089000000000E+004
     140    1.1902000000000E+004    1.5262500000000E+004
     141    1.2002000000000E+004    1.5398000000000E+004
     142    1.2094000000000E+004    1.5515000000000E+004
     143    1.2188500000000E+004    1.5638000000000E+004
     144    1.2217500000000E+004    1.5670000000000E+004
     145    1.2346500000000E+004    1.5825500000000E+004
     146    1.2445000000000E+004    1.5951500000000E+004
     147    1.2564000000000E+004    1.6102000000000E+004
     148    1.2688500000000E+004    1.6265000000000E+004
     149    1.2795500000000E+004    1.6404500000000E+004
     150    1.2884500000000E+004    1.6522000000000E+004
     151    1.2919000000000E+004    1.6560500000000E+004
     152    1.3040500000000E+004    1.6713000000000E+004
     153    1.3164500000000E+004    1.6873500000000E+004
     154    1.3250500000000E+004    1.6989500000000E+004
     155    1.3343500000000E+004    1.7101000000000E+004
     156    1.3446000000000E+004    1.7223000000000E+004
     157    1.3516500000000E+004    1.7322000000000E+004
     158    1.3546000000000E+004    1.7357000000000E+004
     159    1.3700000000000E+004    1.7541500000000E+004
     160    1.3794000000000E+004    1.7668500000000E+004
     161    1.3892500000000E+004    1.7785500000000E+004
     162    1.4004500000000E+004    1.7933000000000E+004
     163    1.4073000000000E+004    1.8018000000000E+004
     164    1.4139500000000E+004    1.8114500000000E+004
     165    1.4160000000000E+004    1.8143000000000E+004
     166    1.4257500000000E+004    1.8265000000000E+004
     167    1.4372000000000E+004    1.8412500000000E+004
     168    1.4457500000000E+004    1.8519000000000E+004
     169    1.4566500000000E+004    1.8670500000000E+004
     170    1.4647500000000E+004    1.8796000000000E+004
     171    1.4742500000000E+004    1.8913000000000E+004
     172    1.4768000000000E+004    1.8949000000000E+004
     173    1.4906500000000E+004    1.9113000000000E+004
     174    1.5026500000000E+004    1.9272500000000E+004
     175    1.5161500000000E+004    1.9451500000000E+004
     176    1.5273500000000E+004    1.9598500000000E+004
     177    1.5367000000000E+004    1.9698500000000E+004
     178    1.5529500000000E+004    1.9892000000000E+004
     179    1.5557500000000E+004    1.9928000000000E+004
     180    1.5685000000000E+004    2.0087000000000E+004
     181    1.5825500000000E+004    2.0261500000000E+004
     182    1.5939500000000E+004    2.0408500000000E+004
     183    1.6085000000000E+004    2.0597500000000E+004
     184    1.6174000000000E+004    2.0708500000000E+004
     185    1.6278500000000E+004    2.0845500000000E+004
     186    1.6309500000000E+004    2.0881000000000E+004
     187    1.6471000000000E+004    2.1083000000000E+004
     188    1.6614000000000E+004    2.1269000000000E+004
     189    1.6753500000000E+004    2.1435500000000E+004
     190    1.6836500000000E+004    2.1552000000000E+004
     191    1.6942500000000E+004    2.1680500000000E+004
     192    1.7030500000000E+004    2.1809000000000E+004
     193    1.7070000000000E+004    2.1868000000000E+004
     194    1.7238500000000E+004    2.2100500000000E+004
     195    1.7400000000000E+004    2.2287500000000E+004
     196    1.7506500000000E+004    2.2420500000000E+004
     197    1.7632500000000E+004    2.2575500000000E+004
     198    1.7729500000000E+004    2.2704000000000E+004
     199    1.7817500000000E+004    2.2830000000000E+004
     200    1.7872000000000E+004    2.2897500000000E+004
     201    1.7997500000000E+004    2.3058000000000E+004
     202    1.8154500000000E+004    2.3249000000000E+004
     203    1.8283500000000E+004    2.3429500000000E+004
     204    1.8394000000000E+004    2.3572000000000E+004
     205    1.8518000000000E+004    2.3727000000000E+004
     206    1.8650500000000E+004    2.3885000000000E+004
     207    1.8705500000000E+004    2.3949000000000E+004
     208    1.8814500000000E+004    2.4096000000000E+004
     209    1.8948000000000E+004    2.4277500000000E+004
     210    1.9077500000000E+004    2.4436500000000E+004
     211    1.9184500000000E+004    2.4573500000000E+004
     212    1.9313000000000E+004    2.4735000000000E+004
     213    1.9386000000000E+004    2.4824000000000E+004
     214    1.9423000000000E+004    2.4871000000000E+004
     215    1.9544000000000E+004    2.5022500000000E+004
     216    1.9647000000000E+004    2.5153000000000E+004
     217    1.9774500000000E+004    2.5310500000000E+004
     218    1.9875000000000E+004    2.5438000000000E+004
     219    1.9968500000000E+004    2.5567000000000E+004
     220    2.0053000000000E+004    2.5679500000000E+004
     221    2.0111500000000E+004    2.5757000000000E+004
     222    2.0218000000000E+004    2.5900000000000E+004
     223    2.0343000000000E+004    2.6070000000000E+004
     224    2.0419500000000E+004    2.6166500000000E+004
     225    2.0511500000000E+004    2.6295000000000E+004
     226    2.0600000000000E+004    2.6407000000000E+004
     227    2.0651500000000E+004    2.6477500000000E+004
     228    2.0682000000000E+004    2.6518000000000E+004
     229    2.0726500000000E+004    2.6580500000000E+004
     230    2.0868500000000E+004    2.6763000000000E+004
     231    2.0974000000000E+004    2.6897500000000E+004
     232    2.1054500000000E+004    2.7004500000000E+004
     233    2.1159000000000E+004    2.7126500000000E+004
     234    2.1227500000000E+004    2.7215000000000E+004
     235    2.1252500000000E+004    2.7253000000000E+004
     236    2.1402500000000E+004    2.7443000000000E+004
     237    2.1533500000000E+004    2.7616500000000E+004
     238    2.1636000000000E+004    2.7766500000000E+004
     239    2.1740500000000E+004    2.7907000000000E+004
     240    2.1840500000000E+004    2.8034000000000E+004
     241    2.1910500000000E+004    2.8125500000000E+004
     242    2.1976000000000E+004    2.8218500000000E+004
     243    2.2043500000000E+004    2.8309500000000E+004
     244    2.2165000000000E+004    2.8465500000000E+004
     245    2.2273000000000E+004    2.8590000000000E+004
     246    2.2361500000000E+004    2.8705000000000E+004
     247    2.2435500000000E+004    2.8796000000000E+004
     248    2.2500500000000E+004    2.8877000000000E+004
     249    2.2556000000000E+004    2.8940000000000E+004
     250    2.2660500000000E+004    2.9081500000000E+004
     251    2.2760500000000E+004    2.9208500000000E+004
     252    2.2852000000000E+004    2.9333000000000E+004
     253    2.2946500000000E+004    2.9452500000000E+004
     254    2.3014500000000E+004    2.9546500000000E+004
     255    2.3087000000000E+004    2.9641000000000E+004
     256    2.3116000000000E+004    2.9675500000000E+004
     257    2.3278000000000E+004    2.9873500000000E+004
     258    2.3403000000000E+004    3.0039000000000E+004
     259    2.3552500000000E+004    3.0216000000000E+004
     260    2.3677000000000E+004    3.0395000000000E+004
     261    2.3797500000000E+004    3.0546500000000E+004
     262    2.3880500000000E+004    3.0651500000000E+004
     263    2.3930500000000E+004    3.0710000000000E+004
     264    2.4078500000000E+004    3.0896000000000E+004
     265    2.4191000000000E+004    3.1054500000000E+004
     266    2.4328500000000E+004    3.1224500000000E+004
     267    2.4442500000000E+004    3.1380000000000E+004
     268    2.4618500000000E+004    3.1606500000000E+004
     269    2.4719000000000E+004    3.1743500000000E+004
     270    2.4751000000000E+004    3.1783000000000E+004
     271    2.4923500000000E+004    3.2000500000000E+004
     272    2.5073000000000E+004    3.2212500000000E+004
     273    2.5236500000000E+004    3.2409500000000E+004
     274    2.5409000000000E+004    3.2639500000000E+004
     275    2.5568000000000E+004    3.2832000000000E+004
     276    2.5693000000000E+004    3.3002000000000E+004
     277    2.5751500000000E+004    3.3094000000000E+004
     278    2.5968500000000E+004    3.3369500000000E+004
     279    2.6148500000000E+004    3.3615500000000E+004
     280    2.6381000000000E+004    3.3917000000000E+004
     281    2.6537500000000E+004    3.4123500000000E+004
     282    2.6590000000000E+004    3.4191000000000E+004
     283    2.6766500000000E+004    3.4439000000000E+004
     284    2.6844500000000E+004    3.4540000000000E+004
     285    2.7098500000000E+004    3.4874000000000E+004
     286    2.7331500000000E+004    3.5182500000000E+004
     287    2.7561000000000E+004    3.5490500000000E+004
     288    2.7727000000000E+004    3.5714000000000E+004
     289    2.7772500000000E+004    3.5778000000000E+004
     290    2.8008000000000E+004    3.6053500000000E+004
     291    2.8103000000000E+004    3.6180000000000E+004
     292    2.8419000000000E+004    3.6587000000000E+004
     293    2.8744000000000E+004    3.7006000000000E+004
     294    2.9064000000000E+004    3.7419000000000E+004
     295    2.9359500000000E+004    3.7818000000000E+004
     296    2.9646000000000E+004    3.8223000000000E+004
     297    2.9864500000000E+004    3.8531000000000E+004
     298    2.9971500000000E+004    3.8681500000000E+004
     299    3.0314500000000E+004    3.9147000000000E+004
     300    3.0538000000000E+004    3.9447500000000E+004
     301    3.0804500000000E+004    3.9813000000000E+004
     302    3.1024500000000E+004    4.0111000000000E+004
     303    3.1297000000000E+004    4.0468500000000E+004
     304    3.1481000000000E+004    4.0713000000000E+004
     305    3.1570500000000E+004    4.0829000000000E+004
     306    3.1835500000000E+004    4.1165000000000E+004
     307    3.2154500000000E+004    4.1596500000000E+004
     308    3.2383500000000E+004    4.1906000000000E+004
     309    3.2600000000000E+004    4.2193500000000E+004
     310    3.2809500000000E+004    4.2471000000000E+004
     311    3.2935500000000E+004    4.2635000000000E+004
     312    3.3034000000000E+004    4.2758500000000E+004
     313    3.3280000000000E+004    4.3078000000000E+004
     314    3.3531000000000E+004    4.3407000000000E+004
     315    3.3762500000000E+004    4.3730000000000E+004
     316    3.3961500000000E+004    4.3993000000000E+004
     317    3.4111500000000E+004    4.4213500000000E+004
     318    3.4242500000000E+004    4.4380500000000E+004
     319    3.4315000000000E+004    4.4481500000000E+004
     320    3.4433500000000E+004    4.4650500000000E+004
     321    3.4627500000000E+004    4.4909000000000E+004
     322    3.4811500000000E+004    4.5158000000000E+004
     323    3.4985000000000E+004    4.5404000000000E+004
     324    3.5170500000000E+004    4.5645000000000E+004
     325    3.5297500000000E+004    4.5818000000000E+004
     326    3.5343500000000E+004    4.5897000000000E+004
     327    3.5564500000000E+004    4.6177000000000E+004
     328    3.5721500000000E+004    4.6398500000000E+004
     329    3.5914000000000E+004    4.6658000000000E+004
     330    3.6059500000000E+004    4.6866500000000E+004
     331    3.6212000000000E+004    4.7080500000000E+004
     332    3.6311000000000E+004    4.7223000000000E+004
     333    3.6362000000000E+004    4.7291500000000E+004
     334    3.6527500000000E+004    4.7527500000000E+004
     335    3.6687000000000E+004    4.7743000000000E+004
     336    3.6843000000000E+004    4.7940500000000E+004
     337    3.6995500000000E+004    4.8116000000000E+004
     338    3.7125500000000E+004    4.8281500000000E+004
     339    3.7221000000000E+004    4.8416000000000E+004
     340    3.7275500000000E+004    4.8495500000000E+004
     341    3.7461500000000E+004    4.8755000000000E+004
     342    3.7606500000000E+004    4.8948500000000E+004
     343    3.7802000000000E+004    4.9217000000000E+004
     344    3.7941000000000E+004    4.9394500000000E+004
     345    3.8130500000000E+004    4.9640000000000E+004
     346    3.8228500000000E+004    4.9768000000000E+004
     347    3.8273500000000E+004    4.9832500000000E+004
     348    3.8480500000000E+004    5.0130000000000E+004
     349    3.8666500000000E+004    5.0376000000000E+004
     350    3.8796500000000E+004    5.0547000000000E+004
     351    3.8930500000000E+004    5.0734000000000E+004
     352    3.9034500000000E+004    5.0883500000000E+004
     353    3.9118500000000E+004    5.0984500000000E+004
     354    3.9172500000000E+004    5.1067000000000E+004
     355    3.9316000000000E+004    5.1270000000000E+004
     356    3.9489500000000E+004    5.1488000000000E+004
     357    3.9641500000000E+004    5.1661000000000E+004
     358    3.9774500000000E+004    5.1839000000000E+004
     359    3.9866500000000E+004    5.1952000000000E+004
     360    3.9914500000000E+004    5.2006500000000E+004
     361    3.9962000000000E+004    5.2063000000000E+004
     362    4.0033500000000E+004    5.2177500000000E+004
     363    4.0138500000000E+004    5.2293000000000E+004
     364    4.0238000000000E+004    5.2420500000000E+004
     365    4.0339500000000E+004    5.2559500000000E+004
     366    4.0482500000000E+004    5.2754000000000E+004
     367    4.0548500000000E+004    5.2845000000000E+004
     368    4.0577000000000E+004    5.2899500000000E+004
     369    4.0664000000000E+004    5.3010500000000E+004
     370    4.0771500000000E+004    5.3147500000000E+004
     371    4.0853500000000E+004    5.3254000000000E+004
     372    4.0959500000000E+004    5.3398000000000E+004
     373    4.1030500000000E+004    5.3498000000000E+004
     374    4.1092500000000E+004    5.3576500000000E+004
     375    4.1132500000000E+004    5.3621000000000E+004
     376    4.1225000000000E+004    5.3764500000000E+004
     377    4.1295500000000E+004    5.3860000000000E+004
     378    4.1385000000000E+004    5.3975500000000E+004
     379    4.1444500000000E+004    5.4047500000000E+004
     380    4.1479500000000E+004    5.4096500000000E+004
     381    4.1529500000000E+004    5.4167500000000E+004
     382    4.1567000000000E+004    5.4206500000000E+004
     383    4.1658500000000E+004    5.4328500000000E+004
     384    4.1743500000000E+004    5.4437500000000E+004
     385    4.1813000000000E+004    5.4520500000000E+004
     386    4.1878000000000E+004    5.4609500000000E+004
     387    4.1927500000000E+004    5.4671500000000E+004
     388    4.1965500000000E+004    5.4716500000000E+004
     389    4.1979000000000E+004    5.4741500000000E+004
     390    4.2075000000000E+004    5.4861500000000E+004
     391    4.2143000000000E+004    5.4946000000000E+004
     392    4.2209000000000E+004    5.5032500000000E+004
     393    4.2280000000000E+004    5.5119500000000E+004
     394    4.2321500000000E+004    5.5179000000000E+004
     395    4.2352500000000E+004    5.5223500000000E+004
     396    4.2368500000000E+004    5.5247000000000E+004
     397    4.2437500000000E+004    5.5329500000000E+004
     398    4.2470500000000E+004    5.5377500000000E+004
     399    4.2512000000000E+004    5.5433000000000E+004
     400    4.2562500000000E+004    5.5494500000000E+004
     401    4.2618500000000E+004    5.5565000000000E+004
     402    4.2649500000000E+004    5.5608500000000E+004
     403    4.2675500000000E+004    5.5641000000000E+004
     404    4.2753000000000E+004    5.5735000000000E+004
     405    4.2792500000000E+004    5.5794500000000E+004
     406    4.2860000000000E+004    5.5877000000000E+004
     407    4.2897000000000E+004    5.5928000000000E+004
     408    4.2943500000000E+004    5.5996000000000E+004
     409    4.2972000000000E+004    5.6029500000000E+004
     410    4.2988500000000E+004    5.6046000000000E+004
     411    4.3036000000000E+004    5.6108000000000E+004
     412    4.3064000000000E+004    5.6146000000000E+004
     413    4.3141500000000E+004    5.6243500000000E+004
     414    4.3189500000000E+004    5.6308500000000E+004
     415    4.3229000000000E+004    5.6361000000000E+004
     416    4.3270500000000E+004    5.6405500000000E+004
     417    4.3284000000000E+004    5.6421500000000E+004
     418    4.3313500000000E+004    5.6453500000000E+004
     419    4.3357500000000E+004    5.6512000000000E+004
     420    4.3392000000000E+004    5.6565000000000E+004
     421    4.3420000000000E+004    5.6595000000000E+004
     422    4.3446500000000E+004    5.6628000000000E+004
     423    4.3466500000000E+004    5.6655500000000E+004
     424    4.3474000000000E+004    5.6673500000000E+004
     425    4.3511000000000E+004    5.6720000000000E+004
     426    4.3547000000000E+004    5.6777000000000E+004
     427    4.3584000000000E+004    5.6820000000000E+004
     428    4.3610000000000E+004    5.6850000000000E+004
     429    4.3632000000000E+004    5.6875000000000E+004
     430    4.3652000000000E+004    5.6895500000000E+004
     431    4.3663000000000E+004    5.6913500000000E+004
     432    4.3700000000000E+004    5.6967000000000E+004
     433    4.3737000000000E+004    5.7018500000000E+004
     434    4.3789500000000E+004    5.7079000000000E+004
     435    4.3814000000000E+004    5.7109500000000E+004
     436    4.3848500000000E+004    5.7158500000000E+004
     437    4.3871000000000E+004    5.7189500000000E+004
     438    4.3882500000000E+004    5.7205000000000E+004
     439    4.3911500000000E+004    5.7237000000000E+004
     440    4.3927500000000E+004    5.7266500000000E+004
     441    4.3945000000000E+004    5.7290000000000E+004
     442    4.3975000000000E+004    5.7329000000000E+004
     443    4.3992500000000E+004    5.7363000000000E+004
     444    4.4013000000000E+004    5.7381000000000E+004
     445    4.4030000000000E+004    5.7401000000000E+004
     446    4.4086000000000E+004    5.7467000000000E+004
     447    4.4129500000000E+004    5.7512500000000E+004
     448    4.4151500000000E+004    5.7542000000000E+004
     449    4.4179000000000E+004    5.7587000000000E+004
     450    4.4198000000000E+004    5.7610000000000E+004
     451    4.4216500000000E+004    5.7642500000000E+004
     452    4.4231000000000E+004    5.7658500000000E+004
     453    4.4297000000000E+004    5.7732000000000E+004
     454    4.4320000000000E+004    5.7767000000000E+004
     455    4.4353000000000E+004    5.7815000000000E+004
     456    4.4384000000000E+004    5.7873500000000E+004
     457    4.4416500000000E+004    5.7925000000000E+004
     458    4.4460500000000E+004    5.7990500000000E+004
     459    4.4476500000000E+004    5.8007000000000E+004
     460    4.4507000000000E+004    5.8045500000000E+004
     461    4.4556500000000E+004    5.8110000000000E+004
     462    4.4634500000000E+004    5.8201000000000E+004
     463    4.4714000000000E+004    5.8289500000000E+004
     464    4.4796000000000E+004    5.8403000000000E+004
     465    4.4843500000000E+004    5.8459500000000E+004
     466    4.4877000000000E+004    5.8498500000000E+004
     467    4.4993500000000E+004    5.8653500000000E+004
     468    4.5073500000000E+004    5.8789500000000E+004
     469    4.5178000000000E+004    5.8910000000000E+004
     470    4.5287000000000E+004    5.9064500000000E+004
     471    4.5440500000000E+004    5.9249500000000E+004
     472    4.5495500000000E+004    5.9339000000000E+004
     473    4.5567000000000E+004    5.9435000000000E+004
     474    4.5748000000000E+004    5.9658000000000E+004
     475    4.5903000000000E+004    5.9887500000000E+004
     476    4.6050000000000E+004    6.0087500000000E+004
     477    4.6204000000000E+004    6.0308500000000E+004
     478    4.6383000000000E+004    6.0533500000000E+004
     479    4.6510000000000E+004    6.0738000000000E+004
     480    4.6618500000000E+004    6.0894500000000E+004
     481    4.6860500000000E+004    6.1207500000000E+004
     482    4.7089000000000E+004    6.1552500000000E+004
     483    4.7357000000000E+004    6.1864000000000E+004
     484    4.7583000000000E+004    6.2189500000000E+004
     485    4.7893500000000E+004    6.2589500000000E+004
     486    4.8097500000000E+004    6.2842000000000E+004
     487    4.8241500000000E+004    6.3041500000000E+004
     488    4.8672000000000E+004    6.3581000000000E+004
     489    4.9039500000000E+004    6.4041500000000E+004
     490    4.9375500000000E+004    6.4481500000000E+004
     491    4.9716000000000E+004    6.4953000000000E+004
     492    5.0054000000000E+004    6.5403500000000E+004
     493    5.0219000000000E+004    6.5616500000000E+004
     494    5.0357500000000E+004    6.5814000000000E+004
     495    5.0776000000000E+004    6.6349500000000E+004
     496    5.1160500000000E+004    6.6857000000000E+004
     497    5.1489500000000E+004    6.7332500000000E+004
     498    5.1817500000000E+004    6.7802000000000E+004
     499    5.2119500000000E+004    6.8228000000000E+004
     500    5.2249000000000E+004    6.8425500000000E+004
     501    5.2409500000000E+004    6.8642000000000E+004
     502    5.2794000000000E+004    6.9177000000000E+004
     503    5.3109000000000E+004    6.9655500000000E+004
     504    5.3439500000000E+004    7.0068000000000E+004
     505    5.3802000000000E+004    7.0535500000000E+004
     506    5.4086000000000E+004    7.0945000000000E+004
     507    5.4261500000000E+004    7.1162000000000E+004
     508    5.4418000000000E+004    7.1356500000000E+004
     509    5.4837000000000E+004    7.1908500000000E+004
     510    5.5143500000000E+004    7.2324500000000E+004
     511    5.5143500000000E+004    7.2324500000000E+004
     512    5.5143500000000E+004    7.2324500000000E+004
     513    5.5143500000000E+004    7.2324500000000E+004
     514    5.5143500000000E+004    7.2324500000000E+004
     515    5.5143500000000E+004    7.2324500000000E+004
     516    5.5143500000000E+004    7.2324500000000E+004
     517    5.5143500000000E+004    7.2324500000000E+004
     518    5.5143500000000E+004    7.2324500000000E+004
     519    5.5143500000000E+004    7.2324500000000E+004
     520    5.5143500000000E+004    7.2324500000000E+004
     521    5.5143500000000E+004    7.2324500000000E+004
     522    5.5143500000000E+004    7.2324500000000E+004
     523    5.5143500000000E+004    7.2324500000000E+004
     524    5.5143500000000E+004    7.2324500000000E+004
     525    5.5143500000000E+004    7.2324500000000E+004
     526    5.5143500000000E+004    7.2324500000000E+004
     527    5.5143500000000E+004    7.2324500000000E+004
     528    5.5143500000000E+004    7.2324500000000E+004
     529    5.5143500000000E+004    7.2324500000000E+004
     530    5.5143500000000E+004    7.2324500000000E+004
     531    5.5143500000000E+004    7.2324500000000E+004
     532    5.5143500000000E+004    7.2324500000000E+004
     533    5.5143500000000E+004    7.2324500000000E+004
     534    5.5143500000000E+004    7.2324500000000E+004
     535    5.5143500000000E+004    7.2324500000000E+004
     536    5.5143500000000E+004    7.2324500000000E+004
     537    5.5143500000000E+004    7.2324500000000E+004
     538    5.5143500000000E+004    7.2324500000000E+004
     539    5.5143500000000E+004    7.2324500000000E+004
     540    5.5143500000000E+004    7.2324500000000E+004
