       1    1.0000000000000E+000    1.0000000000000E+000    1.0000000000000E+000
       2    1.0000000000000E+000    1.0000000000000E+000    1.0000000000000E+000
       3    1.0000000000000E+000    1.0000000000000E+000    1.0000000000000E+000
       4    1.0000000000000E+000    1.0000000000000E+000    1.0000000000000E+000
       5    1.0000000000000E+000    1.0000000000000E+000    1.0000000000000E+000
       6    1.0000000000000E+000    1.0000000000000E+000    1.0000000000000E+000
       7    9.9999977499995E-001    1.0000000000000E+000    9.9999977499995E-001
       8    9.9999977499995E-001    1.0000000000000E+000    9.9999977499995E-001
       9    9.9999977499995E-001    1.0000000000000E+000    9.9999977499995E-001
      10    9.9999977499995E-001    1.0000000000000E+000    9.9999977499995E-001
      11    9.9999977499995E-001    1.0000000000000E+000    9.9999977499995E-001
      12    9.9999977499995E-001    1.0000000000000E+000    9.9999977499995E-001
      13    9.9999909999980E-001    1.0000000000000E+000    9.9999909999980E-001
      14    9.9999909999980E-001    1.0000000000000E+000    9.9999909999980E-001
      15    9.9999887499974E-001    1.0000000000000E+000    9.9999887499974E-001
      16    9.9999887499974E-001    1.0000000000000E+000    9.9999887499974E-001
      17    9.9999887499974E-001    1.0000000000000E+000    9.9999887499974E-001
      18    9.9999887499974E-001    1.0000000000000E+000    9.9999887499974E-001
      19    9.9999864999969E-001    1.0000000000000E+000    9.9999864999969E-001
      20    9.9999864999969E-001    1.0000000000000E+000    9.9999864999969E-001
      21    9.9999842499964E-001    1.0000000000000E+000    9.9999842499964E-001
      22    9.9999842499964E-001    1.0000000000000E+000    9.9999842499964E-001
      23    9.9999842499964E-001    1.0000000000000E+000    9.9999842499964E-001
      24    9.9999774999949E-001    1.0000000000000E+000    9.9999774999949E-001
      25    9.9999774999949E-001    1.0000000000000E+000    9.9999774999949E-001
      26    9.9999729999939E-001    1.0000000000000E+000    9.9999729999939E-001
      27    9.9999684999928E-001    1.0000000000000E+000    9.9999684999928E-001
      28    9.9999684999928E-001    1.0000000000000E+000    9.9999684999928E-001
      29    9.9999549999898E-001    1.0000000000000E+000    9.9999549999898E-001
      30    9.9999549999898E-001    1.0000000000000E+000    9.9999549999898E-001
      31    9.9999414999867E-001    1.0000000000000E+000    9.9999414999867E-001
      32    9.9999369999857E-001    1.0000000000000E+000    9.9999369999857E-001
      33    9.9999234999826E-001    1.0000000000000E+000    9.9999234999826E-001
      34    9.9999144999806E-001    1.0000000000000E+000    9.9999144999806E-001
      35    9.9999054999785E-001    1.0000000000000E+000    9.9999054999785E-001
      36    9.9998964999765E-001    1.0000000000000E+000    9.9998964999765E-001
      37    9.9998942499760E-001    1.0000000000000E+000    9.9998942499760E-001
      38    9.9998717499709E-001    1.0000000000000E+000    9.9998717499709E-001
      39    9.9998424999642E-001    1.0000000000000E+000    9.9998424999642E-001
      40    9.9997997499545E-001    1.0000000000000E+000    9.9997997499545E-001
      41    9.9997929999530E-001    1.0000000000000E+000    9.9997929999530E-001
      42    9.9997704999479E-001    1.0000000000000E+000    9.9997704999479E-001
      43    9.9997434999418E-001    1.0000000000000E+000    9.9997434999418E-001
      44    9.9997209999367E-001    1.0000000000000E+000    9.9997209999367E-001
      45    9.9996579999224E-001    1.0000000000000E+000    9.9996579999224E-001
      46    9.9996039999102E-001    1.0000000000000E+000    9.9996039999102E-001
      47    9.9995589999001E-001    1.0000000000000E+000    9.9995589999001E-001
      48    9.9995162498904E-001    1.0000000000000E+000    9.9995162498904E-001
      49    9.9994734998808E-001    1.0000000000000E+000    9.9994734998808E-001
      50    9.9993789998597E-001    1.0000000000000E+000    9.9993789998597E-001
      51    9.9992844998386E-001    1.0000000000000E+000    9.9992844998386E-001
      52    9.9992147498232E-001    1.0000000000000E+000    9.9992147498232E-001
      53    9.9990887497955E-001    1.0000000000000E+000    9.9990887497955E-001
      54    9.9989784997715E-001    1.0000000000000E+000    9.9989784997715E-001
      55    9.9988187497372E-001    1.0000000000000E+000    9.9988187497372E-001
      56    9.9986522497021E-001    1.0000000000000E+000    9.9986522497021E-001
      57    9.9984384996581E-001    1.0000000000000E+000    9.9984384996581E-001
      58    9.9982044996117E-001    1.0000000000000E+000    9.9982044996117E-001
      59    9.9979434995623E-001    1.0000000000000E+000    9.9979434995623E-001
      60    9.9976982495185E-001    1.0000000000000E+000    9.9976982495185E-001
      61    9.9974057494699E-001    1.0000000000000E+000    9.9974057494699E-001
      62    9.9970322494146E-001    1.0000000000000E+000    9.9970322494146E-001
      63    9.9966519993670E-001    1.0000000000000E+000    9.9966519993670E-001
      64    9.9961187493171E-001    1.0000000000000E+000    9.9961187493171E-001
      65    9.9955607492891E-001    1.0000000000000E+000    9.9955607492891E-001
      66    9.9949442492911E-001    1.0000000000000E+000    9.9949442492911E-001
      67    9.9941702493497E-001    1.0000000000000E+000    9.9941702493497E-001
      68    9.9934074994772E-001    1.0000000000000E+000    9.9934074994772E-001
      69    9.9925232497235E-001    1.0000000000000E+000    9.9925232497235E-001
      70    9.9913982502113E-001    1.0000000000000E+000    9.9913982502113E-001
      71    9.9900887510610E-001    1.0000000000000E+000    9.9900887510610E-001
      72    9.9886690023755E-001    1.0000000000000E+000    9.9886690023755E-001
      73    9.9870737544116E-001    1.0000000000000E+000    9.9870737544116E-001
      74    9.9854087572541E-001    1.0000000000000E+000    9.9854087572541E-001
      75    9.9832780121087E-001    1.0000000000000E+000    9.9832780121087E-001
      76    9.9809627691467E-001    1.0000000000000E+000    9.9809627691467E-001
      77    9.9781097807106E-001    1.0000000000000E+000    9.9781097807106E-001
      78    9.9751532965366E-001    1.0000000000000E+000    9.9751532965366E-001
      79    9.9713575734263E-001    1.0000000000000E+000    9.9713575734263E-001
      80    9.9673616108555E-001    1.0000000000000E+000    9.9673616108555E-001
      81    9.9629539145293E-001    1.0000000000000E+000    9.9629539145293E-001
      82    9.9575382507703E-001    1.0000000000000E+000    9.9575382507703E-001
      83    9.9516253740652E-001    1.0000000000000E+000    9.9516253740652E-001
      84    9.9446753134310E-001    1.0000000000000E+000    9.9446753134310E-001
      85    9.9367195975495E-001    1.0000000000000E+000    9.9367195975495E-001
      86    9.9279742545728E-001    1.0000000000000E+000    9.9279742545728E-001
      87    9.9180118559933E-001    1.0000000000000E+000    9.9180118559933E-001
      88    9.9066614947420E-001    1.0000000000000E+000    9.9066614947420E-001
      89    9.8931876207824E-001    1.0000000000000E+000    9.8931876207824E-001
      90    9.8783530955001E-001    1.0000000000000E+000    9.8783530955001E-001
      91    9.8612920463556E-001    1.0000000000000E+000    9.8612920463556E-001
      92    9.8414560203136E-001    1.0000000000000E+000    9.8414560203136E-001
      93    9.8192752889280E-001    1.0000000000000E+000    9.8192752889280E-001
      94    9.7938712486737E-001    1.0000000000000E+000    9.7938712486737E-001
      95    9.7649056538769E-001    1.0000000000000E+000    9.7649056538769E-001
      96    9.7325377915459E-001    1.0000000000000E+000    9.7325377915459E-001
      97    9.6943693336882E-001    1.0000000000000E+000    9.6943693336882E-001
      98    9.6520098507341E-001    1.0000000000000E+000    9.6520098507341E-001
      99    9.6034157539987E-001    1.0000000000000E+000    9.6034157539987E-001
     100    9.5479137932242E-001    1.0000000000000E+000    9.5479137932242E-001
     101    9.4853357814211E-001    1.0000000000000E+000    9.4853357814211E-001
     102    9.4136394710625E-001    1.0000000000000E+000    9.4136394710625E-001
     103    9.3335849208602E-001    1.0000000000000E+000    9.3335849208602E-001
     104    9.2419876027103E-001    1.0000000000000E+000    9.2419876027103E-001
     105    9.1383943838477E-001    1.0000000000000E+000    9.1383943838477E-001
     106    9.0224877020692E-001    1.0000000000000E+000    9.0224877020692E-001
     107    8.8901426900419E-001    1.0000000000000E+000    8.8901426900419E-001
     108    8.7429071935391E-001    1.0000000000000E+000    8.7429071935391E-001
     109    8.5766841190500E-001    1.0000000000000E+000    8.5766841190500E-001
     110    8.3921568782368E-001    1.0000000000000E+000    8.3921568782368E-001
     111    8.1864893128614E-001    1.0000000000000E+000    8.1864893128614E-001
     112    7.9591195577847E-001    1.0000000000000E+000    7.9591195577847E-001
     113    7.7082706363424E-001    1.0000000000000E+000    7.7082706363424E-001
     114    7.4323195459738E-001    1.0000000000000E+000    7.4323195459738E-001
     115    1.2694964665626E-013    1.7801808654093E-013    7.1312780135442E-001
     116    8.0652639765521E-017    1.1849942044371E-016    6.8061632254003E-001
     117    9.6289256821019E-021    1.4914077450518E-020    6.4562663792307E-001
     118    2.3795546604476E-025    3.9064033246831E-025    6.0914208356626E-001
     119    8.3119888409997E-031    1.4557226164155E-030    5.7098713362486E-001
     120    5.7665067611225E-029    1.0099188618339E-028    5.7098713362486E-001
     121    6.2599182140470E-027    1.0963326221217E-026    5.7098713362486E-001
     122    9.5025907997536E-025    1.6642390415047E-024    5.7098713362486E-001
     123    2.1617855138435E-022    3.7860494335829E-022    5.7098713362486E-001
     124    6.6044414339501E-020    1.1566707978203E-019    5.7098713362486E-001
     125    2.6644235962456E-017    4.6663461212003E-017    5.7098713362486E-001
     126    1.2681738837147E-014    2.2210200703889E-014    5.7098713362486E-001
     127    6.3950340984640E-012    1.1199961823773E-011    5.7098713362486E-001
     128    2.9322345573186E-009    5.1353776375022E-009    5.7098713362486E-001
     129    9.6762770273546E-007    1.6946576301861E-006    5.7098713362486E-001
     130    1.7145678156353E-004    3.0028133992276E-004    5.7098713362486E-001
     131    1.1854518040072E-002    2.0761445121914E-002    5.7098713362486E-001
     132    2.0024633816133E-001    3.5070201475484E-001    5.7098713362486E-001
     133    5.7098713362486E-001    1.0000000000000E+000    5.7098713362486E-001
     134    5.7098713362486E-001    1.0000000000000E+000    5.7098713362486E-001
     135    5.7098145475238E-001    9.9999997597500E-001    5.7098146847021E-001
     136    5.7071378979035E-001    9.9995423582221E-001    5.7073990923303E-001
     137    5.6606662682785E-001    9.9560603224786E-001    5.6856488258693E-001
     138    5.6606662682785E-001    9.9560603224786E-001    5.6856488258693E-001
     139    5.6606662682785E-001    9.9560603224786E-001    5.6856488258693E-001
     140    5.6606328366822E-001    9.9560206725474E-001    5.6856378897352E-001
     141    5.6593606638756E-001    9.9545075368667E-001    5.6852241488753E-001
     142    5.6466284952674E-001    9.9389486749693E-001    5.6813136680020E-001
     143    5.6325449556734E-001    9.9210233967346E-001    5.6773829981364E-001
     144    5.6174762009856E-001    9.9012099158378E-001    5.6735250022323E-001
     145    5.6012050638010E-001    9.8792395716848E-001    5.6696722689617E-001
     146    5.5835835222773E-001    9.8549068841357E-001    5.6657902382271E-001
     147    5.5604577991725E-001    9.8222924676836E-001    5.6610590831692E-001
     148    5.5337740222045E-001    9.7838913836167E-001    5.6560051673007E-001
     149    5.5014218661483E-001    9.7365372210997E-001    5.6502858677789E-001
     150    5.4737978816520E-001    9.6989009066247E-001    5.6437300827696E-001
     151    5.5359910414505E-001    9.8211464048832E-001    5.6368073677202E-001
     152    5.4926823378461E-001    9.7581899371753E-001    5.6287921973325E-001
     153    5.4408804257526E-001    9.6808788251927E-001    5.6202339932132E-001
     154    5.3781780274755E-001    9.5852088198524E-001    5.6109137824274E-001
     155    5.3083571862059E-001    9.4772630700647E-001    5.6011499807081E-001
     156    5.2764435903566E-001    9.4328437917692E-001    5.5936933832834E-001
     157    5.2308143345512E-001    9.3663723970596E-001    5.5846747415182E-001
     158    5.1738500376922E-001    9.2810705577323E-001    5.5746263381024E-001
     159    5.1017721574850E-001    9.1705397540670E-001    5.5632190626756E-001
     160    5.0147964887536E-001    9.0346428042689E-001    5.5506306086435E-001
     161    4.9273707971626E-001    8.8979058541875E-001    5.5376746820081E-001
     162    4.8313828434724E-001    8.7461894384727E-001    5.5239860483928E-001
     163    4.7302979638080E-001    8.5855720669665E-001    5.5095897243797E-001
     164    4.6256234061326E-001    8.4187358347706E-001    5.4944394228741E-001
     165    4.5104166226984E-001    8.2331627602201E-001    5.4783523101125E-001
     166    4.3893939176279E-001    8.0376092410597E-001    5.4610690641751E-001
     167    4.2674685595155E-001    7.8396239722907E-001    5.4434607764339E-001
     168    4.1390224101340E-001    7.6297499848108E-001    5.4248467097532E-001
     169    4.0005592438036E-001    7.4012622676205E-001    5.4052391323917E-001
     170    3.8260963863536E-001    7.1047918901020E-001    5.3852335797251E-001
     171    3.6587318941109E-001    6.8202803276324E-001    5.3644890214960E-001
     172    3.4964762892361E-001    6.5437089127887E-001    5.3432637909714E-001
     173    3.3483530102026E-001    6.2917081699530E-001    5.3218504732835E-001
     174    3.2119409648333E-001    6.0600466289271E-001    5.3001918326856E-001
     175    3.0694841489708E-001    5.8159376222097E-001    5.2777116062063E-001
     176    2.9341027192392E-001    5.5834425633353E-001    5.2550065411374E-001
     177    2.8080161695499E-001    5.3667466288340E-001    5.2322503068492E-001
     178    2.6926435681890E-001    5.1687135542601E-001    5.2095043378245E-001
     179    2.5940074700875E-001    5.0009125959477E-001    5.1870682006908E-001
     180    2.5120356773671E-001    4.8638316973498E-001    5.1647257423316E-001
     181    2.4383386965832E-001    4.7413930901118E-001    5.1426630322392E-001
     182    2.3857624038272E-001    4.6585318878244E-001    5.1212752456684E-001
     183    2.3455215234584E-001    4.5991383179765E-001    5.0999151608259E-001
     184    2.3189348051169E-001    4.5654997033329E-001    5.0792573777281E-001
     185    2.3042880308973E-001    4.5549529090916E-001    5.0588624666085E-001
     186    2.2954974913354E-001    4.5559223590596E-001    5.0384912437561E-001
     187    2.2926209640486E-001    4.5684107206756E-001    5.0184212940240E-001
     188    2.2980190492219E-001    4.5971523589189E-001    4.9987880970782E-001
     189    2.3163155054385E-001    4.6517747607889E-001    4.9794231762109E-001
     190    2.3342368061616E-001    4.7062935703252E-001    4.9598198057166E-001
     191    2.3589102815360E-001    4.7744436979284E-001    4.9407018508972E-001
     192    2.3819378311456E-001    4.8399000871713E-001    4.9214607496944E-001
     193    2.3970157601345E-001    4.8899913613692E-001    4.9018813797319E-001
     194    2.4141631805601E-001    4.9444696410666E-001    4.8825523378869E-001
     195    2.4323474008588E-001    5.0011623767658E-001    4.8635641429259E-001
     196    2.4459895420279E-001    5.0486411839420E-001    4.8448472626808E-001
     197    2.4563894470772E-001    5.0900067673204E-001    4.8259060535009E-001
     198    2.4593406248851E-001    5.1161247642747E-001    4.8070380184204E-001
     199    2.4595775699168E-001    5.1367417459175E-001    4.7882056205602E-001
     200    2.4599870375574E-001    5.1578410324249E-001    4.7694122833423E-001
     201    2.4554246658834E-001    5.1687555438966E-001    4.7505142099104E-001
     202    2.4481213253789E-001    5.1737528999562E-001    4.7318095253441E-001
     203    2.4380255896696E-001    5.1728289310600E-001    4.7131378635597E-001
     204    2.4354824158257E-001    5.1875751633330E-001    4.6948378368381E-001
     205    2.4295662593508E-001    5.1950150963951E-001    4.6767260811942E-001
     206    2.4272602410175E-001    5.2100707816067E-001    4.6587855381669E-001
     207    2.4297665802986E-001    5.2355370309464E-001    4.6409118413960E-001
     208    2.4291090255937E-001    5.2543707444131E-001    4.6230255605327E-001
     209    2.4197740583530E-001    5.2549187080917E-001    4.6047792416407E-001
     210    2.4133585100496E-001    5.2612844481019E-001    4.5870139390017E-001
     211    2.4141872095220E-001    5.2831347748099E-001    4.5696112486718E-001
     212    2.4100314881942E-001    5.2945739534607E-001    4.5518893670734E-001
     213    2.4093734405850E-001    5.3134537789329E-001    4.5344770855782E-001
     214    2.4033550184769E-001    5.3210603797506E-001    4.5166843579203E-001
     215    2.4052797377104E-001    5.3457550031242E-001    4.4994200750029E-001
     216    2.4115679728713E-001    5.3797475526260E-001    4.4826786931557E-001
     217    2.4137419534161E-001    5.4051315863423E-001    4.4656488280787E-001
     218    2.4136268676309E-001    5.4253616064342E-001    4.4487852473621E-001
     219    2.4113658900122E-001    5.4408933654174E-001    4.4319300674755E-001
     220    2.4108104720153E-001    5.4600430972454E-001    4.4153689432077E-001
     221    2.4067547499633E-001    5.4716405366952E-001    4.3985980691212E-001
     222    2.4082031228695E-001    5.4953581763963E-001    4.3822496106135E-001
     223    2.4151565273142E-001    5.5317322482286E-001    4.3660040271971E-001
     224    2.4167020300861E-001    5.5559172784538E-001    4.3497804394213E-001
     225    2.4100084440167E-001    5.5616678203445E-001    4.3332477268796E-001
     226    2.4113979807429E-001    5.5857443266493E-001    4.3170575660584E-001
     227    2.4097922802581E-001    5.6029691405029E-001    4.3009201368576E-001
     228    2.4131298050849E-001    5.6318069453230E-001    4.2848233764279E-001
     229    2.4127389680280E-001    5.6518682182143E-001    4.2689229027890E-001
     230    2.4081237842436E-001    5.6619448880834E-001    4.2531741863330E-001
     231    2.4115245957783E-001    5.6905213065764E-001    4.2377920507764E-001
     232    2.4102850072799E-001    5.7085982627393E-001    4.2222011365069E-001
     233    2.4065660068411E-001    5.7211660533344E-001    4.2064257258161E-001
     234    2.4058044917693E-001    5.7401941911444E-001    4.1911552321363E-001
     235    2.4065917175801E-001    5.7631645414133E-001    4.1758164291279E-001
     236    2.4032177562215E-001    5.7762148375705E-001    4.1605408105498E-001
     237    2.3982817998289E-001    5.7856298016641E-001    4.1452389489889E-001
     238    2.4022978396825E-001    5.8157663558372E-001    4.1306642885874E-001
     239    2.4040591458529E-001    5.8412892109040E-001    4.1156310859685E-001
     240    2.4069146582400E-001    5.8690905671032E-001    4.1010010507096E-001
     241    2.4080119599523E-001    5.8929145700238E-001    4.0862835042636E-001
     242    2.4087514953466E-001    5.9160151622571E-001    4.0715776232521E-001
     243    2.4076559388144E-001    5.9347045197741E-001    4.0569095408073E-001
     244    2.4063558726359E-001    5.9528389760447E-001    4.0423668140857E-001
     245    2.4079143545554E-001    5.9773643304834E-001    4.0283881346759E-001
     246    2.4054342321949E-001    5.9927585007079E-001    4.0139014978007E-001
     247    2.4067639881512E-001    6.0175882979464E-001    3.9995491033717E-001
     248    2.4031632502788E-001    6.0301110624971E-001    3.9852719549806E-001
     249    2.4026168181204E-001    6.0501394863320E-001    3.9711759101558E-001
     250    2.4023883104268E-001    6.0709831154842E-001    3.9571651983341E-001
     251    2.4027774581710E-001    6.0934992158435E-001    3.9431816975107E-001
     252    2.4010677272480E-001    6.1100534487452E-001    3.9297000384524E-001
     253    2.3989005469076E-001    6.1262639418442E-001    3.9157642727771E-001
     254    2.3973121475425E-001    6.1434169445487E-001    3.9022455567983E-001
     255    2.3958693376007E-001    6.1611689742827E-001    3.8886603298843E-001
     256    2.3976158157051E-001    6.1868506613587E-001    3.8753413439893E-001
     257    2.3988077021228E-001    6.2112849187186E-001    3.8620152408299E-001
     258    2.3974547745404E-001    6.2294146523062E-001    3.8486036142301E-001
     259    2.3933458934655E-001    6.2399996904193E-001    3.8354904041745E-001
     260    2.3941596005787E-001    6.2636513158800E-001    3.8223066384760E-001
     261    2.3964479741937E-001    6.2909372683868E-001    3.8093655554894E-001
     262    2.3956759601983E-001    6.3106356783286E-001    3.7962514116055E-001
     263    2.3950615194881E-001    6.3305856232242E-001    3.7833174717701E-001
     264    2.3946988906651E-001    6.3511715564703E-001    3.7704837121357E-001
     265    2.3975649839296E-001    6.3800060444936E-001    3.7579352859686E-001
     266    2.3912922669166E-001    6.3850955165444E-001    3.7451158885885E-001
     267    2.3958279681117E-001    6.4184004910829E-001    3.7327492596329E-001
     268    2.3942443370890E-001    6.4356643600178E-001    3.7202753331318E-001
     269    2.3949943352275E-001    6.4591143837261E-001    3.7079299002070E-001
     270    2.3912697695477E-001    6.4708135040602E-001    3.6954700796851E-001
     271    2.3898315025816E-001    6.4884842829183E-001    3.6831891677277E-001
     272    2.3910020005257E-001    6.5131424632062E-001    3.6710420722913E-001
     273    2.3907287391371E-001    6.5337359767846E-001    3.6590531781997E-001
     274    2.3921273790824E-001    6.5589187724200E-001    3.6471367645856E-001
     275    2.3908328067773E-001    6.5768469092805E-001    3.6352264842954E-001
     276    2.3881594025186E-001    6.5915741465735E-001    3.6230486821725E-001
     277    2.3921002254563E-001    6.6234320389458E-001    3.6115720843677E-001
     278    2.3915405737852E-001    6.6434913624247E-001    3.5998249163258E-001
     279    2.3905951995968E-001    6.6621786047686E-001    3.5883084819816E-001
     280    2.3927957979175E-001    6.6897624908448E-001    3.5768023172603E-001
     281    2.3878927376938E-001    6.6979051048954E-001    3.5651337250934E-001
     282    2.3856402150984E-001    6.7133353927946E-001    3.5535841359259E-001
     283    2.3871288628224E-001    6.7386231077377E-001    3.5424578948204E-001
     284    2.3893765078810E-001    6.7662961719649E-001    3.5312916360076E-001
     285    2.3913510378833E-001    6.7930927628516E-001    3.5202684864845E-001
     286    2.3926512352017E-001    6.8180018821319E-001    3.5093144246148E-001
     287    2.3903022969930E-001    6.8329340889977E-001    3.4982077477402E-001
     288    2.3896602034336E-001    6.8524486324768E-001    3.4873084522049E-001
     289    2.3891268639580E-001    6.8723661436403E-001    3.4764254610749E-001
     290    2.3948340658078E-001    6.9098746163508E-001    3.4658140686676E-001
     291    2.3910313844358E-001    6.9203743664832E-001    3.4550607493375E-001
     292    2.3945922465377E-001    6.9515875848748E-001    3.4446696057572E-001
     293    2.3926999600349E-001    6.9675934598505E-001    3.4340407112188E-001
     294    2.3919146420735E-001    6.9867233015800E-001    3.4235141980399E-001
     295    2.3970251518510E-001    7.0225409930700E-001    3.4133302378960E-001
     296    2.3963443193714E-001    7.0423192086737E-001    3.4027771936551E-001
     297    2.3918164201266E-001    7.0507407481840E-001    3.3922909741684E-001
     298    2.3912966202166E-001    7.0704434774353E-001    3.3821027320963E-001
     299    2.3911525607272E-001    7.0910366296988E-001    3.3720775756714E-001
     300    2.3887625680184E-001    7.1053318767588E-001    3.3619296177169E-001
     301    2.3912593967168E-001    7.1337164208063E-001    3.3520527809914E-001
     302    2.3898345884643E-001    7.1508289210061E-001    3.3420385452713E-001
     303    2.3897861772312E-001    7.1718914829110E-001    3.3321560747615E-001
     304    2.3866598220235E-001    7.1838365650986E-001    3.3222635292383E-001
     305    2.3854295324811E-001    7.2015081696533E-001    3.3124027304908E-001
     306    2.3816249212873E-001    7.2112426611513E-001    3.3026553580255E-001
     307    2.3808965714406E-001    7.2302789852235E-001    3.2929525628353E-001
     308    2.3779631262616E-001    7.2429136984008E-001    3.2831581671153E-001
     309    2.3749390856227E-001    7.2546732525538E-001    3.2736678868158E-001
     310    2.3734425770438E-001    7.2716359263904E-001    3.2639733356700E-001
     311    2.3740695770846E-001    7.2946821011806E-001    3.2545209567122E-001
     312    2.3738712778338E-001    7.3148637805846E-001    3.2452706558044E-001
     313    2.3723572282002E-001    7.3310096824437E-001    3.2360579660419E-001
     314    2.3725290368923E-001    7.3523950449000E-001    3.2268791630531E-001
     315    2.3698064052868E-001    7.3649062519127E-001    3.2177007068778E-001
     316    2.3714419813266E-001    7.3904977187308E-001    3.2087716843702E-001
     317    2.3725096238842E-001    7.4142877233907E-001    3.1999157739716E-001
     318    2.3727782338081E-001    7.4358816949979E-001    3.1909843797060E-001
     319    2.3715043951917E-001    7.4529885298008E-001    3.1819509525733E-001
     320    2.3726789225452E-001    7.4771660133096E-001    3.1732329044477E-001
     321    2.3715499411359E-001    7.4945680772035E-001    3.1643583949147E-001
     322    2.3740808770026E-001    7.5231042182775E-001    3.1557197775285E-001
     323    2.3739919298922E-001    7.5433514404984E-001    3.1471315483815E-001
     324    2.3754758230021E-001    7.5688310923987E-001    3.1384976015488E-001
     325    2.3760681864761E-001    7.5912543538822E-001    3.1300073422794E-001
     326    2.3738528305886E-001    7.6049531324899E-001    3.1214562262678E-001
     327    2.3766805424492E-001    7.6337571989261E-001    3.1133824151278E-001
     328    2.3769400385363E-001    7.6549139688810E-001    3.1051165933401E-001
     329    2.3757307209492E-001    7.6717554436529E-001    3.0967237399554E-001
     330    2.3755944668476E-001    7.6913624599452E-001    3.0886523411413E-001
     331    2.3729298365277E-001    7.7032545806401E-001    3.0804250485131E-001
     332    2.3727866067882E-001    7.7230243066896E-001    3.0723541873783E-001
     333    2.3744898433185E-001    7.7487364556622E-001    3.0643574689953E-001
     334    2.3716438355742E-001    7.7599989966237E-001    3.0562424513277E-001
     335    2.3726666360779E-001    7.7834894774956E-001    3.0483328113155E-001
     336    2.3691810080345E-001    7.7927570650589E-001    3.0402346541219E-001
     337    2.3690200142009E-001    7.8121518585894E-001    3.0324807518893E-001
     338    2.3692437084662E-001    7.8329298823053E-001    3.0247222228024E-001
     339    2.3677322149412E-001    7.8481279880404E-001    3.0169388401276E-001
     340    2.3679626035810E-001    7.8689213530131E-001    3.0092594618121E-001
     341    2.3623521682911E-001    7.8706161533522E-001    3.0014831396458E-001
     342    2.3605611872449E-001    7.8846215082210E-001    2.9938801561795E-001
     343    2.3629459770482E-001    7.9119754425639E-001    2.9865436188494E-001
     344    2.3612981863007E-001    7.9261283089163E-001    2.9791319220059E-001
     345    2.3615024771057E-001    7.9465030827603E-001    2.9717505329217E-001
     346    2.3620447612279E-001    7.9676522060778E-001    2.9645430048090E-001
     347    2.3594244040613E-001    7.9788082690712E-001    2.9571138000738E-001
     348    2.3620578737770E-001    8.0068041792275E-001    2.9500632473379E-001
     349    2.3604314118302E-001    8.0210202657579E-001    2.9428069417889E-001
     350    2.3602233262646E-001    8.0402383750872E-001    2.9355141180612E-001
     351    2.3600121564070E-001    8.0586860053283E-001    2.9285322133739E-001
     352    2.3583381242471E-001    8.0725974432816E-001    2.9214117770852E-001
     353    2.3587396628686E-001    8.0932185176362E-001    2.9144643230979E-001
     354    2.3577353787377E-001    8.1092036925830E-001    2.9074807689122E-001
     355    2.3598943364226E-001    8.1355762411526E-001    2.9007095090393E-001
     356    2.3590697587814E-001    8.1521082352189E-001    2.8938155514051E-001
     357    2.3575788816081E-001    8.1659092206885E-001    2.8870990576715E-001
     358    2.3559758031403E-001    8.1796027246704E-001    2.8803059053644E-001
     359    2.3559509769344E-001    8.1983436992294E-001    2.8736913983685E-001
     360    2.3533896770376E-001    8.2085653170724E-001    2.8669926913330E-001
     361    2.3554386116244E-001    8.2342517091689E-001    2.8605375385860E-001
     362    2.3525391476987E-001    8.2431000676431E-001    2.8539495194692E-001
     363    2.3516380479564E-001    8.2589819009620E-001    2.8473703855465E-001
     364    2.3547358931313E-001    8.2879766714007E-001    2.8411468642965E-001
     365    2.3544376997720E-001    8.3052574116821E-001    2.8348762513492E-001
     366    2.3550953548327E-001    8.3260781325602E-001    2.8285770531300E-001
     367    2.3526417603122E-001    8.3364015913301E-001    2.8221310292429E-001
     368    2.3502798028046E-001    8.3471640043056E-001    2.8156626629023E-001
     369    2.3501473998240E-001    8.3646934589431E-001    2.8096037366574E-001
     370    2.3509494148345E-001    8.3856769793503E-001    2.8035296620937E-001
     371    2.3489109602658E-001    8.3969576262638E-001    2.7973357313593E-001
     372    2.3486940678532E-001    8.4144726085167E-001    2.7912552302755E-001
     373    2.3471832986268E-001    8.4273196733853E-001    2.7852073845490E-001
     374    2.3481373560472E-001    8.4485669812448E-001    2.7793321178135E-001
     375    2.3474667814209E-001    8.4638722762676E-001    2.7735139482234E-001
     376    2.3472980639799E-001    8.4812572104904E-001    2.7676298521834E-001
     377    2.3468460886508E-001    8.4977471464213E-001    2.7617273710470E-001
     378    2.3444022899262E-001    8.5067200815603E-001    2.7559414997187E-001
     379    2.3435152889161E-001    8.5210288397842E-001    2.7502726876998E-001
     380    2.3421645386529E-001    8.5339278112270E-001    2.7445328698137E-001
     381    2.3429694274008E-001    8.5544654782692E-001    2.7388846601259E-001
     382    2.3439630262652E-001    8.5757692061418E-001    2.7332393980315E-001
     383    2.3413017956499E-001    8.5837946668722E-001    2.7275836462931E-001
     384    2.3405219869936E-001    8.5981908606939E-001    2.7221098309101E-001
     385    2.3393512054140E-001    8.6116660451025E-001    2.7164908545709E-001
     386    2.3392930363666E-001    8.6286064046307E-001    2.7110902116374E-001
     387    2.3390542830770E-001    8.6449068924145E-001    2.7057021112968E-001
     388    2.3362947378637E-001    8.6522886292895E-001    2.7002043481940E-001
     389    2.3345733177484E-001    8.6630369433214E-001    2.6948670922478E-001
     390    2.3325810828933E-001    8.6730978169589E-001    2.6894439935086E-001
     391    2.3340109753607E-001    8.6948230112749E-001    2.6843685861508E-001
     392    2.3342467700543E-001    8.7122390889913E-001    2.6792730849224E-001
     393    2.3326287373679E-001    8.7230900693040E-001    2.6740853514471E-001
     394    2.3326022700651E-001    8.7395881048821E-001    2.6690070997306E-001
     395    2.3323316787685E-001    8.7550445661822E-001    2.6639860724153E-001
     396    2.3307564160161E-001    8.7661026502193E-001    2.6588285684264E-001
     397    2.3305991735225E-001    8.7820630238497E-001    2.6538174084987E-001
     398    2.3303651202016E-001    8.7972799058464E-001    2.6489609801467E-001
     399    2.3296029461690E-001    8.8111671859889E-001    2.6439209437241E-001
     400    2.3286043381886E-001    8.8236482454679E-001    2.6390493743726E-001
