       1    0.0000000000000E+000    9.9999870000000E+006    1.3000000000000E+001    0.0000000000000E+000    0.0000000000000E+000    1.3000000000000E+001
       2    2.0000000000000E+000    9.9999850000000E+006    1.3000000000000E+001    0.0000000000000E+000    0.0000000000000E+000    1.3000000000000E+001
       3    4.0000000000000E+000    9.9999830000000E+006    1.3000000000000E+001    0.0000000000000E+000    0.0000000000000E+000    1.3000000000000E+001
       4    7.0000000000000E+000    9.9999800000000E+006    1.3000000000000E+001    0.0000000000000E+000    0.0000000000000E+000    1.3000000000000E+001
       5    1.0000000000000E+001    9.9999770000000E+006    1.3000000000000E+001   -1.0000000000000E+000    1.0000000000000E+000    1.3000000000000E+001
       6    1.0000000000000E+001    9.9999750000000E+006    1.5000000000000E+001   -1.0000000000000E+000    1.0000000000000E+000    1.5000000000000E+001
       7    1.3000000000000E+001    9.9999700000000E+006    1.7000000000000E+001   -1.0000000000000E+000    1.0000000000000E+000    1.7000000000000E+001
       8    1.1000000000000E+001    9.9999690000000E+006    2.0000000000000E+001   -1.0000000000000E+000    1.0000000000000E+000    2.0000000000000E+001
       9    1.2000000000000E+001    9.9999650000000E+006    2.3000000000000E+001   -1.0000000000000E+000    1.0000000000000E+000    2.3000000000000E+001
      10    1.5000000000000E+001    9.9999600000000E+006    2.5000000000000E+001   -1.0000000000000E+000    1.0000000000000E+000    2.5000000000000E+001
      11    1.7000000000000E+001    9.9999530000000E+006    3.0000000000000E+001   -1.0000000000000E+000    1.0000000000000E+000    3.0000000000000E+001
      12    2.4000000000000E+001    9.9999450000000E+006    3.1000000000000E+001   -2.0000000000000E+000    2.0000000000000E+000    3.1000000000000E+001
      13    2.4000000000000E+001    9.9999410000000E+006    3.5000000000000E+001   -3.0000000000000E+000    3.0000000000000E+000    3.5000000000000E+001
      14    2.2000000000000E+001    9.9999380000000E+006    4.0000000000000E+001   -3.0000000000000E+000    3.0000000000000E+000    4.0000000000000E+001
      15    2.0000000000000E+001    9.9999330000000E+006    4.7000000000000E+001   -3.0000000000000E+000    3.0000000000000E+000    4.7000000000000E+001
      16    1.7000000000000E+001    9.9999280000000E+006    5.5000000000000E+001   -3.0000000000000E+000    3.0000000000000E+000    5.5000000000000E+001
      17    2.4000000000000E+001    9.9999170000000E+006    5.9000000000000E+001   -4.0000000000000E+000    4.0000000000000E+000    5.9000000000000E+001
      18    2.9000000000000E+001    9.9999090000000E+006    4.9000000000000E+001    9.0000000000000E+000    4.0000000000000E+000    6.2000000000000E+001
      19    3.0000000000000E+001    9.9999030000000E+006    5.4000000000000E+001    8.0000000000000E+000    5.0000000000000E+000    6.7000000000000E+001
      20    3.0000000000000E+001    9.9998980000000E+006    5.7000000000000E+001    8.0000000000000E+000    7.0000000000000E+000    7.2000000000000E+001
      21    2.7000000000000E+001    9.9998900000000E+006    6.6000000000000E+001    9.0000000000000E+000    8.0000000000000E+000    8.3000000000000E+001
      22    2.7000000000000E+001    9.9998820000000E+006    7.1000000000000E+001    1.2000000000000E+001    8.0000000000000E+000    9.1000000000000E+001
      23    2.7000000000000E+001    9.9998760000000E+006    7.4000000000000E+001    1.4000000000000E+001    9.0000000000000E+000    9.7000000000000E+001
      24    3.3000000000000E+001    9.9998650000000E+006    7.7000000000000E+001    1.6000000000000E+001    9.0000000000000E+000    1.0200000000000E+002
      25    3.1000000000000E+001    9.9998590000000E+006    8.0000000000000E+001    1.9000000000000E+001    1.1000000000000E+001    1.1000000000000E+002
      26    3.4000000000000E+001    9.9998480000000E+006    8.7000000000000E+001    1.7000000000000E+001    1.4000000000000E+001    1.1800000000000E+002
      27    3.7000000000000E+001    9.9998390000000E+006    8.9000000000000E+001    2.0000000000000E+001    1.5000000000000E+001    1.2400000000000E+002
      28    3.6000000000000E+001    9.9998290000000E+006    9.5000000000000E+001    2.5000000000000E+001    1.5000000000000E+001    1.3500000000000E+002
      29    4.2000000000000E+001    9.9998170000000E+006    9.4000000000000E+001    3.0000000000000E+001    1.7000000000000E+001    1.4100000000000E+002
      30    3.4000000000000E+001    9.9998140000000E+006    9.7000000000000E+001    3.8000000000000E+001    1.7000000000000E+001    1.5200000000000E+002
      31    3.2000000000000E+001    9.9998070000000E+006    1.0200000000000E+002    4.1000000000000E+001    1.8000000000000E+001    1.6100000000000E+002
      32    3.3000000000000E+001    9.9997960000000E+006    1.0900000000000E+002    4.2000000000000E+001    2.0000000000000E+001    1.7100000000000E+002
      33    3.0000000000000E+001    9.9997870000000E+006    1.1600000000000E+002    4.7000000000000E+001    2.0000000000000E+001    1.8300000000000E+002
      34    4.4000000000000E+001    9.9997700000000E+006    1.1400000000000E+002    5.2000000000000E+001    2.0000000000000E+001    1.8600000000000E+002
      35    5.6000000000000E+001    9.9997510000000E+006    1.1000000000000E+002    6.1000000000000E+001    2.2000000000000E+001    1.9300000000000E+002
      36    5.3000000000000E+001    9.9997430000000E+006    1.1300000000000E+002    6.7000000000000E+001    2.4000000000000E+001    2.0400000000000E+002
      37    5.6000000000000E+001    9.9997310000000E+006    1.1600000000000E+002    7.2000000000000E+001    2.5000000000000E+001    2.1300000000000E+002
      38    5.1000000000000E+001    9.9997190000000E+006    1.2800000000000E+002    7.7000000000000E+001    2.5000000000000E+001    2.3000000000000E+002
      39    4.8000000000000E+001    9.9997030000000E+006    1.3900000000000E+002    8.5000000000000E+001    2.5000000000000E+001    2.4900000000000E+002
      40    5.3000000000000E+001    9.9996900000000E+006    1.3900000000000E+002    9.2000000000000E+001    2.6000000000000E+001    2.5700000000000E+002
      41    5.1000000000000E+001    9.9996800000000E+006    1.4500000000000E+002    9.8000000000000E+001    2.6000000000000E+001    2.6900000000000E+002
      42    5.9000000000000E+001    9.9996600000000E+006    1.4600000000000E+002    1.0600000000000E+002    2.9000000000000E+001    2.8100000000000E+002
      43    5.6000000000000E+001    9.9996470000000E+006    1.5600000000000E+002    1.1000000000000E+002    3.1000000000000E+001    2.9700000000000E+002
      44    5.7000000000000E+001    9.9996330000000E+006    1.5800000000000E+002    1.2100000000000E+002    3.1000000000000E+001    3.1000000000000E+002
      45    6.5000000000000E+001    9.9996150000000E+006    1.5900000000000E+002    1.3000000000000E+002    3.1000000000000E+001    3.2000000000000E+002
      46    6.8000000000000E+001    9.9995920000000E+006    1.6900000000000E+002    1.3900000000000E+002    3.2000000000000E+001    3.4000000000000E+002
      47    7.6000000000000E+001    9.9995710000000E+006    1.7000000000000E+002    1.5000000000000E+002    3.3000000000000E+001    3.5300000000000E+002
      48    8.0000000000000E+001    9.9995530000000E+006    1.8100000000000E+002    1.5100000000000E+002    3.5000000000000E+001    3.6700000000000E+002
      49    7.9000000000000E+001    9.9995360000000E+006    1.9200000000000E+002    1.5800000000000E+002    3.5000000000000E+001    3.8500000000000E+002
      50    8.7000000000000E+001    9.9995050000000E+006    2.0400000000000E+002    1.6700000000000E+002    3.7000000000000E+001    4.0800000000000E+002
      51    9.0000000000000E+001    9.9994810000000E+006    2.1600000000000E+002    1.7500000000000E+002    3.8000000000000E+001    4.2900000000000E+002
      52    9.2000000000000E+001    9.9994610000000E+006    2.1700000000000E+002    1.9000000000000E+002    4.0000000000000E+001    4.4700000000000E+002
      53    9.7000000000000E+001    9.9994390000000E+006    2.1500000000000E+002    2.0800000000000E+002    4.1000000000000E+001    4.6400000000000E+002
      54    8.5000000000000E+001    9.9994200000000E+006    2.3800000000000E+002    2.1400000000000E+002    4.3000000000000E+001    4.9500000000000E+002
      55    8.7000000000000E+001    9.9993940000000E+006    2.5000000000000E+002    2.2400000000000E+002    4.5000000000000E+001    5.1900000000000E+002
      56    1.0400000000000E+002    9.9993570000000E+006    2.5800000000000E+002    2.3600000000000E+002    4.5000000000000E+001    5.3900000000000E+002
      57    1.0800000000000E+002    9.9993310000000E+006    2.6400000000000E+002    2.5200000000000E+002    4.5000000000000E+001    5.6100000000000E+002
      58    1.1100000000000E+002    9.9993090000000E+006    2.7000000000000E+002    2.6200000000000E+002    4.8000000000000E+001    5.8000000000000E+002
      59    1.2500000000000E+002    9.9992690000000E+006    2.8600000000000E+002    2.6900000000000E+002    5.1000000000000E+001    6.0600000000000E+002
      60    1.1900000000000E+002    9.9992380000000E+006    3.0300000000000E+002    2.8800000000000E+002    5.2000000000000E+001    6.4300000000000E+002
      61    1.1600000000000E+002    9.9992150000000E+006    3.1600000000000E+002    2.9900000000000E+002    5.4000000000000E+001    6.6900000000000E+002
      62    1.2500000000000E+002    9.9991840000000E+006    3.2400000000000E+002    3.1000000000000E+002    5.7000000000000E+001    6.9100000000000E+002
      63    1.2400000000000E+002    9.9991450000000E+006    3.4600000000000E+002    3.2400000000000E+002    6.1000000000000E+001    7.3100000000000E+002
      64    1.2400000000000E+002    9.9991140000000E+006    3.5400000000000E+002    3.4300000000000E+002    6.5000000000000E+001    7.6200000000000E+002
      65    1.3600000000000E+002    9.9990790000000E+006    3.5600000000000E+002    3.6300000000000E+002    6.6000000000000E+001    7.8500000000000E+002
      66    1.4500000000000E+002    9.9990390000000E+006    3.6900000000000E+002    3.8000000000000E+002    6.7000000000000E+001    8.1600000000000E+002
      67    1.4700000000000E+002    9.9989980000000E+006    3.9100000000000E+002    3.9400000000000E+002    7.0000000000000E+001    8.5500000000000E+002
      68    1.5600000000000E+002    9.9989580000000E+006    3.9100000000000E+002    4.2400000000000E+002    7.1000000000000E+001    8.8600000000000E+002
      69    1.6700000000000E+002    9.9989120000000E+006    4.0200000000000E+002    4.4600000000000E+002    7.3000000000000E+001    9.2100000000000E+002
      70    1.7200000000000E+002    9.9988670000000E+006    4.2200000000000E+002    4.6500000000000E+002    7.4000000000000E+001    9.6100000000000E+002
      71    1.6900000000000E+002    9.9988290000000E+006    4.4100000000000E+002    4.8400000000000E+002    7.7000000000000E+001    1.0020000000000E+003
      72    1.8200000000000E+002    9.9987760000000E+006    4.6200000000000E+002    5.0200000000000E+002    7.8000000000000E+001    1.0420000000000E+003
      73    1.8500000000000E+002    9.9987270000000E+006    4.8200000000000E+002    5.2100000000000E+002    8.5000000000000E+001    1.0880000000000E+003
      74    1.9500000000000E+002    9.9986720000000E+006    4.9000000000000E+002    5.5600000000000E+002    8.7000000000000E+001    1.1330000000000E+003
      75    2.0200000000000E+002    9.9986270000000E+006    5.0200000000000E+002    5.8100000000000E+002    8.8000000000000E+001    1.1710000000000E+003
      76    2.0400000000000E+002    9.9985720000000E+006    5.3300000000000E+002    5.9900000000000E+002    9.2000000000000E+001    1.2240000000000E+003
      77    2.0700000000000E+002    9.9985200000000E+006    5.4200000000000E+002    6.3700000000000E+002    9.4000000000000E+001    1.2730000000000E+003
      78    2.1000000000000E+002    9.9984620000000E+006    5.6600000000000E+002    6.6700000000000E+002    9.5000000000000E+001    1.3280000000000E+003
      79    2.1700000000000E+002    9.9984100000000E+006    5.8800000000000E+002    6.8500000000000E+002    1.0000000000000E+002    1.3730000000000E+003
      80    2.2100000000000E+002    9.9983510000000E+006    6.1200000000000E+002    7.1000000000000E+002    1.0600000000000E+002    1.4280000000000E+003
      81    2.1700000000000E+002    9.9983030000000E+006    6.2500000000000E+002    7.4800000000000E+002    1.0700000000000E+002    1.4800000000000E+003
      82    2.0900000000000E+002    9.9982530000000E+006    6.5200000000000E+002    7.7600000000000E+002    1.1000000000000E+002    1.5380000000000E+003
      83    2.0800000000000E+002    9.9982020000000E+006    6.6900000000000E+002    8.0800000000000E+002    1.1300000000000E+002    1.5900000000000E+003
      84    2.1300000000000E+002    9.9981380000000E+006    6.8800000000000E+002    8.4100000000000E+002    1.2000000000000E+002    1.6490000000000E+003
      85    2.2100000000000E+002    9.9980820000000E+006    6.9500000000000E+002    8.7500000000000E+002    1.2700000000000E+002    1.6970000000000E+003
      86    2.1900000000000E+002    9.9980340000000E+006    7.0500000000000E+002    9.0500000000000E+002    1.3700000000000E+002    1.7470000000000E+003
      87    2.2500000000000E+002    9.9979770000000E+006    7.1000000000000E+002    9.4300000000000E+002    1.4500000000000E+002    1.7980000000000E+003
      88    2.1400000000000E+002    9.9979240000000E+006    7.2900000000000E+002    9.7900000000000E+002    1.5400000000000E+002    1.8620000000000E+003
      89    2.0900000000000E+002    9.9978730000000E+006    7.4700000000000E+002    1.0140000000000E+003    1.5700000000000E+002    1.9180000000000E+003
      90    2.1000000000000E+002    9.9978240000000E+006    7.4200000000000E+002    1.0600000000000E+003    1.6400000000000E+002    1.9660000000000E+003
      91    2.0500000000000E+002    9.9977720000000E+006    7.5000000000000E+002    1.1030000000000E+003    1.7000000000000E+002    2.0230000000000E+003
      92    2.0700000000000E+002    9.9977170000000E+006    7.4800000000000E+002    1.1510000000000E+003    1.7700000000000E+002    2.0760000000000E+003
      93    2.2200000000000E+002    9.9976510000000E+006    7.5400000000000E+002    1.1860000000000E+003    1.8700000000000E+002    2.1270000000000E+003
      94    2.1900000000000E+002    9.9976050000000E+006    7.4800000000000E+002    1.2340000000000E+003    1.9400000000000E+002    2.1760000000000E+003
      95    2.2800000000000E+002    9.9975440000000E+006    7.4800000000000E+002    1.2780000000000E+003    2.0200000000000E+002    2.2280000000000E+003
      96    2.4100000000000E+002    9.9974760000000E+006    7.4500000000000E+002    1.3290000000000E+003    2.0900000000000E+002    2.2830000000000E+003
      97    2.2500000000000E+002    9.9974260000000E+006    7.5900000000000E+002    1.3790000000000E+003    2.1100000000000E+002    2.3490000000000E+003
      98    2.3300000000000E+002    9.9973720000000E+006    7.4600000000000E+002    1.4320000000000E+003    2.1700000000000E+002    2.3950000000000E+003
      99    2.3000000000000E+002    9.9973140000000E+006    7.5900000000000E+002    1.4770000000000E+003    2.2000000000000E+002    2.4560000000000E+003
     100    2.1800000000000E+002    9.9972580000000E+006    7.7700000000000E+002    1.5240000000000E+003    2.2300000000000E+002    2.5240000000000E+003
     101    2.1100000000000E+002    9.9972150000000E+006    7.7600000000000E+002    1.5710000000000E+003    2.2700000000000E+002    2.5740000000000E+003
     102    1.9900000000000E+002    9.9971730000000E+006    7.6600000000000E+002    1.6300000000000E+003    2.3200000000000E+002    2.6280000000000E+003
     103    1.7900000000000E+002    9.9971350000000E+006    7.6800000000000E+002    1.6760000000000E+003    2.4200000000000E+002    2.6860000000000E+003
     104    1.5300000000000E+002    9.9971050000000E+006    7.7600000000000E+002    1.7190000000000E+003    2.4700000000000E+002    2.7420000000000E+003
     105    1.4500000000000E+002    9.9970700000000E+006    7.6200000000000E+002    1.7710000000000E+003    2.5200000000000E+002    2.7850000000000E+003
     106    1.3400000000000E+002    9.9970390000000E+006    7.5100000000000E+002    1.8160000000000E+003    2.6000000000000E+002    2.8270000000000E+003
     107    1.4000000000000E+002    9.9969950000000E+006    7.3800000000000E+002    1.8570000000000E+003    2.7000000000000E+002    2.8650000000000E+003
     108    1.6100000000000E+002    9.9969440000000E+006    7.1900000000000E+002    1.9010000000000E+003    2.7500000000000E+002    2.8950000000000E+003
     109    1.9300000000000E+002    9.9968770000000E+006    7.0200000000000E+002    1.9460000000000E+003    2.8200000000000E+002    2.9300000000000E+003
     110    2.1700000000000E+002    9.9968220000000E+006    6.7800000000000E+002    1.9980000000000E+003    2.8500000000000E+002    2.9610000000000E+003
     111    2.4000000000000E+002    9.9967550000000E+006    6.5600000000000E+002    2.0590000000000E+003    2.9000000000000E+002    3.0050000000000E+003
     112    2.4200000000000E+002    9.9967020000000E+006    6.6100000000000E+002    2.1050000000000E+003    2.9000000000000E+002    3.0560000000000E+003
     113    2.2400000000000E+002    9.9966530000000E+006    6.6700000000000E+002    2.1650000000000E+003    2.9100000000000E+002    3.1230000000000E+003
     114    2.2200000000000E+002    9.9966000000000E+006    6.5400000000000E+002    2.2320000000000E+003    2.9200000000000E+002    3.1780000000000E+003
     115    2.1600000000000E+002    9.9965390000000E+006    6.7100000000000E+002    2.2770000000000E+003    2.9700000000000E+002    3.2450000000000E+003
     116    2.3900000000000E+002    9.9964630000000E+006    6.7000000000000E+002    2.3250000000000E+003    3.0300000000000E+002    3.2980000000000E+003
     117    2.4500000000000E+002    9.9964080000000E+006    6.6100000000000E+002    2.3740000000000E+003    3.1200000000000E+002    3.3470000000000E+003
     118    2.4100000000000E+002    9.9963590000000E+006    6.5800000000000E+002    2.4210000000000E+003    3.2100000000000E+002    3.4000000000000E+003
     119    2.3600000000000E+002    9.9963030000000E+006    6.7600000000000E+002    2.4580000000000E+003    3.2700000000000E+002    3.4610000000000E+003
     120    2.2100000000000E+002    9.9962420000000E+006    7.1000000000000E+002    2.4970000000000E+003    3.3000000000000E+002    3.5370000000000E+003
     121    2.1500000000000E+002    9.9961930000000E+006    7.2700000000000E+002    2.5290000000000E+003    3.3600000000000E+002    3.5920000000000E+003
     122    2.2000000000000E+002    9.9961390000000E+006    7.4600000000000E+002    2.5540000000000E+003    3.4100000000000E+002    3.6410000000000E+003
     123    2.2100000000000E+002    9.9960820000000E+006    7.6700000000000E+002    2.5840000000000E+003    3.4600000000000E+002    3.6970000000000E+003
     124    2.2600000000000E+002    9.9960160000000E+006    7.9700000000000E+002    2.6100000000000E+003    3.5100000000000E+002    3.7580000000000E+003
     125    2.4500000000000E+002    9.9959480000000E+006    8.0200000000000E+002    2.6480000000000E+003    3.5700000000000E+002    3.8070000000000E+003
     126    2.5400000000000E+002    9.9958850000000E+006    8.0500000000000E+002    2.6980000000000E+003    3.5800000000000E+002    3.8610000000000E+003
     127    2.6400000000000E+002    9.9958180000000E+006    7.9500000000000E+002    2.7590000000000E+003    3.6400000000000E+002    3.9180000000000E+003
     128    2.5800000000000E+002    9.9957580000000E+006    8.0600000000000E+002    2.8090000000000E+003    3.6900000000000E+002    3.9840000000000E+003
     129    2.5800000000000E+002    9.9956900000000E+006    8.0700000000000E+002    2.8710000000000E+003    3.7400000000000E+002    4.0520000000000E+003
     130    2.6900000000000E+002    9.9956160000000E+006    8.1700000000000E+002    2.9240000000000E+003    3.7400000000000E+002    4.1150000000000E+003
     131    2.7500000000000E+002    9.9955430000000E+006    8.3500000000000E+002    2.9700000000000E+003    3.7700000000000E+002    4.1820000000000E+003
     132    2.7400000000000E+002    9.9954840000000E+006    8.4200000000000E+002    3.0160000000000E+003    3.8400000000000E+002    4.2420000000000E+003
     133    2.6400000000000E+002    9.9954260000000E+006    8.4900000000000E+002    3.0740000000000E+003    3.8700000000000E+002    4.3100000000000E+003
     134    2.6600000000000E+002    9.9953500000000E+006    8.4700000000000E+002    3.1450000000000E+003    3.9200000000000E+002    4.3840000000000E+003
     135    2.5900000000000E+002    9.9952840000000E+006    8.6500000000000E+002    3.1900000000000E+003    4.0200000000000E+002    4.4570000000000E+003
     136    2.7700000000000E+002    9.9952070000000E+006    8.7500000000000E+002    3.2370000000000E+003    4.0400000000000E+002    4.5160000000000E+003
     137    2.8100000000000E+002    9.9951450000000E+006    8.7700000000000E+002    3.2880000000000E+003    4.0900000000000E+002    4.5740000000000E+003
     138    2.8500000000000E+002    9.9950650000000E+006    8.9200000000000E+002    3.3450000000000E+003    4.1300000000000E+002    4.6500000000000E+003
     139    2.9600000000000E+002    9.9949880000000E+006    9.0900000000000E+002    3.3800000000000E+003    4.2700000000000E+002    4.7160000000000E+003
     140    3.0000000000000E+002    9.9949070000000E+006    9.3200000000000E+002    3.4260000000000E+003    4.3500000000000E+002    4.7930000000000E+003
     141    3.1300000000000E+002    9.9948320000000E+006    9.3700000000000E+002    3.4800000000000E+003    4.3800000000000E+002    4.8550000000000E+003
     142    3.0300000000000E+002    9.9947620000000E+006    9.5100000000000E+002    3.5410000000000E+003    4.4300000000000E+002    4.9350000000000E+003
     143    3.1600000000000E+002    9.9946720000000E+006    9.6000000000000E+002    3.6020000000000E+003    4.5000000000000E+002    5.0120000000000E+003
     144    3.2100000000000E+002    9.9945860000000E+006    9.7800000000000E+002    3.6590000000000E+003    4.5600000000000E+002    5.0930000000000E+003
     145    3.2900000000000E+002    9.9945030000000E+006    9.8600000000000E+002    3.7200000000000E+003    4.6200000000000E+002    5.1680000000000E+003
     146    3.2300000000000E+002    9.9944390000000E+006    9.9600000000000E+002    3.7710000000000E+003    4.7100000000000E+002    5.2380000000000E+003
     147    3.1500000000000E+002    9.9943570000000E+006    1.0180000000000E+003    3.8320000000000E+003    4.7800000000000E+002    5.3280000000000E+003
     148    2.6600000000000E+002    9.9943200000000E+006    1.0300000000000E+003    3.8960000000000E+003    4.8800000000000E+002    5.4140000000000E+003
     149    2.1500000000000E+002    9.9942880000000E+006    1.0400000000000E+003    3.9620000000000E+003    4.9500000000000E+002    5.4970000000000E+003
     150    1.8800000000000E+002    9.9942510000000E+006    1.0450000000000E+003    4.0160000000000E+003    5.0000000000000E+002    5.5610000000000E+003
     151    1.7900000000000E+002    9.9941780000000E+006    1.0690000000000E+003    4.0660000000000E+003    5.0800000000000E+002    5.6430000000000E+003
     152    2.4400000000000E+002    9.9940760000000E+006    1.0300000000000E+003    4.1330000000000E+003    5.1700000000000E+002    5.6800000000000E+003
     153    2.7500000000000E+002    9.9940130000000E+006    9.9600000000000E+002    4.1930000000000E+003    5.2300000000000E+002    5.7120000000000E+003
     154    3.0200000000000E+002    9.9939490000000E+006    9.5600000000000E+002    4.2620000000000E+003    5.3100000000000E+002    5.7490000000000E+003
     155    2.7400000000000E+002    9.9939040000000E+006    9.6700000000000E+002    4.3150000000000E+003    5.4000000000000E+002    5.8220000000000E+003
     156    1.7200000000000E+002    9.9939040000000E+006    9.8900000000000E+002    4.3930000000000E+003    5.4200000000000E+002    5.9240000000000E+003
     157    1.0900000000000E+002    9.9939040000000E+006    9.7500000000000E+002    4.4670000000000E+003    5.4500000000000E+002    5.9870000000000E+003
     158    4.5000000000000E+001    9.9939040000000E+006    9.5800000000000E+002    4.5460000000000E+003    5.4700000000000E+002    6.0510000000000E+003
     159    0.0000000000000E+000    9.9939040000000E+006    9.2800000000000E+002    4.6120000000000E+003    5.5600000000000E+002    6.0960000000000E+003
     160    0.0000000000000E+000    9.9939040000000E+006    8.5800000000000E+002    4.6720000000000E+003    5.6600000000000E+002    6.0960000000000E+003
     161    0.0000000000000E+000    9.9939040000000E+006    7.6800000000000E+002    4.7570000000000E+003    5.7100000000000E+002    6.0960000000000E+003
     162    0.0000000000000E+000    9.9939040000000E+006    6.8200000000000E+002    4.8370000000000E+003    5.7700000000000E+002    6.0960000000000E+003
     163    0.0000000000000E+000    9.9939040000000E+006    5.9900000000000E+002    4.9190000000000E+003    5.7800000000000E+002    6.0960000000000E+003
     164    0.0000000000000E+000    9.9939040000000E+006    5.3500000000000E+002    4.9830000000000E+003    5.7800000000000E+002    6.0960000000000E+003
     165    0.0000000000000E+000    9.9939040000000E+006    4.5300000000000E+002    5.0650000000000E+003    5.7800000000000E+002    6.0960000000000E+003
     166    0.0000000000000E+000    9.9939040000000E+006    4.1600000000000E+002    5.1020000000000E+003    5.7800000000000E+002    6.0960000000000E+003
     167    0.0000000000000E+000    9.9939040000000E+006    3.8400000000000E+002    5.1340000000000E+003    5.7800000000000E+002    6.0960000000000E+003
     168    0.0000000000000E+000    9.9939040000000E+006    3.4700000000000E+002    5.1710000000000E+003    5.7800000000000E+002    6.0960000000000E+003
     169    0.0000000000000E+000    9.9939040000000E+006    2.7400000000000E+002    5.2440000000000E+003    5.7800000000000E+002    6.0960000000000E+003
     170    0.0000000000000E+000    9.9939040000000E+006    1.7200000000000E+002    5.3460000000000E+003    5.7800000000000E+002    6.0960000000000E+003
     171    0.0000000000000E+000    9.9939040000000E+006    1.0900000000000E+002    5.4090000000000E+003    5.7800000000000E+002    6.0960000000000E+003
     172    0.0000000000000E+000    9.9939040000000E+006    4.5000000000000E+001    5.4730000000000E+003    5.7800000000000E+002    6.0960000000000E+003
     173    0.0000000000000E+000    9.9939040000000E+006    0.0000000000000E+000    5.5180000000000E+003    5.7800000000000E+002    6.0960000000000E+003
     174    0.0000000000000E+000    9.9939040000000E+006    0.0000000000000E+000    5.5180000000000E+003    5.7800000000000E+002    6.0960000000000E+003
     175    0.0000000000000E+000    9.9939040000000E+006    0.0000000000000E+000    5.5180000000000E+003    5.7800000000000E+002    6.0960000000000E+003
     176    0.0000000000000E+000    9.9939040000000E+006    0.0000000000000E+000    5.5180000000000E+003    5.7800000000000E+002    6.0960000000000E+003
     177    0.0000000000000E+000    9.9939040000000E+006    0.0000000000000E+000    5.5180000000000E+003    5.7800000000000E+002    6.0960000000000E+003
     178    0.0000000000000E+000    9.9939040000000E+006    0.0000000000000E+000    5.5180000000000E+003    5.7800000000000E+002    6.0960000000000E+003
     179    0.0000000000000E+000    9.9939040000000E+006    0.0000000000000E+000    5.5180000000000E+003    5.7800000000000E+002    6.0960000000000E+003
     180    0.0000000000000E+000    9.9939040000000E+006    0.0000000000000E+000    5.5180000000000E+003    5.7800000000000E+002    6.0960000000000E+003
     181    0.0000000000000E+000    9.9939040000000E+006    0.0000000000000E+000    5.5180000000000E+003    5.7800000000000E+002    6.0960000000000E+003
     182    0.0000000000000E+000    9.9939040000000E+006    0.0000000000000E+000    5.5180000000000E+003    5.7800000000000E+002    6.0960000000000E+003
     183    0.0000000000000E+000    9.9939040000000E+006    0.0000000000000E+000    5.5180000000000E+003    5.7800000000000E+002    6.0960000000000E+003
     184    0.0000000000000E+000    9.9939040000000E+006    0.0000000000000E+000    5.5180000000000E+003    5.7800000000000E+002    6.0960000000000E+003
     185    0.0000000000000E+000    9.9939040000000E+006    0.0000000000000E+000    5.5180000000000E+003    5.7800000000000E+002    6.0960000000000E+003
     186    0.0000000000000E+000    9.9939040000000E+006    0.0000000000000E+000    5.5180000000000E+003    5.7800000000000E+002    6.0960000000000E+003
     187    0.0000000000000E+000    9.9939040000000E+006    0.0000000000000E+000    5.5180000000000E+003    5.7800000000000E+002    6.0960000000000E+003
     188    0.0000000000000E+000    9.9939040000000E+006    0.0000000000000E+000    5.5180000000000E+003    5.7800000000000E+002    6.0960000000000E+003
     189    0.0000000000000E+000    9.9939040000000E+006    0.0000000000000E+000    5.5180000000000E+003    5.7800000000000E+002    6.0960000000000E+003
     190    0.0000000000000E+000    9.9939040000000E+006    0.0000000000000E+000    5.5180000000000E+003    5.7800000000000E+002    6.0960000000000E+003
     191    0.0000000000000E+000    9.9939040000000E+006    0.0000000000000E+000    5.5180000000000E+003    5.7800000000000E+002    6.0960000000000E+003
     192    0.0000000000000E+000    9.9939040000000E+006    0.0000000000000E+000    5.5180000000000E+003    5.7800000000000E+002    6.0960000000000E+003
     193    0.0000000000000E+000    9.9939040000000E+006    0.0000000000000E+000    5.5180000000000E+003    5.7800000000000E+002    6.0960000000000E+003
     194    0.0000000000000E+000    9.9939040000000E+006    0.0000000000000E+000    5.5180000000000E+003    5.7800000000000E+002    6.0960000000000E+003
     195    0.0000000000000E+000    9.9939040000000E+006    0.0000000000000E+000    5.5180000000000E+003    5.7800000000000E+002    6.0960000000000E+003
     196    0.0000000000000E+000    9.9939040000000E+006    0.0000000000000E+000    5.5180000000000E+003    5.7800000000000E+002    6.0960000000000E+003
     197    0.0000000000000E+000    9.9939040000000E+006    0.0000000000000E+000    5.5180000000000E+003    5.7800000000000E+002    6.0960000000000E+003
     198    0.0000000000000E+000    9.9939040000000E+006    0.0000000000000E+000    5.5180000000000E+003    5.7800000000000E+002    6.0960000000000E+003
     199    0.0000000000000E+000    9.9939040000000E+006    0.0000000000000E+000    5.5180000000000E+003    5.7800000000000E+002    6.0960000000000E+003
     200    0.0000000000000E+000    9.9939040000000E+006    0.0000000000000E+000    5.5180000000000E+003    5.7800000000000E+002    6.0960000000000E+003
