       0    0.0000000000000E+000    9.9999900000000E+005    1.0000000000000E+000    0.0000000000000E+000    0.0000000000000E+000    1.0000000000000E+000
       1    0.0000000000000E+000    9.9999900000000E+005    1.0000000000000E+000    0.0000000000000E+000    0.0000000000000E+000    1.0000000000000E+000
       2    0.0000000000000E+000    9.9999900000000E+005    1.0000000000000E+000    0.0000000000000E+000    0.0000000000000E+000    1.0000000000000E+000
       3    0.0000000000000E+000    9.9999900000000E+005    1.0000000000000E+000    0.0000000000000E+000    0.0000000000000E+000    1.0000000000000E+000
       4    0.0000000000000E+000    9.9999900000000E+005    1.0000000000000E+000    0.0000000000000E+000    0.0000000000000E+000    1.0000000000000E+000
       5    0.0000000000000E+000    9.9999900000000E+005    1.0000000000000E+000    0.0000000000000E+000    0.0000000000000E+000    1.0000000000000E+000
       6    0.0000000000000E+000    9.9999900000000E+005    1.0000000000000E+000    0.0000000000000E+000    0.0000000000000E+000    1.0000000000000E+000
       7    0.0000000000000E+000    9.9999900000000E+005    1.0000000000000E+000    0.0000000000000E+000    0.0000000000000E+000    1.0000000000000E+000
       8    0.0000000000000E+000    9.9999900000000E+005    1.0000000000000E+000    0.0000000000000E+000    0.0000000000000E+000    1.0000000000000E+000
       9    0.0000000000000E+000    9.9999900000000E+005    1.0000000000000E+000    0.0000000000000E+000    0.0000000000000E+000    1.0000000000000E+000
      10    0.0000000000000E+000    9.9999900000000E+005    1.0000000000000E+000    0.0000000000000E+000    0.0000000000000E+000    1.0000000000000E+000
      11    0.0000000000000E+000    9.9999900000000E+005    1.0000000000000E+000    0.0000000000000E+000    0.0000000000000E+000    1.0000000000000E+000
      12    0.0000000000000E+000    9.9999900000000E+005    1.0000000000000E+000    0.0000000000000E+000    0.0000000000000E+000    1.0000000000000E+000
      13    1.0000000000000E+000    9.9999800000000E+005    1.0000000000000E+000    0.0000000000000E+000    0.0000000000000E+000    1.0000000000000E+000
      14    1.0000000000000E+000    9.9999800000000E+005    1.0000000000000E+000    0.0000000000000E+000    0.0000000000000E+000    1.0000000000000E+000
      15    1.0000000000000E+000    9.9999800000000E+005    1.0000000000000E+000    0.0000000000000E+000    0.0000000000000E+000    1.0000000000000E+000
      16    1.0000000000000E+000    9.9999800000000E+005    1.0000000000000E+000    0.0000000000000E+000    0.0000000000000E+000    1.0000000000000E+000
      17    0.0000000000000E+000    9.9999800000000E+005    2.0000000000000E+000    0.0000000000000E+000    0.0000000000000E+000    2.0000000000000E+000
      18    1.0000000000000E+000    9.9999700000000E+005    1.0000000000000E+000    1.0000000000000E+000    0.0000000000000E+000    2.0000000000000E+000
      19    2.0000000000000E+000    9.9999600000000E+005    1.0000000000000E+000    1.0000000000000E+000    0.0000000000000E+000    2.0000000000000E+000
      20    2.0000000000000E+000    9.9999600000000E+005    1.0000000000000E+000    1.0000000000000E+000    0.0000000000000E+000    2.0000000000000E+000
      21    2.0000000000000E+000    9.9999600000000E+005    1.0000000000000E+000    0.0000000000000E+000    1.0000000000000E+000    2.0000000000000E+000
      22    1.0000000000000E+000    9.9999600000000E+005    2.0000000000000E+000    0.0000000000000E+000    1.0000000000000E+000    3.0000000000000E+000
      23    0.0000000000000E+000    9.9999600000000E+005    3.0000000000000E+000    0.0000000000000E+000    1.0000000000000E+000    4.0000000000000E+000
      24    0.0000000000000E+000    9.9999600000000E+005    3.0000000000000E+000    0.0000000000000E+000    1.0000000000000E+000    4.0000000000000E+000
      25    0.0000000000000E+000    9.9999600000000E+005    3.0000000000000E+000    0.0000000000000E+000    1.0000000000000E+000    4.0000000000000E+000
      26    0.0000000000000E+000    9.9999600000000E+005    3.0000000000000E+000    0.0000000000000E+000    1.0000000000000E+000    4.0000000000000E+000
      27    1.0000000000000E+000    9.9999500000000E+005    3.0000000000000E+000    0.0000000000000E+000    1.0000000000000E+000    4.0000000000000E+000
      28    1.0000000000000E+000    9.9999500000000E+005    3.0000000000000E+000    0.0000000000000E+000    1.0000000000000E+000    4.0000000000000E+000
      29    1.0000000000000E+000    9.9999500000000E+005    3.0000000000000E+000    0.0000000000000E+000    1.0000000000000E+000    4.0000000000000E+000
      30    1.0000000000000E+000    9.9999500000000E+005    3.0000000000000E+000    0.0000000000000E+000    1.0000000000000E+000    4.0000000000000E+000
      31    4.0000000000000E+000    9.9999100000000E+005    3.0000000000000E+000    1.0000000000000E+000    1.0000000000000E+000    5.0000000000000E+000
      32    7.0000000000000E+000    9.9998800000000E+005    3.0000000000000E+000    1.0000000000000E+000    1.0000000000000E+000    5.0000000000000E+000
      33    7.0000000000000E+000    9.9998800000000E+005    3.0000000000000E+000    1.0000000000000E+000    1.0000000000000E+000    5.0000000000000E+000
      34    7.0000000000000E+000    9.9998800000000E+005    3.0000000000000E+000    1.0000000000000E+000    1.0000000000000E+000    5.0000000000000E+000
      35    8.0000000000000E+000    9.9998300000000E+005    7.0000000000000E+000    1.0000000000000E+000    1.0000000000000E+000    9.0000000000000E+000
      36    6.0000000000000E+000    9.9998200000000E+005    9.0000000000000E+000    2.0000000000000E+000    1.0000000000000E+000    1.2000000000000E+001
      37    8.0000000000000E+000    9.9998000000000E+005    8.0000000000000E+000    3.0000000000000E+000    1.0000000000000E+000    1.2000000000000E+001
      38    8.0000000000000E+000    9.9998000000000E+005    8.0000000000000E+000    3.0000000000000E+000    1.0000000000000E+000    1.2000000000000E+001
      39    3.0000000000000E+000    9.9998000000000E+005    1.3000000000000E+001    3.0000000000000E+000    1.0000000000000E+000    1.7000000000000E+001
      40    7.0000000000000E+000    9.9997500000000E+005    1.4000000000000E+001    1.0000000000000E+000    3.0000000000000E+000    1.8000000000000E+001
      41    1.4000000000000E+001    9.9996600000000E+005    1.6000000000000E+001    1.0000000000000E+000    3.0000000000000E+000    2.0000000000000E+001
      42    2.6000000000000E+001    9.9995400000000E+005    1.6000000000000E+001    1.0000000000000E+000    3.0000000000000E+000    2.0000000000000E+001
      43    3.2000000000000E+001    9.9994800000000E+005    1.6000000000000E+001    1.0000000000000E+000    3.0000000000000E+000    2.0000000000000E+001
      44    3.3000000000000E+001    9.9994200000000E+005    2.1000000000000E+001    1.0000000000000E+000    3.0000000000000E+000    2.5000000000000E+001
      45    3.0000000000000E+001    9.9993600000000E+005    2.9000000000000E+001    2.0000000000000E+000    3.0000000000000E+000    3.4000000000000E+001
      46    2.3000000000000E+001    9.9993100000000E+005    4.1000000000000E+001    2.0000000000000E+000    3.0000000000000E+000    4.6000000000000E+001
      47    3.0000000000000E+001    9.9991800000000E+005    4.7000000000000E+001    2.0000000000000E+000    3.0000000000000E+000    5.2000000000000E+001
      48    4.2000000000000E+001    9.9990000000000E+005    5.3000000000000E+001    2.0000000000000E+000    3.0000000000000E+000    5.8000000000000E+001
      49    4.6000000000000E+001    9.9989000000000E+005    5.5000000000000E+001    4.0000000000000E+000    5.0000000000000E+000    6.4000000000000E+001
      50    5.0000000000000E+001    9.9988100000000E+005    5.7000000000000E+001    5.0000000000000E+000    7.0000000000000E+000    6.9000000000000E+001
      51    5.4000000000000E+001    9.9986400000000E+005    7.0000000000000E+001    5.0000000000000E+000    7.0000000000000E+000    8.2000000000000E+001
      52    4.8000000000000E+001    9.9985200000000E+005    8.8000000000000E+001    5.0000000000000E+000    7.0000000000000E+000    1.0000000000000E+002
      53    6.6000000000000E+001    9.9982400000000E+005    9.3000000000000E+001    9.0000000000000E+000    8.0000000000000E+000    1.1000000000000E+002
      54    8.3000000000000E+001    9.9979800000000E+005    1.0100000000000E+002    1.0000000000000E+001    8.0000000000000E+000    1.1900000000000E+002
      55    9.1000000000000E+001    9.9977300000000E+005    1.1600000000000E+002    1.2000000000000E+001    8.0000000000000E+000    1.3600000000000E+002
      56    1.2200000000000E+002    9.9973000000000E+005    1.2800000000000E+002    1.0000000000000E+001    1.0000000000000E+001    1.4800000000000E+002
      57    1.1800000000000E+002    9.9970600000000E+005    1.5600000000000E+002    1.0000000000000E+001    1.0000000000000E+001    1.7600000000000E+002
      58    1.4200000000000E+002    9.9965600000000E+005    1.7700000000000E+002    1.3000000000000E+001    1.2000000000000E+001    2.0200000000000E+002
      59    1.5600000000000E+002    9.9961700000000E+005    1.9300000000000E+002    1.9000000000000E+001    1.5000000000000E+001    2.2700000000000E+002
      60    1.5800000000000E+002    9.9957200000000E+005    2.2400000000000E+002    3.0000000000000E+001    1.6000000000000E+001    2.7000000000000E+002
      61    1.8600000000000E+002    9.9952000000000E+005    2.4200000000000E+002    3.2000000000000E+001    2.0000000000000E+001    2.9400000000000E+002
      62    2.0200000000000E+002    9.9945400000000E+005    2.8600000000000E+002    3.7000000000000E+001    2.1000000000000E+001    3.4400000000000E+002
      63    2.5600000000000E+002    9.9936100000000E+005    3.1900000000000E+002    4.2000000000000E+001    2.2000000000000E+001    3.8300000000000E+002
      64    2.8200000000000E+002    9.9929000000000E+005    3.5900000000000E+002    4.2000000000000E+001    2.7000000000000E+001    4.2800000000000E+002
      65    3.3800000000000E+002    9.9918200000000E+005    3.9800000000000E+002    5.4000000000000E+001    2.8000000000000E+001    4.8000000000000E+002
      66    4.0100000000000E+002    9.9905300000000E+005    4.4600000000000E+002    6.8000000000000E+001    3.2000000000000E+001    5.4600000000000E+002
      67    4.4200000000000E+002    9.9891900000000E+005    5.2900000000000E+002    7.7000000000000E+001    3.3000000000000E+001    6.3900000000000E+002
      68    5.0100000000000E+002    9.9878900000000E+005    5.9100000000000E+002    8.4000000000000E+001    3.5000000000000E+001    7.1000000000000E+002
      69    5.4500000000000E+002    9.9863700000000E+005    6.8200000000000E+002    9.6000000000000E+001    4.0000000000000E+001    8.1800000000000E+002
      70    6.1600000000000E+002    9.9843700000000E+005    7.9900000000000E+002    9.9000000000000E+001    4.9000000000000E+001    9.4700000000000E+002
      71    7.0500000000000E+002    9.9821400000000E+005    9.0500000000000E+002    1.2100000000000E+002    5.5000000000000E+001    1.0810000000000E+003
      72    8.2500000000000E+002    9.9796400000000E+005    1.0090000000000E+003    1.4400000000000E+002    5.8000000000000E+001    1.2110000000000E+003
      73    9.4900000000000E+002    9.9768800000000E+005    1.1360000000000E+003    1.5400000000000E+002    7.3000000000000E+001    1.3630000000000E+003
      74    1.0160000000000E+003    9.9742100000000E+005    1.2930000000000E+003    1.8500000000000E+002    8.5000000000000E+001    1.5630000000000E+003
      75    1.1600000000000E+003    9.9705400000000E+005    1.4920000000000E+003    1.9200000000000E+002    1.0200000000000E+002    1.7860000000000E+003
      76    1.3150000000000E+003    9.9664900000000E+005    1.6920000000000E+003    2.3100000000000E+002    1.1300000000000E+002    2.0360000000000E+003
      77    1.4700000000000E+003    9.9621800000000E+005    1.9290000000000E+003    2.5500000000000E+002    1.2800000000000E+002    2.3120000000000E+003
      78    1.7110000000000E+003    9.9571000000000E+005    2.1510000000000E+003    2.7700000000000E+002    1.5100000000000E+002    2.5790000000000E+003
      79    1.9770000000000E+003    9.9507700000000E+005    2.4660000000000E+003    3.0500000000000E+002    1.7500000000000E+002    2.9460000000000E+003
      80    2.2710000000000E+003    9.9437800000000E+005    2.8050000000000E+003    3.4100000000000E+002    2.0500000000000E+002    3.3510000000000E+003
      81    2.7220000000000E+003    9.9349600000000E+005    3.1430000000000E+003    4.0000000000000E+002    2.3900000000000E+002    3.7820000000000E+003
      82    3.1560000000000E+003    9.9255400000000E+005    3.5800000000000E+003    4.4300000000000E+002    2.6700000000000E+002    4.2900000000000E+003
      83    3.5080000000000E+003    9.9156900000000E+005    4.1050000000000E+003    5.1200000000000E+002    3.0600000000000E+002    4.9230000000000E+003
      84    4.0320000000000E+003    9.9034600000000E+005    4.6750000000000E+003    6.0100000000000E+002    3.4600000000000E+002    5.6220000000000E+003
      85    4.5550000000000E+003    9.8894100000000E+005    5.4230000000000E+003    6.8400000000000E+002    3.9700000000000E+002    6.5040000000000E+003
      86    5.1370000000000E+003    9.8741700000000E+005    6.2350000000000E+003    7.6300000000000E+002    4.4800000000000E+002    7.4460000000000E+003
      87    5.8880000000000E+003    9.8568100000000E+005    7.0680000000000E+003    8.5700000000000E+002    5.0600000000000E+002    8.4310000000000E+003
      88    6.6300000000000E+003    9.8371600000000E+005    8.0910000000000E+003    9.9200000000000E+002    5.7100000000000E+002    9.6540000000000E+003
      89    7.4370000000000E+003    9.8150400000000E+005    9.2730000000000E+003    1.1250000000000E+003    6.6100000000000E+002    1.1059000000000E+004
      90    8.4650000000000E+003    9.7895200000000E+005    1.0547000000000E+004    1.2780000000000E+003    7.5800000000000E+002    1.2583000000000E+004
      91    9.6080000000000E+003    9.7607300000000E+005    1.2007000000000E+004    1.4630000000000E+003    8.4900000000000E+002    1.4319000000000E+004
      92    1.0982000000000E+004    9.7273400000000E+005    1.3705000000000E+004    1.6040000000000E+003    9.7500000000000E+002    1.6284000000000E+004
      93    1.2453000000000E+004    9.6905100000000E+005    1.5550000000000E+004    1.8330000000000E+003    1.1130000000000E+003    1.8496000000000E+004
      94    1.4043000000000E+004    9.6490900000000E+005    1.7697000000000E+004    2.0940000000000E+003    1.2570000000000E+003    2.1048000000000E+004
      95    1.5701000000000E+004    9.6037200000000E+005    2.0145000000000E+004    2.3430000000000E+003    1.4390000000000E+003    2.3927000000000E+004
      96    1.7367000000000E+004    9.5536700000000E+005    2.2976000000000E+004    2.6510000000000E+003    1.6390000000000E+003    2.7266000000000E+004
      97    1.9602000000000E+004    9.4944900000000E+005    2.6026000000000E+004    3.0670000000000E+003    1.8560000000000E+003    3.0949000000000E+004
      98    2.2005000000000E+004    9.4290400000000E+005    2.9469000000000E+004    3.5370000000000E+003    2.0850000000000E+003    3.5091000000000E+004
      99    2.4865000000000E+004    9.3550700000000E+005    3.3124000000000E+004    4.1130000000000E+003    2.3910000000000E+003    3.9628000000000E+004
     100    2.7669000000000E+004    9.2769800000000E+005    3.7187000000000E+004    4.7420000000000E+003    2.7040000000000E+003    4.4633000000000E+004
     101    3.0242000000000E+004    9.1920700000000E+005    4.2120000000000E+004    5.3900000000000E+003    3.0410000000000E+003    5.0551000000000E+004
     102    3.2681000000000E+004    9.1022300000000E+005    4.7442000000000E+004    6.2110000000000E+003    3.4430000000000E+003    5.7096000000000E+004
     103    3.4706000000000E+004    9.0080100000000E+005    5.3434000000000E+004    7.1730000000000E+003    3.8860000000000E+003    6.4493000000000E+004
     104    3.6761000000000E+004    8.9093700000000E+005    5.9719000000000E+004    8.2040000000000E+003    4.3790000000000E+003    7.2302000000000E+004
     105    3.8292000000000E+004    8.8091500000000E+005    6.6474000000000E+004    9.3470000000000E+003    4.9720000000000E+003    8.0793000000000E+004
     106    3.9344000000000E+004    8.7087900000000E+005    7.3493000000000E+004    1.0644000000000E+004    5.6400000000000E+003    8.9777000000000E+004
     107    3.9705000000000E+004    8.6109600000000E+005    8.0703000000000E+004    1.2095000000000E+004    6.4010000000000E+003    9.9199000000000E+004
     108    3.9298000000000E+004    8.5163900000000E+005    8.8015000000000E+004    1.3823000000000E+004    7.2250000000000E+003    1.0906300000000E+005
     109    3.7854000000000E+004    8.4306100000000E+005    9.5158000000000E+004    1.5853000000000E+004    8.0740000000000E+003    1.1908500000000E+005
     110    3.5996000000000E+004    8.3488300000000E+005    1.0185500000000E+005    1.8356000000000E+004    8.9100000000000E+003    1.2912100000000E+005
     111    3.3552000000000E+004    8.2754400000000E+005    1.0795500000000E+005    2.1149000000000E+004    9.8000000000000E+003    1.3890400000000E+005
     112    3.0789000000000E+004    8.2085000000000E+005    1.1327000000000E+005    2.4320000000000E+004    1.0771000000000E+004    1.4836100000000E+005
     113    2.8382000000000E+004    8.1467900000000E+005    1.1731100000000E+005    2.7901000000000E+004    1.1727000000000E+004    1.5693900000000E+005
     114    2.5860000000000E+004    8.0902300000000E+005    1.2048400000000E+005    3.1921000000000E+004    1.2712000000000E+004    1.6511700000000E+005
     115    2.3902000000000E+004    8.0364200000000E+005    1.2190500000000E+005    3.6874000000000E+004    1.3677000000000E+004    1.7245600000000E+005
     116    2.2135000000000E+004    7.9871500000000E+005    1.2205400000000E+005    4.2520000000000E+004    1.4576000000000E+004    1.7915000000000E+005
     117    2.0766000000000E+004    7.9391300000000E+005    1.2082800000000E+005    4.9067000000000E+004    1.5426000000000E+004    1.8532100000000E+005
     118    1.9911000000000E+004    7.8911200000000E+005    1.1867500000000E+005    5.6017000000000E+004    1.6285000000000E+004    1.9097700000000E+005
     119    1.9514000000000E+004    7.8412800000000E+005    1.1556500000000E+005    6.3772000000000E+004    1.7021000000000E+004    1.9635800000000E+005
     120    1.9590000000000E+004    7.7912500000000E+005    1.1150800000000E+005    7.2044000000000E+004    1.7733000000000E+004    2.0128500000000E+005
     121    2.0176000000000E+004    7.7373700000000E+005    1.0688800000000E+005    8.0852000000000E+004    1.8347000000000E+004    2.0608700000000E+005
     122    2.0928000000000E+004    7.6818400000000E+005    1.0182500000000E+005    9.0133000000000E+004    1.8930000000000E+004    2.1088800000000E+005
     123    2.1748000000000E+004    7.6238000000000E+005    9.6787000000000E+004    9.9629000000000E+004    1.9456000000000E+004    2.1587200000000E+005
     124    2.2659000000000E+004    7.5646600000000E+005    9.1754000000000E+004    1.0917300000000E+005    1.9948000000000E+004    2.2087500000000E+005
     125    2.3463000000000E+004    7.5027400000000E+005    8.7359000000000E+004    1.1847800000000E+005    2.0426000000000E+004    2.2626300000000E+005
     126    2.4206000000000E+004    7.4397800000000E+005    8.3455000000000E+004    1.2749800000000E+005    2.0863000000000E+004    2.3181600000000E+005
     127    2.4406000000000E+004    7.3797400000000E+005    8.0681000000000E+004    1.3555600000000E+005    2.1383000000000E+004    2.3762000000000E+005
     128    2.4548000000000E+004    7.3191800000000E+005    7.8417000000000E+004    1.4322500000000E+005    2.1892000000000E+004    2.4353400000000E+005
     129    2.4446000000000E+004    7.2582800000000E+005    7.7270000000000E+004    1.5003300000000E+005    2.2423000000000E+004    2.4972600000000E+005
     130    2.4194000000000E+004    7.1978400000000E+005    7.6872000000000E+004    1.5617800000000E+005    2.2972000000000E+004    2.5602200000000E+005
     131    2.4052000000000E+004    7.1392200000000E+005    7.6705000000000E+004    1.6176300000000E+005    2.3558000000000E+004    2.6202600000000E+005
     132    2.3858000000000E+004    7.0806000000000E+005    7.7105000000000E+004    1.6683500000000E+005    2.4142000000000E+004    2.6808200000000E+005
     133    2.3459000000000E+004    7.0236900000000E+005    7.7814000000000E+004    1.7161200000000E+005    2.4746000000000E+004    2.7417200000000E+005
     134    2.2962000000000E+004    6.9682200000000E+005    7.8931000000000E+004    1.7591800000000E+005    2.5367000000000E+004    2.8021600000000E+005
     135    2.2397000000000E+004    6.9152500000000E+005    7.9991000000000E+004    1.8008700000000E+005    2.6000000000000E+004    2.8607800000000E+005
     136    2.1753000000000E+004    6.8630700000000E+005    8.1052000000000E+004    1.8428700000000E+005    2.6601000000000E+004    2.9194000000000E+005
     137    2.1107000000000E+004    6.8126200000000E+005    8.1759000000000E+004    1.8864300000000E+005    2.7229000000000E+004    2.9763100000000E+005
     138    2.0501000000000E+004    6.7632100000000E+005    8.2303000000000E+004    1.9305400000000E+005    2.7821000000000E+004    3.0317800000000E+005
     139    2.0146000000000E+004    6.7137900000000E+005    8.2212000000000E+004    1.9786500000000E+005    2.8398000000000E+004    3.0847500000000E+005
     140    1.9800000000000E+004    6.6650700000000E+005    8.1877000000000E+004    2.0278000000000E+005    2.9036000000000E+004    3.1369300000000E+005
     141    1.9364000000000E+004    6.6189800000000E+005    8.1118000000000E+004    2.0799600000000E+005    2.9624000000000E+004    3.1873800000000E+005
     142    1.9223000000000E+004    6.5709800000000E+005    8.0145000000000E+004    2.1337000000000E+005    3.0164000000000E+004    3.2367900000000E+005
     143    1.8760000000000E+004    6.5261900000000E+005    7.8895000000000E+004    2.1901200000000E+005    3.0714000000000E+004    3.2862100000000E+005
     144    1.8414000000000E+004    6.4809300000000E+005    7.7471000000000E+004    2.2481200000000E+005    3.1210000000000E+004    3.3349300000000E+005
     145    1.8211000000000E+004    6.4368700000000E+005    7.6076000000000E+004    2.3031000000000E+005    3.1716000000000E+004    3.3810200000000E+005
     146    1.7896000000000E+004    6.3920200000000E+005    7.4820000000000E+004    2.3586400000000E+005    3.2218000000000E+004    3.4290200000000E+005
     147    1.7883000000000E+004    6.3473600000000E+005    7.3209000000000E+004    2.4148300000000E+005    3.2689000000000E+004    3.4738100000000E+005
     148    1.7573000000000E+004    6.3052000000000E+005    7.1691000000000E+004    2.4701300000000E+005    3.3203000000000E+004    3.5190700000000E+005
     149    1.7294000000000E+004    6.2639300000000E+005    7.0235000000000E+004    2.5246100000000E+005    3.3617000000000E+004    3.5631300000000E+005
     150    1.7033000000000E+004    6.2216900000000E+005    6.8858000000000E+004    2.5782400000000E+005    3.4116000000000E+004    3.6079800000000E+005
     151    1.6670000000000E+004    6.1806600000000E+005    6.7633000000000E+004    2.6305400000000E+005    3.4577000000000E+004    3.6526400000000E+005
     152    1.6431000000000E+004    6.1408900000000E+005    6.6302000000000E+004    2.6814200000000E+005    3.5036000000000E+004    3.6948000000000E+005
     153    1.6207000000000E+004    6.1018600000000E+005    6.5132000000000E+004    2.7299200000000E+005    3.5483000000000E+004    3.7360700000000E+005
     154    1.5908000000000E+004    6.0626100000000E+005    6.4138000000000E+004    2.7777100000000E+005    3.5922000000000E+004    3.7783100000000E+005
     155    1.5544000000000E+004    6.0252200000000E+005    6.3196000000000E+004    2.8239500000000E+005    3.6343000000000E+004    3.8193400000000E+005
     156    1.5232000000000E+004    5.9885700000000E+005    6.2232000000000E+004    2.8691400000000E+005    3.6765000000000E+004    3.8591100000000E+005
     157    1.4921000000000E+004    5.9526500000000E+005    6.1193000000000E+004    2.9144600000000E+005    3.7175000000000E+004    3.8981400000000E+005
     158    1.4656000000000E+004    5.9160500000000E+005    6.0246000000000E+004    2.9590500000000E+005    3.7588000000000E+004    3.9373900000000E+005
     159    1.4452000000000E+004    5.8807000000000E+005    5.9376000000000E+004    3.0012800000000E+005    3.7974000000000E+004    3.9747800000000E+005
     160    1.4291000000000E+004    5.8456600000000E+005    5.8241000000000E+004    3.0450900000000E+005    3.8393000000000E+004    4.0114300000000E+005
     161    1.4143000000000E+004    5.8112200000000E+005    5.7354000000000E+004    3.0858600000000E+005    3.8795000000000E+004    4.0473500000000E+005
     162    1.3754000000000E+004    5.7785100000000E+005    5.6488000000000E+004    3.1270800000000E+005    3.9199000000000E+004    4.0839500000000E+005
     163    1.3491000000000E+004    5.7457900000000E+005    5.5617000000000E+004    3.1676300000000E+005    3.9550000000000E+004    4.1193000000000E+005
     164    1.3145000000000E+004    5.7142100000000E+005    5.4636000000000E+004    3.2086100000000E+005    3.9937000000000E+004    4.1543400000000E+005
     165    1.2883000000000E+004    5.6823900000000E+005    5.3614000000000E+004    3.2497200000000E+005    4.0292000000000E+004    4.1887800000000E+005
     166    1.2732000000000E+004    5.6511900000000E+005    5.2669000000000E+004    3.2881600000000E+005    4.0664000000000E+004    4.2214900000000E+005
     167    1.2520000000000E+004    5.6205900000000E+005    5.1814000000000E+004    3.3259800000000E+005    4.1009000000000E+004    4.2542100000000E+005
     168    1.2285000000000E+004    5.5913600000000E+005    5.0748000000000E+004    3.3646700000000E+005    4.1364000000000E+004    4.2857900000000E+005
     169    1.1931000000000E+004    5.5630800000000E+005    4.9827000000000E+004    3.4022700000000E+005    4.1707000000000E+004    4.3176100000000E+005
     170    1.1628000000000E+004    5.5349100000000E+005    4.8970000000000E+004    3.4386600000000E+005    4.2045000000000E+004    4.3488100000000E+005
     171    1.1251000000000E+004    5.5080800000000E+005    4.8127000000000E+004    3.4743500000000E+005    4.2379000000000E+004    4.3794100000000E+005
     172    1.1013000000000E+004    5.4812300000000E+005    4.7125000000000E+004    3.5104600000000E+005    4.2693000000000E+004    4.4086400000000E+005
     173    1.0805000000000E+004    5.4550300000000E+005    4.6214000000000E+004    3.5448400000000E+005    4.2994000000000E+004    4.4369200000000E+005
     174    1.0484000000000E+004    5.4300700000000E+005    4.5366000000000E+004    3.5786000000000E+005    4.3283000000000E+004    4.4650900000000E+005
     175    1.0320000000000E+004    5.4048800000000E+005    4.4457000000000E+004    3.6115600000000E+005    4.3579000000000E+004    4.4919200000000E+005
     176    1.0147000000000E+004    5.3797600000000E+005    4.3482000000000E+004    3.6452900000000E+005    4.3866000000000E+004    4.5187700000000E+005
     177    9.9570000000000E+003    5.3554600000000E+005    4.2567000000000E+004    3.6778300000000E+005    4.4147000000000E+004    4.5449700000000E+005
     178    9.7850000000000E+003    5.3322200000000E+005    4.1559000000000E+004    3.7099300000000E+005    4.4441000000000E+004    4.5699300000000E+005
     179    9.5230000000000E+003    5.3096500000000E+005    4.0634000000000E+004    3.7415800000000E+005    4.4720000000000E+004    4.5951200000000E+005
     180    9.3030000000000E+003    5.2867300000000E+005    3.9875000000000E+004    3.7715100000000E+005    4.4998000000000E+004    4.6202400000000E+005
     181    9.0600000000000E+003    5.2648600000000E+005    3.9033000000000E+004    3.8018000000000E+005    4.5241000000000E+004    4.6445400000000E+005
     182    8.8660000000000E+003    5.2435600000000E+005    3.8199000000000E+004    3.8309100000000E+005    4.5488000000000E+004    4.6677800000000E+005
     183    8.7550000000000E+003    5.2221000000000E+005    3.7274000000000E+004    3.8603600000000E+005    4.5725000000000E+004    4.6903500000000E+005
     184    8.4920000000000E+003    5.2018100000000E+005    3.6446000000000E+004    3.8892800000000E+005    4.5953000000000E+004    4.7132700000000E+005
     185    8.2850000000000E+003    5.1820100000000E+005    3.5573000000000E+004    3.9176600000000E+005    4.6175000000000E+004    4.7351400000000E+005
     186    8.1030000000000E+003    5.1625300000000E+005    3.4780000000000E+004    3.9446200000000E+005    4.6402000000000E+004    4.7564400000000E+005
     187    7.8290000000000E+003    5.1438100000000E+005    3.4098000000000E+004    3.9707000000000E+005    4.6622000000000E+004    4.7779000000000E+005
     188    7.6440000000000E+003    5.1253700000000E+005    3.3310000000000E+004    3.9963900000000E+005    4.6870000000000E+004    4.7981900000000E+005
     189    7.4560000000000E+003    5.1074500000000E+005    3.2607000000000E+004    4.0207900000000E+005    4.7113000000000E+004    4.8179900000000E+005
     190    7.3450000000000E+003    5.0890800000000E+005    3.1870000000000E+004    4.0458100000000E+005    4.7296000000000E+004    4.8374700000000E+005
     191    7.1910000000000E+003    5.0719000000000E+005    3.1122000000000E+004    4.0700300000000E+005    4.7494000000000E+004    4.8561900000000E+005
     192    6.9630000000000E+003    5.0557400000000E+005    3.0470000000000E+004    4.0929700000000E+005    4.7696000000000E+004    4.8746300000000E+005
     193    6.8270000000000E+003    5.0391800000000E+005    2.9743000000000E+004    4.1162000000000E+005    4.7892000000000E+004    4.8925500000000E+005
     194    6.4680000000000E+003    5.0244000000000E+005    2.9068000000000E+004    4.1394300000000E+005    4.8081000000000E+004    4.9109200000000E+005
     195    6.3820000000000E+003    5.0080800000000E+005    2.8356000000000E+004    4.1621300000000E+005    4.8241000000000E+004    4.9281000000000E+005
     196    6.2500000000000E+003    4.9932400000000E+005    2.7648000000000E+004    4.1836500000000E+005    4.8413000000000E+004    4.9442600000000E+005
     197    6.0560000000000E+003    4.9786200000000E+005    2.7047000000000E+004    4.2047300000000E+005    4.8562000000000E+004    4.9608200000000E+005
     198    6.0900000000000E+003    4.9635000000000E+005    2.6233000000000E+004    4.2258400000000E+005    4.8743000000000E+004    4.9756000000000E+005
     199    5.8850000000000E+003    4.9492300000000E+005    2.5678000000000E+004    4.2458000000000E+005    4.8934000000000E+004    4.9919200000000E+005
     200    5.6790000000000E+003    4.9364500000000E+005    2.5032000000000E+004    4.2653000000000E+005    4.9114000000000E+004    5.0067600000000E+005
     201    5.5470000000000E+003    4.9231500000000E+005    2.4348000000000E+004    4.2850800000000E+005    4.9282000000000E+004    5.0213800000000E+005
     202    5.3400000000000E+003    4.9101000000000E+005    2.3831000000000E+004    4.3040200000000E+005    4.9417000000000E+004    5.0365000000000E+005
     203    5.0970000000000E+003    4.8982600000000E+005    2.3278000000000E+004    4.3222500000000E+005    4.9574000000000E+004    5.0507700000000E+005
     204    5.0960000000000E+003    4.8854900000000E+005    2.2608000000000E+004    4.3403700000000E+005    4.9710000000000E+004    5.0635500000000E+005
     205    4.9130000000000E+003    4.8740200000000E+005    2.2066000000000E+004    4.3576200000000E+005    4.9857000000000E+004    5.0768500000000E+005
     206    4.7740000000000E+003    4.8623600000000E+005    2.1527000000000E+004    4.3745400000000E+005    5.0009000000000E+004    5.0899000000000E+005
     207    4.7660000000000E+003    4.8506000000000E+005    2.0919000000000E+004    4.3909300000000E+005    5.0162000000000E+004    5.1017400000000E+005
     208    4.5430000000000E+003    4.8400600000000E+005    2.0359000000000E+004    4.4078900000000E+005    5.0303000000000E+004    5.1145100000000E+005
     209    4.4240000000000E+003    4.8297800000000E+005    1.9788000000000E+004    4.4235900000000E+005    5.0451000000000E+004    5.1259800000000E+005
     210    4.2550000000000E+003    4.8198100000000E+005    1.9338000000000E+004    4.4384300000000E+005    5.0583000000000E+004    5.1376400000000E+005
     211    4.0630000000000E+003    4.8099700000000E+005    1.8858000000000E+004    4.4538200000000E+005    5.0700000000000E+004    5.1494000000000E+005
     212    3.9650000000000E+003    4.8004100000000E+005    1.8434000000000E+004    4.4672700000000E+005    5.0833000000000E+004    5.1599400000000E+005
     213    3.8220000000000E+003    4.7915600000000E+005    1.7830000000000E+004    4.4824900000000E+005    5.0943000000000E+004    5.1702200000000E+005
     214    3.7180000000000E+003    4.7826300000000E+005    1.7343000000000E+004    4.4960800000000E+005    5.1068000000000E+004    5.1801900000000E+005
     215    3.6130000000000E+003    4.7738400000000E+005    1.6865000000000E+004    4.5092700000000E+005    5.1211000000000E+004    5.1900300000000E+005
     216    3.4430000000000E+003    4.7659800000000E+005    1.6309000000000E+004    4.5233200000000E+005    5.1318000000000E+004    5.1995900000000E+005
     217    3.3050000000000E+003    4.7585100000000E+005    1.5767000000000E+004    4.5365200000000E+005    5.1425000000000E+004    5.2084400000000E+005
     218    3.1270000000000E+003    4.7513600000000E+005    1.5382000000000E+004    4.5484200000000E+005    5.1513000000000E+004    5.2173700000000E+005
     219    3.0320000000000E+003    4.7435200000000E+005    1.4931000000000E+004    4.5608300000000E+005    5.1602000000000E+004    5.2261600000000E+005
     220    3.0000000000000E+003    4.7359800000000E+005    1.4412000000000E+004    4.5730600000000E+005    5.1684000000000E+004    5.2340200000000E+005
     221    2.9760000000000E+003    4.7287500000000E+005    1.3975000000000E+004    4.5840300000000E+005    5.1771000000000E+004    5.2414900000000E+005
     222    2.9550000000000E+003    4.7218100000000E+005    1.3413000000000E+004    4.5958800000000E+005    5.1863000000000E+004    5.2486400000000E+005
     223    2.8640000000000E+003    4.7148800000000E+005    1.3050000000000E+004    4.6066000000000E+005    5.1938000000000E+004    5.2564800000000E+005
     224    2.7390000000000E+003    4.7085900000000E+005    1.2638000000000E+004    4.6175700000000E+005    5.2007000000000E+004    5.2640200000000E+005
     225    2.6600000000000E+003    4.7021500000000E+005    1.2185000000000E+004    4.6286200000000E+005    5.2078000000000E+004    5.2712500000000E+005
     226    2.5980000000000E+003    4.6958300000000E+005    1.1825000000000E+004    4.6385000000000E+005    5.2144000000000E+004    5.2781900000000E+005
     227    2.4810000000000E+003    4.6900700000000E+005    1.1490000000000E+004    4.6479000000000E+005    5.2232000000000E+004    5.2851200000000E+005
     228    2.3990000000000E+003    4.6846000000000E+005    1.1122000000000E+004    4.6571400000000E+005    5.2305000000000E+004    5.2914100000000E+005
     229    2.3450000000000E+003    4.6787000000000E+005    1.0782000000000E+004    4.6663500000000E+005    5.2368000000000E+004    5.2978500000000E+005
     230    2.2700000000000E+003    4.6731300000000E+005    1.0458000000000E+004    4.6752800000000E+005    5.2431000000000E+004    5.3041700000000E+005
     231    2.2690000000000E+003    4.6673800000000E+005    1.0149000000000E+004    4.6835500000000E+005    5.2489000000000E+004    5.3099300000000E+005
     232    2.2030000000000E+003    4.6625700000000E+005    9.8030000000000E+003    4.6918900000000E+005    5.2548000000000E+004    5.3154000000000E+005
     233    2.0460000000000E+003    4.6582400000000E+005    9.5140000000000E+003    4.7000600000000E+005    5.2610000000000E+004    5.3213000000000E+005
     234    1.9540000000000E+003    4.6535900000000E+005    9.2850000000000E+003    4.7073100000000E+005    5.2671000000000E+004    5.3268700000000E+005
     235    1.7870000000000E+003    4.6495100000000E+005    9.1130000000000E+003    4.7142900000000E+005    5.2720000000000E+004    5.3326200000000E+005
     236    1.7480000000000E+003    4.6450900000000E+005    8.8790000000000E+003    4.7209100000000E+005    5.2773000000000E+004    5.3374300000000E+005
     237    1.7430000000000E+003    4.6408100000000E+005    8.5280000000000E+003    4.7281600000000E+005    5.2832000000000E+004    5.3417600000000E+005
     238    1.6770000000000E+003    4.6368200000000E+005    8.2390000000000E+003    4.7351600000000E+005    5.2886000000000E+004    5.3464100000000E+005
     239    1.6580000000000E+003    4.6329300000000E+005    7.9240000000000E+003    4.7418000000000E+005    5.2945000000000E+004    5.3504900000000E+005
     240    1.6000000000000E+003    4.6290900000000E+005    7.6720000000000E+003    4.7482800000000E+005    5.2991000000000E+004    5.3549100000000E+005
     241    1.5460000000000E+003    4.6253500000000E+005    7.4070000000000E+003    4.7548200000000E+005    5.3030000000000E+004    5.3591900000000E+005
     242    1.4890000000000E+003    4.6219300000000E+005    7.1770000000000E+003    4.7606600000000E+005    5.3075000000000E+004    5.3631800000000E+005
     243    1.4750000000000E+003    4.6181800000000E+005    6.9220000000000E+003    4.7667300000000E+005    5.3112000000000E+004    5.3670700000000E+005
     244    1.4010000000000E+003    4.6150800000000E+005    6.6740000000000E+003    4.7725600000000E+005    5.3161000000000E+004    5.3709100000000E+005
     245    1.3220000000000E+003    4.6121300000000E+005    6.4720000000000E+003    4.7778800000000E+005    5.3205000000000E+004    5.3746500000000E+005
     246    1.3020000000000E+003    4.6089100000000E+005    6.2670000000000E+003    4.7830200000000E+005    5.3238000000000E+004    5.3780700000000E+005
     247    1.2070000000000E+003    4.6061100000000E+005    6.0520000000000E+003    4.7885300000000E+005    5.3277000000000E+004    5.3818200000000E+005
     248    1.2060000000000E+003    4.6030200000000E+005    5.8050000000000E+003    4.7936800000000E+005    5.3319000000000E+004    5.3849200000000E+005
     249    1.2030000000000E+003    4.6001000000000E+005    5.5250000000000E+003    4.7990900000000E+005    5.3353000000000E+004    5.3878700000000E+005
     250    1.1400000000000E+003    4.5975100000000E+005    5.3660000000000E+003    4.8035900000000E+005    5.3384000000000E+004    5.3910900000000E+005
     251    1.1130000000000E+003    4.5949800000000E+005    5.2130000000000E+003    4.8076000000000E+005    5.3416000000000E+004    5.3938900000000E+005
     252    1.0280000000000E+003    4.5927400000000E+005    5.0570000000000E+003    4.8118700000000E+005    5.3454000000000E+004    5.3969800000000E+005
     253    9.9800000000000E+002    4.5901200000000E+005    4.9410000000000E+003    4.8156300000000E+005    5.3486000000000E+004    5.3999000000000E+005
     254    9.7000000000000E+002    4.5878100000000E+005    4.7580000000000E+003    4.8197200000000E+005    5.3519000000000E+004    5.4024900000000E+005
     255    9.3700000000000E+002    4.5856100000000E+005    4.5830000000000E+003    4.8237500000000E+005    5.3544000000000E+004    5.4050200000000E+005
     256    9.4400000000000E+002    4.5833000000000E+005    4.4080000000000E+003    4.8275200000000E+005    5.3566000000000E+004    5.4072600000000E+005
     257    9.1900000000000E+002    4.5809300000000E+005    4.2810000000000E+003    4.8310700000000E+005    5.3600000000000E+004    5.4098800000000E+005
     258    8.6400000000000E+002    4.5791700000000E+005    4.1280000000000E+003    4.8346600000000E+005    5.3625000000000E+004    5.4121900000000E+005
     259    8.4300000000000E+002    4.5771800000000E+005    3.9740000000000E+003    4.8381900000000E+005    5.3646000000000E+004    5.4143900000000E+005
     260    7.8900000000000E+002    4.5754100000000E+005    3.8630000000000E+003    4.8413600000000E+005    5.3671000000000E+004    5.4167000000000E+005
     261    7.5000000000000E+002    4.5734300000000E+005    3.7250000000000E+003    4.8448200000000E+005    5.3700000000000E+004    5.4190700000000E+005
     262    7.6600000000000E+002    4.5715100000000E+005    3.5910000000000E+003    4.8476400000000E+005    5.3728000000000E+004    5.4208300000000E+005
     263    7.2200000000000E+002    4.5699600000000E+005    3.4950000000000E+003    4.8503900000000E+005    5.3748000000000E+004    5.4228200000000E+005
     264    7.3200000000000E+002    4.5680900000000E+005    3.3500000000000E+003    4.8535000000000E+005    5.3759000000000E+004    5.4245900000000E+005
     265    7.1600000000000E+002    4.5662700000000E+005    3.2680000000000E+003    4.8560900000000E+005    5.3780000000000E+004    5.4265700000000E+005
     266    6.4900000000000E+002    4.5650200000000E+005    3.1510000000000E+003    4.8590300000000E+005    5.3795000000000E+004    5.4284900000000E+005
     267    6.4000000000000E+002    4.5635600000000E+005    3.0140000000000E+003    4.8616800000000E+005    5.3822000000000E+004    5.4300400000000E+005
     268    5.7200000000000E+002    4.5623700000000E+005    2.9420000000000E+003    4.8641200000000E+005    5.3837000000000E+004    5.4319100000000E+005
     269    5.1800000000000E+002    4.5610900000000E+005    2.8710000000000E+003    4.8664100000000E+005    5.3861000000000E+004    5.4337300000000E+005
     270    5.3000000000000E+002    4.5597200000000E+005    2.7720000000000E+003    4.8684400000000E+005    5.3882000000000E+004    5.4349800000000E+005
     271    5.2200000000000E+002    4.5583400000000E+005    2.6560000000000E+003    4.8709800000000E+005    5.3890000000000E+004    5.4364400000000E+005
     272    5.4300000000000E+002    4.5569400000000E+005    2.5440000000000E+003    4.8730600000000E+005    5.3913000000000E+004    5.4376300000000E+005
     273    5.4100000000000E+002    4.5556800000000E+005    2.4520000000000E+003    4.8751100000000E+005    5.3928000000000E+004    5.4389100000000E+005
     274    5.0900000000000E+002    4.5546300000000E+005    2.3580000000000E+003    4.8772900000000E+005    5.3941000000000E+004    5.4402800000000E+005
     275    4.8200000000000E+002    4.5535200000000E+005    2.2590000000000E+003    4.8794800000000E+005    5.3959000000000E+004    5.4416600000000E+005
     276    4.3300000000000E+002    4.5526100000000E+005    2.2230000000000E+003    4.8810700000000E+005    5.3976000000000E+004    5.4430600000000E+005
     277    4.1700000000000E+002    4.5515100000000E+005    2.1500000000000E+003    4.8829400000000E+005    5.3988000000000E+004    5.4443200000000E+005
     278    4.3200000000000E+002    4.5503100000000E+005    2.0780000000000E+003    4.8846000000000E+005    5.3999000000000E+004    5.4453700000000E+005
     279    4.0500000000000E+002    4.5494700000000E+005    1.9910000000000E+003    4.8864600000000E+005    5.4011000000000E+004    5.4464800000000E+005
     280    4.0300000000000E+002    4.5485800000000E+005    1.8900000000000E+003    4.8882000000000E+005    5.4029000000000E+004    5.4473900000000E+005
     281    3.8400000000000E+002    4.5476700000000E+005    1.8450000000000E+003    4.8896200000000E+005    5.4042000000000E+004    5.4484900000000E+005
     282    3.3800000000000E+002    4.5469300000000E+005    1.7780000000000E+003    4.8914100000000E+005    5.4050000000000E+004    5.4496900000000E+005
     283    3.4700000000000E+002    4.5460000000000E+005    1.6800000000000E+003    4.8931600000000E+005    5.4057000000000E+004    5.4505300000000E+005
     284    3.3500000000000E+002    4.5452300000000E+005    1.6440000000000E+003    4.8943300000000E+005    5.4065000000000E+004    5.4514200000000E+005
     285    3.1600000000000E+002    4.5445100000000E+005    1.5890000000000E+003    4.8957000000000E+005    5.4074000000000E+004    5.4523300000000E+005
     286    3.0000000000000E+002    4.5439300000000E+005    1.5440000000000E+003    4.8967500000000E+005    5.4088000000000E+004    5.4530700000000E+005
     287    2.8200000000000E+002    4.5431800000000E+005    1.5090000000000E+003    4.8979100000000E+005    5.4100000000000E+004    5.4540000000000E+005
     288    2.7500000000000E+002    4.5424800000000E+005    1.4490000000000E+003    4.8992200000000E+005    5.4106000000000E+004    5.4547700000000E+005
     289    2.8200000000000E+002    4.5416900000000E+005    1.3830000000000E+003    4.9004800000000E+005    5.4118000000000E+004    5.4554900000000E+005
     290    2.9500000000000E+002    4.5409800000000E+005    1.3010000000000E+003    4.9018100000000E+005    5.4125000000000E+004    5.4560700000000E+005
     291    2.8000000000000E+002    4.5403800000000E+005    1.2500000000000E+003    4.9029700000000E+005    5.4135000000000E+004    5.4568200000000E+005
     292    2.7000000000000E+002    4.5397800000000E+005    1.2150000000000E+003    4.9039500000000E+005    5.4142000000000E+004    5.4575200000000E+005
     293    2.4300000000000E+002    4.5392600000000E+005    1.1830000000000E+003    4.9050000000000E+005    5.4148000000000E+004    5.4583100000000E+005
     294    2.2600000000000E+002    4.5387200000000E+005    1.1630000000000E+003    4.9058100000000E+005    5.4158000000000E+004    5.4590200000000E+005
     295    2.1300000000000E+002    4.5382500000000E+005    1.1130000000000E+003    4.9068100000000E+005    5.4168000000000E+004    5.4596200000000E+005
     296    2.1400000000000E+002    4.5376400000000E+005    1.0530000000000E+003    4.9079700000000E+005    5.4172000000000E+004    5.4602200000000E+005
     297    2.0700000000000E+002    4.5371900000000E+005    1.0210000000000E+003    4.9086900000000E+005    5.4184000000000E+004    5.4607400000000E+005
     298    1.8900000000000E+002    4.5368300000000E+005    9.8600000000000E+002    4.9095500000000E+005    5.4187000000000E+004    5.4612800000000E+005
     299    2.0400000000000E+002    4.5362100000000E+005    9.4200000000000E+002    4.9104100000000E+005    5.4192000000000E+004    5.4617500000000E+005
     300    1.9000000000000E+002    4.5357400000000E+005    9.2900000000000E+002    4.9110500000000E+005    5.4202000000000E+004    5.4623600000000E+005
