       0    0.0000000000000E+000    9.9999900000000E+005    1.0000000000000E+000    0.0000000000000E+000    0.0000000000000E+000    1.0000000000000E+000
       1    0.0000000000000E+000    9.9999900000000E+005    1.0000000000000E+000    0.0000000000000E+000    0.0000000000000E+000    1.0000000000000E+000
       2    0.0000000000000E+000    9.9999900000000E+005    1.0000000000000E+000    0.0000000000000E+000    0.0000000000000E+000    1.0000000000000E+000
       3    0.0000000000000E+000    9.9999900000000E+005    1.0000000000000E+000    0.0000000000000E+000    0.0000000000000E+000    1.0000000000000E+000
       4    0.0000000000000E+000    9.9999900000000E+005    1.0000000000000E+000    0.0000000000000E+000    0.0000000000000E+000    1.0000000000000E+000
       5    0.0000000000000E+000    9.9999900000000E+005    1.0000000000000E+000    0.0000000000000E+000    0.0000000000000E+000    1.0000000000000E+000
       6    0.0000000000000E+000    9.9999900000000E+005    1.0000000000000E+000    0.0000000000000E+000    0.0000000000000E+000    1.0000000000000E+000
       7    2.0000000000000E+000    9.9999700000000E+005    1.0000000000000E+000    0.0000000000000E+000    0.0000000000000E+000    1.0000000000000E+000
       8    2.0000000000000E+000    9.9999700000000E+005    1.0000000000000E+000    0.0000000000000E+000    0.0000000000000E+000    1.0000000000000E+000
       9    7.0000000000000E+000    9.9999200000000E+005    1.0000000000000E+000    0.0000000000000E+000    0.0000000000000E+000    1.0000000000000E+000
      10    7.0000000000000E+000    9.9999200000000E+005    1.0000000000000E+000    0.0000000000000E+000    0.0000000000000E+000    1.0000000000000E+000
      11    5.0000000000000E+000    9.9999200000000E+005    3.0000000000000E+000    0.0000000000000E+000    0.0000000000000E+000    3.0000000000000E+000
      12    5.0000000000000E+000    9.9999200000000E+005    3.0000000000000E+000    0.0000000000000E+000    0.0000000000000E+000    3.0000000000000E+000
      13    2.0000000000000E+000    9.9999000000000E+005    8.0000000000000E+000    0.0000000000000E+000    0.0000000000000E+000    8.0000000000000E+000
      14    2.0000000000000E+000    9.9999000000000E+005    8.0000000000000E+000    0.0000000000000E+000    0.0000000000000E+000    8.0000000000000E+000
      15    5.0000000000000E+000    9.9998700000000E+005    8.0000000000000E+000    0.0000000000000E+000    0.0000000000000E+000    8.0000000000000E+000
      16    7.0000000000000E+000    9.9998500000000E+005    8.0000000000000E+000    0.0000000000000E+000    0.0000000000000E+000    8.0000000000000E+000
      17    5.0000000000000E+000    9.9998500000000E+005    1.0000000000000E+001   -1.0000000000000E+000    1.0000000000000E+000    1.0000000000000E+001
      18    1.2000000000000E+001    9.9997800000000E+005    9.0000000000000E+000    0.0000000000000E+000    1.0000000000000E+000    1.0000000000000E+001
      19    1.6000000000000E+001    9.9997100000000E+005    1.2000000000000E+001    0.0000000000000E+000    1.0000000000000E+000    1.3000000000000E+001
      20    1.8000000000000E+001    9.9996700000000E+005    1.4000000000000E+001    0.0000000000000E+000    1.0000000000000E+000    1.5000000000000E+001
      21    2.7000000000000E+001    9.9995800000000E+005    1.4000000000000E+001    0.0000000000000E+000    1.0000000000000E+000    1.5000000000000E+001
      22    2.0000000000000E+001    9.9995800000000E+005    2.1000000000000E+001    0.0000000000000E+000    1.0000000000000E+000    2.2000000000000E+001
      23    2.1000000000000E+001    9.9995000000000E+005    2.8000000000000E+001    0.0000000000000E+000    1.0000000000000E+000    2.9000000000000E+001
      24    2.4000000000000E+001    9.9994300000000E+005    3.2000000000000E+001   -1.0000000000000E+000    2.0000000000000E+000    3.3000000000000E+001
      25    2.5000000000000E+001    9.9993300000000E+005    3.9000000000000E+001    1.0000000000000E+000    2.0000000000000E+000    4.2000000000000E+001
      26    3.8000000000000E+001    9.9992000000000E+005    3.9000000000000E+001    1.0000000000000E+000    2.0000000000000E+000    4.2000000000000E+001
      27    3.6000000000000E+001    9.9991400000000E+005    4.2000000000000E+001    6.0000000000000E+000    2.0000000000000E+000    5.0000000000000E+001
      28    4.5000000000000E+001    9.9989800000000E+005    4.9000000000000E+001    6.0000000000000E+000    2.0000000000000E+000    5.7000000000000E+001
      29    4.2000000000000E+001    9.9989100000000E+005    5.9000000000000E+001    6.0000000000000E+000    2.0000000000000E+000    6.7000000000000E+001
      30    4.8000000000000E+001    9.9987200000000E+005    7.2000000000000E+001    6.0000000000000E+000    2.0000000000000E+000    8.0000000000000E+001
      31    5.6000000000000E+001    9.9985800000000E+005    7.6000000000000E+001    8.0000000000000E+000    2.0000000000000E+000    8.6000000000000E+001
      32    7.1000000000000E+001    9.9982700000000E+005    9.2000000000000E+001    8.0000000000000E+000    2.0000000000000E+000    1.0200000000000E+002
      33    9.4000000000000E+001    9.9979700000000E+005    9.6000000000000E+001    9.0000000000000E+000    4.0000000000000E+000    1.0900000000000E+002
      34    1.1000000000000E+002    9.9976200000000E+005    1.1300000000000E+002    9.0000000000000E+000    6.0000000000000E+000    1.2800000000000E+002
      35    1.4000000000000E+002    9.9971800000000E+005    1.2700000000000E+002    9.0000000000000E+000    6.0000000000000E+000    1.4200000000000E+002
      36    1.3800000000000E+002    9.9968900000000E+005    1.5100000000000E+002    1.5000000000000E+001    7.0000000000000E+000    1.7300000000000E+002
      37    1.3500000000000E+002    9.9966200000000E+005    1.7400000000000E+002    2.2000000000000E+001    7.0000000000000E+000    2.0300000000000E+002
      38    1.5200000000000E+002    9.9961000000000E+005    2.0500000000000E+002    2.5000000000000E+001    8.0000000000000E+000    2.3800000000000E+002
      39    1.5400000000000E+002    9.9956400000000E+005    2.4000000000000E+002    3.3000000000000E+001    9.0000000000000E+000    2.8200000000000E+002
      40    1.8900000000000E+002    9.9950000000000E+005    2.6900000000000E+002    2.8000000000000E+001    1.4000000000000E+001    3.1100000000000E+002
      41    2.3300000000000E+002    9.9942900000000E+005    2.8800000000000E+002    3.4000000000000E+001    1.6000000000000E+001    3.3800000000000E+002
      42    2.8100000000000E+002    9.9932900000000E+005    3.3300000000000E+002    3.9000000000000E+001    1.8000000000000E+001    3.9000000000000E+002
      43    3.2700000000000E+002    9.9923700000000E+005    3.6900000000000E+002    4.4000000000000E+001    2.3000000000000E+001    4.3600000000000E+002
      44    3.6600000000000E+002    9.9913400000000E+005    4.2000000000000E+002    5.3000000000000E+001    2.7000000000000E+001    5.0000000000000E+002
      45    4.0000000000000E+002    9.9902900000000E+005    4.8500000000000E+002    5.8000000000000E+001    2.8000000000000E+001    5.7100000000000E+002
      46    4.5800000000000E+002    9.9887100000000E+005    5.6900000000000E+002    7.1000000000000E+001    3.1000000000000E+001    6.7100000000000E+002
      47    5.4900000000000E+002    9.9868800000000E+005    6.5400000000000E+002    7.6000000000000E+001    3.3000000000000E+001    7.6300000000000E+002
      48    6.4100000000000E+002    9.9849300000000E+005    7.3800000000000E+002    9.0000000000000E+001    3.8000000000000E+001    8.6600000000000E+002
      49    7.6800000000000E+002    9.9826100000000E+005    8.2900000000000E+002    1.0300000000000E+002    3.9000000000000E+001    9.7100000000000E+002
      50    8.1900000000000E+002    9.9805200000000E+005    9.5600000000000E+002    1.2200000000000E+002    5.1000000000000E+001    1.1290000000000E+003
      51    8.6600000000000E+002    9.9782200000000E+005    1.1090000000000E+003    1.4500000000000E+002    5.8000000000000E+001    1.3120000000000E+003
      52    1.0510000000000E+003    9.9744200000000E+005    1.2690000000000E+003    1.7600000000000E+002    6.2000000000000E+001    1.5070000000000E+003
      53    1.1690000000000E+003    9.9709200000000E+005    1.4570000000000E+003    2.1400000000000E+002    6.8000000000000E+001    1.7390000000000E+003
      54    1.3920000000000E+003    9.9666000000000E+005    1.6370000000000E+003    2.2100000000000E+002    9.0000000000000E+001    1.9480000000000E+003
      55    1.6900000000000E+003    9.9613200000000E+005    1.8400000000000E+003    2.3200000000000E+002    1.0600000000000E+002    2.1780000000000E+003
      56    1.8310000000000E+003    9.9561100000000E+005    2.1680000000000E+003    2.6400000000000E+002    1.2600000000000E+002    2.5580000000000E+003
      57    2.0660000000000E+003    9.9502600000000E+005    2.4720000000000E+003    2.9000000000000E+002    1.4600000000000E+002    2.9080000000000E+003
      58    2.3660000000000E+003    9.9429400000000E+005    2.8400000000000E+003    3.4100000000000E+002    1.5900000000000E+002    3.3400000000000E+003
      59    2.6090000000000E+003    9.9352300000000E+005    3.2970000000000E+003    3.9100000000000E+002    1.8000000000000E+002    3.8680000000000E+003
      60    3.0650000000000E+003    9.9254600000000E+005    3.7180000000000E+003    4.5700000000000E+002    2.1400000000000E+002    4.3890000000000E+003
      61    3.3930000000000E+003    9.9163300000000E+005    4.2110000000000E+003    5.0100000000000E+002    2.6200000000000E+002    4.9740000000000E+003
      62    3.4980000000000E+003    9.9079600000000E+005    4.8400000000000E+003    5.5700000000000E+002    3.0900000000000E+002    5.7060000000000E+003
      63    3.6140000000000E+003    9.8990900000000E+005    5.5060000000000E+003    5.9900000000000E+002    3.7200000000000E+002    6.4770000000000E+003
      64    3.4440000000000E+003    9.8910200000000E+005    6.3250000000000E+003    7.1700000000000E+002    4.1200000000000E+002    7.4540000000000E+003
      65    3.2990000000000E+003    9.8833400000000E+005    7.0550000000000E+003    8.4700000000000E+002    4.6500000000000E+002    8.3670000000000E+003
      66    3.0050000000000E+003    9.8779100000000E+005    7.6970000000000E+003    9.6500000000000E+002    5.4200000000000E+002    9.2040000000000E+003
      67    2.5620000000000E+003    9.8734700000000E+005    8.3520000000000E+003    1.1270000000000E+003    6.1200000000000E+002    1.0091000000000E+004
      68    2.2120000000000E+003    9.8689000000000E+005    8.9500000000000E+003    1.2490000000000E+003    6.9900000000000E+002    1.0898000000000E+004
      69    1.9260000000000E+003    9.8640800000000E+005    9.4880000000000E+003    1.3880000000000E+003    7.9000000000000E+002    1.1666000000000E+004
      70    1.9260000000000E+003    9.8586500000000E+005    9.6510000000000E+003    1.6960000000000E+003    8.6200000000000E+002    1.2209000000000E+004
      71    2.0350000000000E+003    9.8531200000000E+005    9.7450000000000E+003    1.9530000000000E+003    9.5500000000000E+002    1.2653000000000E+004
      72    2.1350000000000E+003    9.8475500000000E+005    9.7700000000000E+003    2.3090000000000E+003    1.0310000000000E+003    1.3110000000000E+004
      73    2.1900000000000E+003    9.8421800000000E+005    9.7240000000000E+003    2.7650000000000E+003    1.1030000000000E+003    1.3592000000000E+004
      74    2.1810000000000E+003    9.8368400000000E+005    9.7460000000000E+003    3.2410000000000E+003    1.1480000000000E+003    1.4135000000000E+004
      75    2.1810000000000E+003    9.8313100000000E+005    9.7140000000000E+003    3.7770000000000E+003    1.1970000000000E+003    1.4688000000000E+004
      76    2.0880000000000E+003    9.8266700000000E+005    9.5390000000000E+003    4.4620000000000E+003    1.2440000000000E+003    1.5245000000000E+004
      77    2.0540000000000E+003    9.8216400000000E+005    9.3050000000000E+003    5.1900000000000E+003    1.2870000000000E+003    1.5782000000000E+004
      78    2.0130000000000E+003    9.8167100000000E+005    8.8620000000000E+003    6.1140000000000E+003    1.3400000000000E+003    1.6316000000000E+004
      79    1.9380000000000E+003    9.8119300000000E+005    8.5020000000000E+003    6.9630000000000E+003    1.4040000000000E+003    1.6869000000000E+004
      80    1.9030000000000E+003    9.8076400000000E+005    8.1290000000000E+003    7.7290000000000E+003    1.4750000000000E+003    1.7333000000000E+004
      81    1.8240000000000E+003    9.8034000000000E+005    7.7450000000000E+003    8.5550000000000E+003    1.5360000000000E+003    1.7836000000000E+004
      82    1.7520000000000E+003    9.7991900000000E+005    7.4310000000000E+003    9.3090000000000E+003    1.5890000000000E+003    1.8329000000000E+004
      83    1.6950000000000E+003    9.7949800000000E+005    7.1410000000000E+003    1.0021000000000E+004    1.6450000000000E+003    1.8807000000000E+004
      84    1.6380000000000E+003    9.7912600000000E+005    7.0270000000000E+003    1.0520000000000E+004    1.6890000000000E+003    1.9236000000000E+004
      85    1.6320000000000E+003    9.7870800000000E+005    7.0070000000000E+003    1.0918000000000E+004    1.7350000000000E+003    1.9660000000000E+004
      86    1.5580000000000E+003    9.7836100000000E+005    6.9710000000000E+003    1.1324000000000E+004    1.7860000000000E+003    2.0081000000000E+004
      87    1.5090000000000E+003    9.7798900000000E+005    6.9100000000000E+003    1.1760000000000E+004    1.8320000000000E+003    2.0502000000000E+004
      88    1.5120000000000E+003    9.7761400000000E+005    6.7390000000000E+003    1.2264000000000E+004    1.8710000000000E+003    2.0874000000000E+004
      89    1.4570000000000E+003    9.7725100000000E+005    6.6040000000000E+003    1.2772000000000E+004    1.9160000000000E+003    2.1292000000000E+004
      90    1.4630000000000E+003    9.7689800000000E+005    6.3940000000000E+003    1.3282000000000E+004    1.9630000000000E+003    2.1639000000000E+004
      91    1.5090000000000E+003    9.7648000000000E+005    6.2290000000000E+003    1.3794000000000E+004    1.9880000000000E+003    2.2011000000000E+004
      92    1.6100000000000E+003    9.7600400000000E+005    6.0700000000000E+003    1.4282000000000E+004    2.0340000000000E+003    2.2386000000000E+004
      93    1.7810000000000E+003    9.7547000000000E+005    5.8800000000000E+003    1.4786000000000E+004    2.0830000000000E+003    2.2749000000000E+004
      94    2.0440000000000E+003    9.7485400000000E+005    5.7690000000000E+003    1.5211000000000E+004    2.1220000000000E+003    2.3102000000000E+004
      95    2.2580000000000E+003    9.7422200000000E+005    5.6840000000000E+003    1.5681000000000E+004    2.1550000000000E+003    2.3520000000000E+004
      96    2.4750000000000E+003    9.7352900000000E+005    5.6670000000000E+003    1.6130000000000E+004    2.1990000000000E+003    2.3996000000000E+004
      97    2.7050000000000E+003    9.7276500000000E+005    5.7230000000000E+003    1.6574000000000E+004    2.2330000000000E+003    2.4530000000000E+004
      98    2.9130000000000E+003    9.7194100000000E+005    5.9100000000000E+003    1.6966000000000E+004    2.2700000000000E+003    2.5146000000000E+004
      99    3.1210000000000E+003    9.7110100000000E+005    6.1180000000000E+003    1.7343000000000E+004    2.3170000000000E+003    2.5778000000000E+004
     100    3.2550000000000E+003    9.7027400000000E+005    6.3900000000000E+003    1.7713000000000E+004    2.3680000000000E+003    2.6471000000000E+004
     101    3.3480000000000E+003    9.6941700000000E+005    6.7330000000000E+003    1.8069000000000E+004    2.4330000000000E+003    2.7235000000000E+004
     102    3.4080000000000E+003    9.6853300000000E+005    7.1850000000000E+003    1.8376000000000E+004    2.4980000000000E+003    2.8059000000000E+004
     103    3.4960000000000E+003    9.6760500000000E+005    7.6070000000000E+003    1.8734000000000E+004    2.5580000000000E+003    2.8899000000000E+004
     104    3.7300000000000E+003    9.6654400000000E+005    8.0870000000000E+003    1.9013000000000E+004    2.6260000000000E+003    2.9726000000000E+004
     105    3.8680000000000E+003    9.6554900000000E+005    8.5720000000000E+003    1.9299000000000E+004    2.7120000000000E+003    3.0583000000000E+004
     106    4.1730000000000E+003    9.6436000000000E+005    9.0810000000000E+003    1.9598000000000E+004    2.7880000000000E+003    3.1467000000000E+004
     107    4.4480000000000E+003    9.6315700000000E+005    9.6460000000000E+003    1.9867000000000E+004    2.8820000000000E+003    3.2395000000000E+004
     108    4.6680000000000E+003    9.6187600000000E+005    1.0354000000000E+004    2.0155000000000E+004    2.9470000000000E+003    3.3456000000000E+004
     109    5.1090000000000E+003    9.6044000000000E+005    1.0931000000000E+004    2.0493000000000E+004    3.0270000000000E+003    3.4451000000000E+004
     110    5.4420000000000E+003    9.5891800000000E+005    1.1644000000000E+004    2.0878000000000E+004    3.1180000000000E+003    3.5640000000000E+004
     111    5.7690000000000E+003    9.5738800000000E+005    1.2313000000000E+004    2.1303000000000E+004    3.2270000000000E+003    3.6843000000000E+004
     112    6.0690000000000E+003    9.5580700000000E+005    1.2978000000000E+004    2.1826000000000E+004    3.3200000000000E+003    3.8124000000000E+004
     113    6.3470000000000E+003    9.5409300000000E+005    1.3782000000000E+004    2.2356000000000E+004    3.4220000000000E+003    3.9560000000000E+004
     114    6.6610000000000E+003    9.5225700000000E+005    1.4611000000000E+004    2.2906000000000E+004    3.5650000000000E+003    4.1082000000000E+004
     115    7.0690000000000E+003    9.5031900000000E+005    1.5377000000000E+004    2.3552000000000E+004    3.6830000000000E+003    4.2612000000000E+004
     116    7.4870000000000E+003    9.4832000000000E+005    1.6134000000000E+004    2.4251000000000E+004    3.8080000000000E+003    4.4193000000000E+004
     117    7.7920000000000E+003    9.4630100000000E+005    1.7008000000000E+004    2.4949000000000E+004    3.9500000000000E+003    4.5907000000000E+004
     118    8.1180000000000E+003    9.4413900000000E+005    1.8017000000000E+004    2.5634000000000E+004    4.0920000000000E+003    4.7743000000000E+004
     119    8.5460000000000E+003    9.4177300000000E+005    1.9098000000000E+004    2.6310000000000E+004    4.2730000000000E+003    4.9681000000000E+004
     120    9.0380000000000E+003    9.3928200000000E+005    2.0213000000000E+004    2.7041000000000E+004    4.4260000000000E+003    5.1680000000000E+004
     121    9.3130000000000E+003    9.3698800000000E+005    2.1304000000000E+004    2.7812000000000E+004    4.5830000000000E+003    5.3699000000000E+004
     122    9.3830000000000E+003    9.3475600000000E+005    2.2405000000000E+004    2.8698000000000E+004    4.7580000000000E+003    5.5861000000000E+004
     123    9.0130000000000E+003    9.3276000000000E+005    2.3776000000000E+004    2.9495000000000E+004    4.9560000000000E+003    5.8227000000000E+004
     124    8.3940000000000E+003    9.3088800000000E+005    2.5078000000000E+004    3.0475000000000E+004    5.1650000000000E+003    6.0718000000000E+004
     125    7.8900000000000E+003    9.2909800000000E+005    2.6169000000000E+004    3.1470000000000E+004    5.3730000000000E+003    6.3012000000000E+004
     126    7.1390000000000E+003    9.2761700000000E+005    2.7120000000000E+004    3.2533000000000E+004    5.5910000000000E+003    6.5244000000000E+004
     127    6.3890000000000E+003    9.2637100000000E+005    2.7680000000000E+004    3.3734000000000E+004    5.8260000000000E+003    6.7240000000000E+004
     128    5.8930000000000E+003    9.2499500000000E+005    2.8030000000000E+004    3.5008000000000E+004    6.0740000000000E+003    6.9112000000000E+004
     129    5.5020000000000E+003    9.2359600000000E+005    2.8290000000000E+004    3.6313000000000E+004    6.2990000000000E+003    7.0902000000000E+004
     130    5.4210000000000E+003    9.2219600000000E+005    2.8190000000000E+004    3.7677000000000E+004    6.5160000000000E+003    7.2383000000000E+004
     131    5.5020000000000E+003    9.2086900000000E+005    2.7722000000000E+004    3.9197000000000E+004    6.7100000000000E+003    7.3629000000000E+004
     132    5.4620000000000E+003    9.1953300000000E+005    2.7262000000000E+004    4.0842000000000E+004    6.9010000000000E+003    7.5005000000000E+004
     133    5.3940000000000E+003    9.1820200000000E+005    2.6723000000000E+004    4.2578000000000E+004    7.1030000000000E+003    7.6404000000000E+004
     134    5.2710000000000E+003    9.1692500000000E+005    2.6124000000000E+004    4.4437000000000E+004    7.2430000000000E+003    7.7804000000000E+004
     135    5.1420000000000E+003    9.1572700000000E+005    2.5432000000000E+004    4.6327000000000E+004    7.3720000000000E+003    7.9131000000000E+004
     136    4.9880000000000E+003    9.1454500000000E+005    2.4606000000000E+004    4.8344000000000E+004    7.5170000000000E+003    8.0467000000000E+004
     137    4.8530000000000E+003    9.1334900000000E+005    2.3571000000000E+004    5.0553000000000E+004    7.6740000000000E+003    8.1798000000000E+004
     138    4.6210000000000E+003    9.1230400000000E+005    2.2357000000000E+004    5.2903000000000E+004    7.8150000000000E+003    8.3075000000000E+004
     139    4.4580000000000E+003    9.1126900000000E+005    2.1261000000000E+004    5.5054000000000E+004    7.9580000000000E+003    8.4273000000000E+004
     140    4.2220000000000E+003    9.1032300000000E+005    2.0211000000000E+004    5.7156000000000E+004    8.0880000000000E+003    8.5455000000000E+004
     141    3.8950000000000E+003    9.0945400000000E+005    1.9411000000000E+004    5.9015000000000E+004    8.2250000000000E+003    8.6651000000000E+004
     142    3.7910000000000E+003    9.0851300000000E+005    1.8584000000000E+004    6.0758000000000E+004    8.3540000000000E+003    8.7696000000000E+004
     143    3.6230000000000E+003    9.0764600000000E+005    1.7829000000000E+004    6.2422000000000E+004    8.4800000000000E+003    8.8731000000000E+004
     144    3.5340000000000E+003    9.0678900000000E+005    1.7294000000000E+004    6.3790000000000E+004    8.5930000000000E+003    8.9677000000000E+004
     145    3.4740000000000E+003    9.0598000000000E+005    1.6917000000000E+004    6.4902000000000E+004    8.7270000000000E+003    9.0546000000000E+004
     146    3.2950000000000E+003    9.0521800000000E+005    1.6482000000000E+004    6.6172000000000E+004    8.8330000000000E+003    9.1487000000000E+004
     147    3.1950000000000E+003    9.0445100000000E+005    1.5950000000000E+004    6.7469000000000E+004    8.9350000000000E+003    9.2354000000000E+004
     148    3.0520000000000E+003    9.0373700000000E+005    1.5407000000000E+004    6.8785000000000E+004    9.0190000000000E+003    9.3211000000000E+004
     149    2.9750000000000E+003    9.0300500000000E+005    1.4889000000000E+004    7.0011000000000E+004    9.1200000000000E+003    9.4020000000000E+004
     150    2.8320000000000E+003    9.0238600000000E+005    1.4315000000000E+004    7.1254000000000E+004    9.2130000000000E+003    9.4782000000000E+004
     151    2.7250000000000E+003    9.0172600000000E+005    1.3751000000000E+004    7.2495000000000E+004    9.3030000000000E+003    9.5549000000000E+004
     152    2.6160000000000E+003    9.0112100000000E+005    1.3188000000000E+004    7.3684000000000E+004    9.3910000000000E+003    9.6263000000000E+004
     153    2.4390000000000E+003    9.0056600000000E+005    1.2722000000000E+004    7.4811000000000E+004    9.4620000000000E+003    9.6995000000000E+004
     154    2.4230000000000E+003    8.9996300000000E+005    1.2159000000000E+004    7.5909000000000E+004    9.5460000000000E+003    9.7614000000000E+004
     155    2.2800000000000E+003    8.9944600000000E+005    1.1623000000000E+004    7.7019000000000E+004    9.6320000000000E+003    9.8274000000000E+004
     156    2.1310000000000E+003    8.9899000000000E+005    1.1183000000000E+004    7.8002000000000E+004    9.6940000000000E+003    9.8879000000000E+004
     157    2.0510000000000E+003    8.9851500000000E+005    1.0703000000000E+004    7.8974000000000E+004    9.7570000000000E+003    9.9434000000000E+004
     158    1.9050000000000E+003    8.9805800000000E+005    1.0360000000000E+004    7.9864000000000E+004    9.8130000000000E+003    1.0003700000000E+005
     159    1.8190000000000E+003    8.9762700000000E+005    1.0008000000000E+004    8.0666000000000E+004    9.8800000000000E+003    1.0055400000000E+005
     160    1.8220000000000E+003    8.9716800000000E+005    9.5230000000000E+003    8.1545000000000E+004    9.9420000000000E+003    1.0101000000000E+005
     161    1.7870000000000E+003    8.9672800000000E+005    9.1310000000000E+003    8.2358000000000E+004    9.9960000000000E+003    1.0148500000000E+005
     162    1.7230000000000E+003    8.9633500000000E+005    8.7310000000000E+003    8.3149000000000E+004    1.0062000000000E+004    1.0194200000000E+005
     163    1.6790000000000E+003    8.9594800000000E+005    8.3530000000000E+003    8.3910000000000E+004    1.0110000000000E+004    1.0237300000000E+005
     164    1.5520000000000E+003    8.9561600000000E+005    8.0500000000000E+003    8.4632000000000E+004    1.0150000000000E+004    1.0283200000000E+005
     165    1.4410000000000E+003    8.9528700000000E+005    7.7230000000000E+003    8.5347000000000E+004    1.0202000000000E+004    1.0327200000000E+005
     166    1.3950000000000E+003    8.9494000000000E+005    7.4020000000000E+003    8.6025000000000E+004    1.0238000000000E+004    1.0366500000000E+005
     167    1.3480000000000E+003    8.9460000000000E+005    7.0570000000000E+003    8.6722000000000E+004    1.0273000000000E+004    1.0405200000000E+005
     168    1.3050000000000E+003    8.9431100000000E+005    6.7700000000000E+003    8.7284000000000E+004    1.0330000000000E+004    1.0438400000000E+005
     169    1.2960000000000E+003    8.9399100000000E+005    6.4390000000000E+003    8.7898000000000E+004    1.0376000000000E+004    1.0471300000000E+005
     170    1.2240000000000E+003    8.9371600000000E+005    6.1810000000000E+003    8.8461000000000E+004    1.0418000000000E+004    1.0506000000000E+005
     171    1.1760000000000E+003    8.9342400000000E+005    5.9660000000000E+003    8.8976000000000E+004    1.0458000000000E+004    1.0540000000000E+005
     172    1.1600000000000E+003    8.9315100000000E+005    5.6520000000000E+003    8.9549000000000E+004    1.0488000000000E+004    1.0568900000000E+005
     173    1.0840000000000E+003    8.9290700000000E+005    5.4550000000000E+003    9.0034000000000E+004    1.0520000000000E+004    1.0600900000000E+005
     174    1.0590000000000E+003    8.9265700000000E+005    5.2740000000000E+003    9.0452000000000E+004    1.0558000000000E+004    1.0628400000000E+005
     175    9.8400000000000E+002    8.9244000000000E+005    5.0910000000000E+003    9.0888000000000E+004    1.0597000000000E+004    1.0657600000000E+005
     176    9.2000000000000E+002    8.9223100000000E+005    4.9070000000000E+003    9.1316000000000E+004    1.0626000000000E+004    1.0684900000000E+005
     177    8.7400000000000E+002    8.9203300000000E+005    4.7200000000000E+003    9.1715000000000E+004    1.0658000000000E+004    1.0709300000000E+005
     178    8.3200000000000E+002    8.9182500000000E+005    4.5110000000000E+003    9.2144000000000E+004    1.0688000000000E+004    1.0734300000000E+005
     179    7.8100000000000E+002    8.9165900000000E+005    4.2880000000000E+003    9.2557000000000E+004    1.0715000000000E+004    1.0756000000000E+005
     180    7.6900000000000E+002    8.9146200000000E+005    4.1040000000000E+003    9.2922000000000E+004    1.0743000000000E+004    1.0776900000000E+005
     181    7.3300000000000E+002    8.9130000000000E+005    3.9150000000000E+003    9.3284000000000E+004    1.0768000000000E+004    1.0796700000000E+005
     182    6.9200000000000E+002    8.9113300000000E+005    3.7910000000000E+003    9.3584000000000E+004    1.0800000000000E+004    1.0817500000000E+005
     183    6.8100000000000E+002    8.9097800000000E+005    3.6280000000000E+003    9.3881000000000E+004    1.0832000000000E+004    1.0834100000000E+005
     184    6.6900000000000E+002    8.9079300000000E+005    3.4780000000000E+003    9.4209000000000E+004    1.0851000000000E+004    1.0853800000000E+005
     185    6.5700000000000E+002    8.9064300000000E+005    3.3000000000000E+003    9.4528000000000E+004    1.0872000000000E+004    1.0870000000000E+005
     186    6.2600000000000E+002    8.9050700000000E+005    3.1780000000000E+003    9.4791000000000E+004    1.0898000000000E+004    1.0886700000000E+005
     187    6.0800000000000E+002    8.9037000000000E+005    3.0130000000000E+003    9.5093000000000E+004    1.0916000000000E+004    1.0902200000000E+005
     188    5.6500000000000E+002    8.9022800000000E+005    2.9230000000000E+003    9.5349000000000E+004    1.0935000000000E+004    1.0920700000000E+005
     189    5.4200000000000E+002    8.9010100000000E+005    2.7810000000000E+003    9.5622000000000E+004    1.0954000000000E+004    1.0935700000000E+005
     190    5.2400000000000E+002    8.8998300000000E+005    2.6440000000000E+003    9.5882000000000E+004    1.0967000000000E+004    1.0949300000000E+005
     191    4.9100000000000E+002    8.8987900000000E+005    2.5370000000000E+003    9.6107000000000E+004    1.0986000000000E+004    1.0963000000000E+005
     192    4.6100000000000E+002    8.8976700000000E+005    2.4290000000000E+003    9.6344000000000E+004    1.0999000000000E+004    1.0977200000000E+005
     193    4.3200000000000E+002    8.8966900000000E+005    2.3390000000000E+003    9.6542000000000E+004    1.1018000000000E+004    1.0989900000000E+005
     194    4.2000000000000E+002    8.8956300000000E+005    2.2480000000000E+003    9.6737000000000E+004    1.1032000000000E+004    1.1001700000000E+005
     195    4.1200000000000E+002    8.8946700000000E+005    2.1540000000000E+003    9.6923000000000E+004    1.1044000000000E+004    1.1012100000000E+005
     196    4.0200000000000E+002    8.8936500000000E+005    2.0580000000000E+003    9.7119000000000E+004    1.1056000000000E+004    1.1023300000000E+005
     197    3.9900000000000E+002    8.8927000000000E+005    1.9900000000000E+003    9.7274000000000E+004    1.1067000000000E+004    1.1033100000000E+005
     198    3.8000000000000E+002    8.8918300000000E+005    1.8990000000000E+003    9.7457000000000E+004    1.1081000000000E+004    1.1043700000000E+005
     199    3.6300000000000E+002    8.8910400000000E+005    1.8330000000000E+003    9.7608000000000E+004    1.1092000000000E+004    1.1053300000000E+005
     200    3.4100000000000E+002    8.8902400000000E+005    1.7680000000000E+003    9.7762000000000E+004    1.1105000000000E+004    1.1063500000000E+005
     201    3.1700000000000E+002    8.8895300000000E+005    1.7080000000000E+003    9.7903000000000E+004    1.1119000000000E+004    1.1073000000000E+005
     202    2.8800000000000E+002    8.8889500000000E+005    1.6100000000000E+003    9.8079000000000E+004    1.1128000000000E+004    1.1081700000000E+005
     203    2.8000000000000E+002    8.8882400000000E+005    1.5390000000000E+003    9.8224000000000E+004    1.1133000000000E+004    1.1089600000000E+005
     204    2.5800000000000E+002    8.8876600000000E+005    1.4830000000000E+003    9.8347000000000E+004    1.1146000000000E+004    1.1097600000000E+005
     205    2.5100000000000E+002    8.8870200000000E+005    1.4170000000000E+003    9.8480000000000E+004    1.1150000000000E+004    1.1104700000000E+005
     206    2.4800000000000E+002    8.8864700000000E+005    1.3330000000000E+003    9.8614000000000E+004    1.1158000000000E+004    1.1110500000000E+005
     207    2.4700000000000E+002    8.8857700000000E+005    1.2770000000000E+003    9.8732000000000E+004    1.1167000000000E+004    1.1117600000000E+005
     208    2.4800000000000E+002    8.8851800000000E+005    1.2170000000000E+003    9.8840000000000E+004    1.1177000000000E+004    1.1123400000000E+005
     209    2.3600000000000E+002    8.8846600000000E+005    1.1770000000000E+003    9.8942000000000E+004    1.1179000000000E+004    1.1129800000000E+005
     210    2.3700000000000E+002    8.8841000000000E+005    1.1200000000000E+003    9.9049000000000E+004    1.1184000000000E+004    1.1135300000000E+005
     211    2.1400000000000E+002    8.8836300000000E+005    1.0920000000000E+003    9.9146000000000E+004    1.1185000000000E+004    1.1142300000000E+005
     212    2.0200000000000E+002    8.8831600000000E+005    1.0450000000000E+003    9.9247000000000E+004    1.1190000000000E+004    1.1148200000000E+005
     213    2.1100000000000E+002    8.8825500000000E+005    1.0010000000000E+003    9.9336000000000E+004    1.1197000000000E+004    1.1153400000000E+005
     214    2.0400000000000E+002    8.8820600000000E+005    9.5500000000000E+002    9.9435000000000E+004    1.1200000000000E+004    1.1159000000000E+005
     215    1.9500000000000E+002    8.8816800000000E+005    9.0700000000000E+002    9.9528000000000E+004    1.1202000000000E+004    1.1163700000000E+005
     216    1.9700000000000E+002    8.8811900000000E+005    8.6700000000000E+002    9.9609000000000E+004    1.1208000000000E+004    1.1168400000000E+005
     217    1.7000000000000E+002    8.8808500000000E+005    8.4900000000000E+002    9.9683000000000E+004    1.1213000000000E+004    1.1174500000000E+005
     218    1.5400000000000E+002    8.8805200000000E+005    8.1800000000000E+002    9.9757000000000E+004    1.1219000000000E+004    1.1179400000000E+005
     219    1.5600000000000E+002    8.8801200000000E+005    7.8500000000000E+002    9.9824000000000E+004    1.1223000000000E+004    1.1183200000000E+005
     220    1.2500000000000E+002    8.8799400000000E+005    7.7600000000000E+002    9.9872000000000E+004    1.1233000000000E+004    1.1188100000000E+005
     221    1.2900000000000E+002    8.8795600000000E+005    7.3900000000000E+002    9.9934000000000E+004    1.1242000000000E+004    1.1191500000000E+005
     222    1.2700000000000E+002    8.8792500000000E+005    7.1400000000000E+002    9.9985000000000E+004    1.1249000000000E+004    1.1194800000000E+005
     223    1.0900000000000E+002    8.8790300000000E+005    6.9000000000000E+002    1.0004600000000E+005    1.1252000000000E+004    1.1198800000000E+005
     224    1.1800000000000E+002    8.8787600000000E+005    6.5300000000000E+002    1.0009600000000E+005    1.1257000000000E+004    1.1200600000000E+005
     225    1.0200000000000E+002    8.8785400000000E+005    6.2100000000000E+002    1.0016200000000E+005    1.1261000000000E+004    1.1204400000000E+005
     226    9.6000000000000E+001    8.8782900000000E+005    5.9300000000000E+002    1.0021900000000E+005    1.1263000000000E+004    1.1207500000000E+005
     227    9.7000000000000E+001    8.8780600000000E+005    5.6300000000000E+002    1.0026600000000E+005    1.1268000000000E+004    1.1209700000000E+005
     228    8.6000000000000E+001    8.8779000000000E+005    5.3400000000000E+002    1.0031900000000E+005    1.1271000000000E+004    1.1212400000000E+005
     229    8.7000000000000E+001    8.8776700000000E+005    5.0900000000000E+002    1.0036200000000E+005    1.1275000000000E+004    1.1214600000000E+005
     230    8.7000000000000E+001    8.8774200000000E+005    4.8700000000000E+002    1.0040400000000E+005    1.1280000000000E+004    1.1217100000000E+005
     231    9.3000000000000E+001    8.8771300000000E+005    4.4900000000000E+002    1.0046500000000E+005    1.1280000000000E+004    1.1219400000000E+005
     232    9.1000000000000E+001    8.8769900000000E+005    4.1600000000000E+002    1.0051100000000E+005    1.1283000000000E+004    1.1221000000000E+005
     233    8.8000000000000E+001    8.8767900000000E+005    4.0100000000000E+002    1.0054700000000E+005    1.1285000000000E+004    1.1223300000000E+005
     234    7.7000000000000E+001    8.8766500000000E+005    3.7700000000000E+002    1.0059500000000E+005    1.1286000000000E+004    1.1225800000000E+005
     235    6.1000000000000E+001    8.8765200000000E+005    3.7200000000000E+002    1.0062800000000E+005    1.1287000000000E+004    1.1228700000000E+005
     236    6.1000000000000E+001    8.8763800000000E+005    3.5300000000000E+002    1.0066100000000E+005    1.1287000000000E+004    1.1230100000000E+005
     237    5.6000000000000E+001    8.8762300000000E+005    3.3300000000000E+002    1.0069800000000E+005    1.1290000000000E+004    1.1232100000000E+005
     238    5.1000000000000E+001    8.8761400000000E+005    3.2900000000000E+002    1.0071000000000E+005    1.1296000000000E+004    1.1233500000000E+005
     239    5.2000000000000E+001    8.8760000000000E+005    3.0400000000000E+002    1.0074600000000E+005    1.1298000000000E+004    1.1234800000000E+005
     240    5.9000000000000E+001    8.8757900000000E+005    2.8700000000000E+002    1.0077700000000E+005    1.1298000000000E+004    1.1236200000000E+005
     241    5.4000000000000E+001    8.8756900000000E+005    2.8000000000000E+002    1.0079600000000E+005    1.1301000000000E+004    1.1237700000000E+005
     242    6.1000000000000E+001    8.8755300000000E+005    2.6200000000000E+002    1.0082100000000E+005    1.1303000000000E+004    1.1238600000000E+005
     243    5.5000000000000E+001    8.8754500000000E+005    2.5400000000000E+002    1.0084300000000E+005    1.1303000000000E+004    1.1240000000000E+005
     244    4.6000000000000E+001    8.8753300000000E+005    2.5000000000000E+002    1.0086800000000E+005    1.1303000000000E+004    1.1242100000000E+005
     245    4.9000000000000E+001    8.8752000000000E+005    2.3700000000000E+002    1.0089000000000E+005    1.1304000000000E+004    1.1243100000000E+005
     246    4.2000000000000E+001    8.8751100000000E+005    2.3700000000000E+002    1.0090500000000E+005    1.1305000000000E+004    1.1244700000000E+005
     247    4.4000000000000E+001    8.8750100000000E+005    2.2200000000000E+002    1.0092700000000E+005    1.1306000000000E+004    1.1245500000000E+005
     248    4.2000000000000E+001    8.8749100000000E+005    2.0900000000000E+002    1.0095100000000E+005    1.1307000000000E+004    1.1246700000000E+005
     249    4.3000000000000E+001    8.8747700000000E+005    1.9300000000000E+002    1.0097900000000E+005    1.1308000000000E+004    1.1248000000000E+005
     250    4.0000000000000E+001    8.8747100000000E+005    1.8800000000000E+002    1.0099200000000E+005    1.1309000000000E+004    1.1248900000000E+005
     251    3.6000000000000E+001    8.8746500000000E+005    1.7800000000000E+002    1.0101200000000E+005    1.1309000000000E+004    1.1249900000000E+005
     252    3.1000000000000E+001    8.8746000000000E+005    1.7400000000000E+002    1.0102300000000E+005    1.1312000000000E+004    1.1250900000000E+005
     253    2.5000000000000E+001    8.8745200000000E+005    1.7500000000000E+002    1.0103400000000E+005    1.1314000000000E+004    1.1252300000000E+005
     254    2.4000000000000E+001    8.8744700000000E+005    1.6700000000000E+002    1.0104800000000E+005    1.1314000000000E+004    1.1252900000000E+005
     255    2.8000000000000E+001    8.8743700000000E+005    1.5800000000000E+002    1.0106100000000E+005    1.1316000000000E+004    1.1253500000000E+005
     256    2.8000000000000E+001    8.8743200000000E+005    1.5400000000000E+002    1.0106900000000E+005    1.1317000000000E+004    1.1254000000000E+005
     257    2.6000000000000E+001    8.8742600000000E+005    1.4800000000000E+002    1.0108200000000E+005    1.1318000000000E+004    1.1254800000000E+005
     258    2.7000000000000E+001    8.8742000000000E+005    1.3200000000000E+002    1.0110300000000E+005    1.1318000000000E+004    1.1255300000000E+005
     259    2.5000000000000E+001    8.8741200000000E+005    1.3200000000000E+002    1.0111300000000E+005    1.1318000000000E+004    1.1256300000000E+005
     260    2.7000000000000E+001    8.8740500000000E+005    1.2100000000000E+002    1.0112900000000E+005    1.1318000000000E+004    1.1256800000000E+005
     261    2.7000000000000E+001    8.8739900000000E+005    1.1900000000000E+002    1.0113700000000E+005    1.1318000000000E+004    1.1257400000000E+005
     262    2.9000000000000E+001    8.8739100000000E+005    1.1300000000000E+002    1.0114800000000E+005    1.1319000000000E+004    1.1258000000000E+005
     263    2.3000000000000E+001    8.8738900000000E+005    1.0800000000000E+002    1.0115900000000E+005    1.1321000000000E+004    1.1258800000000E+005
     264    2.3000000000000E+001    8.8738200000000E+005    1.0600000000000E+002    1.0116800000000E+005    1.1321000000000E+004    1.1259500000000E+005
     265    2.2000000000000E+001    8.8737700000000E+005    1.0200000000000E+002    1.0117800000000E+005    1.1321000000000E+004    1.1260100000000E+005
     266    2.1000000000000E+001    8.8737000000000E+005    1.0000000000000E+002    1.0118700000000E+005    1.1322000000000E+004    1.1260900000000E+005
     267    2.4000000000000E+001    8.8736500000000E+005    8.8000000000000E+001    1.0120000000000E+005    1.1323000000000E+004    1.1261100000000E+005
     268    2.3000000000000E+001    8.8735900000000E+005    8.9000000000000E+001    1.0120500000000E+005    1.1324000000000E+004    1.1261800000000E+005
     269    1.9000000000000E+001    8.8735800000000E+005    8.8000000000000E+001    1.0121000000000E+005    1.1325000000000E+004    1.1262300000000E+005
     270    1.6000000000000E+001    8.8735400000000E+005    9.0000000000000E+001    1.0121300000000E+005    1.1327000000000E+004    1.1263000000000E+005
     271    1.4000000000000E+001    8.8735100000000E+005    8.7000000000000E+001    1.0122100000000E+005    1.1327000000000E+004    1.1263500000000E+005
     272    1.2000000000000E+001    8.8734700000000E+005    8.8000000000000E+001    1.0122600000000E+005    1.1327000000000E+004    1.1264100000000E+005
     273    1.5000000000000E+001    8.8734300000000E+005    7.9000000000000E+001    1.0123600000000E+005    1.1327000000000E+004    1.1264200000000E+005
     274    1.6000000000000E+001    8.8733800000000E+005    7.8000000000000E+001    1.0124100000000E+005    1.1327000000000E+004    1.1264600000000E+005
     275    1.6000000000000E+001    8.8733500000000E+005    7.5000000000000E+001    1.0124700000000E+005    1.1327000000000E+004    1.1264900000000E+005
     276    1.6000000000000E+001    8.8733100000000E+005    7.3000000000000E+001    1.0125300000000E+005    1.1327000000000E+004    1.1265300000000E+005
     277    1.5000000000000E+001    8.8732800000000E+005    6.9000000000000E+001    1.0126100000000E+005    1.1327000000000E+004    1.1265700000000E+005
     278    1.1000000000000E+001    8.8732700000000E+005    6.7000000000000E+001    1.0126800000000E+005    1.1327000000000E+004    1.1266200000000E+005
     279    1.2000000000000E+001    8.8732300000000E+005    6.4000000000000E+001    1.0127300000000E+005    1.1328000000000E+004    1.1266500000000E+005
     280    1.2000000000000E+001    8.8731900000000E+005    6.0000000000000E+001    1.0128000000000E+005    1.1329000000000E+004    1.1266900000000E+005
     281    1.3000000000000E+001    8.8731500000000E+005    6.1000000000000E+001    1.0128200000000E+005    1.1329000000000E+004    1.1267200000000E+005
     282    1.5000000000000E+001    8.8731200000000E+005    5.5000000000000E+001    1.0128900000000E+005    1.1329000000000E+004    1.1267300000000E+005
     283    1.2000000000000E+001    8.8731100000000E+005    5.4000000000000E+001    1.0129400000000E+005    1.1329000000000E+004    1.1267700000000E+005
     284    1.0000000000000E+001    8.8730900000000E+005    5.1000000000000E+001    1.0130100000000E+005    1.1329000000000E+004    1.1268100000000E+005
     285    9.0000000000000E+000    8.8730600000000E+005    5.0000000000000E+001    1.0130600000000E+005    1.1329000000000E+004    1.1268500000000E+005
     286    7.0000000000000E+000    8.8730500000000E+005    4.7000000000000E+001    1.0131200000000E+005    1.1329000000000E+004    1.1268800000000E+005
     287    7.0000000000000E+000    8.8730400000000E+005    4.7000000000000E+001    1.0131200000000E+005    1.1330000000000E+004    1.1268900000000E+005
     288    1.1000000000000E+001    8.8729800000000E+005    4.5000000000000E+001    1.0131500000000E+005    1.1331000000000E+004    1.1269100000000E+005
     289    9.0000000000000E+000    8.8729700000000E+005    4.5000000000000E+001    1.0131700000000E+005    1.1332000000000E+004    1.1269400000000E+005
     290    1.1000000000000E+001    8.8729400000000E+005    4.2000000000000E+001    1.0132000000000E+005    1.1333000000000E+004    1.1269500000000E+005
     291    1.0000000000000E+001    8.8729400000000E+005    3.9000000000000E+001    1.0132400000000E+005    1.1333000000000E+004    1.1269600000000E+005
     292    5.0000000000000E+000    8.8729300000000E+005    4.0000000000000E+001    1.0132900000000E+005    1.1333000000000E+004    1.1270200000000E+005
     293    6.0000000000000E+000    8.8729100000000E+005    3.8000000000000E+001    1.0133200000000E+005    1.1333000000000E+004    1.1270300000000E+005
     294    4.0000000000000E+000    8.8729000000000E+005    3.7000000000000E+001    1.0133500000000E+005    1.1334000000000E+004    1.1270600000000E+005
     295    5.0000000000000E+000    8.8728900000000E+005    3.4000000000000E+001    1.0133800000000E+005    1.1334000000000E+004    1.1270600000000E+005
     296    5.0000000000000E+000    8.8728800000000E+005    3.4000000000000E+001    1.0133900000000E+005    1.1334000000000E+004    1.1270700000000E+005
     297    3.0000000000000E+000    8.8728800000000E+005    3.2000000000000E+001    1.0134300000000E+005    1.1334000000000E+004    1.1270900000000E+005
     298    4.0000000000000E+000    8.8728600000000E+005    2.9000000000000E+001    1.0134600000000E+005    1.1335000000000E+004    1.1271000000000E+005
     299    3.0000000000000E+000    8.8728600000000E+005    2.6000000000000E+001    1.0135000000000E+005    1.1335000000000E+004    1.1271100000000E+005
     300    4.0000000000000E+000    8.8728400000000E+005    2.4000000000000E+001    1.0135200000000E+005    1.1336000000000E+004    1.1271200000000E+005
     301    5.0000000000000E+000    8.8728300000000E+005    2.3000000000000E+001    1.0135300000000E+005    1.1336000000000E+004    1.1271200000000E+005
     302    3.0000000000000E+000    8.8728300000000E+005    2.3000000000000E+001    1.0135500000000E+005    1.1336000000000E+004    1.1271400000000E+005
     303    6.0000000000000E+000    8.8728000000000E+005    2.0000000000000E+001    1.0135800000000E+005    1.1336000000000E+004    1.1271400000000E+005
     304    4.0000000000000E+000    8.8728000000000E+005    2.1000000000000E+001    1.0135900000000E+005    1.1336000000000E+004    1.1271600000000E+005
     305    4.0000000000000E+000    8.8727900000000E+005    2.1000000000000E+001    1.0136000000000E+005    1.1336000000000E+004    1.1271700000000E+005
     306    4.0000000000000E+000    8.8727900000000E+005    1.5000000000000E+001    1.0136600000000E+005    1.1336000000000E+004    1.1271700000000E+005
     307    2.0000000000000E+000    8.8727800000000E+005    1.7000000000000E+001    1.0136700000000E+005    1.1336000000000E+004    1.1272000000000E+005
     308    2.0000000000000E+000    8.8727800000000E+005    1.4000000000000E+001    1.0137000000000E+005    1.1336000000000E+004    1.1272000000000E+005
     309    1.0000000000000E+000    8.8727800000000E+005    1.5000000000000E+001    1.0136900000000E+005    1.1337000000000E+004    1.1272100000000E+005
     310    2.0000000000000E+000    8.8727700000000E+005    1.4000000000000E+001    1.0137000000000E+005    1.1337000000000E+004    1.1272100000000E+005
     311    2.0000000000000E+000    8.8727600000000E+005    1.3000000000000E+001    1.0137100000000E+005    1.1338000000000E+004    1.1272200000000E+005
     312    3.0000000000000E+000    8.8727500000000E+005    1.2000000000000E+001    1.0137200000000E+005    1.1338000000000E+004    1.1272200000000E+005
     313    3.0000000000000E+000    8.8727500000000E+005    1.1000000000000E+001    1.0137300000000E+005    1.1338000000000E+004    1.1272200000000E+005
     314    3.0000000000000E+000    8.8727400000000E+005    1.1000000000000E+001    1.0137400000000E+005    1.1338000000000E+004    1.1272300000000E+005
     315    2.0000000000000E+000    8.8727400000000E+005    1.2000000000000E+001    1.0137400000000E+005    1.1338000000000E+004    1.1272400000000E+005
     316    1.0000000000000E+000    8.8727400000000E+005    1.1000000000000E+001    1.0137600000000E+005    1.1338000000000E+004    1.1272500000000E+005
     317    1.0000000000000E+000    8.8727400000000E+005    1.1000000000000E+001    1.0137600000000E+005    1.1338000000000E+004    1.1272500000000E+005
     318    1.0000000000000E+000    8.8727300000000E+005    1.0000000000000E+001    1.0137800000000E+005    1.1338000000000E+004    1.1272600000000E+005
     319    1.0000000000000E+000    8.8727300000000E+005    9.0000000000000E+000    1.0137900000000E+005    1.1338000000000E+004    1.1272600000000E+005
     320    1.0000000000000E+000    8.8727300000000E+005    9.0000000000000E+000    1.0137900000000E+005    1.1338000000000E+004    1.1272600000000E+005
     321    1.0000000000000E+000    8.8727300000000E+005    6.0000000000000E+000    1.0138200000000E+005    1.1338000000000E+004    1.1272600000000E+005
     322    0.0000000000000E+000    8.8727300000000E+005    7.0000000000000E+000    1.0138200000000E+005    1.1338000000000E+004    1.1272700000000E+005
     323    0.0000000000000E+000    8.8727300000000E+005    6.0000000000000E+000    1.0138300000000E+005    1.1338000000000E+004    1.1272700000000E+005
     324    0.0000000000000E+000    8.8727300000000E+005    6.0000000000000E+000    1.0138300000000E+005    1.1338000000000E+004    1.1272700000000E+005
     325    1.0000000000000E+000    8.8727200000000E+005    5.0000000000000E+000    1.0138400000000E+005    1.1338000000000E+004    1.1272700000000E+005
     326    1.0000000000000E+000    8.8727200000000E+005    5.0000000000000E+000    1.0138400000000E+005    1.1338000000000E+004    1.1272700000000E+005
     327    1.0000000000000E+000    8.8727200000000E+005    5.0000000000000E+000    1.0138400000000E+005    1.1338000000000E+004    1.1272700000000E+005
     328    1.0000000000000E+000    8.8727200000000E+005    4.0000000000000E+000    1.0138500000000E+005    1.1338000000000E+004    1.1272700000000E+005
     329    0.0000000000000E+000    8.8727200000000E+005    4.0000000000000E+000    1.0138600000000E+005    1.1338000000000E+004    1.1272800000000E+005
     330    0.0000000000000E+000    8.8727200000000E+005    3.0000000000000E+000    1.0138700000000E+005    1.1338000000000E+004    1.1272800000000E+005
     331    0.0000000000000E+000    8.8727200000000E+005    3.0000000000000E+000    1.0138700000000E+005    1.1338000000000E+004    1.1272800000000E+005
     332    0.0000000000000E+000    8.8727200000000E+005    2.0000000000000E+000    1.0138800000000E+005    1.1338000000000E+004    1.1272800000000E+005
     333    1.0000000000000E+000    8.8727100000000E+005    2.0000000000000E+000    1.0138800000000E+005    1.1338000000000E+004    1.1272800000000E+005
     334    1.0000000000000E+000    8.8727100000000E+005    2.0000000000000E+000    1.0138800000000E+005    1.1338000000000E+004    1.1272800000000E+005
     335    1.0000000000000E+000    8.8727100000000E+005    2.0000000000000E+000    1.0138800000000E+005    1.1338000000000E+004    1.1272800000000E+005
     336    1.0000000000000E+000    8.8727100000000E+005    1.0000000000000E+000    1.0138900000000E+005    1.1338000000000E+004    1.1272800000000E+005
     337    0.0000000000000E+000    8.8727100000000E+005    2.0000000000000E+000    1.0138900000000E+005    1.1338000000000E+004    1.1272900000000E+005
     338    0.0000000000000E+000    8.8727100000000E+005    2.0000000000000E+000    1.0138900000000E+005    1.1338000000000E+004    1.1272900000000E+005
     339    0.0000000000000E+000    8.8727100000000E+005    2.0000000000000E+000    1.0138900000000E+005    1.1338000000000E+004    1.1272900000000E+005
     340    0.0000000000000E+000    8.8727100000000E+005    2.0000000000000E+000    1.0138900000000E+005    1.1338000000000E+004    1.1272900000000E+005
     341    0.0000000000000E+000    8.8727100000000E+005    2.0000000000000E+000    1.0138800000000E+005    1.1339000000000E+004    1.1272900000000E+005
     342    0.0000000000000E+000    8.8727100000000E+005    2.0000000000000E+000    1.0138800000000E+005    1.1339000000000E+004    1.1272900000000E+005
     343    0.0000000000000E+000    8.8727100000000E+005    1.0000000000000E+000    1.0138900000000E+005    1.1339000000000E+004    1.1272900000000E+005
     344    0.0000000000000E+000    8.8727100000000E+005    1.0000000000000E+000    1.0138900000000E+005    1.1339000000000E+004    1.1272900000000E+005
     345    0.0000000000000E+000    8.8727100000000E+005    1.0000000000000E+000    1.0138900000000E+005    1.1339000000000E+004    1.1272900000000E+005
     346    0.0000000000000E+000    8.8727100000000E+005    1.0000000000000E+000    1.0138900000000E+005    1.1339000000000E+004    1.1272900000000E+005
     347    0.0000000000000E+000    8.8727100000000E+005    1.0000000000000E+000    1.0138900000000E+005    1.1339000000000E+004    1.1272900000000E+005
     348    0.0000000000000E+000    8.8727100000000E+005    1.0000000000000E+000    1.0138900000000E+005    1.1339000000000E+004    1.1272900000000E+005
     349    1.0000000000000E+000    8.8727000000000E+005    1.0000000000000E+000    1.0138900000000E+005    1.1339000000000E+004    1.1272900000000E+005
     350    1.0000000000000E+000    8.8727000000000E+005    1.0000000000000E+000    1.0138900000000E+005    1.1339000000000E+004    1.1272900000000E+005
     351    1.0000000000000E+000    8.8727000000000E+005    0.0000000000000E+000    1.0139000000000E+005    1.1339000000000E+004    1.1272900000000E+005
     352    1.0000000000000E+000    8.8727000000000E+005    0.0000000000000E+000    1.0139000000000E+005    1.1339000000000E+004    1.1272900000000E+005
     353    0.0000000000000E+000    8.8727000000000E+005    1.0000000000000E+000    1.0139000000000E+005    1.1339000000000E+004    1.1273000000000E+005
     354    0.0000000000000E+000    8.8727000000000E+005    1.0000000000000E+000    1.0139000000000E+005    1.1339000000000E+004    1.1273000000000E+005
     355    0.0000000000000E+000    8.8727000000000E+005    1.0000000000000E+000    1.0139000000000E+005    1.1339000000000E+004    1.1273000000000E+005
     356    0.0000000000000E+000    8.8727000000000E+005    1.0000000000000E+000    1.0139000000000E+005    1.1339000000000E+004    1.1273000000000E+005
     357    0.0000000000000E+000    8.8727000000000E+005    1.0000000000000E+000    1.0139000000000E+005    1.1339000000000E+004    1.1273000000000E+005
     358    0.0000000000000E+000    8.8727000000000E+005    1.0000000000000E+000    1.0139000000000E+005    1.1339000000000E+004    1.1273000000000E+005
     359    0.0000000000000E+000    8.8727000000000E+005    1.0000000000000E+000    1.0139000000000E+005    1.1339000000000E+004    1.1273000000000E+005
     360    0.0000000000000E+000    8.8727000000000E+005    1.0000000000000E+000    1.0139000000000E+005    1.1339000000000E+004    1.1273000000000E+005
     361    0.0000000000000E+000    8.8727000000000E+005    1.0000000000000E+000    1.0139000000000E+005    1.1339000000000E+004    1.1273000000000E+005
     362    0.0000000000000E+000    8.8727000000000E+005    1.0000000000000E+000    1.0139000000000E+005    1.1339000000000E+004    1.1273000000000E+005
     363    0.0000000000000E+000    8.8727000000000E+005    1.0000000000000E+000    1.0139000000000E+005    1.1339000000000E+004    1.1273000000000E+005
     364    0.0000000000000E+000    8.8727000000000E+005    1.0000000000000E+000    1.0139000000000E+005    1.1339000000000E+004    1.1273000000000E+005
     365    0.0000000000000E+000    8.8727000000000E+005    1.0000000000000E+000    1.0139000000000E+005    1.1339000000000E+004    1.1273000000000E+005
     366    0.0000000000000E+000    8.8727000000000E+005    1.0000000000000E+000    1.0139000000000E+005    1.1339000000000E+004    1.1273000000000E+005
     367    0.0000000000000E+000    8.8727000000000E+005    0.0000000000000E+000    1.0139100000000E+005    1.1339000000000E+004    1.1273000000000E+005
     368    0.0000000000000E+000    8.8727000000000E+005    0.0000000000000E+000    1.0139100000000E+005    1.1339000000000E+004    1.1273000000000E+005
     369    0.0000000000000E+000    8.8727000000000E+005    0.0000000000000E+000    1.0139100000000E+005    1.1339000000000E+004    1.1273000000000E+005
     370    0.0000000000000E+000    8.8727000000000E+005    0.0000000000000E+000    1.0139100000000E+005    1.1339000000000E+004    1.1273000000000E+005
